product_id,product_photos_qty,product_weight_g,product_length_cm,product_height_cm,product_width_cm,product_category_name_english
1e9e8ef04dbcff4541ed26657ea517e5,1.0,225.0,16.0,10.0,14.0,perfumery
6a2fb4dd53d2cdb88e0432f1284a004c,2.0,400.0,27.0,5.0,20.0,perfumery
0d009643171aee696f4733340bc2fdd0,1.0,422.0,21.0,16.0,18.0,perfumery
b1eae565a61935e0011ee7682fef9dc9,2.0,267.0,17.0,13.0,17.0,perfumery
8da90b37f0fb171b4877c124f965b1f6,3.0,377.0,18.0,13.0,15.0,perfumery
828fe032935d7c1901682e5b6cc076c2,2.0,600.0,20.0,20.0,20.0,perfumery
bbaef2eadf31fe3ea6702077398be06c,2.0,400.0,18.0,11.0,11.0,perfumery
cd7701670288642f7be9437dec9034c1,2.0,400.0,16.0,20.0,15.0,perfumery
dc582e9ac5036846acfeeb3093b17aa7,1.0,1300.0,22.0,14.0,14.0,perfumery
1f64ec386a6be322e71596931f5d2377,1.0,200.0,16.0,22.0,11.0,perfumery
28e410092e56a080e14595c053d0bbe8,1.0,200.0,16.0,16.0,16.0,perfumery
3488d2ce36e718097c1509444289ef7f,1.0,514.0,18.0,12.0,15.0,perfumery
ff7ac89ca5b77d0fb5f8a65262d73956,1.0,1000.0,20.0,14.0,13.0,perfumery
7715f7da32957a84ad267799121a90e2,1.0,350.0,16.0,11.0,11.0,perfumery
f159439c5c382fae366d444e05c590c1,1.0,400.0,18.0,18.0,12.0,perfumery
2ae501b303a5a8e6f75c8c36f366b2d5,1.0,150.0,22.0,7.0,16.0,perfumery
c51dc74a8b5018e82e9e44ef4b647227,1.0,650.0,16.0,10.0,11.0,perfumery
c20fbbd4ccf2f7da70e150689a6a905f,1.0,455.0,21.0,15.0,17.0,perfumery
e792f2bb275bdea9b6076c2acbb5abcd,1.0,850.0,16.0,14.0,11.0,perfumery
2d6676e04aac85ce66dcf8d0529f4012,1.0,500.0,20.0,12.0,15.0,perfumery
da86f2cc2faf840b7b86390726b88905,2.0,200.0,22.0,3.0,11.0,perfumery
99d1f27bf9ea0392ab69d0203c6efdc4,1.0,150.0,16.0,16.0,15.0,perfumery
5773723f7819ffb88c5c758f8f8c183c,2.0,700.0,20.0,20.0,20.0,perfumery
a1766f2d27b4e90a0d78d8e115295399,2.0,450.0,16.0,16.0,22.0,perfumery
1175dc374bce5c9d93c4d4281d8d85d7,1.0,400.0,18.0,18.0,18.0,perfumery
f7e0b1caf4e8709c62147484d5b1aa6a,3.0,200.0,20.0,5.0,13.0,perfumery
74291f20821eae2aacb949b41622ef52,1.0,600.0,20.0,20.0,30.0,perfumery
3fddda7e92c16fa45033a4373a116e00,1.0,75.0,11.0,11.0,8.0,perfumery
c72f08f769081bfde2959e39c5bde5d4,1.0,100.0,20.0,20.0,20.0,perfumery
70b1659e9e180610c8a5fd5753c85b80,1.0,100.0,16.0,3.0,15.0,perfumery
d951b7ee80638f0b34111a091327be42,1.0,150.0,16.0,12.0,11.0,perfumery
822c9ab05e9b8114704a5b2cd8639585,1.0,520.0,24.0,13.0,17.0,perfumery
9bda44a359c6f3c4a011c470eaa1708c,1.0,500.0,16.0,16.0,16.0,perfumery
a4c27cf9767fe2b589251c764b891eda,2.0,368.0,22.0,15.0,18.0,perfumery
40c19ad8081c5efe90d93d945287adb8,1.0,150.0,22.0,7.0,16.0,perfumery
a8c6a80cff824c02863660b09d8a5502,1.0,200.0,16.0,3.0,12.0,perfumery
d51e0a7f437c0d14f560082ed007fd85,1.0,210.0,17.0,11.0,14.0,perfumery
b91b152754992edb9a83710c87a9427e,1.0,500.0,23.0,8.0,15.0,perfumery
e69137c3731a8a094d7e2ad97f76c95f,1.0,150.0,16.0,9.0,11.0,perfumery
95ed6f297ce9eff502631d01905cbd9e,2.0,228.0,18.0,8.0,14.0,perfumery
cdafffbe81c76e4cb8b1270523215c82,1.0,500.0,16.0,17.0,15.0,perfumery
eed6978726f666f29319519d56058469,1.0,150.0,16.0,8.0,11.0,perfumery
cc5447118c174dcc6456c84ccb29e6f7,1.0,550.0,19.0,13.0,18.0,perfumery
63d91238d97cbb132fb0ebf97974c6d6,1.0,400.0,27.0,5.0,20.0,perfumery
eba7488e1c67729f045ab43fac426f2e,1.0,610.0,22.0,14.0,16.0,perfumery
e5433d154f98bcb2c139b9679fce0814,2.0,250.0,22.0,5.0,15.0,perfumery
75bc68276acddf2f0940f421a54338ee,1.0,150.0,22.0,7.0,16.0,perfumery
38b5079a807bb9f22ddfa46f929accee,5.0,200.0,16.0,2.0,11.0,perfumery
4e9583016ceb715ac76fb39d1b288ff7,1.0,300.0,20.0,20.0,20.0,perfumery
a7566c5565bf286a5c8fb48387d97bb8,2.0,425.0,23.0,14.0,17.0,perfumery
98d3d093647c91f5bd575773f6eab9e1,2.0,400.0,27.0,5.0,20.0,perfumery
db8416b29581dc9ccea5e43e59fda317,7.0,1850.0,35.0,26.0,26.0,perfumery
573e2258c8b79fb5b1ea443040c8dcd1,6.0,300.0,20.0,20.0,20.0,perfumery
536f3b8c629a2ef8e8b582d937a792b1,1.0,550.0,22.0,7.0,16.0,perfumery
c8666b79d968dd8ed08d31e4fc58fb93,1.0,100.0,16.0,16.0,11.0,perfumery
5b388e2d3e6204d8a3a6698e122bdc4a,1.0,350.0,18.0,10.0,12.0,perfumery
fca5350a69eb4d8ae4f5884413ebd0e5,1.0,400.0,16.0,18.0,11.0,perfumery
e691bd0506414e107f3075b13954b2ef,1.0,100.0,20.0,20.0,30.0,perfumery
013298e0648d412de0d65690045493bc,1.0,350.0,17.0,16.0,17.0,perfumery
b00b81e1ea32eaf578f8972848a2e67e,1.0,783.0,19.0,18.0,17.0,perfumery
6e423c2d28bfb207e1fd1d6e1df84721,1.0,350.0,20.0,10.0,18.0,perfumery
41ad56651f07e2f6f66f9372c0e89071,1.0,350.0,19.0,13.0,16.0,perfumery
ac907983b036be593568677bda43fff7,1.0,300.0,29.0,8.0,20.0,perfumery
3abefa3ab32440bb6f5937c65c6652f8,2.0,127.0,14.0,16.0,12.0,perfumery
82cef15a4bafa854c7a2a2c9854b7e44,1.0,300.0,16.0,10.0,11.0,perfumery
b299b65b326c5d3118340f087d11036b,1.0,300.0,18.0,8.0,12.0,perfumery
1a7cffdce32ea72085aa94c27b19d01a,3.0,450.0,22.0,16.0,16.0,perfumery
b1222af2bf1a16e4dd8590f280961d17,1.0,1000.0,16.0,15.0,15.0,perfumery
3b31b57a9cdf87158977c3188a8dfa5a,1.0,543.0,24.0,13.0,18.0,perfumery
f28498bb062a90c71f4579ce18b5f6f8,1.0,200.0,20.0,12.0,16.0,perfumery
b7b00b45c6be180aba844784c6769d12,1.0,750.0,20.0,15.0,15.0,perfumery
5ea13888505d00f6a33b996f70a06e13,1.0,500.0,22.0,16.0,16.0,perfumery
ab8ba49579d5b0173f85517ce22968c6,2.0,414.0,23.0,15.0,18.0,perfumery
7a8cdb37b5d447de4dba7806a82f84d7,2.0,475.0,19.0,15.0,17.0,perfumery
01a2ad2b54cd734f78cb817da7752d8b,1.0,430.0,19.0,14.0,12.0,perfumery
283b761ae6738a52e9a64c4c6edb26d7,2.0,475.0,18.0,11.0,13.0,perfumery
052b8660ee8a9ee18815d9b276694a10,2.0,107.0,17.0,12.0,14.0,perfumery
274d4e727ddbeb7c392ea2e551e3a77d,1.0,100.0,20.0,7.0,20.0,perfumery
81a3f1e46ec16acb4800a5002b014438,1.0,550.0,16.0,10.0,11.0,perfumery
2028bf1b01cafb2d2b1901fca4083222,2.0,250.0,20.0,8.0,21.0,perfumery
26f7a99db23ac54731f6db28f99c5fc2,5.0,250.0,26.0,12.0,18.0,perfumery
c155c424ae428e87e3060b8cf9453d72,1.0,500.0,16.0,2.0,11.0,perfumery
50fffe898281813ffdfa38591b0f1927,1.0,400.0,21.0,11.0,17.0,perfumery
fb0a00a46641c9bc4fb44ce7f230de57,1.0,400.0,30.0,16.0,22.0,perfumery
8919fe2519b9ec1fb828896ac4f52959,1.0,400.0,16.0,16.0,11.0,perfumery
d8c0c707d3724304033f593878cbf1e6,1.0,200.0,22.0,10.0,19.0,perfumery
a1ac36693a5e8d933e05f9df9180c9af,1.0,1000.0,22.0,9.0,15.0,perfumery
7198684d5c66560fe6d2061944263991,1.0,195.0,16.0,11.0,14.0,perfumery
1c9b5793de6c3d9117b6218552c87a8f,1.0,50.0,16.0,5.0,11.0,perfumery
c7947a8c9152878bc0db8043590fdca3,4.0,1500.0,30.0,12.0,28.0,perfumery
2a592642399b33baf3a5729a6335b21c,1.0,100.0,16.0,7.0,12.0,perfumery
38651ca5be7f992345b0ea57bdf25719,1.0,113.0,16.0,4.0,19.0,perfumery
f838e96e79703e5e94c13c86609530c5,14.0,1800.0,27.0,18.0,32.0,perfumery
c4e4a69d5b6ca483ab74aa846587d11f,1.0,450.0,23.0,8.0,15.0,perfumery
e9eebb8e8ba0fadb9020f8ba1c003b48,1.0,541.0,21.0,15.0,16.0,perfumery
f2b67cf6ef88cbc9c2f3e482f558b318,2.0,117.0,16.0,11.0,13.0,perfumery
fa157aa51a996cc533b9048c3c8118a0,1.0,200.0,20.0,10.0,15.0,perfumery
aa8bc5595ba5d066c744e14995402cdd,1.0,333.0,20.0,13.0,14.0,perfumery
29b65c78c1d8d70da25c6a553e1bfdb1,1.0,350.0,16.0,16.0,16.0,perfumery
c344623528c017d4fa7c51cb56d17a98,1.0,552.0,23.0,14.0,19.0,perfumery
2d1d20d3c91d3940c6079a3bad529402,1.0,150.0,22.0,18.0,17.0,perfumery
f1262e6654054656c38563755bce3976,1.0,150.0,17.0,7.0,12.0,perfumery
18870238fd023ef96e834a59dbd4405f,1.0,563.0,25.0,11.0,18.0,perfumery
4407440c06d8c11ce1b2e61c4382a8f3,1.0,450.0,21.0,14.0,15.0,perfumery
e6746d9281278108ca3319c4f0e6d05e,1.0,463.0,17.0,14.0,13.0,perfumery
5c12fb778168a77e3ffc8d7dd7a689fd,4.0,400.0,16.0,10.0,11.0,perfumery
e0fb7b66c3ac0b1e5b49a218a065e816,3.0,613.0,18.0,16.0,18.0,perfumery
7935326a359d2560cdb8a81b1e2e46c8,1.0,600.0,18.0,18.0,18.0,perfumery
fd1eb7fd67e76cf3283618735a57cbcd,3.0,1600.0,45.0,10.0,24.0,perfumery
a6c23736e4df6d6659ccc0c2e26954bb,6.0,300.0,16.0,16.0,16.0,perfumery
2f280e90c002526eeef2deff70199cc0,1.0,325.0,33.0,33.0,31.0,perfumery
b16c0da649071283aa94607f11da154a,2.0,200.0,16.0,7.0,14.0,perfumery
d6d5ec5325b35cac036b7d2ad2d8bc3b,1.0,457.0,23.0,14.0,19.0,perfumery
338aa2ba639b0be9950da484aac036c4,1.0,75.0,18.0,9.0,16.0,perfumery
9d6dd55c4d66be7b7021bb471061ce16,1.0,200.0,18.0,4.0,13.0,perfumery
d381a801331f62e294893c46ce121fc8,1.0,400.0,19.0,11.0,16.0,perfumery
b22658be72921a967a7d592dfc61e54e,1.0,500.0,20.0,20.0,20.0,perfumery
0dda66cf50e9782e3b4499568095bba2,1.0,450.0,20.0,14.0,13.0,perfumery
b8748a4a2330a08837c8a22664e31f5e,1.0,543.0,21.0,23.0,21.0,perfumery
e92a985a8d92ec8e08cb04d6d9396026,1.0,250.0,16.0,2.0,20.0,perfumery
7acd752914187cf1f698d82d5025595c,1.0,283.0,21.0,12.0,19.0,perfumery
a035b83b3628decee6e3823924e0c10f,3.0,1450.0,20.0,25.0,20.0,perfumery
bd988548c4a31b6c4fe5571e3cea8f8a,2.0,525.0,18.0,17.0,16.0,perfumery
b1c791ce2fd764b4aaea6b9064b224ac,3.0,400.0,23.0,8.0,15.0,perfumery
b482227c47a1f1b99911d7760d17d8b8,3.0,200.0,20.0,20.0,20.0,perfumery
1782400950423c9b12600278b8ef65d3,1.0,567.0,23.0,15.0,16.0,perfumery
3d250bb3d2b89c9bea15327aed52d8ca,1.0,275.0,16.0,14.0,16.0,perfumery
797b0bf4316b47e82d45e3a4b5d828da,1.0,200.0,16.0,7.0,11.0,perfumery
5c17779da282cc147ca50c6904cf3d01,1.0,200.0,16.0,4.0,11.0,perfumery
896a64a7f34cdfef2c60ce59fa2a148f,3.0,800.0,38.0,13.0,22.0,perfumery
898fa82b63404937c7a3c2cc77d6e5b5,2.0,400.0,18.0,9.0,14.0,perfumery
174bd46514622ad40ab32df5c832aaf3,1.0,150.0,17.0,7.0,13.0,perfumery
6a64f310d8075f40b78eb471df9ddac4,1.0,250.0,20.0,18.0,22.0,perfumery
341141693c1995e911d0a5843f7c289b,1.0,458.0,19.0,13.0,15.0,perfumery
f4938e02188d323c8412d2ea07d230e4,1.0,3733.0,22.0,29.0,27.0,perfumery
cd5b0609304400b0a1e1cf4717778ddf,1.0,450.0,20.0,20.0,20.0,perfumery
42e640b8fe7fa0bef227e6ad92c6e9c9,1.0,150.0,18.0,6.0,12.0,perfumery
6b24ec6a3ca9082ef2a3242b7d155508,1.0,100.0,22.0,10.0,19.0,perfumery
e96867993d08fadbc6f828871885f897,1.0,408.0,20.0,14.0,17.0,perfumery
924526b79ddb063f802d7a11720d7b5e,1.0,200.0,21.0,16.0,17.0,perfumery
9e0e152552a1323f7e5dcf63d50cdae3,3.0,400.0,20.0,11.0,11.0,perfumery
2aa489c905e1d41d8c716a6d6912d8c2,1.0,635.0,20.0,17.0,17.0,perfumery
87f6a4366535fdaa380ac373b83dc752,1.0,550.0,20.0,20.0,30.0,perfumery
54150edcad1b68cda8c750475e0db3ad,1.0,100.0,16.0,6.0,11.0,perfumery
035df2b15f358d231e00af9e62488cf4,1.0,783.0,17.0,15.0,14.0,perfumery
d3a745c19c13090b4114427d782f6c52,1.0,400.0,18.0,8.0,16.0,perfumery
26dd6551144fb768dbb16383acacf3b6,1.0,150.0,16.0,2.0,11.0,perfumery
7af6ddb00aacf6c4c8ae69fadb858b80,1.0,600.0,17.0,19.0,15.0,perfumery
a37d9bc434c151e3a32418b241a13bf0,3.0,400.0,20.0,6.0,20.0,perfumery
2c28d5cc196e413502b3f8a4ed9aedc9,2.0,450.0,26.0,12.0,18.0,perfumery
b85e7700530804e8e2043604b9b1a6bf,1.0,175.0,16.0,16.0,11.0,perfumery
20f160a9cf2e856ee5eba259e9ae33f9,3.0,556.0,21.0,16.0,16.0,perfumery
2caf6fb89364a155b1e788a3ccd91a25,1.0,300.0,16.0,2.0,11.0,perfumery
3afd93cafd6c7b66033cc4dc22c54776,3.0,500.0,16.0,16.0,22.0,perfumery
9c1e194db1d35a79d962ea610bfe0868,1.0,83.0,17.0,8.0,13.0,perfumery
03b29ca1beec2e03e15a3b980c1505ed,3.0,100.0,18.0,7.0,11.0,perfumery
03d7ad0ce97624c931b3abde02b5d819,1.0,249.0,19.0,13.0,15.0,perfumery
f4116e296faeae4edac03ac7a501da81,1.0,150.0,17.0,9.0,11.0,perfumery
3d75a35ffe2d78d994c7caa66db1c232,1.0,2500.0,30.0,16.0,30.0,perfumery
2007f2b457d10773f0d40622a433a22c,2.0,100.0,16.0,11.0,14.0,perfumery
7cd368b177f37a01149c959266701c1f,1.0,850.0,20.0,20.0,15.0,perfumery
37ba623c5ab34ea8b964009a10e87126,1.0,487.0,21.0,17.0,17.0,perfumery
0af275b6e520e949016aa725797437a5,2.0,400.0,20.0,20.0,20.0,perfumery
b7a2d0cb90ba252129d34d7c8d079d2b,1.0,442.0,23.0,15.0,17.0,perfumery
1c5b28beb34835f960261f45ba22a136,1.0,600.0,30.0,10.0,30.0,perfumery
b813c88d024da60c2cbdf7a531e4fa77,1.0,500.0,23.0,8.0,15.0,perfumery
ca3d8213acc967dd4e7c85c05406f71f,1.0,390.0,22.0,11.0,16.0,perfumery
dfe6dc259d1d88d6c568db1cdb1be86c,1.0,295.0,19.0,14.0,14.0,perfumery
9bd95a318698048f58eb1799aaeecd12,2.0,291.0,20.0,9.0,14.0,perfumery
b97f763397091be9d344874e6cd31028,1.0,700.0,19.0,13.0,16.0,perfumery
86a6c57cf9b57ed5112c7c4262cb97dd,1.0,300.0,20.0,20.0,20.0,perfumery
48d560392eb163f1f9c3e4f032f81da8,1.0,425.0,18.0,13.0,14.0,perfumery
6e7b435ac3c84fc5348dba974e184322,1.0,280.0,17.0,14.0,14.0,perfumery
9321b2e4e8fe357fe2e3bad624229bd5,1.0,517.0,18.0,12.0,19.0,perfumery
a934e0f29d3b0843308564ed3ec07058,1.0,350.0,18.0,8.0,12.0,perfumery
d0babf1d1f8ae1906d86ac8b4fd7ea9b,1.0,700.0,16.0,3.0,12.0,perfumery
bdd59148fd23281bb706539815e39bf3,1.0,450.0,18.0,18.0,18.0,perfumery
8191994b4b3b86f1a4164ec05253fe86,1.0,200.0,16.0,12.0,20.0,perfumery
60bc15240c03ba82f305cd923bd93598,1.0,450.0,18.0,18.0,18.0,perfumery
35d53a0d49b1f0e9635e60bb14da0c86,1.0,225.0,17.0,19.0,19.0,perfumery
990ecadcf56234a68b3a0af8d01c0d8a,1.0,100.0,20.0,15.0,15.0,perfumery
61df31fa1090e36db0b04775b1df4b10,2.0,350.0,23.0,7.0,18.0,perfumery
c4fa0206ee58c2694c9642e6483b576a,2.0,525.0,16.0,15.0,16.0,perfumery
e78506414d2563b6414cfd84b7fa0802,1.0,460.0,20.0,14.0,20.0,perfumery
51250f90d798d377a1928e8a4e2e9ae1,1.0,50.0,16.0,5.0,11.0,perfumery
9456cf1bbafac590a3b7698a06cb190f,1.0,200.0,20.0,7.0,20.0,perfumery
6c698925de870b02a87e337a0d3af1c3,1.0,363.0,22.0,16.0,20.0,perfumery
10a03d415cde6853f5f246661f9d1bf0,1.0,300.0,16.0,11.0,11.0,perfumery
39084b68d30ae3ce2bdaf467ed4f3dbc,2.0,250.0,16.0,11.0,11.0,perfumery
c1ec41f62db54e0bfbca55a7068f0b5e,7.0,400.0,27.0,10.0,15.0,perfumery
16aa6553ee2cf0a316e29f8808ab165c,1.0,500.0,16.0,16.0,22.0,perfumery
040fe1cdb263eb2c9b1322875b0afcb7,1.0,2303.0,26.0,15.0,23.0,perfumery
b2a40530065c5d88115cfa7560151794,1.0,125.0,16.0,7.0,16.0,perfumery
1a43e86fd17dcec91ec053c9a1adeaac,1.0,444.0,20.0,14.0,15.0,perfumery
1c21c11ea2efbcaa7ee31c3191300a58,2.0,600.0,22.0,16.0,16.0,perfumery
ee57382feacda945f9ce1b6e23da96ea,1.0,250.0,16.0,16.0,15.0,perfumery
b18e0607500acc7479614f4857a15c14,2.0,480.0,23.0,14.0,17.0,perfumery
3154b455f8ac2cef3be89aae6badd2c8,2.0,200.0,16.0,16.0,16.0,perfumery
74dcf7b8d987fab2353ea92930186e0c,1.0,521.0,22.0,12.0,15.0,perfumery
2044a12ee7346af1ca8f9357bea3fea2,1.0,422.0,23.0,10.0,15.0,perfumery
0a27be3536127164b11173c57f14a2da,1.0,500.0,23.0,8.0,15.0,perfumery
407bf6c28bfa032a610efe55a12fefb6,3.0,500.0,37.0,23.0,24.0,perfumery
4419a1c234d848b2bc86c53b222499b2,1.0,500.0,16.0,15.0,15.0,perfumery
5dfc84369c7457e1bd188be86a7563f0,1.0,150.0,16.0,2.0,20.0,perfumery
624a71194ff2a5badf71b7870f88f24f,1.0,750.0,20.0,14.0,13.0,perfumery
dd1f40cb13e0d77ad3e2ffd1fd13a8c1,3.0,150.0,20.0,20.0,20.0,perfumery
cd71c76f5ab15f51f24fb214fc42d8ab,1.0,367.0,21.0,15.0,18.0,perfumery
6ae7f4ef0ca670ca2609d039af87d057,1.0,200.0,20.0,15.0,15.0,perfumery
61d83b8d80a61b5fd688471b5b273b5f,1.0,284.0,23.0,12.0,18.0,perfumery
fd18f2f8c3c6818f28fee7202d811830,1.0,125.0,17.0,11.0,14.0,perfumery
5a74bb05d1381c7cee14babac7161cf8,1.0,450.0,20.0,20.0,30.0,perfumery
1a2c16ff559425a46f2eba773fceb91d,6.0,300.0,20.0,20.0,20.0,perfumery
09e24bdfc054e52b9c4af78e3a286a98,1.0,75.0,16.0,11.0,11.0,perfumery
c326c16c4e67b3648c8992954d628795,2.0,500.0,20.0,14.0,22.0,perfumery
2632e16b0014b5afd885ac27e0042358,2.0,550.0,22.0,16.0,16.0,perfumery
059ca09d32720d9adce3ae12e181339d,1.0,426.0,20.0,16.0,17.0,perfumery
add20623e743c90cefc65db803efa18e,2.0,400.0,16.0,7.0,20.0,perfumery
176120d3ee50ae4945932ce1c6a70f34,5.0,438.0,16.0,12.0,17.0,perfumery
831870523df81c6ec172475d41509880,2.0,100.0,16.0,16.0,11.0,perfumery
2e58d459f2a674ee7b0d3d1336712acb,1.0,460.0,18.0,13.0,13.0,perfumery
b191d7bf910b82744bf36a5ee9b041d8,2.0,450.0,22.0,16.0,16.0,perfumery
5fbfa85126d6e59188d7da79f21e9687,1.0,600.0,22.0,16.0,16.0,perfumery
e2bab04d6a471ed7a3629fbe2a64b55a,1.0,300.0,16.0,19.0,14.0,perfumery
ab1ecbce7afd9f6e661baa24a5706c9c,3.0,350.0,22.0,5.0,14.0,perfumery
5f473f7d11fe0268ac5827dd45da3567,1.0,200.0,22.0,13.0,16.0,perfumery
a8a2dc008fdc6317702317958b880000,1.0,400.0,16.0,16.0,16.0,perfumery
c0c73d7ad5469efc6d40000a75eeee76,1.0,450.0,30.0,15.0,15.0,perfumery
e5fe79a5ccd19d20b3b095bf73cf9b5d,1.0,258.0,23.0,15.0,18.0,perfumery
bacf2de8920bbcaf6f005a30d81391d2,1.0,481.0,21.0,14.0,19.0,perfumery
fb64cad4aa627ef255b3461e5428c2a6,1.0,200.0,17.0,6.0,12.0,perfumery
8e45f326187b3e85211143797e4bd30d,1.0,700.0,19.0,14.0,17.0,perfumery
22bd45d50bed841763d6f7f58cb7b6ac,1.0,50.0,16.0,5.0,11.0,perfumery
30a70759c34dd4a29c5596778a0eb116,2.0,400.0,16.0,16.0,18.0,perfumery
5b3a080274573239e92080e9e7278470,1.0,400.0,18.0,18.0,12.0,perfumery
027cdd14a677a5834bc67a9789db5021,1.0,341.0,20.0,18.0,16.0,perfumery
86cbe3f62944a6ad224137e01f54c0b9,1.0,70.0,17.0,6.0,12.0,perfumery
3dff8f7d2b529f106998c4682b0eafa8,2.0,400.0,16.0,16.0,16.0,perfumery
ee3cfb33869693f2a7e8417c795d8cfc,1.0,350.0,20.0,10.0,11.0,perfumery
6cbd4637b69fff7d983bb1a757febf71,2.0,254.0,19.0,15.0,18.0,perfumery
e4c9d4670d5132aeded7f187fe4de0cc,1.0,450.0,23.0,8.0,18.0,perfumery
1c751473f73f132c769bdc74c4e90523,1.0,700.0,25.0,16.0,16.0,perfumery
27a7e832bcfcd69ff687d611c3e79cbd,2.0,600.0,43.0,16.0,27.0,perfumery
b62a3631a65d7a467406d6ff547c37ac,1.0,700.0,22.0,15.0,17.0,perfumery
b8a69a36a5ebf7a558bf12a864f2e0bb,1.0,400.0,27.0,5.0,20.0,perfumery
35ad08ea141acf7c484c97075944610f,1.0,225.0,16.0,11.0,11.0,perfumery
3869f6f786f62c6b885593406506aaab,1.0,200.0,16.0,16.0,11.0,perfumery
67e927f7378303fc91ee4c3fc301bf5a,1.0,251.0,18.0,11.0,15.0,perfumery
d914a2a0c672fc21c9f0087e07e9e881,1.0,12600.0,50.0,50.0,30.0,perfumery
e1608f467393da59b31f1b40b536548d,1.0,478.0,19.0,16.0,19.0,perfumery
6e06c5464ee7624bdb3cfa23d2532a92,2.0,100.0,28.0,12.0,12.0,perfumery
69f58c765fe75f61f1b098a6d0b0943e,1.0,700.0,20.0,20.0,20.0,perfumery
63acd71fee320fca91e3740e7f49f19e,1.0,425.0,21.0,21.0,18.0,perfumery
7adb171e34892acd7b24bcd0c841e221,1.0,475.0,23.0,9.0,15.0,perfumery
5a0c21ad6b82a1b61856e48ec959764d,1.0,100.0,18.0,10.0,13.0,perfumery
b9754f9e21b6e6960b37594d4387fb1c,1.0,450.0,30.0,13.0,23.0,perfumery
d6c2073fdc29a2931d1900fe474134ec,1.0,400.0,21.0,14.0,15.0,perfumery
294d41c2e68c3452a16c269c5a969537,1.0,550.0,22.0,16.0,16.0,perfumery
fdde5bfe43004cc06f12152870b951f4,2.0,475.0,20.0,16.0,16.0,perfumery
e1f3f6e6cd65169825945c5d696f568a,1.0,400.0,16.0,7.0,12.0,perfumery
5457c026a643626249213e1e39c31d10,1.0,463.0,19.0,16.0,18.0,perfumery
436bc964ed67950b4956ce42cda4b350,2.0,83.0,16.0,11.0,13.0,perfumery
731509faf04a1b5119c24cc34f0d790e,1.0,550.0,16.0,16.0,22.0,perfumery
efa00ca4229c1a9fa813fd0a872cbb1e,1.0,550.0,24.0,8.0,15.0,perfumery
55403fdc84a027ae6565b360af50e1ee,2.0,5446.0,21.0,14.0,18.0,perfumery
a25e87065dc111adf2944d046ab3eda1,1.0,400.0,35.0,15.0,25.0,perfumery
b1631003bdbc3b1e876f83a7d851d74a,4.0,350.0,18.0,11.0,20.0,perfumery
8ea331107c7373a412b73374be7c6736,1.0,600.0,16.0,2.0,11.0,perfumery
fe01b643060a6446e59f58e3021e66b3,2.0,1250.0,26.0,21.0,20.0,perfumery
78ab491fca1a263dc3d1a16833c57016,1.0,550.0,25.0,8.0,14.0,perfumery
7bcdb99b3fc6f5c31ab72c04b5a99359,1.0,583.0,28.0,14.0,19.0,perfumery
1d297ac3d18250759eb36e8b6c18fb5b,1.0,700.0,25.0,12.0,25.0,perfumery
52b5ed64c8cd6a9cd6c33f2a7033991a,2.0,600.0,16.0,2.0,11.0,perfumery
473795a355d29305c3ea6b156833adf5,2.0,100.0,20.0,20.0,20.0,perfumery
a3c6e207e106b9ccc0b813a7a0932530,1.0,1200.0,33.0,13.0,14.0,perfumery
521527593ca1726b992318e034dd5690,1.0,150.0,22.0,7.0,16.0,perfumery
3ac282e271aaf2c48bc21254dd611285,4.0,500.0,23.0,9.0,19.0,perfumery
cc1b5f3a64b4f452bdf5473f10dc6aaf,2.0,388.0,19.0,12.0,14.0,perfumery
ce3f4e32708399e3b18c71120beff50e,1.0,650.0,16.0,13.0,16.0,perfumery
dcdf0ea8fa671dc311eeb3c391b5a4aa,1.0,350.0,21.0,13.0,20.0,perfumery
5a2f62420bd55b28cdc512cd79263c73,2.0,100.0,16.0,11.0,14.0,perfumery
ac480ada5f06d9024eae2c6dd9de4c74,1.0,200.0,20.0,7.0,20.0,perfumery
0bdc4af29a51151df496d686dbce59a8,3.0,200.0,16.0,16.0,16.0,perfumery
87b73d2916d30401b87dff20844af6db,2.0,250.0,16.0,16.0,16.0,perfumery
54fa56379393bc8cba2e5cbf558aa2fc,1.0,200.0,17.0,9.0,20.0,perfumery
c10426af8413edc42015b10a76b43651,2.0,2200.0,35.0,5.0,27.0,perfumery
d7f94e8a47066a6a4ddb422718f59531,3.0,250.0,17.0,8.0,11.0,perfumery
78258dcdffa72f0a40e1fd93b9a52b3d,1.0,525.0,22.0,14.0,23.0,perfumery
e9ed063dacf96b73a9567bf943e5f708,1.0,250.0,16.0,18.0,11.0,perfumery
e0cff02736e677c15eb7d04c7c52018f,1.0,350.0,16.0,6.0,19.0,perfumery
48e1175aec66cc4cd9998ea2e6eeae04,1.0,250.0,16.0,16.0,11.0,perfumery
69474edea9d9def8b68de248373f1ad4,4.0,200.0,16.0,5.0,15.0,perfumery
405b91eb4d099e9985d4c2342381e919,1.0,383.0,21.0,16.0,22.0,perfumery
146ee97f86e3d0487f410ffc9896de9a,1.0,200.0,18.0,4.0,13.0,perfumery
2c5e4da8e3be80f83a331e18901cebc1,1.0,50.0,16.0,3.0,11.0,perfumery
d6e1705d3021546bd1e175f3f8dfe5b1,3.0,1100.0,33.0,13.0,22.0,perfumery
8f40c3bee77ffbb385d04600d0948d47,2.0,200.0,18.0,14.0,12.0,perfumery
5de871daae99423d3fcb04edcb6dd1aa,2.0,600.0,19.0,17.0,19.0,perfumery
8c19dcc6a7f4c4259c45514b974b6441,1.0,550.0,22.0,12.0,17.0,perfumery
ef23a80c3e7f9c63e9956f6f54b1cf15,1.0,150.0,16.0,8.0,20.0,perfumery
e6dda41a730b1ce01b8c9add1d89317d,2.0,250.0,16.0,14.0,16.0,perfumery
e62d582ddb7630168d7227ca1f9edbd2,1.0,450.0,32.0,12.0,17.0,perfumery
3f94f864742e33fc293053063b7783fa,1.0,500.0,21.0,14.0,15.0,perfumery
e3c46f9bda3b7060a8d3b9515bffc639,2.0,400.0,16.0,16.0,22.0,perfumery
ac06fe86362d2401d00a5a03a1e693ac,1.0,550.0,20.0,20.0,20.0,perfumery
fd1976772549ed5b4aed965293122ac8,1.0,458.0,18.0,18.0,17.0,perfumery
87b7dd1206b94ab75b6d45bbe487b24c,2.0,500.0,22.0,16.0,16.0,perfumery
2ef9d434efcd0544c16be36a03c7652a,2.0,418.0,19.0,14.0,16.0,perfumery
30bbdf80d68d281c9cefcb26becdc8ae,1.0,488.0,24.0,15.0,20.0,perfumery
b1d69027dcf7fec05464c24c1e197dde,1.0,675.0,19.0,13.0,13.0,perfumery
53b0b6e69e80935440712605cd5699c2,3.0,75.0,23.0,16.0,16.0,perfumery
a1c4bbc86f12628bb57430973e680129,1.0,550.0,20.0,20.0,30.0,perfumery
33fca9d59532dd4c191217a979346ab9,1.0,431.0,20.0,11.0,13.0,perfumery
d7e407589b859c99b1df9088674c20e3,3.0,7150.0,35.0,35.0,35.0,perfumery
5f21301936c11698db6aee5444190da0,1.0,367.0,23.0,12.0,16.0,perfumery
50847e645fcb3d38dee50e39e4c68c22,3.0,16050.0,70.0,102.0,12.0,perfumery
091107484dd7172f5dcfed173e4a960e,2.0,183.0,16.0,8.0,13.0,perfumery
9dce898d78474a67041fb052e56b1a58,1.0,200.0,22.0,7.0,16.0,perfumery
00baba5b58e274d0332a0c8a0a66f877,4.0,200.0,18.0,7.0,12.0,perfumery
ac6b10125f0c3f3faca61891ff70077f,4.0,700.0,16.0,8.0,11.0,perfumery
c3b74fec36efec92f2c1b2d46c8cb316,1.0,625.0,19.0,16.0,16.0,perfumery
a9008450835cd38eabdf07eb6dd04bdd,2.0,526.0,22.0,15.0,17.0,perfumery
1f3c4e3bcb3d2d1c4da4692dbf20de5a,1.0,277.0,17.0,13.0,12.0,perfumery
8cce4274f3868305ba6a25454b9cb2fd,2.0,450.0,20.0,12.0,14.0,perfumery
40d15612d42ca57c3ed3266dafdaf5b0,1.0,400.0,26.0,10.0,16.0,perfumery
067c68a19be5d218b092cf260bfbd9cb,1.0,440.0,19.0,13.0,21.0,perfumery
accbae01c370247dd0aa8d735f9ff675,2.0,441.0,19.0,13.0,16.0,perfumery
4c283386efa95fcc42ce7a7000afb0df,2.0,450.0,21.0,7.0,15.0,perfumery
52b61d8fa6874704f2c8e96ea62d5535,1.0,250.0,16.0,16.0,15.0,perfumery
9d5cb049d3a927647b8c105a67bce2ef,3.0,50.0,20.0,20.0,20.0,perfumery
102cdda7fcf3cb71b5f9d6d2a3e56b58,2.0,700.0,20.0,20.0,20.0,perfumery
6ca5428af5edb5066b1966ad58501b60,1.0,600.0,18.0,8.0,12.0,perfumery
abbc95531363652998acab718776a759,1.0,200.0,17.0,6.0,12.0,perfumery
80d702d8e2231e25bee9d145c2c86b6f,1.0,450.0,20.0,20.0,20.0,perfumery
0602bc6086443c4e9b9e5ba88119ce08,1.0,133.0,21.0,12.0,19.0,perfumery
08732e5164f3bd37bb941e5ae9710e6e,1.0,570.0,19.0,15.0,17.0,perfumery
c7b3b8509e06ae21abdd78b541215cda,2.0,317.0,19.0,15.0,17.0,perfumery
ceaaba49ab70be78825371ede54f32b4,1.0,600.0,20.0,20.0,20.0,perfumery
005030ef108f58b46b78116f754d8d38,1.0,50.0,16.0,5.0,11.0,perfumery
fe0be6df56c891975ff729be49fd2e17,3.0,318.0,19.0,10.0,12.0,perfumery
7d37c36ca8a92b8e5f136a640d2b4816,3.0,400.0,20.0,20.0,20.0,perfumery
a03e40dea3abae7cadf374eda9afc2c3,6.0,2300.0,26.0,26.0,35.0,perfumery
ac5b95f5dc30a0bb558f9b6edbcaab5c,2.0,8200.0,38.0,18.0,22.0,perfumery
537795846d3155fd59b4eb12545b1b2f,1.0,50.0,16.0,5.0,11.0,perfumery
d90d7857e8369bf261bcbaeb9731b64e,2.0,850.0,26.0,10.0,26.0,perfumery
9cb67ae6cec5627ef21cbadcdb357054,1.0,350.0,17.0,13.0,12.0,perfumery
527b0d563a8729f44d5ffb437100931f,1.0,650.0,21.0,17.0,14.0,perfumery
a171b306b69fe67a7bb0873d02e9cb98,3.0,250.0,43.0,16.0,27.0,perfumery
9f2f03a7cc35b7c27e588388fa1e2252,2.0,467.0,22.0,14.0,17.0,perfumery
f6ded594ada4d7ad32d68d6c57dcb417,6.0,300.0,16.0,16.0,16.0,perfumery
c3d27ee9725d9bb6e585039665b36443,2.0,575.0,18.0,12.0,15.0,perfumery
1c56f826f3a1fdf255e3fb5fa7637d3e,1.0,225.0,16.0,7.0,12.0,perfumery
448f0791c4d2fc5d250a401edfc208d4,1.0,438.0,19.0,10.0,16.0,perfumery
5aed6af9bb6c3f903bef12b8c56e235b,2.0,475.0,20.0,12.0,14.0,perfumery
ae056fa650b078942afc7d9afc3199c1,1.0,150.0,20.0,20.0,30.0,perfumery
4027c03e4b0afe1963877d2d164f880b,1.0,500.0,23.0,8.0,15.0,perfumery
dfdb2655c564597331d2197ac771b2c0,1.0,120.0,16.0,16.0,16.0,perfumery
8dc0f5aed3861b07012b5ec0bec6ca4c,1.0,100.0,16.0,4.0,16.0,perfumery
5d0b3bded37ffeb1e67b324f3301ccb6,1.0,450.0,30.0,30.0,30.0,perfumery
94b67faa1e06c405396b019aadf24618,1.0,100.0,20.0,5.0,20.0,perfumery
62c7230e65fd9da6326284606ee1b197,2.0,472.0,19.0,13.0,15.0,perfumery
76fa741d9effdc92af0109f9516cb5f7,1.0,1059.0,18.0,15.0,15.0,perfumery
e611a297d7a9df83f906aab5c746fd06,1.0,436.0,20.0,13.0,15.0,perfumery
210286fe46a9f587b63ead8d065ad3cd,1.0,495.0,20.0,15.0,18.0,perfumery
f695f05f9b5b47de78cd7278d748487f,1.0,125.0,24.0,9.0,21.0,perfumery
c6c1f263e076bd9c1f1640250a5d0c29,1.0,425.0,24.0,12.0,16.0,perfumery
dd413b2e015e9f610983d1132574f895,3.0,700.0,20.0,20.0,20.0,perfumery
dd61e943598eec72351633dd6a72d5dc,2.0,350.0,36.0,6.0,22.0,perfumery
049469901143a0f4ead566611fda0544,1.0,375.0,21.0,16.0,23.0,perfumery
6292e8c74db1d4defdbd8244c1101bb6,2.0,150.0,16.0,4.0,12.0,perfumery
c1388e458b5dd74dd3fa304896e8c00d,1.0,250.0,16.0,14.0,15.0,perfumery
aeb2f7fc62c8a2a56ae6e2f1b04d4e62,1.0,200.0,17.0,6.0,12.0,perfumery
ffb97eb64c6fe1baada2410288c04457,2.0,390.0,22.0,12.0,15.0,perfumery
51cb73e9af0e2e23da237bafae0946d2,1.0,375.0,16.0,14.0,15.0,perfumery
7b822833c7cc8905ab8174b55ac878fa,1.0,100.0,16.0,4.0,16.0,perfumery
6f9be3cc1d2a7eaa92b86fde15b93ac4,1.0,950.0,16.0,16.0,16.0,perfumery
f29cea85796ecb6453d24eb3b24f4b77,2.0,91.0,17.0,9.0,16.0,perfumery
574841fd9d176e7e81693636106765a8,1.0,80.0,11.0,10.0,12.0,perfumery
a2446206efccf04cc7fd1511be0ee157,1.0,500.0,20.0,12.0,15.0,perfumery
2a58eaba034398b020fe690c6dbb4b92,1.0,260.0,19.0,12.0,14.0,perfumery
617186c3d97ea56c9c683a8a3974e8c1,1.0,550.0,21.0,12.0,20.0,perfumery
513e834f4f9225e4e8b233716a699774,2.0,200.0,20.0,20.0,11.0,perfumery
b11308cde5c2dc1c7f2f947c62409e76,1.0,300.0,16.0,16.0,16.0,perfumery
8c10db7e2bc84a4697eaed54db164c7d,1.0,200.0,20.0,10.0,15.0,perfumery
e57b2d6510f090860888171c76b42b21,3.0,300.0,18.0,16.0,17.0,perfumery
99521d67b22efb57979c6bf0c577a7a4,1.0,600.0,20.0,12.0,15.0,perfumery
6047d1b3d3841a528e860a939daa2035,1.0,150.0,16.0,3.0,15.0,perfumery
30b71c9c4072aedc2eab725fa28f50ed,1.0,463.0,19.0,13.0,17.0,perfumery
6ca11e79ed1acb748ccbb8e6b821967d,2.0,400.0,16.0,16.0,22.0,perfumery
6f9f3f69c27aaeaac0cc6bc4d431f3e8,1.0,200.0,20.0,16.0,16.0,perfumery
ccac9976bafbf7e587bd2c29302e2314,3.0,1500.0,20.0,25.0,20.0,perfumery
2eadf6089620e82047e4d24101dc6759,1.0,500.0,16.0,14.0,14.0,perfumery
5aed97dc60ce5882eff4a75e0d502b58,1.0,100.0,16.0,3.0,11.0,perfumery
78b7b1ff2d3f06a589354ddf2f4f9db3,1.0,448.0,22.0,17.0,17.0,perfumery
f292ca832e0400809217dc0478a31650,2.0,100.0,18.0,9.0,12.0,perfumery
6b3e612bee768d758d981f0d7992e07e,3.0,400.0,30.0,15.0,15.0,perfumery
5e17b27aa688dc45b02f5bf9276a4bab,2.0,178.0,20.0,10.0,16.0,perfumery
3c44881c6f1115b3a16f8281bb2a83ff,1.0,100.0,20.0,7.0,20.0,perfumery
72076d150be0b5c03bbff0c07cedeec2,1.0,600.0,16.0,16.0,22.0,perfumery
5b98dda956628fc9eb2e9c56db3dbcdf,4.0,200.0,17.0,17.0,12.0,perfumery
1083861ebae6fec08fdafe497cae7061,1.0,465.0,19.0,13.0,16.0,perfumery
c0205b35b5e0f162b0dcc48572223b72,1.0,400.0,19.0,11.0,17.0,perfumery
96a77357ef9245d263e1edc51efb22e3,1.0,350.0,16.0,7.0,12.0,perfumery
4650fae75d852ddfada4751f6f02481a,1.0,100.0,20.0,5.0,20.0,perfumery
61038607552ec7c9d5a534afcde11b4e,1.0,125.0,23.0,13.0,23.0,perfumery
e5403f78625641d4ae41af599772fbfd,1.0,366.0,17.0,14.0,16.0,perfumery
fc5428e8e3dbc80bf96f681ed2e95026,1.0,500.0,20.0,10.0,16.0,perfumery
bbaa976a69c3a1594ebc1fc560f62978,1.0,728.0,23.0,15.0,16.0,perfumery
b200c3a6dbe2a96c1e2f1904361763db,2.0,350.0,20.0,16.0,21.0,perfumery
c6f24451ab94c30ea2e17eb0d9ea5d9c,1.0,550.0,16.0,2.0,11.0,perfumery
e7e5d8fc71b667111b189de539ca043b,1.0,130.0,16.0,4.0,11.0,perfumery
7634da152a4610f1595efa32f14722fc,1.0,200.0,16.0,10.0,15.0,perfumery
04c48a5fe31aedc4ef3896c005fd483c,1.0,449.0,19.0,14.0,14.0,perfumery
fca2e81c23d935ea664ac286eb86ccf5,1.0,200.0,22.0,7.0,14.0,perfumery
5dec2dcbfce3ac5801e5ce0d2a0943f2,5.0,300.0,16.0,16.0,16.0,perfumery
4299cf45bc9aa8ef5bd9337035c286e5,1.0,700.0,30.0,10.0,30.0,perfumery
cb0323c2102abd70d084c531993f8a70,1.0,250.0,20.0,20.0,20.0,perfumery
45db1cf7c08c21a37f3218e88943061f,1.0,350.0,19.0,4.0,19.0,perfumery
ea957cac01662e146fe771920efe4921,1.0,386.0,22.0,19.0,18.0,perfumery
f992bc38a69c993979545475f05ba50f,2.0,308.0,22.0,17.0,20.0,perfumery
9ee8c8a931dd4d34148aa31f54ee93c1,4.0,1700.0,20.0,24.0,30.0,perfumery
3f55ca21769e7535d3ba989450207285,1.0,550.0,25.0,15.0,17.0,perfumery
7ca842c587021040e7e0135fac921602,2.0,500.0,16.0,16.0,22.0,perfumery
01ff1ff8aa5dec93e9938b989393a4ca,1.0,350.0,18.0,13.0,18.0,perfumery
0bb1142b8037490f29e8f322ad5b538c,2.0,200.0,18.0,3.0,11.0,perfumery
62c89abe1afe3a23c17765d462718a4c,1.0,540.0,23.0,13.0,19.0,perfumery
34952b816a67556375be2aac9cab263d,3.0,100.0,20.0,20.0,20.0,perfumery
00c3e35b00dd00ab864d4a94c1b97e66,4.0,512.0,30.0,12.0,18.0,perfumery
8f3a83d431c7066aabd357f3ad3590a8,1.0,300.0,18.0,16.0,12.0,perfumery
3ef5a1cc5f73b06dfee539cfe858429c,5.0,1850.0,32.0,24.0,22.0,perfumery
4be784792c7a4cd4a801c6145a3a8c7d,2.0,470.0,21.0,16.0,16.0,perfumery
6782d593f63105318f46bbf7633279bf,1.0,200.0,16.0,14.0,12.0,perfumery
0a1ca683d91a7cb9b806f3710873bf47,3.0,700.0,18.0,6.0,17.0,perfumery
cd072553fd098e618264cdfff5980360,1.0,400.0,22.0,16.0,16.0,perfumery
e61721efa0db661f7cdc3d37663135e0,1.0,700.0,50.0,40.0,30.0,perfumery
29bf158cd50fc035e7443f1c04e8deaa,1.0,150.0,16.0,12.0,15.0,perfumery
1775f1f0d5c82a7c311baa9074593e6d,1.0,200.0,16.0,17.0,11.0,perfumery
ee6d2bdca28be6e08d1c847f0222f6b9,1.0,317.0,21.0,17.0,21.0,perfumery
2d857ab2a090c784ad9de4c8dedac0e8,3.0,1100.0,35.0,15.0,17.0,perfumery
8fd4a0aecf57598dcdc75d1520069acf,1.0,500.0,23.0,8.0,15.0,perfumery
3ad77ee47938193d6240dadba0feeaa0,2.0,419.0,20.0,17.0,20.0,perfumery
1fce7b244f4a45431713165a869f5f32,2.0,575.0,16.0,22.0,16.0,perfumery
8021eec060840489d25c322ee7fa5ed4,2.0,317.0,25.0,6.0,22.0,perfumery
a892ca050a783e4f416986981b37422e,4.0,215.0,18.0,11.0,12.0,perfumery
78a2a96601d7940594f95dbaa4c368d0,1.0,463.0,18.0,10.0,14.0,perfumery
3b49d2e893a8c98d11a3cb44dc7274a7,1.0,100.0,20.0,15.0,15.0,perfumery
cf92691b3ee30045224020f9ae5ae42c,2.0,467.0,18.0,12.0,18.0,perfumery
69d1a2681324d48bb7f38a7bb7b2646f,1.0,50.0,16.0,5.0,11.0,perfumery
e0dfc740a058aaf5d2627087f26ee80d,1.0,800.0,20.0,15.0,15.0,perfumery
f9bab7e7dbab7e5883add425280ec006,4.0,100.0,16.0,2.0,11.0,perfumery
64874a0d6c1ec460c2f59886c51b9711,2.0,532.0,21.0,12.0,17.0,perfumery
2e5cf3208803b03c62f319e2518e35c0,1.0,100.0,16.0,14.0,14.0,perfumery
234d0c9586a851ff11033aedd13c1837,1.0,744.0,19.0,14.0,13.0,perfumery
ff4f41437ea37fc126d110853404b625,1.0,100.0,20.0,11.0,11.0,perfumery
7c725202e885a39990fbc37b0ee5e501,1.0,495.0,20.0,13.0,14.0,perfumery
0667b4afff64a57f01669f9af9ce685e,2.0,450.0,16.0,11.0,11.0,perfumery
d401d9445df5a515a304b386278b4844,8.0,1800.0,26.0,26.0,35.0,perfumery
e4262d799e5dd6ed9c4b7937eb3be56f,3.0,400.0,22.0,4.0,15.0,perfumery
d35825dd1741eee134506022d73f4e71,1.0,313.0,17.0,7.0,13.0,perfumery
196c1cb4773764eca858159261a90f35,1.0,400.0,20.0,20.0,30.0,perfumery
b2045685af214c671f348b163996dc93,7.0,850.0,25.0,7.0,20.0,perfumery
8712db6af2dd7ce2e4a97137859a86ec,1.0,390.0,20.0,14.0,13.0,perfumery
cfb2e04130d80dc8944679f3db75df76,1.0,200.0,20.0,7.0,15.0,perfumery
2947c2678aab0b7bfc86dd062d9c3318,1.0,532.0,19.0,17.0,17.0,perfumery
3395972e03af62d7cb9bdb8a601383d8,1.0,1000.0,16.0,16.0,16.0,perfumery
d9bdf643d95cb89844c0da1a0df1d16e,1.0,475.0,20.0,9.0,14.0,perfumery
a2ea7c89ef0c55d5c0a4f7e26752a6a0,1.0,300.0,17.0,9.0,20.0,perfumery
65cee62426275381ec64d04922ee8a22,1.0,350.0,19.0,24.0,16.0,perfumery
46eb4d4e006d97abd3bd84c23fcee7d9,1.0,150.0,20.0,20.0,20.0,perfumery
cfe6a5fd520bc8598643c28f7e9b3bb9,3.0,200.0,18.0,10.0,23.0,perfumery
44291e25afe160dfe5f844da1b0f8b15,1.0,50.0,16.0,5.0,11.0,perfumery
a1c4213421e6cf98f7167b2086e96ea2,1.0,133.0,16.0,16.0,13.0,perfumery
25e531393ced00e48e0c790fb864f1bf,1.0,382.0,20.0,12.0,13.0,perfumery
71382293e7e1570ecfca5410c546267e,1.0,200.0,22.0,7.0,16.0,perfumery
d1c965e9559fed1df80e7488ce88d53f,3.0,551.0,19.0,19.0,17.0,perfumery
e7d05769123784629c9484f57ad35176,2.0,550.0,16.0,11.0,11.0,perfumery
ba63ad9eaf3dc6369f8187e7251c0870,3.0,5850.0,27.0,20.0,35.0,perfumery
605d9e1329e4d2e960090c8da53d9c86,2.0,500.0,16.0,19.0,16.0,perfumery
3e45fc327c9740f1ae03383a8e201968,1.0,107.0,21.0,10.0,12.0,perfumery
07fd41c7a725529fe1213508557e0f4b,1.0,700.0,20.0,20.0,30.0,perfumery
009c09f439988bc06a93d6b8186dce73,3.0,150.0,20.0,20.0,20.0,perfumery
88d165f46820f016a6840428dd5b7996,2.0,475.0,20.0,14.0,18.0,perfumery
c8f6689f642d2ac60ff34490bb59fc9a,1.0,536.0,21.0,11.0,15.0,perfumery
e30d5b80f5e85b8f9e7c627b5d594b38,3.0,1000.0,33.0,16.0,20.0,perfumery
6c69e1be6be2ab7ad5a9e4fe8a763b7f,1.0,500.0,16.0,16.0,20.0,perfumery
2b8d2d937f84136de5b941aba77d4bcc,1.0,486.0,23.0,13.0,19.0,perfumery
4d8f78374f31cd4b4932c1f2a42c4674,2.0,100.0,16.0,16.0,11.0,perfumery
89ef1e2b72322b4831f2730966b61a30,2.0,200.0,17.0,9.0,20.0,perfumery
c5abb4a7296fc26dc57bccbe8ae2d677,1.0,150.0,16.0,5.0,12.0,perfumery
28f486789a96800dc97bb98e780e6d31,1.0,450.0,20.0,16.0,21.0,perfumery
b80b016be1b34855b86e03ce28c3b66c,4.0,100.0,21.0,4.0,15.0,perfumery
70b04b1d699a19d1b0aed994d64d13f9,1.0,500.0,23.0,8.0,15.0,perfumery
e53197022fd9f554e01b9cf4f3c9f249,1.0,150.0,20.0,5.0,20.0,perfumery
0f6e214a2c5baab8c1ccb053a0829f13,1.0,100.0,22.0,7.0,16.0,perfumery
0568858419b609bd068bec047de0a1c8,2.0,425.0,18.0,12.0,15.0,perfumery
274a778944c803fb95ea5a5b2c50611b,1.0,350.0,16.0,17.0,12.0,perfumery
1cc5f038fa8645580602fb2423d3a50a,1.0,400.0,22.0,16.0,16.0,perfumery
72a97c271b2e429974398f46b93ae530,1.0,450.0,16.0,17.0,16.0,perfumery
84003eefe52bb4112252409a24ae3a73,1.0,400.0,19.0,19.0,16.0,perfumery
4033dc4f8f073776b3048ba040d67697,1.0,90.0,16.0,9.0,18.0,perfumery
54df5de144ebb2166a494aa271142af2,2.0,500.0,16.0,22.0,11.0,perfumery
6a3370dbb5bd5817ac81a5db12cb2baa,1.0,267.0,17.0,14.0,14.0,perfumery
4f7d43c1033d092cbf61921a482a1396,1.0,150.0,24.0,13.0,17.0,perfumery
2ddf9184f8aad1f832fdf5ecd1e53a17,1.0,650.0,20.0,8.0,20.0,perfumery
4a41bfa11528f2c8133c8fceb4494e84,1.0,150.0,16.0,8.0,20.0,perfumery
b70adcd90b3dc72e1b0243fbffd2b625,1.0,300.0,16.0,16.0,16.0,perfumery
4a52073965ad17f345f579bdbdbabd74,1.0,350.0,16.0,5.0,11.0,perfumery
28a0482239353fd069dcf3e6d625ed5b,2.0,424.0,19.0,13.0,14.0,perfumery
111a3ef82d77e13260a73fbf58c41da5,6.0,350.0,16.0,5.0,15.0,perfumery
c0315bd17c58be3dec2bd04dd4233b7e,2.0,500.0,20.0,13.0,20.0,perfumery
c4defdb2bce4d658abde5891e3be4bb3,2.0,8250.0,38.0,18.0,22.0,perfumery
1c3a3b443f2cc220733fbd7b49841187,1.0,453.0,21.0,11.0,14.0,perfumery
57eea82fdaafa70e1bda51d338583f9b,2.0,100.0,16.0,11.0,14.0,perfumery
9a63fa9eca94ee429d997471304cb60c,2.0,400.0,16.0,22.0,16.0,perfumery
6a6ac21bea0794ba578bd5614699dcf3,1.0,7650.0,60.0,50.0,16.0,perfumery
99867d4e33798b303108f7eeb2f91b41,1.0,85.0,17.0,7.0,13.0,perfumery
6f62dd1f280a651e3334c84c4f1d96b6,2.0,1000.0,18.0,10.0,20.0,perfumery
c00f76b76f52037b0fc9f71fd8a7ac10,1.0,100.0,16.0,5.0,11.0,perfumery
02ee0862685e90b57cc241b7c9885f95,1.0,555.0,24.0,8.0,15.0,perfumery
24fffbd0188d2b7ceb351214c514b28c,1.0,426.0,18.0,14.0,14.0,perfumery
a2f3be463c1d322c27cbe55cf03e5fda,1.0,600.0,20.0,20.0,20.0,perfumery
5dc01f0525d00d0b349bf2ff92f7d1a2,1.0,250.0,16.0,16.0,16.0,perfumery
1d182262154abc7c75392cf645118ce6,1.0,1100.0,16.0,20.0,16.0,perfumery
b2a276c8b8261ba2c2c46bcfa1f522ee,4.0,1000.0,20.0,20.0,20.0,perfumery
8b8191f9283cd3c98fa9b37a0b0f99ef,1.0,400.0,23.0,10.0,20.0,perfumery
16cb37c8d7713ae295b4c1a92a3f338c,1.0,213.0,16.0,12.0,11.0,perfumery
ee0c1cf2fbeae95205b4aa506f1469f0,1.0,200.0,16.0,16.0,13.0,perfumery
f7ee078cfab4ad9144e1d75fd0258c5b,4.0,650.0,43.0,16.0,27.0,perfumery
0e362037e5f02f62c8ce89f49cb9d520,2.0,133.0,20.0,10.0,16.0,perfumery
3dc95ebe4e59153d4655472acb2c0785,1.0,200.0,17.0,6.0,12.0,perfumery
b453858c312812141a610b1f511f609e,1.0,450.0,25.0,10.0,18.0,perfumery
566d57dc88c7ca3fb90725bef1498b51,1.0,450.0,23.0,8.0,15.0,perfumery
a266930db2217c102cb34cb715b5d479,2.0,433.0,16.0,12.0,14.0,perfumery
8e3ef5c51c19686700a34ece0cc33c87,1.0,200.0,20.0,15.0,16.0,perfumery
16725bba96fafc08bce8931aa03c09fe,1.0,227.0,17.0,8.0,12.0,perfumery
8cc012c0a83e6021df4f2b2d01d8debc,1.0,70.0,17.0,6.0,12.0,perfumery
fb310009e56c0ab32657c9c674bd402c,1.0,325.0,21.0,14.0,15.0,perfumery
9a3ba846b3c74a316408ccf07a40374b,3.0,505.0,19.0,11.0,14.0,perfumery
ddc01db3147c02cb8f547ac87da1718f,2.0,160.0,17.0,10.0,14.0,perfumery
6020b332bb4a8888917d4844eba70bbe,1.0,8086.0,19.0,13.0,13.0,perfumery
97c58626cc3e15d514d2095f69650220,1.0,429.0,20.0,12.0,14.0,perfumery
f355d2acaeb178b14ae4d780ec41e1b1,2.0,125.0,17.0,12.0,14.0,perfumery
c988a235aba9c5a522df4bff0ef2a182,1.0,450.0,18.0,8.0,18.0,perfumery
595fac2a385ac33a80bd5114aec74eb8,1.0,400.0,19.0,13.0,19.0,perfumery
ab5b097435a43ee034c6c17438726945,1.0,1300.0,27.0,21.0,11.0,perfumery
9d7cee5f2a133c35af653eea7e1eb292,2.0,400.0,16.0,16.0,22.0,perfumery
226f3829f99a5f02578560da8708c8f7,2.0,200.0,16.0,8.0,11.0,perfumery
937a79a60a40809f6e8451355f21d639,1.0,100.0,16.0,5.0,11.0,perfumery
3197b90a5a79fb94cc45a0f42b75dd01,1.0,100.0,16.0,5.0,11.0,perfumery
33cf86a6c8f1d52076064029d5281cae,1.0,100.0,16.0,14.0,11.0,perfumery
ecb07a06fd523021fdce82a3c43a1a65,1.0,800.0,20.0,14.0,13.0,perfumery
05bb531648459f3fb15bda0cdbf21322,2.0,436.0,22.0,14.0,18.0,perfumery
2ff347482b6b06c5f6291bfa94e0045d,1.0,100.0,18.0,9.0,12.0,perfumery
0812f763c5cf426afacf3538963ac829,4.0,450.0,19.0,7.0,12.0,perfumery
2efe857938eed1619e7399bd614e8c38,1.0,200.0,17.0,9.0,19.0,perfumery
7ce25cfb67f0b322beec780b1d11d35a,2.0,950.0,16.0,21.0,11.0,perfumery
b74d02ba43060d2cbeba7759a869da5e,4.0,1500.0,30.0,12.0,28.0,perfumery
be7f0912ba01126704c81b3f705aaaf2,1.0,475.0,19.0,15.0,16.0,perfumery
a3b994a761e7a3ef4b527ac7f1057e9c,1.0,50.0,16.0,5.0,11.0,perfumery
3e2f9928d76a2823b17795db853ea780,1.0,400.0,18.0,8.0,16.0,perfumery
d9829478d893607ea2b8d26c7f546a3f,2.0,125.0,16.0,4.0,11.0,perfumery
2f9d564b8e623fa218326d48f71c5764,1.0,2200.0,33.0,27.0,24.0,perfumery
ed3d4d9d28256f0c6c2af63d199cd720,1.0,367.0,16.0,15.0,15.0,perfumery
1fa784d8744e3ed625d8651ddb15e33b,7.0,1800.0,35.0,26.0,26.0,perfumery
f5a9be6a5b9fbbd35e67c6883914c1ab,1.0,450.0,22.0,16.0,16.0,perfumery
6800d91175b6abde04b1d70ff2474746,5.0,225.0,21.0,12.0,18.0,perfumery
d8cabd83757ecf48a7d2628dee9135c1,1.0,553.0,20.0,12.0,16.0,perfumery
b414928d2f8bfbea1bf625562b6fffc2,1.0,325.0,22.0,14.0,23.0,perfumery
e29639a91419ddf0c1d6c80fb3bae01f,1.0,650.0,17.0,17.0,12.0,perfumery
fcf64c72035fc6f17660bae96c933ffb,1.0,200.0,16.0,16.0,16.0,perfumery
cf45cea95e6b4d46e80fe098eda10c8f,1.0,350.0,36.0,6.0,22.0,perfumery
f2ecbb02b6da187a9f14b8ac5781faec,1.0,50.0,16.0,5.0,11.0,perfumery
1556ff9027b40867291a46b185ececa5,2.0,150.0,23.0,10.0,14.0,perfumery
b79a274e7373a1bfcbd788a239591dec,1.0,350.0,18.0,18.0,18.0,perfumery
b57109d3dd3821f2685c6035112fc9a9,1.0,200.0,20.0,20.0,30.0,perfumery
db729c4310411c0be04a91785f063ea8,2.0,117.0,18.0,10.0,14.0,perfumery
6eb6c5cb7df0f863538b61a47fcce962,1.0,500.0,23.0,8.0,15.0,perfumery
aac3cc525702d53c8a2f4733ed214098,2.0,350.0,16.0,11.0,11.0,perfumery
a5a40bbbb395615fca259218aec4baab,4.0,150.0,24.0,17.0,17.0,perfumery
3e9fecd898d8fc598fb18399c2af0248,1.0,550.0,23.0,8.0,15.0,perfumery
31b12ca9e842bf87e308c2d92b660b36,2.0,250.0,16.0,11.0,20.0,perfumery
2ef0ffe318f7bc5fc4a5f25ca87200c5,1.0,150.0,23.0,14.0,16.0,perfumery
fb0e979620b2fd991a12edd108fc83f3,1.0,550.0,16.0,16.0,11.0,perfumery
5a42a6cbafa85310c1b2b0fa7dc6a8f6,1.0,350.0,16.0,2.0,11.0,perfumery
680d5104ebbd8f3cb6a209864ab8891f,1.0,500.0,18.0,17.0,14.0,perfumery
543b4f1745e0cd1505219f3af6d56d7b,1.0,3250.0,24.0,15.0,17.0,perfumery
eda9ace7ea76f19d80475c07f44acfbe,1.0,400.0,25.0,8.0,14.0,perfumery
46e4940f28c9231a801873e62ca55c53,1.0,50.0,30.0,10.0,20.0,perfumery
60f98d8f55a602509885faf42c0095a2,1.0,343.0,18.0,14.0,15.0,perfumery
0c3305267c17b542aecbc2385f5f0794,1.0,500.0,22.0,14.0,23.0,perfumery
32ff30bce9752963c889b69a33b0e84a,1.0,250.0,25.0,15.0,15.0,perfumery
5e57a146ccdca976190821a00a059ebf,2.0,411.0,21.0,19.0,19.0,perfumery
48428054567e07738a70f9d2a9fa0475,1.0,250.0,20.0,16.0,16.0,perfumery
222684e29ad17ce818d1b01753c0cfb8,1.0,461.0,20.0,16.0,17.0,perfumery
1d9c26a3cc1a9a167955e3922b597210,1.0,200.0,21.0,7.0,13.0,perfumery
11e02f2cd150fa54525a1109f61ea2de,1.0,325.0,21.0,12.0,15.0,perfumery
0e2d365a247d105fefc31b17ab8706d9,1.0,430.0,21.0,11.0,17.0,perfumery
b560b8ea76437c088ea9a83c49316fb5,1.0,433.0,24.0,12.0,15.0,perfumery
bef6177f54efb9a6218e124b629fc152,1.0,510.0,20.0,13.0,15.0,perfumery
f17ccf83f9deba389fc0a010257e949a,1.0,500.0,20.0,20.0,30.0,perfumery
9af16e9f03d54065042ad4bd257ed5b0,2.0,900.0,20.0,20.0,20.0,perfumery
f03a17295cb505e5cc28920af1c36739,1.0,166.0,18.0,6.0,16.0,perfumery
6cd51331a07b84149502aa6c9c5b536e,1.0,183.0,16.0,10.0,14.0,perfumery
cbe2aa650a14213dce463ed56755e979,1.0,350.0,22.0,13.0,15.0,perfumery
4a52db5eba2f48f7f5454ada6ce3d56a,1.0,185.0,19.0,19.0,17.0,perfumery
5e015730deea7dfbee442adfb1e29b27,1.0,450.0,23.0,8.0,15.0,perfumery
afd664c19120c43a47e34fc71f982d86,1.0,50.0,16.0,5.0,11.0,perfumery
8ba8c90e50add29be3159373ea7cb990,1.0,550.0,22.0,16.0,16.0,perfumery
928b6bf553c3a7af6fa44cf124f26108,1.0,600.0,19.0,7.0,13.0,perfumery
49e9c574147c521a9bd39ab709a103f3,1.0,200.0,17.0,6.0,12.0,perfumery
91910bbde68f7027e850dcd82b25c5bb,1.0,650.0,25.0,35.0,30.0,perfumery
ab9aa96e13784729bde0fddf698eb1e1,1.0,225.0,16.0,8.0,18.0,perfumery
302cfa85bca0568e3920d0705a2d6fa0,1.0,417.0,22.0,15.0,20.0,perfumery
2800a94a39d630f1713089675b8350a9,3.0,5750.0,37.0,37.0,25.0,perfumery
d64e758afad411049a45e42c9a259241,1.0,100.0,16.0,11.0,11.0,perfumery
16048247166ec654c76c845f308c85f5,2.0,400.0,16.0,22.0,16.0,perfumery
4678fb24818cab9ec956d9b610435d9f,2.0,100.0,18.0,4.0,11.0,perfumery
c4d9e2052eaa16ff448ebaac4fa37129,2.0,235.0,18.0,10.0,12.0,perfumery
a2139d605ce44922729e050916c4a667,1.0,400.0,16.0,16.0,12.0,perfumery
22c5ddc22ea8cae84fc9917def682dc6,3.0,350.0,25.0,15.0,15.0,perfumery
165fb50db4fca5b20adf857e6292b171,1.0,200.0,16.0,9.0,11.0,perfumery
d096e0e170ba78894105effb6d513d97,1.0,1000.0,20.0,20.0,20.0,perfumery
12cbe733abde1e976549e8d6f4f020f1,3.0,250.0,21.0,7.0,14.0,perfumery
83428935683b0e51254e4deb99d53fa3,1.0,350.0,22.0,16.0,16.0,perfumery
f35aa9afd2173519c54e97c6b28a52c7,1.0,300.0,17.0,14.0,14.0,perfumery
25ce1fd278819fb92db46f69fdbc5eb6,1.0,150.0,16.0,4.0,12.0,perfumery
2fbb5ae777d299cd365c6b3a94b54bcb,1.0,575.0,20.0,16.0,23.0,perfumery
58f63077f5153309a576fda4e0851982,2.0,363.0,20.0,12.0,17.0,perfumery
4cb33e9787e8a38b82bd68e70f5f4700,1.0,333.0,19.0,19.0,21.0,perfumery
aba0c26e6fcc5a413da7fcfad4b04ac1,1.0,200.0,16.0,16.0,11.0,perfumery
e04ca4dba6bfe0dceeedca468acf5014,1.0,235.0,19.0,13.0,16.0,perfumery
7bdc3ff2d6af39d08fb40546ba7b9766,1.0,150.0,16.0,7.0,12.0,perfumery
5bb2c90ab3ab3c24ba5b42b19a4d4b43,1.0,464.0,18.0,13.0,14.0,perfumery
fbc1488c1a1e72ba175f53ab29a248e8,1.0,560.0,19.0,13.0,17.0,perfumery
3b423ed68870672cbc6aabeb1dbbc074,1.0,417.0,19.0,13.0,18.0,perfumery
0688d52e92d927814617e26d7702df10,2.0,133.0,21.0,12.0,19.0,perfumery
b5ac08b2bc73bc36eecc6107b78247d3,1.0,400.0,20.0,7.0,15.0,perfumery
e1f24e88490db8f0fd2d3c169b130d0e,1.0,200.0,16.0,6.0,11.0,perfumery
232b2effc9d2cc8f1e696e65e108797c,1.0,350.0,16.0,16.0,16.0,perfumery
75d6b6963340c6063f7f4cfcccfe6a30,2.0,400.0,18.0,11.0,20.0,perfumery
b840f8eeee0b143a479738d150115753,1.0,483.0,21.0,13.0,20.0,perfumery
a01c3a8e3ccddf44069c082b1590f19a,1.0,351.0,21.0,17.0,19.0,perfumery
0356344ba89a9deb1e8a6bef7a7c78b5,4.0,350.0,20.0,20.0,20.0,perfumery
793f6e9b0f6ba6a59ff2869a20c1199c,1.0,250.0,20.0,20.0,20.0,perfumery
8b6f0c846cb5adca6c2fcd927038ac72,1.0,100.0,16.0,5.0,12.0,perfumery
cb9ed03b8602d8180e9de666d5cacb17,1.0,500.0,17.0,6.0,15.0,perfumery
49196a215bd6514843cebf65ebbe52c0,1.0,475.0,16.0,16.0,17.0,perfumery
017692475c1c954ff597feda05131d73,1.0,50.0,16.0,5.0,11.0,perfumery
5ac31d4825e0f3d9077465c57d4cef3b,2.0,100.0,16.0,11.0,14.0,perfumery
80619103c2b3bc2fe8358f9c3c0bd2c7,1.0,100.0,16.0,16.0,16.0,perfumery
e003b894dd7927f3e2de2dd927b174a4,1.0,400.0,22.0,16.0,16.0,perfumery
a2048b46525cb5cb30be4e5ff3f83c5a,1.0,397.0,21.0,15.0,17.0,perfumery
e0148326fbd8d54b927f7000959751a4,1.0,100.0,16.0,8.0,19.0,perfumery
8f83335d6508c667813ff14dc437bc81,1.0,563.0,20.0,12.0,14.0,perfumery
aca51bff59e5fefae004afb85cb5afc4,2.0,265.0,19.0,14.0,16.0,perfumery
a6b32d26b9f925954b1cd8339f664a6a,3.0,400.0,25.0,4.0,20.0,perfumery
dd1759836cc99a88be1a42bf6673abe0,1.0,415.0,26.0,12.0,18.0,perfumery
2dfda1ff7f02fb76576e5961ddd85e38,2.0,50.0,20.0,8.0,14.0,perfumery
425ca58a47a3eeb10c21c05ddf8d7a52,1.0,378.0,20.0,15.0,16.0,perfumery
12dc5e5d178b930cf87cf16e812fc2d5,1.0,125.0,16.0,14.0,14.0,perfumery
46c480f48e4167c60ce2ddf4ed25a819,1.0,1450.0,20.0,16.0,16.0,perfumery
1694be93ee57fcedd649a53f11848edb,1.0,200.0,16.0,13.0,11.0,perfumery
b0d010ca0b17fe7e3587343f2c68be43,2.0,800.0,25.0,12.0,20.0,perfumery
d251a837dcd0e6fd30f65d0df8338570,1.0,77.0,25.0,13.0,14.0,perfumery
0226c9207aea0b16076a27ca65cb4929,1.0,600.0,20.0,8.0,14.0,perfumery
ea54f7358c3cecaf658b39b7c5f0f020,4.0,100.0,16.0,10.0,11.0,perfumery
969250f1300755ae847449ef253547f1,3.0,475.0,19.0,16.0,16.0,perfumery
eea3e07f864a0a1389726d8a5f31c3f6,2.0,125.0,16.0,11.0,14.0,perfumery
0369a47f7ad96df46ad8ed76767de8bd,1.0,900.0,25.0,35.0,30.0,perfumery
868519b1962b0fdb994a54aa184c850d,2.0,150.0,16.0,5.0,11.0,perfumery
57d2fa6882b789ad55e86074398826c4,2.0,1500.0,20.0,20.0,20.0,perfumery
ea4802c51ff32d5122f8a282f1ebc730,1.0,500.0,22.0,16.0,16.0,perfumery
b8d9462d449fe376dcbefb544450ecce,1.0,1150.0,23.0,14.0,14.0,perfumery
96b4ceeea5f4e3997ac6543f49a4f138,1.0,950.0,20.0,10.0,20.0,perfumery
faa36d27544b2b05c79f3d8c801d5dbd,2.0,600.0,43.0,16.0,27.0,perfumery
e7f79c79a485447b88964a9d0b86fe45,2.0,67.0,16.0,12.0,14.0,perfumery
d1040cea3114b6e9f7e2170dc39af1db,2.0,250.0,21.0,4.0,15.0,perfumery
23ed7a10a36c6f88a757a9c83df9ea20,1.0,471.0,18.0,12.0,15.0,perfumery
cc77b8a29a57a3506f7fd74c1117dec1,1.0,100.0,16.0,7.0,12.0,perfumery
3b0d9b1ec53a9d43f4e4837823c9fb24,1.0,800.0,18.0,7.0,11.0,perfumery
907c096bf89737ef081eeba5c13991b0,1.0,250.0,23.0,18.0,21.0,perfumery
aca27d7a91bfb10489d3e1aae184d137,1.0,500.0,20.0,15.0,15.0,perfumery
9b6aada2786f40a15f5f186b84d8dc5d,2.0,300.0,16.0,4.0,11.0,perfumery
2efe8f5e5c3b7327473c75cf2f11bb02,1.0,350.0,30.0,10.0,30.0,perfumery
73f904226d62f004bbd49c022e686999,1.0,513.0,24.0,13.0,17.0,perfumery
65586e7ecd256d15d4360a6854d15b14,6.0,1000.0,55.0,8.0,25.0,perfumery
7bcf2266b78ccc737b8f26f925d3c5d4,3.0,135.0,17.0,4.0,12.0,perfumery
a7be9caca74a79278d40cd95bca4531b,3.0,400.0,23.0,2.0,11.0,perfumery
9b79fa6654cc0c0440fa9a1f52d2f248,2.0,600.0,19.0,9.0,14.0,perfumery
ed63424b3f5b4d29c94bbb3d965240f5,1.0,150.0,17.0,13.0,12.0,perfumery
54f777c90b177faa65e9901c297d5204,1.0,100.0,22.0,7.0,16.0,perfumery
35099f8f045d9d26eca4cd4dfedf7320,1.0,500.0,16.0,16.0,16.0,perfumery
75c06ee06b201f9b6301d2b5e72993f8,1.0,50.0,16.0,5.0,11.0,perfumery
40e9fb75d3f96d5cca8fe7af35675ed0,1.0,150.0,16.0,16.0,16.0,perfumery
dbd91d7511ed7f4e61be3a191082644e,1.0,567.0,20.0,13.0,16.0,perfumery
74a5674a56a91708881d311a6b23e74d,2.0,150.0,16.0,9.0,11.0,perfumery
bf35317e81a1e1477a2256328bce9e9f,2.0,300.0,16.0,10.0,20.0,perfumery
06a63a471d8a08878526b37a1baa66a5,3.0,700.0,16.0,16.0,16.0,perfumery
d39aa436f0e832d11f2ea052ef6bc77a,2.0,300.0,26.0,12.0,18.0,perfumery
7c9d0c4f31e1c76d92518112b8f4b348,1.0,200.0,16.0,16.0,11.0,perfumery
a7e3c4e94e2cdb8acd51459762d4c263,1.0,500.0,16.0,2.0,11.0,perfumery
c105ffe5631ecf052dd611db3693968f,1.0,300.0,16.0,16.0,16.0,perfumery
0a795de8287e3f8f1f6c2ddcd8091f8e,1.0,318.0,27.0,27.0,26.0,perfumery
09cb4aa62c518d0842e1c5f28ac940ff,3.0,150.0,24.0,17.0,17.0,perfumery
1fd46d26e6d9800e915b195cb8b51f57,1.0,200.0,20.0,20.0,20.0,perfumery
4761d3c7046053dc1fdac1470b1b9b27,2.0,600.0,16.0,16.0,11.0,perfumery
0d9957ab8ffb09053626ff10f7b5876b,1.0,600.0,21.0,11.0,16.0,perfumery
52cd8731a875ed2d76925ead2c6e6f5a,1.0,100.0,18.0,9.0,12.0,perfumery
99e71b776debf2f01a69dce207e3e4f8,1.0,250.0,16.0,10.0,11.0,perfumery
f6bbece0c618d7313bbaf6fc919149b8,1.0,600.0,17.0,19.0,15.0,perfumery
6a4a789c85b5704975300632152e595c,1.0,195.0,35.0,10.0,13.0,perfumery
0de1e69dff6f40f9f71be7034a8bb8d2,1.0,579.0,21.0,13.0,17.0,perfumery
9fa1e97015f5c5e76add50079bb0ab44,1.0,400.0,20.0,20.0,20.0,perfumery
2ada60128014f639dffa4a481cd1255a,1.0,100.0,16.0,8.0,19.0,perfumery
47ed478ee7b2696c2c49229fcad56e98,7.0,1800.0,26.0,26.0,35.0,perfumery
69918318f27e9853c6d2a68906018a14,1.0,700.0,30.0,30.0,30.0,perfumery
7b0319f86ca302954787a58d2b3831da,2.0,200.0,16.0,16.0,11.0,perfumery
323aa447dc953b5592e25c37ce6f36e2,1.0,350.0,20.0,15.0,20.0,perfumery
403c463d8502623e3b991a04948a4dbe,2.0,532.0,20.0,15.0,16.0,perfumery
3a0e83258aa8612b4e2d4d5d8a246f33,1.0,470.0,22.0,12.0,15.0,perfumery
d121a42e2416f999dc353f81efcdd5f4,1.0,300.0,18.0,9.0,14.0,perfumery
9af4d74cc1b1181f4f35d4286c27bbcd,1.0,100.0,19.0,8.0,14.0,perfumery
9760ac8ee2522566f6779aae29e417f3,2.0,200.0,16.0,3.0,22.0,perfumery
3ddc568a05383c2f24b4d47d1b41f819,1.0,400.0,18.0,15.0,15.0,perfumery
6efb345b34722c35d2e8a723cea100bf,1.0,350.0,16.0,12.0,14.0,perfumery
5b216c071bd1ccdddeb4efc5efa024d0,1.0,150.0,20.0,20.0,20.0,perfumery
5daa4a09c9afb3b30d6df995fab5c2dc,1.0,1150.0,16.0,20.0,16.0,perfumery
b2d52af3c5981a8d5d064fdb77cc6bc1,2.0,240.0,21.0,15.0,22.0,perfumery
90846606739f4063e6092aa0fadd78a9,1.0,500.0,23.0,8.0,15.0,perfumery
deb523ac578bc09b1b3ef13e66dc295f,1.0,453.0,20.0,11.0,13.0,perfumery
fa06cd5fd01faf457f064d3073ce893d,1.0,500.0,17.0,19.0,15.0,perfumery
388990ffe5ff78f59518dff76702a24e,1.0,100.0,16.0,11.0,11.0,perfumery
bc79853c871c6db8e48e4b0d47df7e70,2.0,300.0,16.0,16.0,20.0,perfumery
9c8a36f4987914487728d62b2ba087b9,3.0,650.0,17.0,7.0,12.0,perfumery
10fdb0e6ef1170ede7a6a3d6634869ea,1.0,743.0,20.0,13.0,14.0,perfumery
01217a683550744160a91eaa46a92305,4.0,1300.0,25.0,20.0,16.0,perfumery
9649ca274c5438e7f13d0af44db9bcae,1.0,150.0,22.0,7.0,16.0,perfumery
7e6369ae76be68baac2fe55ba089b37f,1.0,183.0,16.0,12.0,14.0,perfumery
f2aa6fb35e6b7ddd3eb6f3198a0efbc9,2.0,500.0,16.0,22.0,11.0,perfumery
ee14580a079d31644603ec91e37c7ed2,2.0,100.0,25.0,7.0,11.0,perfumery
73554174c2dccb01cade8d0ce976b791,1.0,438.0,20.0,14.0,19.0,perfumery
d4652fae7ca028fda70d9b7b75432e04,2.0,200.0,16.0,5.0,11.0,perfumery
8312d7de87652a517f739c42bb4fd3f0,1.0,200.0,16.0,14.0,15.0,perfumery
d061984ba84c7cbd3059b289f2056f09,1.0,200.0,17.0,9.0,20.0,perfumery
4c77d14c542fcd857dddc3df2e82329c,1.0,267.0,16.0,6.0,11.0,perfumery
a884ac1fcc9d95f1d0d3a731610a9a4c,1.0,400.0,18.0,5.0,11.0,perfumery
0f8b90fdd8f2e3b0fca368349e2c298d,1.0,200.0,23.0,7.0,15.0,perfumery
2aba8662055d2c7e8d7a4ad797f27840,1.0,150.0,18.0,8.0,12.0,perfumery
f0d9237c058130a54eb81854ce88b760,1.0,600.0,23.0,8.0,15.0,perfumery
3489d3fae282f7944399bc697554a1e5,1.0,450.0,18.0,5.0,11.0,perfumery
d3eefa9daaea7502738b8e7f04142165,1.0,600.0,25.0,10.0,18.0,perfumery
9a2659459e90b81f2894abe1c615597e,1.0,200.0,30.0,30.0,30.0,perfumery
ec1faa2edc27ce32372fee59d1f9e969,1.0,200.0,17.0,10.0,12.0,perfumery
72b1dd0754a71db3f7b7dd8f776cd84a,1.0,250.0,24.0,12.0,11.0,perfumery
e7ca7e339dceadbc564c89d4eb24c91c,2.0,350.0,27.0,14.0,11.0,perfumery
d6c69817b519edddbf1b289631b7160e,3.0,4800.0,27.0,20.0,35.0,perfumery
bfebe3af6798e21f14c80263db86b7a0,1.0,494.0,20.0,17.0,17.0,perfumery
1b9eb27d35b89e35c8b32fa9902cdba9,1.0,460.0,19.0,13.0,17.0,perfumery
2829a5eb8a0ac813672891b4c91f7c65,1.0,550.0,20.0,20.0,20.0,perfumery
de000da759e4738d00a6fae5ecddee66,2.0,483.0,19.0,17.0,15.0,perfumery
4ea09a369cbc64b94ca857087e1d9611,1.0,700.0,16.0,2.0,11.0,perfumery
2f1507d615de7f4f0e73e3be811ee6bc,2.0,600.0,18.0,9.0,13.0,perfumery
8695c431b31927efef5343e675f279e7,1.0,450.0,23.0,8.0,15.0,perfumery
ac8af924237ed4591dc8d9b8c6a935f0,4.0,6100.0,30.0,40.0,30.0,perfumery
8e5e73a07dbd796af762469b663b4c8a,2.0,300.0,18.0,12.0,15.0,perfumery
35c07f585b553421c3eac1f3acd0a59e,1.0,100.0,16.0,11.0,11.0,perfumery
287398c3a5da555d519e464b674c1955,1.0,550.0,16.0,16.0,11.0,perfumery
132893fa155be7225b6ecf7d4fe3ce9a,5.0,700.0,35.0,15.0,26.0,perfumery
5605cd5e9d7705908a49d92a4299c4d1,1.0,160.0,18.0,5.0,16.0,perfumery
65dee5bfb53947891fc47bf9a850a111,1.0,200.0,16.0,16.0,16.0,perfumery
76521b4860cdf82824bb5fa481a8262d,2.0,117.0,16.0,12.0,13.0,perfumery
e924834e9269807fddcddbbb45c4a54d,1.0,200.0,22.0,7.0,16.0,perfumery
2708ea4fc1340081efeffbf11f14d765,5.0,1700.0,20.0,24.0,30.0,perfumery
5c73346e7049e11811ae921dee4103c5,3.0,900.0,20.0,7.0,23.0,perfumery
2fe4cc1e76752c674b18a250ab1acbd2,1.0,625.0,27.0,11.0,15.0,perfumery
16e556eacc104de6e97b84512d426240,1.0,550.0,23.0,8.0,15.0,perfumery
fd0f7402731790468090d7895cf61c0f,1.0,500.0,16.0,16.0,16.0,perfumery
d8aa9936fd75e2d1cac692da307ff48a,1.0,500.0,20.0,20.0,20.0,perfumery
e2a5fbcec3cf55f09968fb1ecbe16638,1.0,500.0,20.0,20.0,30.0,perfumery
ed8f3fdb0b900c5c123d21fbf5588072,1.0,425.0,17.0,13.0,14.0,perfumery
bbd704063c23164b2674e893ac58d63b,1.0,350.0,20.0,10.0,20.0,perfumery
c7c44bf04797742e75274c5f288ae737,1.0,250.0,20.0,20.0,20.0,perfumery
ad2ff9b0c224aa7d855f7fd8109b6289,1.0,388.0,20.0,14.0,17.0,perfumery
47a4d6ab2e9b253f8c3c8aefa0c40285,1.0,250.0,20.0,20.0,20.0,perfumery
bfb0b1ac4d2c3e1ebae4a01c3fcbfb1e,1.0,500.0,16.0,16.0,22.0,perfumery
66ef20ad226145a624f8d7b7821d8d5a,5.0,500.0,19.0,10.0,16.0,perfumery
2a788bf848c3357ea72c31e344822aa9,1.0,597.0,21.0,16.0,16.0,perfumery
3cb86c99e14bcf5a24bea6305c171a75,2.0,463.0,20.0,12.0,18.0,perfumery
4e77e23d6c2215228d4ab312c0b8d405,3.0,400.0,22.0,3.0,16.0,perfumery
737553d6708d9a88beea1a8f4e678b79,1.0,100.0,16.0,11.0,11.0,perfumery
fc2a10fccd980a626042e02b0948269d,4.0,450.0,27.0,7.0,13.0,perfumery
ece3f9ce600905d426c4a029517f0635,5.0,400.0,20.0,5.0,12.0,perfumery
909b8b99af97c9cb9186efba9745c418,1.0,700.0,19.0,16.0,19.0,perfumery
73de16cead7739484a26999628acfbd9,1.0,175.0,17.0,12.0,14.0,perfumery
bdcdac3808387127799361ff2ce69f06,2.0,500.0,22.0,16.0,16.0,perfumery
e4d325bd1eea550509bdbbc5c3301fc1,1.0,525.0,16.0,16.0,18.0,perfumery
42d2add84cc80443a8128adc87b6a958,2.0,467.0,19.0,10.0,14.0,perfumery
cd46fbff1f4a0d9b923f70e332add4b5,1.0,100.0,16.0,12.0,11.0,perfumery
9aa7ddfe6525f9fa77ace664d52ee791,1.0,500.0,16.0,16.0,22.0,perfumery
c4c273fc9291c33a56ad3f006fe567e4,2.0,390.0,19.0,14.0,14.0,perfumery
c429a719cac9a29bfb5749d8f9043dae,1.0,457.0,25.0,9.0,21.0,perfumery
a89dfe409c3d704660aea27a6bbba666,4.0,316.0,25.0,9.0,19.0,perfumery
c1a940820f1f674fe52265f700f72302,2.0,190.0,23.0,14.0,21.0,perfumery
58e5c5c2d7966172afc6d5e125773d2d,1.0,100.0,16.0,8.0,20.0,perfumery
ace05b62c79dffc86cd12b281dc05b93,2.0,200.0,20.0,7.0,15.0,perfumery
7c900a8802a6e69db282513a6b159e70,6.0,150.0,22.0,11.0,11.0,perfumery
dc7b5d2b32ae30c86acd229b5ff34dcc,1.0,400.0,20.0,16.0,16.0,perfumery
ebc9e1315a80a2aba62fa97df7a0c9f3,1.0,550.0,22.0,19.0,21.0,perfumery
64c8ed0f7f4b571f9aa5f2488999d316,1.0,1200.0,16.0,16.0,16.0,perfumery
a30ea5a9dbd95db5a674c4beadb4fb0d,2.0,450.0,21.0,27.0,15.0,perfumery
4fa33915031a8cde03dd0d3e8fb27f01,1.0,468.0,23.0,18.0,19.0,perfumery
4f5cad4934c20d6fb8dab728ffdea29e,1.0,500.0,16.0,16.0,22.0,perfumery
3cc657ab189386b95882fd712bf37522,1.0,250.0,16.0,10.0,17.0,perfumery
5cbca81261e661159b5a3e6025bffba8,1.0,570.0,19.0,13.0,17.0,perfumery
173c4cd072bd13160331cc0f5b3ce0c2,1.0,100.0,16.0,3.0,15.0,perfumery
46957faa8ca08af2cb0e35f42fac6141,2.0,450.0,22.0,16.0,16.0,perfumery
888c130b9cddd7f400c25e1cecdf6b19,1.0,550.0,24.0,12.0,16.0,perfumery
8817f0cda3d5b42e5f949ee3be9dc80c,1.0,50.0,16.0,5.0,11.0,perfumery
500cf2c2853136c4782d885f61945b98,1.0,514.0,19.0,17.0,17.0,perfumery
35488a446a9fe259f079ba250f4e2110,4.0,950.0,26.0,8.0,16.0,perfumery
0f9d4a8cb14c962e53120a6f7a3a215a,2.0,600.0,20.0,20.0,20.0,perfumery
c48ac418b79aeb75f30be25ea192b6ff,1.0,200.0,22.0,11.0,14.0,perfumery
422fe5f2947a7aa4b72de6e4e41f543f,2.0,700.0,43.0,16.0,27.0,perfumery
01cfc3d9c29504c2d370933e53f002b4,1.0,400.0,23.0,8.0,15.0,perfumery
f40db27e4f52937182f6294988231376,1.0,600.0,22.0,16.0,16.0,perfumery
f731f8587d4088c174397e010cf892a9,1.0,375.0,21.0,11.0,17.0,perfumery
c39344060401aa31219e340847e3c791,1.0,550.0,24.0,12.0,16.0,perfumery
a25583531530c0913ea4dee2c5c73685,1.0,150.0,20.0,7.0,20.0,perfumery
1412c0124f6acb78a0a1023ea5e82c88,2.0,500.0,37.0,23.0,24.0,perfumery
500622d5e5b51dc502c73dc7b3449202,1.0,200.0,16.0,4.0,11.0,perfumery
d0b195da997d6ac2f2cf6547afa4ef7e,1.0,483.0,21.0,15.0,13.0,perfumery
9932cef18f605505959181dbce9896ea,1.0,200.0,16.0,5.0,11.0,perfumery
92e0aff16451b008e8b70f7b05dc6105,1.0,300.0,30.0,10.0,30.0,perfumery
a51c38eaa07a858fd8b49766d02c7bcd,2.0,400.0,22.0,16.0,16.0,perfumery
00066f42aeeb9f3007548bb9d3f33c38,6.0,300.0,20.0,16.0,16.0,perfumery
ff4580bbb95dbae914ec0a9b76b0a5c4,1.0,150.0,16.0,16.0,16.0,perfumery
8bf16c54c7994478e4df5de5baf54e2f,2.0,440.0,21.0,13.0,18.0,perfumery
e3db46616e0d26551a86377bab9b0308,2.0,523.0,20.0,16.0,17.0,perfumery
5440e1ed49a1153d573b1543dd10d95e,2.0,833.0,20.0,12.0,19.0,perfumery
61d52f4882421048afd530db53d6f230,1.0,500.0,36.0,18.0,27.0,perfumery
92e16cf2fab490ab9ae87a305d5f8f7f,1.0,425.0,18.0,11.0,12.0,perfumery
7324c4b82393a004e3e38a7632d1bba2,2.0,1450.0,25.0,19.0,25.0,perfumery
1cf1166849ef1df39734ef593d71f20c,1.0,200.0,16.0,16.0,16.0,perfumery
3220cbacf7d9905cc63c2920c3dbd13f,3.0,100.0,30.0,15.0,15.0,perfumery
b68a2323ae78c8400b78aeb0e9b33ccc,1.0,200.0,17.0,9.0,20.0,perfumery
aa5a88580b8e6e569915aa42f1526dfc,1.0,700.0,20.0,20.0,20.0,perfumery
278f4a3ec9c377c2ed98f3256834690c,1.0,550.0,20.0,16.0,16.0,perfumery
67cb39173878fcdf21b5491230fe386b,7.0,450.0,20.0,5.0,20.0,perfumery
0ac9ae2550c94021daa1059ad06d2c4a,1.0,200.0,17.0,6.0,12.0,perfumery
6186a25dd2b885087bbf0863e5245d46,1.0,900.0,35.0,5.0,27.0,perfumery
6773d02aae1c902e98b3270fe94d789f,1.0,150.0,16.0,2.0,16.0,perfumery
acdff5faea9652b2230cbcf4d475a220,2.0,313.0,21.0,12.0,15.0,perfumery
9e8aaef7103f42e3834092cc00dbbb71,1.0,100.0,25.0,25.0,35.0,perfumery
ceed0fb0175fb7e8f7877bb781deafb6,1.0,250.0,25.0,16.0,16.0,perfumery
7dd3fec3502f7ef333da2a73e00db394,3.0,479.0,21.0,15.0,17.0,perfumery
26c48bbde38fc8ca6a01eff68015e35d,3.0,3000.0,27.0,20.0,35.0,perfumery
a1de9704b5b479d170541055a4503c26,1.0,100.0,20.0,7.0,20.0,perfumery
7a644354b3b217b7d89e529bb01f334e,1.0,100.0,17.0,9.0,20.0,perfumery
d5d7ab11292e030edb97398b69235779,1.0,150.0,30.0,10.0,30.0,perfumery
b888a082a8954a5404448811aaf9d9e6,1.0,100.0,22.0,7.0,16.0,perfumery
f06f8cd7e0dd398f827c366664e972f1,1.0,400.0,18.0,18.0,12.0,perfumery
8b13342c7e5cfac764027523312cdf74,1.0,900.0,16.0,16.0,11.0,perfumery
bca99cf9bf7b0bd7f56c29a6e297f757,1.0,80.0,16.0,20.0,17.0,perfumery
e106c818f2f2e0a830fa2bc5c09076d7,1.0,381.0,19.0,13.0,15.0,perfumery
8e01228e1cb067cf324c968542f2f032,1.0,395.0,20.0,16.0,17.0,perfumery
33bfc11487d18d2405f84661bc164f0f,1.0,545.0,21.0,14.0,17.0,perfumery
c49f7bd8ac21b2169dd273bfef92b82a,2.0,500.0,16.0,16.0,22.0,perfumery
6ebc84d95d4340324cf0cb525e495eed,1.0,120.0,12.0,9.0,10.0,perfumery
8b513669b649b09d186312b0406e68c8,1.0,700.0,20.0,20.0,20.0,perfumery
3aa071139cb16b67ca9e5dea641aaa2f,1.0,1000.0,30.0,18.0,20.0,art
cbaff83e2c00a2b731d27276bbf52082,6.0,7900.0,70.0,15.0,70.0,art
aedb7e30007f6051c5b3f97156b0848a,1.0,150.0,25.0,2.0,19.0,art
b0694770dbbfebe2d48cd288cfce2f85,1.0,15400.0,100.0,4.0,60.0,art
056d07eb7d9c446e3780a3a7f102190d,1.0,500.0,50.0,6.0,20.0,art
ddf08c1f4da4aeb900e20da32cee2c50,1.0,1350.0,70.0,10.0,11.0,art
824c6ddf72c012b701b3e83b258581d4,1.0,100.0,16.0,5.0,11.0,art
19f1b5c58fd03aa8c41db25200829903,2.0,1650.0,30.0,4.0,30.0,art
c7ef7595086f6654865bdd390d924f73,1.0,2350.0,20.0,14.0,30.0,art
50a64d6b01398039142e3e0be6f2fca4,1.0,5900.0,40.0,10.0,30.0,art
68c62bdee06acdb180f27f73a34cc40b,1.0,350.0,16.0,6.0,11.0,art
804a1a0d5ac09246cf0d527bbd4c5aa3,1.0,250.0,20.0,8.0,11.0,art
0745c4686dc8b30d30a5546c781d1e96,1.0,900.0,70.0,6.0,11.0,art
a6579aa8d097e9c13d6749ecf4a2117f,6.0,400.0,16.0,62.0,16.0,art
48e5af4df590c37a05a29b5c86e020e1,1.0,150.0,20.0,4.0,20.0,art
2338a290bd0581fde51b770baeddb0a6,1.0,4800.0,40.0,10.0,30.0,art
7aa0cae255d70952492eb4b58b4815e7,1.0,4500.0,40.0,10.0,30.0,art
4fe644d766c7566dbc46fb851363cb3b,1.0,1700.0,65.0,6.0,50.0,art
3262a0950995f2a891ec1fdfe6f5a133,1.0,500.0,62.0,12.0,50.0,art
749d3e9ac43e769ce6245a97630f6543,2.0,1150.0,16.0,6.0,11.0,art
4c6aedb2bfbcb47f59db757dfc22c607,7.0,700.0,19.0,5.0,20.0,art
fef11bcb9bda869da356243b240c07b7,1.0,300.0,16.0,5.0,11.0,art
76397820b3556e99a4a2e3056eca24e5,2.0,1700.0,32.0,4.0,32.0,art
d727c091d4ce7f59b5e690ce0b58b1ea,1.0,1100.0,22.0,16.0,21.0,art
5299e0a0336b5839e2a0ccb0d3d589d1,1.0,650.0,50.0,6.0,35.0,art
1bdf5e6731585cf01aa8169c7028d6ad,2.0,7400.0,47.0,25.0,25.0,art
bf359473d58e90d8fc29bf8f3d282ea9,1.0,350.0,28.0,4.0,22.0,art
9cf421049bcfaf6983bf0dfb40831a03,2.0,600.0,20.0,10.0,15.0,art
986700c98805af229ab7ad51b95fa356,1.0,2200.0,35.0,28.0,26.0,art
a556987a68ce3f7240da198c00f0305d,2.0,1650.0,46.0,10.0,11.0,art
38841dec90eddf2f43cdfabc48b3831a,1.0,100.0,16.0,5.0,11.0,art
538948f39142c635d3132846c820e211,7.0,500.0,20.0,7.0,16.0,art
f3c5f7d4a6b87b94a7ce5fa1c1b2ca10,1.0,200.0,16.0,5.0,11.0,art
d3d10495159bcc41173e3d26a273529a,6.0,1200.0,39.0,12.0,12.0,art
a793f6312549f217138244dda30208c5,5.0,3400.0,19.0,19.0,19.0,art
986c47683f9e701e110a0cc525dfac87,3.0,490.0,33.0,5.0,17.0,art
dc7e6c809b71f69934396f954df16806,7.0,500.0,25.0,8.0,15.0,art
f20135d2d37130bbd6a2a9fa2e501e8f,1.0,350.0,16.0,6.0,11.0,art
49ab5384de586d3e4efd9072c43d50be,1.0,2685.0,57.0,23.0,25.0,art
5304ff3fa35856a156e1170a6022d34d,2.0,100.0,20.0,20.0,11.0,art
2ea654ee9e83b7622ce3ac79ce772970,1.0,1500.0,65.0,6.0,48.0,art
48633254f8b7b802b1ca8c4f4dcf3e33,10.0,200.0,25.0,5.0,33.0,art
7d1a4ebaf97da87516f9b108af5bd3e3,1.0,200.0,22.0,25.0,11.0,art
159065411d54fa1f2232d949976883db,3.0,600.0,27.0,10.0,22.0,art
4b90d2bd65c83d4ad8a370c2cd3f277c,1.0,1200.0,41.0,3.0,33.0,art
4673c83bbad0277b120ac3251d4b3633,1.0,500.0,16.0,17.0,14.0,art
23aaf24124ff41ebd81163d245aae6f3,2.0,350.0,16.0,11.0,12.0,art
058755c380722a806fc5440093c2c5bf,2.0,1947.0,98.0,6.0,44.0,art
be9bf7ba4c99709e44c413d4ffe9dfa4,2.0,275.0,27.0,17.0,21.0,art
42f33073be6531e8f6d0a18fda862ea1,1.0,1600.0,40.0,30.0,30.0,art
d62ed986672bfab13938e62e6badec55,1.0,2800.0,70.0,12.0,30.0,art
ef61e93a7d0d8843a965440649bc0711,2.0,1700.0,40.0,20.0,25.0,art
58f036d3b8f12d9378518f902fb4e226,3.0,1650.0,41.0,10.0,13.0,art
cbf96c04205dc933b89e025748c2a057,2.0,700.0,30.0,6.0,30.0,art
141807ad4a13efebac9bbd9609137182,1.0,650.0,26.0,30.0,12.0,art
96bd76ec8810374ed1b65e291975717f,1.0,154.0,18.0,9.0,15.0,sports_leisure
3bb7f144022e6732727d8d838a7b13b3,1.0,800.0,16.0,2.0,11.0,sports_leisure
051b9ff13dd55c0a6655a15ff296f80d,2.0,3600.0,62.0,23.0,23.0,sports_leisure
ce5b91848b91118daffb3af53b747475,4.0,1388.0,34.0,9.0,31.0,sports_leisure
5eaa343860dc445b3fd43d1b682809fd,5.0,4800.0,60.0,30.0,15.0,sports_leisure
f8f6fd145cc00519283cf3100477b2b3,1.0,1050.0,25.0,20.0,14.0,sports_leisure
bfc1d1c62b1f7f401d8d9dda962bb870,2.0,950.0,60.0,15.0,15.0,sports_leisure
f9ecf420c38b90a8af8e7f70fd789264,1.0,600.0,50.0,10.0,12.0,sports_leisure
3e0f398b664b26e3224c79dbf435191f,4.0,400.0,16.0,4.0,11.0,sports_leisure
e7cad5e8ed9b92e788262ad710c33bd0,4.0,150.0,16.0,5.0,11.0,sports_leisure
c12b64bf0861a27e0f06c36ef82f457d,1.0,150.0,16.0,6.0,11.0,sports_leisure
712a72a78ffb66cb6eee87eebbf54519,3.0,400.0,45.0,22.0,43.0,sports_leisure
f908df99196805b5bc4ada9ef510b11b,2.0,1950.0,60.0,15.0,15.0,sports_leisure
0075c14603d80515e20908c156ceb47b,2.0,150.0,16.0,18.0,16.0,sports_leisure
5a42f73d92034010a4e00360fb0df099,1.0,3775.0,18.0,13.0,16.0,sports_leisure
b521fddf2c8a7e7d1791bfb3c1b2f278,1.0,1000.0,20.0,20.0,20.0,sports_leisure
1ffe365aa7583189e63f2fa4f060b269,4.0,5200.0,20.0,60.0,35.0,sports_leisure
7fdbc1ecf5fdf5c98d9b14e110133eb3,1.0,213.0,16.0,10.0,13.0,sports_leisure
ed46d1fbd7bf78ce79910c09fb892abb,1.0,800.0,20.0,25.0,25.0,sports_leisure
596363933adf57df745ecbc8afeec226,1.0,698.0,46.0,10.0,14.0,sports_leisure
224703229a7c966a5b191651e1561be2,4.0,8150.0,20.0,20.0,20.0,sports_leisure
42f14eda412436b96cde4f4025ed5f25,3.0,500.0,16.0,2.0,11.0,sports_leisure
40a75445dcf4958b8c9b3dac6898094b,1.0,400.0,34.0,16.0,16.0,sports_leisure
58bef3ad35aed45b92cf03510e6cf5ce,1.0,1300.0,31.0,32.0,31.0,sports_leisure
f46c384460008df0071849d01b39834f,2.0,700.0,23.0,9.0,11.0,sports_leisure
d394d30215872be4cda2c67c1ce5b981,5.0,250.0,20.0,20.0,20.0,sports_leisure
71c808620fa8dafbe6cd6c638cc67567,4.0,200.0,26.0,5.0,20.0,sports_leisure
1ec5373950b7877c5de483a123223810,1.0,3700.0,30.0,20.0,20.0,sports_leisure
c6336fa91fbd87c359e44f5dca5a90ed,1.0,150.0,16.0,16.0,11.0,sports_leisure
b0cd550945da1de6eb9cb69595d540df,1.0,900.0,16.0,16.0,16.0,sports_leisure
454157d7294823cc44ad21d4fe31474a,5.0,200.0,16.0,11.0,11.0,sports_leisure
f0737b524fe6b57f2ad4f174ce23a62c,1.0,12600.0,20.0,10.0,20.0,sports_leisure
a1e9b0d76a76ff474f4a4374fcfb8c42,1.0,1800.0,28.0,12.0,18.0,sports_leisure
1dfb36d969d347f56f43590ec42c7b8c,5.0,900.0,26.0,6.0,13.0,sports_leisure
ae728f68e1fe806253238e93f2bfc324,1.0,415.0,19.0,19.0,19.0,sports_leisure
769cc5a32d4e6c7710013f35a73d45e9,4.0,1100.0,32.0,5.0,30.0,sports_leisure
11dc4053871ff53ff79fb1fc7e6b160f,1.0,1600.0,100.0,7.0,11.0,sports_leisure
15571dce56ff7d152dab99a0bc8354d5,4.0,482.0,18.0,11.0,16.0,sports_leisure
c5c66926b3f964b8cf9e7dfb1150d13e,1.0,200.0,21.0,9.0,13.0,sports_leisure
a7b42937ab954b0e03bcf6cc35209940,2.0,250.0,16.0,10.0,16.0,sports_leisure
a8bb7885faf316d9a5062d42d2b2fba4,1.0,875.0,40.0,26.0,20.0,sports_leisure
62224b433a431310bf27129938ad9f64,6.0,700.0,49.0,12.0,27.0,sports_leisure
083178fd17a5d863811733e46fc529ef,3.0,450.0,25.0,25.0,25.0,sports_leisure
590d6cb76092faa04d717fe406c66f88,1.0,2653.0,53.0,15.0,36.0,sports_leisure
2ca9132c1c90ff5060c3ff9047904e5a,1.0,2120.0,26.0,25.0,25.0,sports_leisure
48aaba1523759485364bcd94f4d4c4f5,4.0,1300.0,44.0,8.0,30.0,sports_leisure
afa6d9a2f3ba0d5b06ccd5eb4bd2e29a,1.0,750.0,26.0,23.0,23.0,sports_leisure
29608c81e9f1be14503667ecd1d35c63,1.0,200.0,20.0,15.0,15.0,sports_leisure
d24659126d5bbd0b1bacba3e8d17a978,3.0,250.0,16.0,6.0,20.0,sports_leisure
3a9705b35192e14929ed984f99ae4f65,3.0,2320.0,63.0,33.0,17.0,sports_leisure
644ede1cd3a7b877de774c66fd4abc78,2.0,1100.0,24.0,16.0,15.0,sports_leisure
d6d759f5b4285a0cc72404efa8c19632,2.0,1550.0,35.0,30.0,40.0,sports_leisure
ffc9d90bae2127e6a6ce6d6654267ebd,2.0,300.0,20.0,34.0,44.0,sports_leisure
cc68bcd2a2720e95aef8b6cb71f62ed9,1.0,154.0,17.0,10.0,13.0,sports_leisure
61a53738adc5c0e8d243553320f9ba1c,1.0,8809.0,52.0,52.0,17.0,sports_leisure
2039ecc2a76b653fb536a86a570e66d8,1.0,500.0,20.0,6.0,15.0,sports_leisure
59911136c59b2dd04ddce80d592b55f3,1.0,100.0,16.0,6.0,11.0,sports_leisure
dcfe76be1e1036cb99e5d8bdc2a1b1c9,1.0,300.0,20.0,10.0,15.0,sports_leisure
b9fc59d07b4a88505e53e11d17097cef,1.0,2000.0,28.0,8.0,15.0,sports_leisure
5b4341a1e617e4d33c3305158ff03c69,1.0,150.0,18.0,7.0,14.0,sports_leisure
35c5e00f6a23366ce44aaedc05da015d,1.0,100.0,25.0,20.0,20.0,sports_leisure
b73e7ccdd22c0bb891a93ec7d80b717f,5.0,461.0,18.0,10.0,14.0,sports_leisure
bfae0d55eef43da69474aadac456cbe4,1.0,300.0,20.0,20.0,20.0,sports_leisure
aea9f47e0e6dea45f3ad01ce4528f1bf,2.0,2000.0,20.0,40.0,30.0,sports_leisure
aea89e156fe6705b458e900a8790af90,1.0,1150.0,16.0,12.0,12.0,sports_leisure
de7d3a484ee73d0be8b0b3518f910201,2.0,300.0,30.0,20.0,40.0,sports_leisure
61aa436324fa31453598a454e10b2cb7,1.0,900.0,23.0,18.0,18.0,sports_leisure
73deb4d29b1361deb8e78b75478f210e,3.0,750.0,30.0,11.0,20.0,sports_leisure
dd7a209a646c04c176d7e9e9c855eeac,3.0,750.0,23.0,28.0,38.0,sports_leisure
b98546b83abd474d9517e36a1eddbc22,3.0,1100.0,32.0,9.0,21.0,sports_leisure
1fcaf044ff67ca59df3f6cc560d9fbfc,3.0,2350.0,92.0,4.0,24.0,sports_leisure
5445335704bf8a32827f3bf6b9701ed9,1.0,200.0,20.0,20.0,20.0,sports_leisure
cb57afec681197430ddab41d90304aba,1.0,400.0,22.0,5.0,20.0,sports_leisure
003128f981470c3e5a2e7445e4a771cd,6.0,1550.0,16.0,10.0,16.0,sports_leisure
8058b0067728a211c68874081e7352d4,1.0,1000.0,20.0,20.0,14.0,sports_leisure
45af837344fa95e1fb3a840e9ffd8bf4,1.0,550.0,27.0,25.0,25.0,sports_leisure
1ed390fc2e1df06251341c288d315eea,1.0,4350.0,20.0,20.0,20.0,sports_leisure
5218cced384ab9377c69874bd7c703f3,2.0,400.0,20.0,17.0,17.0,sports_leisure
54a03278272d6b4da99f843fb8120754,4.0,600.0,35.0,15.0,30.0,sports_leisure
e8f625d123fb9e3cdf3e99bda7db0db1,1.0,250.0,22.0,10.0,15.0,sports_leisure
167752e318335bf6bdd6906c4c470266,1.0,200.0,18.0,8.0,14.0,sports_leisure
995e25d9b46dee183004994645768d95,4.0,500.0,16.0,15.0,20.0,sports_leisure
35e26f65c3f380cfe6257d771fb067d2,1.0,867.0,26.0,15.0,18.0,sports_leisure
f110a8fd4a8052d5717ce2adc2bb71d0,4.0,3350.0,66.0,6.0,43.0,sports_leisure
cb2a50959c992d8d56a80c45b59e0441,2.0,400.0,38.0,26.0,26.0,sports_leisure
27f53b8bf57426361b3e0174c16232e3,2.0,4400.0,20.0,20.0,20.0,sports_leisure
d332776387e352fbd83df0136cf05db1,1.0,100.0,20.0,8.0,16.0,sports_leisure
89c5f56df4c7712aa9b0aefb21743989,4.0,3000.0,67.0,13.0,17.0,sports_leisure
ae8a92195eb75e94998a210eeb51693e,1.0,400.0,30.0,5.0,20.0,sports_leisure
0044d70d4e53450c0fbb8255446a797b,1.0,200.0,20.0,18.0,18.0,sports_leisure
528006c231a0ed1649af2db0ab6c69ed,1.0,850.0,36.0,23.0,18.0,sports_leisure
0bd478959805d86aabe80febd51789e4,1.0,717.0,18.0,15.0,18.0,sports_leisure
f18e94c9042a09a45c22444e432c0fe5,1.0,400.0,21.0,26.0,21.0,sports_leisure
759329d7653fd0c9a2b00d60aa8dd047,1.0,200.0,26.0,5.0,13.0,sports_leisure
30b426aecc4e322e14030c1f384b1763,1.0,2433.0,30.0,24.0,24.0,sports_leisure
8cab8abac59158715e0d70a36c807415,4.0,1050.0,40.0,20.0,30.0,sports_leisure
53d2c16e7356d124bb2a3f64ca920754,2.0,433.0,16.0,16.0,16.0,sports_leisure
b41f1b93d5b478ecc56bcd6285c3a696,5.0,450.0,30.0,10.0,30.0,sports_leisure
2ad7e937566ede4b158f9b06656b69ef,5.0,3350.0,50.0,39.0,12.0,sports_leisure
ebb87ff961b613b4e8c625c25018f9cc,1.0,2350.0,60.0,15.0,43.0,sports_leisure
be4759b234eb97ef5af31ef0ccd0498e,1.0,500.0,16.0,30.0,16.0,sports_leisure
ce195678bb5445bf68a272e3aeb5bb69,1.0,3800.0,31.0,31.0,31.0,sports_leisure
36c1e7a02219b5d1e56743473a92e895,1.0,800.0,25.0,25.0,25.0,sports_leisure
159d2dfef362b9ad87fc748aeca593e8,3.0,400.0,23.0,20.0,15.0,sports_leisure
e5255f9b1ef223780f2e2d7d3e11fd22,1.0,2850.0,16.0,15.0,15.0,sports_leisure
ed13ae6f86e2108b97c3e86d7a9adc3b,4.0,1600.0,26.0,26.0,26.0,sports_leisure
e002889aa3b0026aa7dd040d8344a14b,5.0,650.0,38.0,10.0,28.0,sports_leisure
8aba0cf5748dc396ec71bfdb0624a2fe,5.0,300.0,40.0,10.0,15.0,sports_leisure
e4d1cdc6559e08672c98c73a21305521,1.0,150.0,25.0,5.0,20.0,sports_leisure
a5ff20b029ac4a8efcb652a53f640ce1,1.0,850.0,16.0,16.0,16.0,sports_leisure
531db530c03405e0e34470594e53b7dc,3.0,250.0,25.0,25.0,25.0,sports_leisure
564f6caa975212d645b004093145e621,1.0,768.0,15.0,13.0,13.0,sports_leisure
048d97d0e3bf2fdb3f1d268b69396cdc,3.0,1200.0,25.0,30.0,25.0,sports_leisure
79e15231b726878193713bdd2c293448,1.0,932.0,23.0,24.0,21.0,sports_leisure
71cc431cc19ca0b0bb8bcd909b5037e2,1.0,920.0,25.0,24.0,22.0,sports_leisure
b80b2895a4edf092d99f63d8d96d84e5,1.0,269.0,22.0,16.0,19.0,sports_leisure
03e606af3a694d55bf9abce7f5b07c42,1.0,700.0,20.0,12.0,20.0,sports_leisure
b31f6d8ca8da2fd8d4ee74cb899d2092,2.0,600.0,16.0,6.0,16.0,sports_leisure
593bdcdada2c45e94684f7bb36ca6cb9,1.0,400.0,33.0,20.0,20.0,sports_leisure
8173ca41cdb176462f9ae79821a48404,2.0,150.0,20.0,10.0,20.0,sports_leisure
4f7cbaf3cb54ae93234db08dc8f072ef,3.0,150.0,20.0,6.0,14.0,sports_leisure
db59f0dfd5593c492b2ff1a6ab50cc2d,2.0,1000.0,60.0,15.0,15.0,sports_leisure
b50c950aba0dcead2c48032a690ce817,1.0,1800.0,16.0,16.0,16.0,sports_leisure
b53f20c2b12a4b9821ce57f46a7d1cae,1.0,150.0,20.0,20.0,20.0,sports_leisure
c7079d23bead81759eb7c670b96728bc,1.0,600.0,50.0,12.0,18.0,sports_leisure
6743237ac224ec25a57fcc1b07197f64,4.0,200.0,20.0,6.0,13.0,sports_leisure
1f85abca5a45544302089b5d442b4370,1.0,1900.0,38.0,25.0,26.0,sports_leisure
a8fe47ad6f852f93cc92c7b408687de3,5.0,400.0,70.0,10.0,20.0,sports_leisure
10d196ec072e2d8382c7ec9c942d7ea8,4.0,250.0,22.0,6.0,15.0,sports_leisure
54d04fc6ad1839346b6fe2c94687fd74,1.0,300.0,20.0,17.0,17.0,sports_leisure
78ed4ecc7b75c660ce2ccfb97af2eaeb,2.0,400.0,29.0,20.0,37.0,sports_leisure
e4e9fa024c5f014419b395452a41987c,1.0,3450.0,16.0,105.0,55.0,sports_leisure
f0f5a9211c208c91441a70cb5241214e,1.0,200.0,35.0,15.0,15.0,sports_leisure
1962b83bc322046d6e2c7ec06eeaaae3,2.0,650.0,16.0,2.0,11.0,sports_leisure
2a699d35a87e92a01747297243bfc987,1.0,200.0,18.0,8.0,14.0,sports_leisure
af56e0203193f066ed64cbbbbf95ae6a,3.0,750.0,25.0,7.0,25.0,sports_leisure
e67fe5b459220cf7c28682f53734e665,1.0,145.0,22.0,18.0,14.0,sports_leisure
506b4917ff408ec49f23598bfd3a586c,6.0,3975.0,33.0,20.0,38.0,sports_leisure
3eb3d01a76a4cbaff641de8a47e4ebec,1.0,225.0,22.0,26.0,13.0,sports_leisure
d43f4e32cbdc4fc0a825ed4020475c82,2.0,1300.0,20.0,20.0,20.0,sports_leisure
cba3e8ca3dbfdffd6f83420526590416,1.0,300.0,22.0,18.0,18.0,sports_leisure
23c6236434e58c6519c19e56c2dade45,6.0,517.0,27.0,17.0,26.0,sports_leisure
90dc5a5cd0134c086adf8af643660a19,3.0,6150.0,20.0,20.0,20.0,sports_leisure
6050e522f532bdf1c69623a0312a39db,2.0,1800.0,26.0,14.0,16.0,sports_leisure
efdf96511632c6f9747717c41611f09d,1.0,1201.0,26.0,25.0,22.0,sports_leisure
a7906a8a69acf5b0cb256882e741896a,4.0,5150.0,100.0,9.0,23.0,sports_leisure
a73636de818ae69b7e3e92b9a3380c53,1.0,750.0,28.0,15.0,15.0,sports_leisure
dc4c70ae91ccd3ee8e376c073b377f64,1.0,1000.0,25.0,20.0,25.0,sports_leisure
db297075296bd5cfd0aebe008781a46b,5.0,850.0,102.0,6.0,11.0,sports_leisure
8f7ae8d7845cdabafb4b6f20d8bc5a43,2.0,700.0,16.0,12.0,22.0,sports_leisure
28ac89c113ac960ad954042de30dd52f,1.0,10500.0,34.0,11.0,11.0,sports_leisure
72de34cc9f1e580f4c11d830be654271,1.0,2775.0,31.0,13.0,30.0,sports_leisure
82d5798b1ffcb66543a2f0d6198a3a07,1.0,150.0,16.0,6.0,11.0,sports_leisure
52e9413ed0d3e64b796aac2bc2291d50,6.0,200.0,17.0,10.0,11.0,sports_leisure
516c257eda161040c8d23cf8af9a6edb,1.0,920.0,19.0,20.0,17.0,sports_leisure
dab1da142d5a95b9200cef4675a3f9fa,1.0,1600.0,23.0,24.0,18.0,sports_leisure
bd67e67dcfcc53e712a29c215ec26de5,1.0,2550.0,18.0,78.0,35.0,sports_leisure
0a859d8dc68f6a746b4709217110c439,1.0,30000.0,90.0,50.0,50.0,sports_leisure
d0bc3fa9914a70cb48cdf42e0b18de74,2.0,200.0,25.0,25.0,25.0,sports_leisure
edf41b78574ca881eee5140ffff55dba,1.0,2123.0,33.0,28.0,28.0,sports_leisure
ce93cb16a8a8bf824af8246d97692415,2.0,200.0,16.0,7.0,12.0,sports_leisure
5acfd4d25279c8414a02e70a92743c34,3.0,100.0,18.0,14.0,16.0,sports_leisure
812f1a638bcd733dd09a574e2424dff0,1.0,4650.0,36.0,31.0,31.0,sports_leisure
cf75cf76758e0ff7115fa0fcb486a732,1.0,600.0,34.0,16.0,16.0,sports_leisure
354a74f657f4d957f2a0e5b9ee1eeb7f,1.0,2950.0,36.0,38.0,36.0,sports_leisure
ea4d2100b24a14263ce28be19889f035,2.0,2600.0,60.0,15.0,15.0,sports_leisure
61bd5c44104358d0af199e259821d2b8,3.0,450.0,30.0,20.0,20.0,sports_leisure
c75a872692395427a0cfe0cf90bc858f,1.0,500.0,33.0,20.0,20.0,sports_leisure
8d024e70a7e9e92b8851684d047a7021,1.0,1136.0,24.0,21.0,18.0,sports_leisure
e6a8a1b25dccfe76d339f9cd19be7779,1.0,10450.0,20.0,23.0,12.0,sports_leisure
76ec315dcc55a9e20ce3c0cd6124a9b3,2.0,2300.0,30.0,13.0,25.0,sports_leisure
459d6fff714db7ff3a86582bf33fc9df,1.0,250.0,16.0,16.0,16.0,sports_leisure
317610c6c173aec78923ac272ae9393d,5.0,2500.0,93.0,10.0,40.0,sports_leisure
cf161acf0258ad3ee8fcadd1c7f0e368,3.0,1050.0,30.0,11.0,11.0,sports_leisure
f2d15dbc857e5597dbe82236c424cd79,2.0,1650.0,20.0,40.0,30.0,sports_leisure
95c1a931a9c24a30577e9af5a5c420ea,1.0,550.0,25.0,15.0,25.0,sports_leisure
34742604f6cd1e891726b849b6890f81,1.0,12000.0,105.0,46.0,46.0,sports_leisure
8b6ed41158b194711f83b8da92757544,2.0,1182.0,21.0,16.0,17.0,sports_leisure
03ba2b6c24374d16022585b6b1b385e1,1.0,7450.0,19.0,22.0,20.0,sports_leisure
70e0d082134b563e2977cf5f268ad3f9,2.0,300.0,30.0,10.0,16.0,sports_leisure
3c699da37ca714bf7dfa8450413fac3b,1.0,600.0,22.0,16.0,22.0,sports_leisure
9b90cdb2d9223fc2e400fcdda43bdd48,1.0,5475.0,32.0,33.0,22.0,sports_leisure
83b7e1ec294af41b21657b105834c836,8.0,325.0,19.0,14.0,17.0,sports_leisure
9f51209599d82cd4c08f2d1c9442f507,1.0,475.0,20.0,6.0,12.0,sports_leisure
842f7a72bf72f369c31ba9ff37fb1552,1.0,1300.0,31.0,33.0,32.0,sports_leisure
5302215c46b3b1e3824060964c170159,1.0,1200.0,51.0,18.0,20.0,sports_leisure
4a7c466c35cfb5fec7d60f9548623cc7,2.0,2350.0,60.0,15.0,15.0,sports_leisure
3c0410890640cfdd1ca5844ba86ddb9a,4.0,1400.0,27.0,12.0,49.0,sports_leisure
044f125d78e0a631b0479182a37aab8c,6.0,550.0,30.0,16.0,16.0,sports_leisure
f0eb84297f83516be56cbbd76c50988b,1.0,300.0,16.0,15.0,15.0,sports_leisure
6f36d878bd507787e24513994b910408,1.0,408.0,17.0,12.0,13.0,sports_leisure
2719b33ad5e693f64d333db5422585eb,2.0,900.0,28.0,25.0,25.0,sports_leisure
ac90817bb08e66670f9059f85f76b796,2.0,250.0,21.0,14.0,15.0,sports_leisure
d05d4a7430d1293367ba2ffbedcdef05,1.0,300.0,16.0,7.0,11.0,sports_leisure
af39520e0fe7c2703117ddcf3026bfd4,2.0,3650.0,60.0,15.0,15.0,sports_leisure
b8fdfcbb0ed03c62d197327a56593842,2.0,1400.0,16.0,12.0,11.0,sports_leisure
06a69e6ca81fc5f8b7b2887f974c6687,5.0,750.0,23.0,30.0,30.0,sports_leisure
ee13af1ea8a18c0c1862a20778da9eb4,1.0,525.0,18.0,12.0,12.0,sports_leisure
414829663add2bcd9db69ee3ad351a9e,1.0,1110.0,32.0,25.0,23.0,sports_leisure
a99b67c7e525bb5ca667e1aa284c28e2,1.0,3100.0,19.0,3.0,19.0,sports_leisure
8c34ab7fffe8c063bc8c6da88aa92185,3.0,200.0,105.0,10.0,15.0,sports_leisure
d5b4966c1008fe4450d7f00503c75026,3.0,550.0,35.0,14.0,23.0,sports_leisure
e9eca3b15e6ebb8296666ab1254b504e,1.0,680.0,17.0,17.0,15.0,sports_leisure
343c15a347e523f2b6cf38a5db81e179,2.0,30000.0,105.0,65.0,20.0,sports_leisure
e9f31c92ab2b5fb1c5835ba61f39edd3,3.0,600.0,18.0,11.0,11.0,sports_leisure
5259e30bdbb70187894c62929b7f154e,1.0,600.0,17.0,30.0,12.0,sports_leisure
742778ff0ce574b84b7ed2fb0788cfd2,1.0,275.0,25.0,15.0,19.0,sports_leisure
b74e40daa954e92be8e5d3b342fa8863,1.0,200.0,16.0,16.0,16.0,sports_leisure
32aeecc02aa5adcb7f75155a80a47836,1.0,2152.0,26.0,24.0,21.0,sports_leisure
bd66403f5f11696c897a825d5235697f,2.0,274.0,18.0,12.0,15.0,sports_leisure
7b969300f6d3f896ec4d7af6227ecc07,2.0,400.0,16.0,7.0,11.0,sports_leisure
9d8a0e115e802d845b4ce1eb794d1260,1.0,150.0,20.0,10.0,15.0,sports_leisure
b95179da85cd8482c7a347e9a0d08466,3.0,250.0,20.0,5.0,13.0,sports_leisure
8fdbacf2ec7e78916268d1d11d544038,4.0,1050.0,74.0,30.0,25.0,sports_leisure
a7f67835c76b6bdd6950e1322c4b3900,6.0,250.0,30.0,16.0,16.0,sports_leisure
4e04b7c4ec31cc8172cf3e5b863d34d0,6.0,200.0,16.0,10.0,11.0,sports_leisure
c073f9b6e3a508fa73c133e7e25827c9,1.0,300.0,22.0,15.0,22.0,sports_leisure
7d6494080672e94faf8aaf1dbfaf6999,5.0,13500.0,70.0,30.0,40.0,sports_leisure
db3772e122d171a9f548c1588ed66017,1.0,475.0,21.0,9.0,17.0,sports_leisure
955f8780ad5a8da545a008f6f95c1dba,4.0,258.0,25.0,15.0,17.0,sports_leisure
fb060ad9a8625b626189641799bccf89,3.0,275.0,24.0,8.0,12.0,sports_leisure
5c2fc243b33c2c7c211fd9e09beb7cab,1.0,1017.0,42.0,21.0,27.0,sports_leisure
576a8893b15f9ed1b5aedc25052258a2,6.0,50.0,16.0,4.0,11.0,sports_leisure
869335bdf5f8389362b55e97c83ea1ef,2.0,1450.0,30.0,13.0,30.0,sports_leisure
d6def90f2db6db438426d0434ba7c190,1.0,783.0,45.0,11.0,22.0,sports_leisure
d5a19cc8a92434231693043e185b4c5b,1.0,3686.0,30.0,30.0,23.0,sports_leisure
7f593be3aee816905c8678b92239bb25,1.0,575.0,19.0,15.0,17.0,sports_leisure
577651d818a476142703089bae8e6f7c,1.0,250.0,17.0,9.0,12.0,sports_leisure
35537536ed2b4c561b4018bf3abf54e0,9.0,2100.0,36.0,9.0,14.0,sports_leisure
5cb96c51c55f57503465e4d2558dc053,1.0,300.0,35.0,6.0,11.0,sports_leisure
4fbee589d3377144a90a338e4ae76dce,1.0,500.0,24.0,20.0,20.0,sports_leisure
abcde4527db854fbcf9ba5a0ebb571fe,1.0,163.0,17.0,15.0,15.0,sports_leisure
69af60118aac736afed734810bd88424,4.0,1200.0,35.0,15.0,15.0,sports_leisure
c7e54083cd8be3b0906b7f34e4a61bfb,1.0,250.0,19.0,10.0,15.0,sports_leisure
974d9d3338a9d3d2b96ac5d5d9379968,1.0,20650.0,28.0,11.0,28.0,sports_leisure
47356bc50df2353e354ef15c95306567,1.0,600.0,25.0,25.0,25.0,sports_leisure
fa3bea10a666ef8afb1557f5e866b719,1.0,150.0,28.0,6.0,14.0,sports_leisure
a8c6827a8a59c4b3bd37a9761715f3d8,2.0,3200.0,16.0,85.0,16.0,sports_leisure
5dc33472f14252b3f6085048159c9b96,6.0,150.0,22.0,3.0,13.0,sports_leisure
a270b2f4aad055863b643395b987d151,2.0,1000.0,60.0,15.0,15.0,sports_leisure
cf02395ed36c61d5ce31bdecce9767a3,6.0,750.0,16.0,11.0,15.0,sports_leisure
dcde96a5cda735816ac474de581a8a75,1.0,450.0,17.0,15.0,14.0,sports_leisure
6f8ea11c0086a0d13355abc5ee14cc7d,1.0,241.0,19.0,15.0,16.0,sports_leisure
71e5d0eb5a5fcc829dc6c1bc1ecac7cf,1.0,150.0,16.0,16.0,11.0,sports_leisure
ef9ae4fb9a9005e8e463cc2616084276,2.0,9000.0,44.0,35.0,23.0,sports_leisure
f8a9ed2d85e69c00f817d88ee3de7333,2.0,2850.0,28.0,28.0,20.0,sports_leisure
0060b415594c5e1200324ef1a18493c4,1.0,1200.0,20.0,20.0,20.0,sports_leisure
5929e483b6df44414c047cac38873fe6,2.0,650.0,60.0,10.0,20.0,sports_leisure
5554c5718f820a868853dbc5ca859b3b,1.0,3100.0,19.0,19.0,11.0,sports_leisure
624846a50026c57927e1156335b120f6,7.0,350.0,50.0,20.0,22.0,sports_leisure
4ebb5f04dcd97206fb7b41b340c86e23,1.0,500.0,35.0,10.0,20.0,sports_leisure
9695ef7fc6824ad30eb18ab61ecf906a,1.0,7350.0,70.0,24.0,29.0,sports_leisure
f73be23829e192092569d5dda349f807,1.0,2625.0,34.0,25.0,18.0,sports_leisure
d0f60ef2a4823f57f00f1bd5cb463148,3.0,300.0,16.0,16.0,16.0,sports_leisure
bd3024f7222c241a5e112251621397cb,3.0,150.0,22.0,6.0,15.0,sports_leisure
d8de812ed5d981fc6a3984f4caa2aa05,6.0,525.0,29.0,16.0,20.0,sports_leisure
91a3881d2f8b6a993db6ba07284637f5,1.0,600.0,16.0,16.0,16.0,sports_leisure
c32884d4d3342f6417b68f1f46387a14,1.0,600.0,16.0,15.0,15.0,sports_leisure
09e68b02ea2a0a677c692faac3735c9d,5.0,227.0,26.0,15.0,19.0,sports_leisure
1d7997c2448b27bd70c631b37acd27c2,1.0,400.0,28.0,19.0,19.0,sports_leisure
cdc9d87e17ccf98f35634e6c3b77073e,1.0,4250.0,20.0,20.0,20.0,sports_leisure
ebe731afbcf530cfaa1e5260be512e9b,1.0,1300.0,100.0,8.0,15.0,sports_leisure
f9cba524b5d78761e38224422cc54272,1.0,1500.0,20.0,17.0,17.0,sports_leisure
7fa79f73326e6b9b13b79f60a435d4a5,2.0,725.0,19.0,14.0,15.0,sports_leisure
8d29be6478bbde713745b8f567edc734,1.0,600.0,23.0,11.0,20.0,sports_leisure
a85e15cc715d8d8ce1d520208aa1304c,1.0,900.0,16.0,8.0,13.0,sports_leisure
5492f900418b499c9ea1479ebde6e1de,1.0,300.0,26.0,3.0,15.0,sports_leisure
9c04b0496b6216fd87416d7fb07b4330,1.0,600.0,20.0,13.0,13.0,sports_leisure
3f99d6b2a7b33ab37d6efc8ad7e45e4a,1.0,10800.0,28.0,8.0,11.0,sports_leisure
a6b9a1c0a432a6c03bde26488dd46845,1.0,5750.0,33.0,15.0,18.0,sports_leisure
3b17509fe0ed9bc707f338cdeed4fb45,2.0,1100.0,47.0,10.0,15.0,sports_leisure
dc84e20150e6742b653dfdd592c4bd42,1.0,175.0,18.0,9.0,16.0,sports_leisure
08edd1ffee7a3c812f5de54409d678fd,1.0,9000.0,50.0,30.0,20.0,sports_leisure
759f2746cbd8fc01367864eccec63d46,1.0,300.0,20.0,10.0,15.0,sports_leisure
ff7fccf8513f360157f0660fe51d1d88,2.0,1500.0,80.0,14.0,16.0,sports_leisure
2f8074adf7fe41641ddf0df320e6a7bb,1.0,1050.0,25.0,20.0,20.0,sports_leisure
a082e9e8862e9af2f5a67c2dd1594010,1.0,9200.0,48.0,26.0,29.0,sports_leisure
d65575084607f3d226fb972abc1eb3ce,1.0,7400.0,49.0,22.0,41.0,sports_leisure
57c406b73a01242b1d0bd1bcae6d7cc8,5.0,350.0,30.0,10.0,20.0,sports_leisure
2604055d4992311bc72b115b6d5adda9,3.0,1600.0,80.0,20.0,25.0,sports_leisure
a7d5fa700644b265f69df9ee7ed60b70,6.0,2650.0,20.0,20.0,20.0,sports_leisure
765a8070ece0f1383d0f5faf913dfb9b,1.0,683.0,20.0,19.0,19.0,sports_leisure
f9ce5e5592c6836c379b156a1b043684,2.0,1250.0,60.0,15.0,15.0,sports_leisure
1a758361b1c10b3ffe3d3373332de319,4.0,175.0,17.0,10.0,13.0,sports_leisure
bc0d01d2910d7201e558804df7d7f5a4,1.0,300.0,33.0,21.0,27.0,sports_leisure
491363806b8d8e7d7befa5635d415c45,1.0,200.0,18.0,8.0,14.0,sports_leisure
ffb64e34a37740dafb6c88f1abd1fa61,3.0,700.0,43.0,15.0,35.0,sports_leisure
d6b21712ba181dea6664f1b3e09d650e,1.0,360.0,18.0,14.0,16.0,sports_leisure
1a0f5bca5c36a68073930270bb47e314,1.0,15600.0,55.0,26.0,29.0,sports_leisure
138d7037b59dcee052810952c983033b,1.0,1400.0,21.0,16.0,16.0,sports_leisure
a0425426bd812474106a782b2979e310,3.0,950.0,35.0,14.0,15.0,sports_leisure
171f04960543d71ad6ae0cfd444b369c,1.0,3600.0,30.0,32.0,30.0,sports_leisure
3c81b58ed91e248ab04898f42e223b1c,2.0,600.0,20.0,20.0,20.0,sports_leisure
246e1686bfd115c87718db59425dfa1d,2.0,267.0,16.0,9.0,11.0,sports_leisure
ffe013e1b4603e3b0b02fbb159d5b400,2.0,6600.0,22.0,12.0,12.0,sports_leisure
72f78c618c8f81c2b8f0ffd2a51293b4,5.0,1800.0,52.0,8.0,21.0,sports_leisure
f97194491a605b1d0e50d631e443cb5a,1.0,1300.0,31.0,35.0,31.0,sports_leisure
ef2eed3e42cdbeedcd515745b23d7ccf,8.0,1800.0,30.0,24.0,28.0,sports_leisure
6a614599fc79123b71a5dd22cbb6eab5,1.0,700.0,16.0,15.0,15.0,sports_leisure
898ce6644632917718b73d9141c28344,1.0,100.0,16.0,5.0,16.0,sports_leisure
2ae40c35ef6620f730a55329d0cd3301,9.0,700.0,30.0,36.0,20.0,sports_leisure
de9305867467640bebc680708d43f27a,2.0,17550.0,105.0,65.0,25.0,sports_leisure
c351fada6ffa67ee3876b1cc568a90b0,2.0,300.0,20.0,5.0,20.0,sports_leisure
be40dfccc49c5959cc0cc2f6447acc38,1.0,1000.0,16.0,20.0,16.0,sports_leisure
2e0a8fea09b84a86e1fef3fcdf244668,4.0,7750.0,52.0,22.0,32.0,sports_leisure
3d4e6c456d3ec15021dd8b42b9ce7ffc,4.0,2150.0,50.0,30.0,30.0,sports_leisure
a47a2ff12ffe20f1a2a85fb37d2712ec,4.0,1000.0,94.0,15.0,15.0,sports_leisure
989caa6177866c67ca1935b442479111,6.0,300.0,16.0,4.0,20.0,sports_leisure
30a6a74ad9391b95bfc088f875ce8cfc,1.0,360.0,30.0,13.0,22.0,sports_leisure
6e24ce18a756dce11359936057941ad6,1.0,6850.0,20.0,30.0,20.0,sports_leisure
3625fbaf8284047185fb0351f2f84ae3,4.0,1600.0,25.0,8.0,25.0,sports_leisure
5ccc345baeee162f46c5b18f7c5ccde1,1.0,3000.0,36.0,22.0,24.0,sports_leisure
71f4e8616f830f33d1059bad50cacf99,1.0,200.0,33.0,4.0,13.0,sports_leisure
22f9bcc7235913f6ae3011796a4f4bbe,1.0,1625.0,21.0,28.0,17.0,sports_leisure
fa381a4a9af65ea5fc8f3829214045f9,7.0,3050.0,62.0,10.0,22.0,sports_leisure
e9e7c466f491674b6f283e2d2c8da88a,1.0,1250.0,32.0,15.0,36.0,sports_leisure
4cbe2c068a0dedc1d12e126a2e7a15e3,1.0,8700.0,32.0,10.0,11.0,sports_leisure
266bd39cb9a2ea456f82d4175e6306c4,2.0,7150.0,90.0,20.0,25.0,sports_leisure
01b8234bc0c131e61acb47932d0bc25f,3.0,200.0,20.0,15.0,20.0,sports_leisure
b61c2827d3a8043826c9132d88188744,1.0,329.0,19.0,13.0,16.0,sports_leisure
6feee83828f0c900f61f578bbab17911,1.0,1300.0,20.0,20.0,20.0,sports_leisure
a694f2632fae82ef419fd71587103dc9,1.0,5100.0,60.0,30.0,30.0,sports_leisure
9e658d39c905e71cc35ec057b88b185b,6.0,675.0,41.0,21.0,21.0,sports_leisure
63c91bb26c656cd5fe0d2ca82b632c84,3.0,850.0,44.0,22.0,32.0,sports_leisure
fac45b7ba2d8cbbf4d7ab67256745106,1.0,4950.0,90.0,21.0,21.0,sports_leisure
e09d5f4f915241efd18cd37fa543d7fa,2.0,2350.0,60.0,15.0,15.0,sports_leisure
bc43d9cc64d7ff9093e8dd66b4d87665,1.0,1125.0,31.0,29.0,29.0,sports_leisure
51e3084a334ce75dc646c9c6eea90e37,1.0,175.0,22.0,7.0,15.0,sports_leisure
7c6ae4d12d2754ca0826ad17792c554e,1.0,2000.0,33.0,30.0,30.0,sports_leisure
aeb2e29472cc0ee1cd8711e8b7c0bf47,1.0,700.0,48.0,15.0,32.0,sports_leisure
1b7b45fba5ad23e8117914f8b36e6772,5.0,1600.0,42.0,10.0,22.0,sports_leisure
e11f4a093cbabf75a2eb06a5748bf359,1.0,2450.0,25.0,8.0,25.0,sports_leisure
413c11f2f70bb6e0d20172905d3995fb,1.0,350.0,31.0,18.0,18.0,sports_leisure
146f38b5c222913dbe6606e5a25cd318,1.0,3400.0,36.0,41.0,36.0,sports_leisure
3c4e3782469a0f1ac459dc6c47ebef31,1.0,500.0,30.0,5.0,20.0,sports_leisure
92144cc00a16129494387f172aa54198,1.0,1350.0,16.0,16.0,20.0,sports_leisure
5baf264237a4433f3646393b53c8adc8,3.0,200.0,25.0,25.0,25.0,sports_leisure
b551128533846968d8752358d1f7f365,2.0,2400.0,40.0,10.0,40.0,sports_leisure
0c96091f6f20b1d2c946a933370782a4,1.0,200.0,20.0,4.0,15.0,sports_leisure
89f1e78cec2da8a550bc341cfc36c066,2.0,100.0,16.0,13.0,16.0,sports_leisure
9456c129f470955000d28c94f73340cd,1.0,400.0,27.0,9.0,14.0,sports_leisure
8fd665e89eee18f08d9973b0602e1387,1.0,600.0,22.0,14.0,22.0,sports_leisure
c166595bd1ea20e060090a5b91145196,1.0,150.0,17.0,15.0,16.0,sports_leisure
7b35ccd93a2184646c03b70326626923,1.0,1563.0,20.0,16.0,17.0,sports_leisure
8340db0bf9aa66946ce4a1f74c97041c,5.0,3400.0,45.0,15.0,35.0,sports_leisure
b3c60191c4d756abdf423e5b21eb91dc,5.0,300.0,20.0,7.0,15.0,sports_leisure
658675929f516ce89c6c508269123f98,1.0,757.0,22.0,6.0,20.0,sports_leisure
9bbd350bf9e9d00628872c869354b3be,1.0,204.0,19.0,17.0,16.0,sports_leisure
abaf51d7a67cc363c8da7ae77d15ecdb,1.0,300.0,20.0,20.0,11.0,sports_leisure
99a3bbf99a7e2dc51bad09557d1967c2,1.0,1688.0,23.0,17.0,22.0,sports_leisure
95d7eeaab4bd14c7ea4b2b95e415d8e0,1.0,1400.0,41.0,6.0,33.0,sports_leisure
7f8b42a3cbe617b6112e0623f0d32fa2,1.0,6300.0,101.0,16.0,25.0,sports_leisure
26cdd235bfb9ce27858057fad1a52e3b,1.0,10750.0,30.0,20.0,30.0,sports_leisure
9a21c7ce9df5c19b94d2ea715a23a90c,1.0,800.0,25.0,16.0,16.0,sports_leisure
2bbafc7b18384308a1fb3f64c022b25c,1.0,1014.0,25.0,22.0,22.0,sports_leisure
575a896d07cd269eb0b2b8762e0be261,2.0,6150.0,20.0,20.0,20.0,sports_leisure
a710be5818329b097a82bb26b480f5fa,6.0,367.0,19.0,14.0,17.0,sports_leisure
ecf60cb41ee36163755ee427f85ef680,3.0,200.0,16.0,10.0,11.0,sports_leisure
9c7bdf67b06b419aefb93cfdfc96c55d,1.0,476.0,17.0,14.0,14.0,sports_leisure
aafff0a607f7a35ec845b6def642057c,1.0,2950.0,36.0,38.0,36.0,sports_leisure
f9af3e675a59ac5c74736e8f6e501f6b,1.0,400.0,18.0,18.0,18.0,sports_leisure
02aa16706915b09bedf8409296478283,2.0,200.0,16.0,6.0,20.0,sports_leisure
656d923048a96be8ec0da05d7b71aa28,1.0,129.0,22.0,4.0,20.0,sports_leisure
17efcba3c09566b89c945ef563f381d2,4.0,1150.0,46.0,10.0,15.0,sports_leisure
5f6b9379adaf6cf73b45229cf6eb5ec4,1.0,240.0,17.0,11.0,14.0,sports_leisure
1e7d94ec384eb160b91eb277f13ba1ff,2.0,3650.0,60.0,15.0,15.0,sports_leisure
6a1a04054158fe995e1688d8f79605b2,1.0,1650.0,40.0,45.0,25.0,sports_leisure
6cc2b92f841b20c5e39281a44a9c68bc,1.0,2200.0,60.0,18.0,18.0,sports_leisure
4dbbac7226b931013e5f0e2741d1025b,1.0,700.0,33.0,20.0,20.0,sports_leisure
f8e3bbc2e6dfcda8a3523e3ad3512d37,1.0,250.0,20.0,20.0,20.0,sports_leisure
cfbc837967ca671ee87f5243f2a1024d,1.0,400.0,16.0,17.0,11.0,sports_leisure
c47696608d548c9999a92966e435b3f6,2.0,850.0,60.0,15.0,15.0,sports_leisure
45d79c8c6875aec2005c8f554dc1d352,1.0,900.0,51.0,17.0,20.0,sports_leisure
6d7d853286dac8449c42146f8ce5dedf,2.0,150.0,45.0,10.0,11.0,sports_leisure
dfe8b257ae3c4ac736e02845401f49f4,9.0,5750.0,30.0,20.0,30.0,sports_leisure
84f7fd2c1044599c234663aee75a2fcd,3.0,300.0,44.0,22.0,42.0,sports_leisure
d61d270aa0862b38a2eb6cb38c05f60d,5.0,850.0,102.0,6.0,11.0,sports_leisure
f8aa70d9a3144410291ddb62d20506b6,1.0,24700.0,16.0,20.0,20.0,sports_leisure
3729e88d6c44656dc1bbd5f3c57b00d4,3.0,700.0,30.0,20.0,20.0,sports_leisure
2776dfdf555739816e6987a1f00e9224,2.0,2650.0,60.0,15.0,15.0,sports_leisure
c34e98ba0749e6f9163215b9f293a560,4.0,700.0,16.0,10.0,11.0,sports_leisure
2e274768896aa2c7635b9689423a5d34,1.0,3313.0,29.0,32.0,25.0,sports_leisure
a0458f75b62b1e812480c0c915d9b649,3.0,300.0,16.0,6.0,20.0,sports_leisure
05d7b955682862c7ee7db5c1a7d728ce,1.0,400.0,16.0,6.0,11.0,sports_leisure
7ed6634347bb8371bc6b20b3a7022bce,1.0,8500.0,100.0,6.0,50.0,sports_leisure
7b122b9b1822b5e4241a7b06e0a7f4cb,2.0,400.0,20.0,20.0,15.0,sports_leisure
28492192565141edad4251d6f32d1fe1,1.0,1238.0,26.0,18.0,19.0,sports_leisure
e6574cebbeb21c82802d3a0b682129b6,2.0,30000.0,105.0,65.0,25.0,sports_leisure
f55463fece88ecb944e832eec0f7f90a,3.0,3675.0,38.0,29.0,28.0,sports_leisure
8b2ae6dc36fac80caf19882760cfc9b2,1.0,300.0,16.0,17.0,11.0,sports_leisure
ddc9cfae6aff4793d37c7224d3ee1648,1.0,100.0,16.0,10.0,11.0,sports_leisure
39d2584d35b8c7a0deed61ac2e884b9a,2.0,1907.0,47.0,24.0,35.0,sports_leisure
284f40734f93fd1e46430a7365d571a3,1.0,7300.0,30.0,26.0,26.0,sports_leisure
be157a92e815713738a71a0defb96c65,4.0,975.0,17.0,11.0,14.0,sports_leisure
ce64708328e978e92d475585d394d9dd,2.0,1550.0,20.0,10.0,20.0,sports_leisure
cb81df0e3ccece253557f2a07df4727e,1.0,225.0,18.0,15.0,16.0,sports_leisure
d7d794641d5ada503ecda1a6f19199d5,1.0,887.0,16.0,15.0,13.0,sports_leisure
e00994390ccf605aec4a0389c80e0ba7,1.0,1871.0,35.0,32.0,30.0,sports_leisure
45b280868bcc8124d9309f459a42eeaf,2.0,6450.0,20.0,20.0,20.0,sports_leisure
2a6949b0a5f63681fccef03f5c628edd,1.0,300.0,20.0,10.0,20.0,sports_leisure
a8e69cb7ca2c04d5ba7f73b2385f2a76,2.0,107.0,18.0,9.0,14.0,sports_leisure
b596e2d70dd2f5fb5ff9ee2a1c803e5b,2.0,6300.0,42.0,20.0,32.0,sports_leisure
9c54fc6d530332481d147e58ed7d3eb5,2.0,500.0,16.0,16.0,16.0,sports_leisure
6d811b6e8cada9a8f7f38bb315620e1b,5.0,8700.0,25.0,60.0,40.0,sports_leisure
bd5556852920e0d5ebb6044894391ca6,10.0,250.0,28.0,13.0,14.0,sports_leisure
682fa9a2b1120191903abcde5950f072,2.0,700.0,22.0,22.0,22.0,sports_leisure
2b8ac7ded4ff025f0bd9b02f5c9531ba,2.0,1400.0,81.0,2.0,21.0,sports_leisure
6b8de030922a59c3d23fa6864ad3f436,1.0,650.0,18.0,18.0,18.0,sports_leisure
742c48e1bbcfabe4528d5f68cd4dc432,6.0,450.0,30.0,16.0,16.0,sports_leisure
db4e53a9c9aa94503fbeb12a2fdbf7ba,1.0,12400.0,20.0,25.0,12.0,sports_leisure
e32ec50062d77cbd89601812fe6acc35,1.0,300.0,23.0,8.0,15.0,sports_leisure
f5307d7c949134b78e68c51c13cc426e,2.0,520.0,25.0,20.0,20.0,sports_leisure
1f42966deb959a8433468ac0078b60da,5.0,650.0,23.0,30.0,30.0,sports_leisure
50b9ed3a22932b28d452c73046083f5d,1.0,254.0,17.0,15.0,12.0,sports_leisure
5a11bc271d03e7a31cdd33d1d8580456,3.0,600.0,38.0,12.0,25.0,sports_leisure
7aa09531577c4f30eaf1f6cbe61f6536,1.0,4350.0,20.0,20.0,20.0,sports_leisure
b36dfd58b43f37b9fd6424e0dfd42c63,1.0,2750.0,60.0,15.0,15.0,sports_leisure
87fcf2104f6c632428115466bab2c16b,1.0,850.0,51.0,11.0,18.0,sports_leisure
f179d569401e7aea68f5b8c64367c796,5.0,4450.0,50.0,30.0,30.0,sports_leisure
e4acef9f829635351de593a05d2406da,1.0,562.0,20.0,13.0,17.0,sports_leisure
04c4182bda52366f3c4b8817ddbcd98e,1.0,250.0,20.0,12.0,16.0,sports_leisure
d7ceaa970defc5f52f1affda0dc32f30,1.0,600.0,16.0,30.0,15.0,sports_leisure
5a2c5357841ae997771d179eee3f2027,1.0,10443.0,28.0,29.0,26.0,sports_leisure
d4388109703f2b2278192c39946dcbee,2.0,300.0,40.0,22.0,43.0,sports_leisure
5fc604f5f76a23b94565f06a830fa835,1.0,400.0,20.0,20.0,11.0,sports_leisure
e21b0b8dd6c9543f46cf3178a39ea458,4.0,700.0,16.0,16.0,25.0,sports_leisure
330286b1345b8cc5abfbb74da93465a6,5.0,2800.0,56.0,28.0,33.0,sports_leisure
40a5f1699745ef73e63e53a7d51ea0e0,1.0,980.0,52.0,12.0,13.0,sports_leisure
c1263771de6bc2dca4fdf0994079dd19,1.0,1175.0,21.0,32.0,17.0,sports_leisure
926e66aed471a4345d1c8d70b60c1874,4.0,277.0,17.0,11.0,13.0,sports_leisure
6d7e2debf23664bba46cd58c906fdf16,1.0,2400.0,21.0,21.0,21.0,sports_leisure
b3bf52e880d6c9f4dd7e34fb682d5054,5.0,700.0,19.0,10.0,16.0,sports_leisure
6ea2d74d5dd2317844dd17f16da75a5b,5.0,2500.0,80.0,12.0,22.0,sports_leisure
7b04f59e7ef8f6d273cc64d422557641,3.0,125.0,23.0,15.0,28.0,sports_leisure
5aee6406a4f4071df1f1bec3fa3dcfc6,1.0,400.0,18.0,12.0,16.0,sports_leisure
550fc11ceff23335b50bdab8f9d3c3e2,4.0,400.0,21.0,4.0,17.0,sports_leisure
28ea12eefe401cceb76c6026abfbcd71,6.0,1300.0,25.0,30.0,40.0,sports_leisure
9223a3da528213e384a176a70d92130a,6.0,900.0,55.0,20.0,22.0,sports_leisure
d0fe571ece70aecb0214567d9554486c,2.0,2800.0,60.0,15.0,15.0,sports_leisure
e957227a3b92a22a167bac18fe6cc1a2,1.0,425.0,27.0,10.0,25.0,sports_leisure
8fbbdc4c6ee2111df1505dd8ee715250,1.0,725.0,46.0,12.0,29.0,sports_leisure
0453f63a85b66c3950381599dbbfb2ec,1.0,231.0,12.0,12.0,10.0,sports_leisure
0e9337d7797212cb7e691df437a5b207,1.0,3148.0,27.0,20.0,24.0,sports_leisure
9e809bfbd8f6387e9bfbccd76087c82e,1.0,100.0,16.0,10.0,16.0,sports_leisure
1f9c7cb810e038f7414d60d43bc97d18,1.0,850.0,51.0,16.0,20.0,sports_leisure
8d219c7aa1a8032569bbd8c4ad515daa,2.0,4350.0,20.0,20.0,20.0,sports_leisure
8b18b26ce90f9f0e4c9ae339e532f325,1.0,2175.0,30.0,27.0,23.0,sports_leisure
24afa01830cde8d96507ed5a376e0b84,4.0,600.0,16.0,10.0,15.0,sports_leisure
75d3880783e696c130527f026ee302d4,1.0,400.0,44.0,13.0,44.0,sports_leisure
af739e00ca90db9e164a8ee27237445a,1.0,500.0,25.0,15.0,11.0,sports_leisure
eae99ba0d11a9e56ddc878519bdb33b1,2.0,1280.0,29.0,24.0,22.0,sports_leisure
3bae6cd6874475c1ebf2c5dbca8493fa,1.0,175.0,22.0,7.0,14.0,sports_leisure
d3c044bd42d84a79e3b0c42662806a48,1.0,150.0,16.0,16.0,11.0,sports_leisure
4a8388d725082add032c3a248d515142,2.0,450.0,32.0,8.0,24.0,sports_leisure
ef1cd7db4d53e9ab7517ec9d4aecfa03,1.0,150.0,16.0,16.0,11.0,sports_leisure
b7a58cab4a8f4016e27298891cbf47e6,1.0,200.0,16.0,17.0,22.0,sports_leisure
164c46357539e20cff56925225cf924c,1.0,700.0,28.0,15.0,20.0,sports_leisure
419b12eaf8841add29c3503ee6cddb91,3.0,1450.0,105.0,15.0,15.0,sports_leisure
d1e21bab9f1729613433a8a4374f58fa,1.0,400.0,20.0,20.0,20.0,sports_leisure
19da2bf3225b2f11d5c3b2597576ea22,8.0,6350.0,90.0,15.0,25.0,sports_leisure
aaf0d4a362d1cee82e4361f19af2b01f,1.0,190.0,19.0,16.0,16.0,sports_leisure
42877980a9990b1391c279582c1aa894,3.0,200.0,20.0,7.0,12.0,sports_leisure
622bad99b4296aade0783ebecdd3fa15,1.0,400.0,27.0,6.0,25.0,sports_leisure
192b332c511e484ea4f3f8b0526ee59d,1.0,500.0,16.0,14.0,11.0,sports_leisure
83b9177e8afdc2719c085b5a96aa441b,4.0,300.0,20.0,8.0,11.0,sports_leisure
2f1927c926303d27159849d2601d5d96,3.0,650.0,28.0,20.0,25.0,sports_leisure
50aa8f292a9510d5542f2a078903a2a7,2.0,400.0,19.0,11.0,37.0,sports_leisure
628fb6b9d891eebd296eb3caa5bcb557,1.0,700.0,16.0,13.0,14.0,sports_leisure
9ead93350fbb3a5f0cc0b48c8c983748,1.0,14600.0,34.0,12.0,12.0,sports_leisure
a09e9494bb01d227e90ec1bb0d845e24,2.0,250.0,16.0,10.0,15.0,sports_leisure
3a05a947f28cf46d789adedc107d7595,1.0,3450.0,16.0,15.0,20.0,sports_leisure
5101eb75c72eba49b6ab5e3cb721c99b,1.0,3180.0,28.0,22.0,26.0,sports_leisure
596041589b8cc3cc61e9b46d79ea9002,1.0,200.0,20.0,20.0,20.0,sports_leisure
cfbc3263572e94aa7e220466f83f8677,2.0,400.0,26.0,16.0,21.0,sports_leisure
626cba3eb1a1ac40b2f6e3ad4fd1038c,2.0,1050.0,25.0,21.0,18.0,sports_leisure
991bc1085efee49ba6cd9f3f17efabb8,3.0,1683.0,35.0,17.0,48.0,sports_leisure
2ab3eebb03e660d44470d936c0f20bb6,3.0,300.0,22.0,6.0,16.0,sports_leisure
61194019f380f0b760c31e66ee97e50d,1.0,400.0,16.0,10.0,11.0,sports_leisure
51ff363ff8346f0fb99858f2c0954231,1.0,200.0,20.0,7.0,14.0,sports_leisure
e33c6721bcdf0d089860c6c1cf7ad5b6,1.0,500.0,45.0,10.0,40.0,sports_leisure
aea5937ba2b757b9fc5017f2d11f288f,1.0,1200.0,42.0,12.0,43.0,sports_leisure
598bd041890a22dfac5e4411f456cbf6,1.0,206.0,18.0,11.0,14.0,sports_leisure
476ddefd263d2173f2f8a7a3fb5ec75c,1.0,200.0,16.0,9.0,10.0,sports_leisure
7cca13d90486c96047f188771ee4ffe4,2.0,4750.0,40.0,25.0,25.0,sports_leisure
79b5f6746971ce589060a7aeef9f9d9f,1.0,13700.0,26.0,7.0,11.0,sports_leisure
8b1ec5ddcb342e32a8d83936c3583b45,1.0,493.0,18.0,17.0,16.0,sports_leisure
93846cfcd171609cebb8b3f8c553d23f,5.0,588.0,25.0,30.0,28.0,sports_leisure
40b2a43c74c26b963dd1bd05384663a0,5.0,300.0,25.0,12.0,18.0,sports_leisure
a5d89252158ff2fc7effe07dcffbbc14,1.0,2600.0,27.0,32.0,27.0,sports_leisure
dbf66e3a8f833012d2da362c443111af,4.0,575.0,24.0,17.0,23.0,sports_leisure
4ede61f4c026ce233e4ba9ff9444ee09,6.0,600.0,20.0,20.0,20.0,sports_leisure
0b5be7ee64611405f84c31be31ad0d9b,8.0,3900.0,90.0,20.0,25.0,sports_leisure
7b82c09aeb69b05e0a578a2ea97ed4a9,2.0,500.0,19.0,12.0,13.0,sports_leisure
4013f49ee9fda2d3eb99e7923cba7982,4.0,500.0,50.0,5.0,30.0,sports_leisure
d5852e1fab9be489b5371a70adad7494,2.0,400.0,50.0,10.0,17.0,sports_leisure
af2f3030914ae3eaf70ebc74ecdb8c1c,5.0,825.0,40.0,15.0,15.0,sports_leisure
11b66b9c3298383e765fa69bdfd86e5f,4.0,100.0,34.0,2.0,26.0,sports_leisure
aa5e980b726d76e5a61dfd188724be28,2.0,850.0,22.0,15.0,22.0,sports_leisure
02a0c276d5a252215b48269dea73a6e7,1.0,300.0,20.0,15.0,15.0,sports_leisure
cb4ea8f55c5245555696ae22ce0ea921,2.0,500.0,35.0,10.0,11.0,sports_leisure
f172934b37c68afdb4b93ca53d8d536c,1.0,2900.0,30.0,30.0,30.0,sports_leisure
9f5d4ccdd7f86c5c3fdcbd899867a5e9,1.0,300.0,30.0,16.0,16.0,sports_leisure
3c61c2007c26ec50365d6c385e088ca1,1.0,100.0,27.0,17.0,14.0,sports_leisure
9feeadd6b97835152e83e1b25b46f5c4,1.0,1064.0,24.0,20.0,19.0,sports_leisure
a35ea299fbf8fc63d9faa23b77bf3eaf,3.0,1700.0,16.0,11.0,25.0,sports_leisure
32762549e61c9115d70c8267c00d1c13,1.0,200.0,18.0,9.0,13.0,sports_leisure
2ed61618c3f21314a9aff852c8c9866b,3.0,6400.0,103.0,17.0,28.0,sports_leisure
f25bbb88c1a219c21b1af6b99895b960,4.0,550.0,35.0,10.0,20.0,sports_leisure
0fe922b7f7d43ef454bbc241416e7401,2.0,50.0,20.0,11.0,11.0,sports_leisure
f9b0ee95ce8b1ef8b50eecc5e0fa4348,1.0,1250.0,23.0,23.0,23.0,sports_leisure
ff3377c7e76bb050877c8a7c28d7525f,2.0,2000.0,22.0,20.0,22.0,sports_leisure
cec09725da5ed01471d9a505e7389d37,1.0,2500.0,20.0,11.0,11.0,sports_leisure
bacf6a8b3c76adbf95a90d402fded27c,1.0,400.0,26.0,3.0,15.0,sports_leisure
5fb63276a045b516c561e4be61e1109e,2.0,350.0,27.0,10.0,16.0,sports_leisure
2d110366dd24a714cb50dddc30b4101c,1.0,250.0,16.0,17.0,22.0,sports_leisure
de9db16814cdc52a0211f27c12e172ba,1.0,1400.0,16.0,16.0,16.0,sports_leisure
162c1a60e671a6632c2a03243557d549,6.0,1800.0,72.0,22.0,11.0,sports_leisure
885d15f0bcf8b27f592327ee58f0fcf1,1.0,5200.0,20.0,22.0,22.0,sports_leisure
d5365b4fc46af0e0679ce35e818b4b0a,2.0,15450.0,16.0,105.0,55.0,sports_leisure
c6d339a1fa8873b1ffe76fb1b7cc10f1,1.0,5150.0,27.0,26.0,25.0,sports_leisure
610e045d4ebcfde8d0c8991e8b1f39bb,1.0,400.0,16.0,10.0,11.0,sports_leisure
1fee07af6000817a742999e65c190276,2.0,1033.0,46.0,32.0,14.0,sports_leisure
df2a36e39b65ff56203117e93bcbe20a,1.0,600.0,16.0,6.0,15.0,sports_leisure
3f29ff76d9ee5fd080b96ce49afc6c94,3.0,500.0,20.0,10.0,15.0,sports_leisure
71ba45cba15ada7cd8fd87ac71b0dc2e,2.0,1675.0,60.0,15.0,15.0,sports_leisure
f99a41d435a967be6af245991a48428a,1.0,3720.0,26.0,32.0,33.0,sports_leisure
b00e24be53a1785f1f613e747809a5ff,1.0,1400.0,26.0,18.0,18.0,sports_leisure
073b807aaf20e2382efc8ddc07bf7a5b,2.0,7700.0,59.0,38.0,42.0,sports_leisure
84fad62439091ff986a3885bfd6d299d,1.0,150.0,19.0,7.0,16.0,sports_leisure
093cd981b714bcdff182b427d87fc8fc,5.0,750.0,16.0,5.0,11.0,sports_leisure
074fbdce1ed974986a2d2c9660b9eefb,1.0,2100.0,30.0,20.0,45.0,sports_leisure
3cf2745a04ffbad66f835d61df48f8d4,2.0,400.0,25.0,15.0,25.0,sports_leisure
d16a25f576e1296fd955eb4136323f21,1.0,4850.0,30.0,25.0,25.0,sports_leisure
8ffdc77604396b5f0483e372aafe83f0,3.0,600.0,16.0,7.0,12.0,sports_leisure
34aca073a68b7ae1d470940db997c295,8.0,6300.0,90.0,15.0,25.0,sports_leisure
126cc3193a4db25b7957d001b0eb7f93,1.0,600.0,21.0,19.0,13.0,sports_leisure
4222fa433d71c969509acc408f343e89,2.0,300.0,20.0,5.0,20.0,sports_leisure
a9b9032e79635ad9618808cfdd644c77,4.0,150.0,25.0,25.0,25.0,sports_leisure
45faac1ea8c173bb8c3e6cf23f5aac4e,1.0,1325.0,24.0,24.0,20.0,sports_leisure
8d437dc54645e02e40d13fb2de911c1b,1.0,500.0,25.0,15.0,20.0,sports_leisure
3a3fb4bcc28c99c4b0dc6af206e2744d,1.0,300.0,17.0,17.0,12.0,sports_leisure
c62af29c3eb929d6ceaf29e52fc433cc,1.0,300.0,18.0,8.0,14.0,sports_leisure
a3cc2811456002f4baf5a88ab9ff3427,1.0,6650.0,30.0,50.0,30.0,sports_leisure
d47f1895ec4f641a519a65d73d2157b5,5.0,200.0,16.0,5.0,13.0,sports_leisure
649397f4b92e94607361df83b1adbe8e,5.0,1200.0,20.0,35.0,26.0,sports_leisure
4fb5aa1b9628ff1b6e79b07001874abd,2.0,1150.0,60.0,15.0,15.0,sports_leisure
7ba74f993dca27160dc49880d9ac56b2,1.0,4350.0,20.0,20.0,20.0,sports_leisure
f486b2e5c945f3261655ae0bcbf92855,1.0,200.0,21.0,21.0,21.0,sports_leisure
314f853949a68233748ccc6092eaf51f,2.0,1600.0,25.0,15.0,25.0,sports_leisure
28e1129b94381a4e42661bcfaedf2b86,4.0,300.0,19.0,12.0,12.0,sports_leisure
96d04f44d303175353cc3032d89eefb1,1.0,200.0,16.0,3.0,11.0,sports_leisure
b584de1994f604fa7dfd0b6b9c6c1b99,1.0,150.0,16.0,2.0,11.0,sports_leisure
bb927b73a53da18d3609acf60b8595e9,1.0,1123.0,32.0,25.0,23.0,sports_leisure
21d512be0373dc6a55cf1c97977076d0,8.0,4000.0,82.0,15.0,22.0,sports_leisure
700e755cb2df115278726cbf8cc322fd,1.0,3663.0,27.0,27.0,27.0,sports_leisure
016cae136d358dcdacbd7ac9f1864c09,2.0,300.0,30.0,5.0,20.0,sports_leisure
d06fb43b1cd92ac61a438742cf40a1ed,3.0,450.0,29.0,25.0,26.0,sports_leisure
40e834fa1961d072be482a772dbba0e1,5.0,600.0,32.0,18.0,23.0,sports_leisure
3bce6b72fbbfc2ec3bcffb83745cc24e,1.0,200.0,21.0,25.0,21.0,sports_leisure
80a08e4dfa5115b34f674eca035a01dd,5.0,3400.0,33.0,25.0,28.0,sports_leisure
52a12e7275f0bd832ef3aade407a39bd,1.0,400.0,26.0,16.0,21.0,sports_leisure
5263b67de8e3edbade45ea923f6c4e79,1.0,7400.0,49.0,22.0,41.0,sports_leisure
d5a94c75d108fd56ceca390b4ae60e55,1.0,975.0,20.0,20.0,14.0,sports_leisure
f8c52581d99477033b6cfa2da771e101,4.0,150.0,20.0,4.0,15.0,sports_leisure
d593482d0fde39297f9253274b4903d9,1.0,350.0,20.0,15.0,17.0,sports_leisure
d73bae3f64cd2c7851bc796e2684f871,5.0,600.0,30.0,20.0,20.0,sports_leisure
8983ab045bb0ef91a6fe60adff5fa7a2,2.0,1850.0,60.0,15.0,15.0,sports_leisure
c04dddb81af9afac2798f81e0ca7eed6,2.0,2100.0,60.0,15.0,15.0,sports_leisure
5743cde12b14a481dbc29d4dc336f92c,2.0,400.0,18.0,9.0,11.0,sports_leisure
3d2083882f7be28ab6c8d9c807e3026c,1.0,1100.0,57.0,16.0,21.0,sports_leisure
279d5c3589fceee2a1c236fbe5287975,1.0,300.0,16.0,16.0,16.0,sports_leisure
d8c8e837ccfe496c02186b5572df55ed,4.0,700.0,30.0,15.0,25.0,sports_leisure
72b61ed035f5576359ccf0d2ec7bddf2,5.0,150.0,26.0,2.0,21.0,sports_leisure
a22e92e1c32bdf3db91e0170a8b18408,3.0,3450.0,100.0,15.0,15.0,sports_leisure
65bebe0ebbe0c371c9ad29d76801482c,2.0,217.0,18.0,13.0,15.0,sports_leisure
fdab4c1b0c356b42df5846952f5b47af,3.0,225.0,19.0,4.0,11.0,sports_leisure
86b8032cbb666ec9ca1f2aa4d4cace06,5.0,418.0,18.0,7.0,13.0,sports_leisure
9a24a6e49842bf0d95c661b7ea0315dc,1.0,1080.0,32.0,24.0,23.0,sports_leisure
adb6a21f7a3c42ae1c2f514a1deccd3e,4.0,800.0,30.0,20.0,30.0,sports_leisure
29b9d74c083ef891b8869d31cffb2a3d,4.0,1100.0,40.0,20.0,20.0,sports_leisure
eb8dbe7d2dd22ab3547925e49a78feb3,1.0,650.0,18.0,18.0,18.0,sports_leisure
c8648fddfafc439c1c9bb5236945b953,1.0,923.0,18.0,21.0,27.0,sports_leisure
4180a49d4b879e727ad2c8e82a9f4d87,1.0,250.0,16.0,15.0,16.0,sports_leisure
42ebb92b7f9bb084077e921ee7e40199,6.0,300.0,30.0,5.0,11.0,sports_leisure
1f3365ddc6456d082f482309326f037c,4.0,600.0,18.0,5.0,18.0,sports_leisure
a45d376e2359c18076d5c16a042777e5,1.0,1286.0,24.0,21.0,22.0,sports_leisure
80b277131c86232dec38056fa40eaeca,1.0,1000.0,34.0,36.0,37.0,sports_leisure
d22bbc02259111e107ee7916637d4791,5.0,700.0,16.0,11.0,11.0,sports_leisure
8c026216e53f2d4be21aeb209dcd8c55,1.0,450.0,16.0,12.0,12.0,sports_leisure
d102ed54656bd3eaf5bd365494e08bf6,1.0,200.0,22.0,15.0,22.0,sports_leisure
e01bc2ad5c6f46c0f53f73379fcd602e,4.0,900.0,50.0,6.0,20.0,sports_leisure
4f8303640418a925cc83a18d2caf0dbe,4.0,500.0,24.0,16.0,16.0,sports_leisure
5b4c7b13dcff7e66567504d1b2a46ae3,1.0,325.0,16.0,5.0,12.0,sports_leisure
c252ac6ba12ddd61a54b4fd73f223e7e,1.0,1150.0,16.0,16.0,16.0,sports_leisure
a9342ff863c8bcf625664fe435e7f253,1.0,2600.0,30.0,25.0,25.0,sports_leisure
178fff5a81c5c9447c6dcc3a2039d7f7,5.0,588.0,25.0,28.0,28.0,sports_leisure
f26157889d4e8ee5b3cbcce8e51c7d2f,4.0,2350.0,30.0,25.0,15.0,sports_leisure
89ecac14896f9d0c3d6d44c2095ae987,1.0,1725.0,35.0,38.0,33.0,sports_leisure
ecd5fb40310b0f37e80e312bccc3b1ee,4.0,1000.0,25.0,5.0,25.0,sports_leisure
fa7be99321f2dbb1e518d2139ccb1d39,5.0,500.0,27.0,15.0,20.0,sports_leisure
197b4312d52feeab01ec95013df1a9d0,3.0,400.0,17.0,35.0,18.0,sports_leisure
4819da1e57bea0eb01d096e4f0d7d5fd,1.0,900.0,16.0,23.0,16.0,sports_leisure
ca36223e14b83df526098afff99de992,1.0,400.0,16.0,16.0,16.0,sports_leisure
7b22327a8222cb724f17c3a0aa392517,1.0,925.0,32.0,30.0,27.0,sports_leisure
d7a389b75ee484bee049db1a54882b76,2.0,914.0,30.0,26.0,21.0,sports_leisure
51218a8d006d67354e44e530d57f9a20,1.0,950.0,24.0,14.0,32.0,sports_leisure
c41394a593b75e8e4f3d1fb5e93e151e,2.0,28500.0,105.0,65.0,25.0,sports_leisure
afc244a6c3db6832df12a4b8b34f515c,2.0,400.0,16.0,5.0,16.0,sports_leisure
52113f93f479d50c87659d39f4a702e6,1.0,5800.0,93.0,13.0,24.0,sports_leisure
6589e2c0f75017847172a49dc61c99ee,2.0,400.0,16.0,16.0,16.0,sports_leisure
0da904b76a8131e90eb8af2e4826ea59,3.0,700.0,28.0,20.0,25.0,sports_leisure
7deb2eaebc9527d1f8bd20169d3c6b31,1.0,189.0,19.0,13.0,16.0,sports_leisure
4991aed650384274b2e7bce99caff130,4.0,300.0,18.0,8.0,16.0,sports_leisure
9a8706b8c060b16e5f0d2925f20bc35b,3.0,100.0,25.0,25.0,25.0,sports_leisure
b75bfef8088ebc4d703a3cbb655546f5,1.0,6500.0,18.0,18.0,18.0,sports_leisure
848571fddb8936358c30d2a9534c2848,2.0,1100.0,60.0,15.0,15.0,sports_leisure
2bcade3be09c837c06332d0aac506d23,2.0,400.0,25.0,15.0,20.0,sports_leisure
85e47c36b9e15522778da086983e41f4,1.0,90.0,21.0,4.0,19.0,sports_leisure
35382d3a4938866b6dd534f2d6c18763,1.0,575.0,19.0,19.0,17.0,sports_leisure
0e643adf6c6b66f31c00e354a06ee0ab,2.0,1975.0,44.0,46.0,39.0,sports_leisure
24c855c83d506d85c7386ff94d6c8db1,1.0,700.0,25.0,25.0,25.0,sports_leisure
d8a3b568800dd60242c366e5e02184e4,4.0,550.0,16.0,10.0,12.0,sports_leisure
12c567b916f6f3bb02b2557456a30212,2.0,3100.0,30.0,13.0,25.0,sports_leisure
442c4ff18b437710dbb8ca943e7ac401,5.0,75.0,28.0,20.0,30.0,sports_leisure
e28a83b76a4ef29f90a34d134961e22f,2.0,2800.0,35.0,12.0,35.0,sports_leisure
c0f957a555a4963d82840e7ca9e06796,1.0,1900.0,27.0,17.0,17.0,sports_leisure
966b5d9192f75a085e72b4861e25b5df,1.0,5000.0,64.0,48.0,22.0,sports_leisure
be4cf22bb84e3fd215db5076e3047d51,1.0,135.0,18.0,10.0,13.0,sports_leisure
ecb054d15ac79df23f143de21d0dea23,3.0,200.0,25.0,25.0,25.0,sports_leisure
b0a954d13efe24ba6513fad99bea2967,1.0,1350.0,16.0,16.0,18.0,sports_leisure
81e057ba50dab8e85df716fabefa2adb,2.0,270.0,19.0,8.0,10.0,sports_leisure
71b7bb7d435217ef96c1ec8e48421599,1.0,980.0,32.0,26.0,23.0,sports_leisure
62faaec8b29ac17a4222e8e4e575b4e1,1.0,850.0,77.0,4.0,45.0,sports_leisure
39af1c81c0e72ebd1f5454972c24ca38,1.0,498.0,18.0,18.0,18.0,sports_leisure
12a46620105cc4bf4d193fed203ab9e6,4.0,150.0,17.0,5.0,11.0,sports_leisure
4066f66e5bd7a5371448d70eeb24b9dc,1.0,450.0,30.0,5.0,20.0,sports_leisure
1a405418406359cc2b8815f93bf359c2,2.0,4550.0,20.0,20.0,20.0,sports_leisure
36856b22e842c96589a6b542aa92e179,1.0,500.0,20.0,20.0,20.0,sports_leisure
13e0e6adec3689a4206c6e9385a29003,6.0,800.0,27.0,12.0,14.0,sports_leisure
8498a9b0c20fa9075241141de7f756fb,2.0,2100.0,60.0,15.0,15.0,sports_leisure
a7dbbe93d8efca23c8ca3e1821486cb8,3.0,300.0,16.0,10.0,11.0,sports_leisure
0c3dc3f0b8ea2ce274c0bd18b2a31f5b,2.0,600.0,20.0,20.0,20.0,sports_leisure
7e36831534c6b219bc3459d538e934f5,1.0,450.0,19.0,16.0,16.0,sports_leisure
71137504070dc94a0e1d04089985f3e2,3.0,1150.0,80.0,8.0,15.0,sports_leisure
56190ea1f5b28f23ba0065cfa36b7de6,2.0,400.0,26.0,16.0,21.0,sports_leisure
f21e1de90419150c02ace62c23ed2a7d,1.0,120.0,16.0,8.0,12.0,sports_leisure
59013456264614e8f78024619f8b2972,3.0,475.0,16.0,8.0,11.0,sports_leisure
e9eddac769237a45defef45db2f9cf1c,2.0,300.0,16.0,4.0,11.0,sports_leisure
a2105c8c0d5d99dbc5a2a9ad94321e5c,2.0,4800.0,58.0,10.0,50.0,sports_leisure
11875b30b49585209e608f40e8082e65,1.0,1032.0,17.0,15.0,16.0,sports_leisure
8b8b4d3f77864f6e8f6b35fc23ff63ca,1.0,600.0,50.0,12.0,18.0,sports_leisure
1be380bc1811ed4d29daba3508f6f6fa,1.0,400.0,16.0,16.0,11.0,sports_leisure
dfe123265435bbc08b40fc418f66d9a3,1.0,15467.0,64.0,62.0,25.0,sports_leisure
f390882d834eed84766218994ee9a511,1.0,525.0,23.0,23.0,23.0,sports_leisure
72dd1eeff415bc31b58e99cca0a83e23,1.0,8350.0,38.0,11.0,15.0,sports_leisure
6cbb9a0a2b5565f3b3afb8185f6446f0,1.0,300.0,27.0,9.0,14.0,sports_leisure
db7fe9d38046ccc449633bff3de52df1,2.0,378.0,17.0,22.0,10.0,sports_leisure
e237317be46690f8352f2a4f9daaf6d5,1.0,1095.0,23.0,20.0,20.0,sports_leisure
2db5c88d6c9f09b9d0508cf01bdc54b9,8.0,7550.0,90.0,20.0,25.0,sports_leisure
505cad9f6344882dd263949375dd97f5,5.0,3300.0,50.0,39.0,12.0,sports_leisure
3db8ae718c645f8d0de8d1042bd9acd6,1.0,250.0,18.0,13.0,16.0,sports_leisure
290fad36f37ac7cc7df0f8f7d9245f71,2.0,633.0,69.0,7.0,12.0,sports_leisure
4565bb5b964cc42b49780586560c98e0,1.0,850.0,25.0,3.0,19.0,sports_leisure
c2f7953b36a941befe89795854fa2c48,1.0,1550.0,41.0,6.0,33.0,sports_leisure
0ef509449287240ee39e57b7eb630202,1.0,400.0,30.0,30.0,30.0,sports_leisure
c9f630d41df4c9b079559dc5c391b653,3.0,150.0,17.0,5.0,11.0,sports_leisure
d7faab3fa0091d1220a8ada9cae1bab3,1.0,600.0,22.0,5.0,20.0,sports_leisure
612da1ab2099d81e7da8a5769663c1ea,1.0,975.0,19.0,20.0,15.0,sports_leisure
e8eb2bde4e37bfe54219bcae2d1baaf5,1.0,3000.0,31.0,37.0,31.0,sports_leisure
7737a63b27d4c4ec7592e8429ad7f554,2.0,800.0,30.0,20.0,20.0,sports_leisure
93582a7d8a16b7f7fb4992be2c91b659,2.0,500.0,25.0,4.0,22.0,sports_leisure
e0a36dd15c245dbe1a52080fd6d048b2,1.0,500.0,28.0,25.0,25.0,sports_leisure
44980f2abfac3c9364a666403350799b,3.0,850.0,30.0,23.0,15.0,sports_leisure
9e927cd87b7c76f32f8f42ef2ede7923,1.0,600.0,18.0,3.0,15.0,sports_leisure
ad52cb93ae060c9bdd776831a915e94d,3.0,700.0,30.0,30.0,30.0,sports_leisure
aa39d59b0fe9c8b0162f5d855833c97d,1.0,250.0,22.0,26.0,16.0,sports_leisure
e2c329a4516937ef4828102690ae669a,1.0,1500.0,20.0,20.0,20.0,sports_leisure
0116f3b947377cccf0135f8071b54d74,4.0,1050.0,40.0,20.0,20.0,sports_leisure
f7c9e1767903086a8dcffb1038b7e5b5,4.0,500.0,16.0,12.0,12.0,sports_leisure
e3236035f7e0c05a72c94efd538abf1e,1.0,238.0,19.0,17.0,19.0,sports_leisure
4da4a4fac1a443d1faea4555fae954eb,1.0,7600.0,100.0,20.0,25.0,sports_leisure
fb8d71b8750a9bb47e7f71434deb437d,1.0,200.0,18.0,8.0,14.0,sports_leisure
e316e2909614743a28695b701bca9d39,1.0,4750.0,19.0,18.0,18.0,sports_leisure
b1b79859f1babe1145fdd1b24eabb217,1.0,100.0,16.0,16.0,16.0,sports_leisure
09b069a1846b0e666a398952c8ba1605,1.0,350.0,18.0,8.0,14.0,sports_leisure
e20e8fa3a50b1774e52b89664b3b6ddd,1.0,628.0,17.0,25.0,14.0,sports_leisure
44561c9878089165871c1d9956da49dc,1.0,1600.0,20.0,40.0,30.0,sports_leisure
1d65c98a734ff9df50578e6199d79a43,1.0,1450.0,24.0,20.0,20.0,sports_leisure
0921c85f1ae48534995bff5348e3d9d7,1.0,1100.0,17.0,4.0,11.0,sports_leisure
2efe79c475e4c22430aedf7eacc830ee,1.0,1900.0,25.0,25.0,25.0,sports_leisure
ee92961b88199a0d4329a6beca8f63da,2.0,450.0,35.0,7.0,25.0,sports_leisure
d159157f1837c548e960ea0e9b00b259,3.0,1300.0,105.0,15.0,15.0,sports_leisure
c420c13056340a00e4cd63fdf6e4f4fc,1.0,500.0,22.0,15.0,22.0,sports_leisure
98615693c104cb69e8746bdbad198317,1.0,300.0,19.0,2.0,12.0,sports_leisure
da93657c402ea46729003c282352d727,1.0,1795.0,33.0,28.0,23.0,sports_leisure
9fc96a5f44c80640e0ad172c9ff13703,1.0,600.0,23.0,23.0,23.0,sports_leisure
9e164b4afdecc7c67fb9b6f12c104e21,1.0,450.0,18.0,18.0,18.0,sports_leisure
b8983274d38e4c05381bc3c80af2ad2e,1.0,300.0,16.0,16.0,16.0,sports_leisure
1da0fbb35cfdc9fcb6d48dfddca69513,3.0,700.0,16.0,23.0,15.0,sports_leisure
7bfc5364656fdd3296de69d274b5ff07,1.0,600.0,40.0,8.0,11.0,sports_leisure
0b63f1722fa0d70cbe07b4ef00a5a544,4.0,1626.0,26.0,15.0,17.0,sports_leisure
cd0efbe03468ba1f0f33c664b53747a9,1.0,250.0,16.0,8.0,12.0,sports_leisure
9c1f132d460c48b30f756f3585d4a894,1.0,975.0,19.0,20.0,15.0,sports_leisure
ee506a406849de8c60a4bceb731e7832,1.0,250.0,16.0,16.0,16.0,sports_leisure
01503fbd89d42654631476b292b8bc8c,3.0,400.0,30.0,30.0,30.0,sports_leisure
0c753fe6a58dfa7a27bda5de76e779c3,1.0,1338.0,23.0,12.0,14.0,sports_leisure
80db55ab8514dce76cb6a22d5014b73a,2.0,300.0,16.0,16.0,16.0,sports_leisure
a239d49293b522b341e4d9105a308e5c,2.0,250.0,25.0,25.0,20.0,sports_leisure
ae1848ad278bbd5098dea4a749b333a1,2.0,200.0,20.0,20.0,20.0,sports_leisure
c8abdbe349a97073e7aebc795be55bd8,3.0,2150.0,105.0,15.0,15.0,sports_leisure
32ad146ce66014dd98fdc2190bc995d6,1.0,200.0,18.0,9.0,13.0,sports_leisure
bac84fdf85ec2c85fa86f522f4423114,2.0,4825.0,46.0,8.0,37.0,sports_leisure
e3968a0d1e607b271be1b000ee1a2d8d,1.0,2300.0,38.0,38.0,32.0,sports_leisure
810cb3c5af006624fa32d362077af85f,1.0,1252.0,20.0,16.0,15.0,sports_leisure
7bc34251fed67b7d8a0251d7ad8eff3c,1.0,1300.0,22.0,27.0,22.0,sports_leisure
a2fddd6229ab528218029f919af4c1ed,2.0,600.0,18.0,22.0,18.0,sports_leisure
dc5810c618a462436499ac6e62aeddc3,2.0,700.0,20.0,15.0,15.0,sports_leisure
7d19b1d7e1b9c31f1c72f968c48f8917,1.0,250.0,23.0,6.0,11.0,sports_leisure
fc158c6d4f95cc9d4c33c5b11b081779,6.0,450.0,30.0,12.0,15.0,sports_leisure
cb31577aa7edab333780a1a0cc41d94e,2.0,1100.0,20.0,10.0,20.0,sports_leisure
cbfe76ab27b6cb27aaafcc2199f9dab9,1.0,6450.0,51.0,31.0,31.0,sports_leisure
5e98b7fecc62c3ebeaa8252269b2d6fe,1.0,1600.0,80.0,7.0,20.0,sports_leisure
e71404b6fc3b275b7274ce772794a914,2.0,167.0,22.0,14.0,14.0,sports_leisure
f68980d7981fcc92059f42a4fd82fb38,1.0,650.0,34.0,15.0,12.0,sports_leisure
2a962e2b5e4955e5ed284f1cf46b5296,1.0,1000.0,22.0,14.0,17.0,sports_leisure
9a382deec088553d7695394b64c09086,1.0,16100.0,28.0,6.0,11.0,sports_leisure
5a7437ffa076413d6ab152c80b04bb9b,1.0,150.0,20.0,4.0,15.0,sports_leisure
ed1de15b1be40001e5ed37127a6690f1,2.0,6000.0,85.0,15.0,28.0,sports_leisure
cb4ce8694660e0c90e4250ebfb0609d2,1.0,700.0,22.0,22.0,15.0,sports_leisure
a3430558283765c5dd94dd0381acc9c2,4.0,1450.0,32.0,13.0,18.0,sports_leisure
0442663b51251c398df7f53c29e29812,8.0,6600.0,105.0,15.0,25.0,sports_leisure
dad114e8bc5146e75d68b6f69867e356,5.0,1600.0,40.0,20.0,20.0,sports_leisure
aeaba104830f91586dae1bff90f54a8a,1.0,1250.0,41.0,24.0,11.0,sports_leisure
e0bfab1a66b1f0fb4b1cbf7273121a6a,1.0,3700.0,20.0,17.0,17.0,sports_leisure
01bc2a3c12d6e588aecb54ffad194c13,1.0,4350.0,20.0,20.0,20.0,sports_leisure
b5a1f8c43ea139a65cbf5c25b1a31f1d,1.0,200.0,16.0,3.0,11.0,sports_leisure
475af23239b1120761482ea242b1a271,5.0,23800.0,80.0,12.0,22.0,sports_leisure
153d581044c5b30836c5a7d56687a735,1.0,1150.0,105.0,10.0,15.0,sports_leisure
0f3c8906e5b08127d539956bc587074c,4.0,3325.0,71.0,14.0,71.0,sports_leisure
cb92637d91f8267856d2143b6fc7bd9e,4.0,250.0,22.0,14.0,11.0,sports_leisure
1026a916e88dfbc27528445d448619b2,1.0,550.0,16.0,16.0,20.0,sports_leisure
34b3d6e3e824bdbecac9611588a63459,2.0,1550.0,60.0,15.0,15.0,sports_leisure
c76a7f2aa3596ac11fa33fb6f98cc7c7,6.0,750.0,35.0,17.0,17.0,sports_leisure
5ba095a19bde52d6c87219061639522f,1.0,1100.0,26.0,8.0,21.0,sports_leisure
d9d319caa9e0b2993d581f53f036ba72,1.0,500.0,22.0,18.0,18.0,sports_leisure
dfd57e4f6b146266a765a285fac364ed,1.0,300.0,25.0,20.0,20.0,sports_leisure
1b92f53b1a02ed873cc9edad59d2031b,2.0,200.0,16.0,4.0,21.0,sports_leisure
f1c5eb59ca7aba7c4e5f0e3095473f8b,3.0,570.0,21.0,21.0,21.0,sports_leisure
d4a9f03055ff0e12e1821a706f554322,1.0,1200.0,30.0,30.0,30.0,sports_leisure
40e0e757ad6d3fd9059ffa64b249a12f,5.0,300.0,100.0,20.0,20.0,sports_leisure
2743c376f40b82b7bda71ad4a1256507,5.0,950.0,20.0,15.0,20.0,sports_leisure
71edb37d9bd2542f8df816d01a86af3a,1.0,600.0,21.0,17.0,18.0,sports_leisure
68da30fecb501eacf0de129b2a56d0cb,6.0,1250.0,25.0,6.0,17.0,sports_leisure
d6235e8c515051ea4e5ab000d625b9c0,2.0,950.0,60.0,15.0,15.0,sports_leisure
ffd246249e3225c13f40b5b91dcaa65a,2.0,850.0,20.0,12.0,11.0,sports_leisure
ba34539b92ec1baa3a9c108b81cd8344,1.0,650.0,16.0,10.0,11.0,sports_leisure
cfc8376b91d04c43d4431abcf28d51bc,3.0,300.0,22.0,6.0,12.0,sports_leisure
6decf43351d89bcd0d6f0f2b607c4e1c,1.0,400.0,16.0,2.0,11.0,sports_leisure
f3ee2b5fe1f27cb775ed3e8af9ed39e8,1.0,2450.0,22.0,18.0,18.0,sports_leisure
e63a0e880c77030596b66c92dee7f295,2.0,2900.0,20.0,20.0,20.0,sports_leisure
7942dc4e2a8873cc25cf1c5dc6036390,4.0,2200.0,30.0,20.0,20.0,sports_leisure
e77889d0427c08739ef1e468a4bfd0c7,2.0,300.0,16.0,6.0,20.0,sports_leisure
5a329255ea8c3f2701845c4eef3be6ef,1.0,1340.0,100.0,10.0,11.0,sports_leisure
496fed872fd7153d485440dbe74e2cd9,1.0,400.0,16.0,28.0,11.0,sports_leisure
93b513d693c7e922381d6aec80dfb639,5.0,1550.0,40.0,20.0,20.0,sports_leisure
de7df82eb1e48c456b020c2cfb03aeed,2.0,200.0,30.0,20.0,20.0,sports_leisure
9abef3ac1829af69f004c3dcbba958d9,1.0,2200.0,20.0,20.0,20.0,sports_leisure
122f396fa6d0f9070c6e721f8d833d2b,1.0,18100.0,19.0,12.0,19.0,sports_leisure
66240330495ccdc870f005b39e076a60,1.0,1200.0,16.0,16.0,18.0,sports_leisure
46aee891d7e9244b1f05b6ffcd6e8065,3.0,1000.0,47.0,12.0,29.0,sports_leisure
22c404f4f28ee0c4d62d5af7993ecffa,1.0,2000.0,42.0,32.0,32.0,sports_leisure
6a2909ac21d16b721e4795e7e8ff3e68,1.0,283.0,24.0,23.0,20.0,sports_leisure
77cc62dc80ebe12a0452d1ce0565acdc,1.0,1625.0,29.0,21.0,21.0,sports_leisure
935ecd8480175c412fd8847ccc4eff16,2.0,2300.0,60.0,15.0,15.0,sports_leisure
6e74e16f5dc9add0502c7f68c1258f95,1.0,500.0,25.0,15.0,11.0,sports_leisure
cb52e6775d816cbdadade36948e81fc8,2.0,10000.0,40.0,34.0,44.0,sports_leisure
e01a5a164be7867f7684c14d2dc88865,1.0,4073.0,23.0,16.0,19.0,sports_leisure
b0dda79e79fdc30a862d527ffffdf4bc,4.0,550.0,50.0,10.0,25.0,sports_leisure
1cdc69add3346845cb008e938c7db9e0,1.0,1417.0,19.0,19.0,19.0,sports_leisure
671be61e4013fc77e2d3586ffc1e51f1,1.0,30000.0,90.0,60.0,50.0,sports_leisure
038e3a669bb495e56d9d609d874fb668,1.0,30000.0,105.0,70.0,20.0,sports_leisure
feedec0f9090d3736d54758da8a1d05b,2.0,1950.0,60.0,15.0,15.0,sports_leisure
d537e54e990d95194a5733e79f1af1aa,1.0,50.0,20.0,20.0,20.0,sports_leisure
2fa39fd27e11b59399565257abf255e7,1.0,1160.0,23.0,18.0,22.0,sports_leisure
084b2ab1a0a79a9757008062ddf8b042,1.0,200.0,26.0,14.0,14.0,sports_leisure
879089af9bd91cf72a7154b3be3e1074,2.0,200.0,16.0,10.0,11.0,sports_leisure
d8f621c2b03d05f32d7a5a856db76953,1.0,200.0,18.0,7.0,14.0,sports_leisure
35e5dc947c66435929389d8043b9a6ff,1.0,8900.0,63.0,75.0,11.0,sports_leisure
ccd42132afae2f1f5bfd5e27549c6ece,3.0,500.0,50.0,5.0,30.0,sports_leisure
97ac2c1509cfea4a471cb1cfa1e3e512,3.0,12478.0,105.0,15.0,25.0,sports_leisure
d29eec2c638ad1ffd4ee36f13b2e412c,2.0,5700.0,20.0,6.0,13.0,sports_leisure
f30f863c9a7488715d627cab44ffbd4e,1.0,225.0,17.0,17.0,17.0,sports_leisure
88a3f73bd7326cded0153029c775d145,1.0,5900.0,35.0,28.0,32.0,sports_leisure
b69431d169d448336aaa5b1dd995cbf4,1.0,500.0,16.0,11.0,12.0,sports_leisure
8fd08967e24c75e4db60e884f54cb32b,1.0,3100.0,23.0,23.0,23.0,sports_leisure
80033c8e73f5b367b3809549337f0122,1.0,1800.0,20.0,31.0,16.0,sports_leisure
fff1059cd247279f3726b7696c66e44e,1.0,421.0,16.0,13.0,16.0,sports_leisure
6341b846e5224c87c04ec867c16e96af,1.0,900.0,16.0,16.0,16.0,sports_leisure
f251b1f9c5b04284fc1ed9b5dc4169f3,3.0,1450.0,45.0,16.0,35.0,sports_leisure
79f408dbd4af006086912a6e3570133a,1.0,150.0,16.0,2.0,11.0,sports_leisure
70c09a6d537cf2d213fe0169db7d209f,4.0,1250.0,33.0,30.0,21.0,sports_leisure
242ccc84e99027776a88792b2d344a57,2.0,275.0,21.0,8.0,17.0,sports_leisure
e5bf6ab312403d6e8f45bbdb48fa2fd5,3.0,1000.0,80.0,5.0,20.0,sports_leisure
d88d2f4938825da4771d7972d76c5da7,1.0,30000.0,25.0,96.0,79.0,sports_leisure
80096496b2a02d4fff129b5e6a8f047e,2.0,5000.0,68.0,13.0,50.0,sports_leisure
f85aa92e1305fc26494dae38bba39266,3.0,800.0,74.0,10.0,13.0,sports_leisure
908a8949fc2615cde40d1568d16aa6ca,4.0,900.0,35.0,10.0,35.0,sports_leisure
5c909f03b5baf836858186d3d5867020,2.0,2850.0,23.0,19.0,51.0,sports_leisure
ecc10d287641039c31deb3a2873215e4,1.0,2500.0,31.0,33.0,32.0,sports_leisure
23ad6baf08432fce9542b3f27407ec56,2.0,450.0,20.0,35.0,20.0,sports_leisure
85fcf0af8941e2a6d93bb2df970c1650,1.0,4200.0,31.0,33.0,32.0,sports_leisure
af9c4277d06aa18aabbfebbe94ee9c79,2.0,2700.0,20.0,15.0,15.0,sports_leisure
aecd0c211a5e24ca163d35e5087189ed,3.0,4800.0,50.0,14.0,33.0,sports_leisure
d3beab88b06d8b7f89e83f6744861ee5,9.0,950.0,20.0,20.0,30.0,sports_leisure
94938d42be4ea1064db3325c385ee6d6,2.0,827.0,52.0,19.0,21.0,sports_leisure
bfcc1d0c6e994fb47a7ec002ac8857cd,1.0,700.0,22.0,15.0,22.0,sports_leisure
f51f0dff431ac30d20b87401944b10cd,4.0,700.0,28.0,25.0,25.0,sports_leisure
1d31f773478bf76f7f9d9d174c3a25e3,1.0,300.0,16.0,14.0,12.0,sports_leisure
c7d5122ecf640a6affc29798267e5924,1.0,3450.0,34.0,20.0,20.0,sports_leisure
b18040a8b795afd0802abd9c3755ea64,8.0,7000.0,90.0,20.0,25.0,sports_leisure
9c020bc35e62119e84cbecb9d92646f0,3.0,200.0,16.0,13.0,16.0,sports_leisure
8901581464c0fcdb80194ba0fad7e559,1.0,500.0,18.0,14.0,18.0,sports_leisure
5dcdc6c08c7108e2f8e64c65ae092c80,1.0,400.0,16.0,16.0,16.0,sports_leisure
8a2fde854a6f41aae89ce99303a847e8,2.0,150.0,20.0,10.0,15.0,sports_leisure
a7868f5ae25dcf473c8997f82cfd06a3,5.0,150.0,20.0,4.0,15.0,sports_leisure
e42ad1ff7ad0843110435858ec10a2c6,2.0,28450.0,65.0,105.0,25.0,sports_leisure
7e97894cc00196a56d6ec315c68b2353,4.0,3300.0,78.0,20.0,38.0,sports_leisure
0d3343f683310b281c291419d96c8132,1.0,948.0,49.0,12.0,28.0,sports_leisure
20e04dcc7b37710b6fe52237cbe2a274,2.0,3150.0,20.0,20.0,20.0,sports_leisure
a1efabfd513c691eeb2650e5f04e5cb6,2.0,600.0,16.0,23.0,11.0,sports_leisure
e9b92b46e76deca9e27acbb0b6c170fa,2.0,550.0,16.0,12.0,11.0,sports_leisure
aa74ebe862c9061d4272681810675a01,1.0,1500.0,21.0,26.0,21.0,sports_leisure
b3132d56d4953f40e977e0534603e148,1.0,3100.0,30.0,42.0,20.0,sports_leisure
e6aa64e6ca59df52c7bd02829516f6e4,1.0,1400.0,20.0,30.0,20.0,sports_leisure
1c7bf92052619cc8b84907741fd0cedb,1.0,185.0,18.0,15.0,15.0,sports_leisure
ae8075d523c78e51b70c30ec84497683,7.0,500.0,23.0,4.0,13.0,sports_leisure
724108b75f8ef4c9984daac0dcadc482,1.0,125.0,15.0,9.0,16.0,sports_leisure
4b5e26931a0b0d3a690a3f520329a975,10.0,9450.0,85.0,10.0,33.0,sports_leisure
7aafb113cc4cdd6f842135ceb2ba4b50,3.0,1950.0,25.0,45.0,25.0,sports_leisure
63888810573fd78e60644cdf803cd2fa,2.0,100.0,16.0,16.0,11.0,sports_leisure
58f1f70c378b16f78eff44c7104aa772,3.0,1400.0,34.0,16.0,23.0,sports_leisure
fe2f068d3b10f48ac104cd8c8dbcdfe8,1.0,450.0,25.0,25.0,25.0,sports_leisure
b31c4e55a23622a7ed5c0a2db4e43f1b,1.0,1000.0,51.0,16.0,11.0,sports_leisure
060c584206d08377a1408fd7afc08b0f,4.0,14000.0,105.0,18.0,18.0,sports_leisure
a4c2f0735962e3bcce149351d387ffd9,1.0,1000.0,23.0,21.0,21.0,sports_leisure
01af6a4592d74b6d41ceeede0bd8b417,8.0,6600.0,105.0,15.0,25.0,sports_leisure
4f017feb2973d563da787c6ac3073b44,4.0,2600.0,16.0,50.0,16.0,sports_leisure
6802aa790a9a2217f0019b44973c8268,2.0,850.0,60.0,15.0,15.0,sports_leisure
acfb0b4f47e06f58c0c87f9012418921,4.0,400.0,17.0,6.0,11.0,sports_leisure
80cd00bb256df12dfc70fa63f2136586,2.0,4147.0,35.0,29.0,16.0,sports_leisure
5538ed283fd2d0e2a1151507e1cbd59c,1.0,400.0,25.0,8.0,18.0,sports_leisure
c235a7c2c9c539eb3e917705b18d690e,4.0,1100.0,100.0,15.0,30.0,sports_leisure
a76bb75d78ce6aa4a5202051b4f88a83,2.0,300.0,19.0,12.0,16.0,sports_leisure
03d03978afe1dc3c70e611629e8d8fe8,1.0,1800.0,15.0,15.0,15.0,sports_leisure
9a46ea3c561cf8075d59a39256461e73,1.0,100.0,25.0,5.0,15.0,sports_leisure
154e46f42e5665a0af25d2fc7c9e3321,1.0,478.0,49.0,10.0,25.0,sports_leisure
84c21030530a34295a94762fdf73611c,1.0,201.0,21.0,19.0,18.0,sports_leisure
4c6aa9277223385c021f01b84ccd3356,1.0,2050.0,32.0,18.0,18.0,sports_leisure
e6407038bf83e03733094f3d6e3f92f6,8.0,9950.0,105.0,15.0,25.0,sports_leisure
a163027285e36415230fb2e097366cd0,6.0,350.0,30.0,16.0,16.0,sports_leisure
ba461381a6bf526c5e970d435541eb2a,1.0,100.0,17.0,15.0,16.0,sports_leisure
2196663031bcde078cede855ac0b5739,6.0,491.0,19.0,12.0,16.0,sports_leisure
103704a4243ec0118742f6b229b029d7,5.0,1800.0,16.0,7.0,11.0,sports_leisure
47f08a63ddcb747bf50a90d26f093c65,1.0,1475.0,28.0,18.0,19.0,sports_leisure
d392a00a8d96150a649853d20d63e8ba,1.0,1500.0,22.0,27.0,22.0,sports_leisure
dfa6b0099b9a29d216bd1bfb624eb936,5.0,200.0,26.0,2.0,21.0,sports_leisure
e81f78eb3a85ed5108ec97a4d9e808ec,1.0,2800.0,20.0,22.0,22.0,sports_leisure
f7b0ee6d481a76a7bed4f0a7d574a6e2,2.0,700.0,25.0,20.0,20.0,sports_leisure
73f125f683118508d664a53ab01bab34,1.0,100.0,16.0,3.0,11.0,sports_leisure
68d7949e35f82cd3f46fbd04414777f9,1.0,150.0,16.0,8.0,12.0,sports_leisure
0449efdb5b6a5d301b098972abd1749e,1.0,375.0,21.0,16.0,12.0,sports_leisure
17ebb5f3d26d2db3afcd24d2d68072a0,1.0,150.0,25.0,5.0,20.0,sports_leisure
461c7fdbb5a6a7fe3bc51bf7f4e3677d,1.0,2300.0,21.0,21.0,21.0,sports_leisure
f67a0e2d24ab234b2cd6da21273710e5,1.0,300.0,20.0,11.0,11.0,sports_leisure
2540f260f9e39c68fa76e87c41220c28,1.0,391.0,21.0,19.0,17.0,sports_leisure
d95338f5403a401b525db6de4c2dbd0c,1.0,3600.0,32.0,24.0,24.0,sports_leisure
3c79c623b50ffefacfc19d28091d4ddc,1.0,1833.0,58.0,9.0,58.0,sports_leisure
42c3b322d319a613dae422ea4087995e,2.0,2200.0,27.0,32.0,17.0,sports_leisure
747956d76beb580b5f11373118fd489d,1.0,600.0,16.0,23.0,16.0,sports_leisure
423e6c3511b9efa885cbef713ed97b0b,1.0,1250.0,40.0,20.0,20.0,sports_leisure
26cb1187a1582777242a5907bdaae664,3.0,1067.0,20.0,7.0,15.0,sports_leisure
77c0761ae16fdb908f9d7f12ef176a14,7.0,2500.0,42.0,33.0,12.0,sports_leisure
47b627a984bc4bde1b90fcb73fe0fd3c,4.0,550.0,33.0,12.0,33.0,sports_leisure
f663527ddb1b3def5cf66a2324c3402e,2.0,400.0,16.0,8.0,11.0,sports_leisure
981d19b32de498335ca41b1faf1b4e35,1.0,575.0,21.0,16.0,11.0,sports_leisure
719e28d81da534e007a853030cb8dad7,1.0,200.0,28.0,5.0,14.0,sports_leisure
4c82a40c8390fbe525e50bd06fcebe80,3.0,150.0,16.0,6.0,11.0,sports_leisure
1081ae52311daac87fb54ba8ce4670ac,1.0,300.0,27.0,9.0,14.0,sports_leisure
724dc24aa8d029d5d48b38bbbd54ec20,5.0,483.0,26.0,10.0,14.0,sports_leisure
aeb383f37bb53452cce26e3da03a6d80,4.0,650.0,16.0,16.0,16.0,sports_leisure
e5c969a4ba30054ad838a06f35b15092,4.0,200.0,21.0,13.0,26.0,sports_leisure
71577b7befec8802e6153ca6b35a793d,1.0,400.0,25.0,12.0,17.0,sports_leisure
8bd777f5db44c740f895dfc67733168d,6.0,1300.0,25.0,30.0,40.0,sports_leisure
b0f007aa08f8289b1b3471eda48c8d9c,4.0,2000.0,16.0,50.0,16.0,sports_leisure
a98657f6c266c87a5477b593aa1b7a80,1.0,1350.0,26.0,18.0,18.0,sports_leisure
e3de19106e36f3981c320553135a6610,1.0,500.0,24.0,20.0,20.0,sports_leisure
8a90417eb713be09fd87a5d077ae06a2,10.0,500.0,20.0,10.0,15.0,sports_leisure
cbd2c1ba72b7f4ce36a69fd430c019ae,1.0,2380.0,32.0,30.0,23.0,sports_leisure
59391e840980a4bb6df5f44d3d734df7,4.0,600.0,16.0,4.0,13.0,sports_leisure
aee1ce7ad6628e95724fb80c24479c57,2.0,900.0,60.0,15.0,15.0,sports_leisure
bb1865456593db5a35bcc2b23174a09d,4.0,7450.0,101.0,16.0,32.0,sports_leisure
66fb55e3750680af350c489f504762e2,4.0,5650.0,77.0,16.0,19.0,sports_leisure
def19e614797eefc0a11face884c50ba,1.0,350.0,25.0,10.0,15.0,sports_leisure
7cf14faf0bbe9357dbd24b4a1de69f2d,2.0,150.0,28.0,5.0,14.0,sports_leisure
83f2c628d86dde5369cde6ffb51d919a,6.0,600.0,40.0,9.0,15.0,sports_leisure
4cb35e544a1de008f37e069f172f964e,1.0,175.0,16.0,5.0,11.0,sports_leisure
0a90097256285aa4c813f41e6fc1e6ee,1.0,7150.0,35.0,35.0,35.0,sports_leisure
710e8b076db06c8e5343a9e23f0e3d83,2.0,600.0,30.0,20.0,20.0,sports_leisure
53bf7ec76fb003c1e46c3811fb17727f,1.0,300.0,20.0,20.0,20.0,sports_leisure
996eb2b25eaeb6c3435aff3ccd3fd3f7,1.0,2400.0,16.0,16.0,16.0,sports_leisure
4906d62973cf8df98e77484df13685ac,1.0,200.0,16.0,16.0,16.0,sports_leisure
d17fcc262e1deff42dc118031835f4f6,1.0,145.0,18.0,9.0,14.0,sports_leisure
8b6c7a1576a913518e4085451e978bf9,1.0,867.0,21.0,18.0,16.0,sports_leisure
0a904457e165bf24b90921754b4a5888,1.0,1350.0,31.0,33.0,31.0,sports_leisure
7ef3a40a669c333563b5db14510333d3,1.0,150.0,19.0,5.0,16.0,sports_leisure
80c8ac047ca651a5672b8a7973085640,2.0,4450.0,34.0,29.0,11.0,sports_leisure
9af9da5cd0200f1ebd194aead2184c66,1.0,2950.0,32.0,24.0,22.0,sports_leisure
88cb48d5db69a7413a20a707e25ec2d6,1.0,850.0,40.0,28.0,25.0,sports_leisure
32b9c3230a57c4312a9419c44a2e45ef,6.0,1600.0,95.0,16.0,16.0,sports_leisure
0b6f7f321aeac91ef72512bbae664b13,4.0,5400.0,16.0,50.0,16.0,sports_leisure
58133902386a146205b7686ac63d6ed0,4.0,550.0,32.0,11.0,22.0,sports_leisure
99a4ae1a9ff32f696460a9295533d2e2,2.0,550.0,90.0,15.0,15.0,sports_leisure
46d6fa3170df63d5372aa59928ba33dd,2.0,1000.0,60.0,15.0,15.0,sports_leisure
68e3ddebebde61d68a6a35c3734bfb0f,3.0,400.0,16.0,10.0,11.0,sports_leisure
013cc658e88b36989b48b2bd5f7add59,1.0,1050.0,30.0,25.0,25.0,sports_leisure
9d7acafdb1af47f7a77980febab19f7c,2.0,1000.0,26.0,14.0,16.0,sports_leisure
512a1d3b016cbc85a8359c3fc99b4abb,1.0,3127.0,41.0,35.0,32.0,sports_leisure
0a3d0e8c9d5c6e92b034ab390cda4a48,1.0,750.0,30.0,30.0,30.0,sports_leisure
102b1fe1f933799b59ec8fd2ae89d7e6,1.0,1200.0,16.0,25.0,16.0,sports_leisure
f32941d7c00c56b8d7a3723c8ebb4be5,1.0,22700.0,32.0,40.0,54.0,sports_leisure
de751fbe7256ab7f3b6378573c86f227,1.0,4600.0,26.0,22.0,22.0,sports_leisure
0a32970769398151da435910bce405e4,1.0,608.0,22.0,15.0,18.0,sports_leisure
79b43b8b16a6d58932c558b2aae57033,3.0,411.0,22.0,15.0,20.0,sports_leisure
55729c65a6d4638ba2d0fabc0ad9e571,4.0,886.0,26.0,18.0,19.0,sports_leisure
d83ccbce75276ea1da5ca97cc4d800d9,1.0,1000.0,25.0,35.0,30.0,sports_leisure
c10d842a54be2035918ad421a74d46c2,1.0,500.0,18.0,7.0,12.0,sports_leisure
781afe929e3016a667f5f439afd55fce,1.0,400.0,18.0,18.0,18.0,sports_leisure
d0b1ecfae93aa9d505e6528b70740de4,1.0,2200.0,16.0,16.0,16.0,sports_leisure
3335339c7311da7d9efe5f8efb6fb00a,4.0,1500.0,26.0,26.0,26.0,sports_leisure
be62243c73473ddb40dca0d1cf38bc87,2.0,600.0,16.0,10.0,12.0,sports_leisure
a3f56e065e4c60c0600f98a3fa89be2a,1.0,441.0,21.0,20.0,16.0,sports_leisure
9f2d380101b20c5fb31454776800c445,3.0,1300.0,80.0,8.0,15.0,sports_leisure
66bec13b9ebe0d45e2589d18e9b160a4,2.0,900.0,60.0,15.0,15.0,sports_leisure
b172c068c89df3cff72554d77bf05a0f,1.0,200.0,30.0,20.0,30.0,sports_leisure
97bb088389e83ef547d4f736067ada7c,1.0,850.0,35.0,15.0,30.0,sports_leisure
b846c1b90a30689a98f530aa20edd424,4.0,13300.0,64.0,35.0,35.0,sports_leisure
a16c7e7425c24fdb94f76f2ed4291de7,1.0,300.0,20.0,20.0,20.0,sports_leisure
f46098048d1a0c30ce1495246b8fd752,6.0,700.0,18.0,34.0,14.0,sports_leisure
fb5652834b0fb807ee5c4767e303e4eb,1.0,22850.0,19.0,16.0,19.0,sports_leisure
30469bb5ea377eae7121981e2f0778e4,4.0,5950.0,20.0,30.0,80.0,sports_leisure
362e37b5c8826ef516a607cb5f99b8f1,5.0,13350.0,35.0,20.0,95.0,sports_leisure
e31cf1512c0473f66814000fbc9ad337,1.0,975.0,32.0,15.0,36.0,sports_leisure
1277ea8bc2cac6f6e5738a15f8d90e8a,1.0,1150.0,21.0,18.0,15.0,sports_leisure
feb94d995efca232513a7baffff772b8,1.0,400.0,16.0,5.0,16.0,sports_leisure
236c8998f9a6e6150cdfb75fed83c15d,1.0,300.0,20.0,10.0,15.0,sports_leisure
e42fc145ca9138f0ccc52d9a8d99e7c8,6.0,500.0,23.0,12.0,12.0,sports_leisure
47a465cc5e0ae0b5cfa55a76909639a3,4.0,525.0,17.0,14.0,16.0,sports_leisure
1a053f9619cbdb4a83c0f61a68d01211,2.0,150.0,20.0,10.0,15.0,sports_leisure
0ad10ec3dc489499e5d7cd19b5181ffe,1.0,21300.0,19.0,40.0,19.0,sports_leisure
5c77339ada5044e33450d5c2660692e0,1.0,150.0,16.0,16.0,11.0,sports_leisure
be4e205f4a7283ce05c3b9365d283adc,1.0,275.0,32.0,20.0,33.0,sports_leisure
3570caaeaa3f5a1ae76392bb2b4155f9,3.0,1550.0,62.0,18.0,15.0,sports_leisure
26028d8fc5ad4bb87ebc3675d49b2ae9,5.0,29750.0,16.0,40.0,50.0,sports_leisure
0f3288619c16188d156acc3ba91f36ab,5.0,300.0,20.0,15.0,15.0,sports_leisure
9d97c3a4538b02f9310eefcce83c7e74,1.0,400.0,30.0,20.0,21.0,sports_leisure
fb9840b7c9aa168ac9555999557fdf26,1.0,400.0,18.0,18.0,17.0,sports_leisure
c3b01b2e86b6fef991c30e470d191d44,1.0,6600.0,23.0,4.0,23.0,sports_leisure
d5157c07fad9d63463fda055f91da324,6.0,1699.0,22.0,11.0,15.0,sports_leisure
40a13d0a09a3d1334e8537ce3194f0ec,1.0,550.0,20.0,20.0,20.0,sports_leisure
c98758f52b522bc5fb31ab10715553e2,1.0,350.0,20.0,7.0,14.0,sports_leisure
06a47d0ecd4561565deab3dfd7d3c0ff,2.0,400.0,30.0,20.0,20.0,sports_leisure
c49543f64e565e811a038b0b637df478,1.0,200.0,16.0,11.0,11.0,sports_leisure
2cc9fe0726e28bee40b04417a8971b53,1.0,2600.0,30.0,30.0,20.0,sports_leisure
7b66dd141e94feae8c845e69fa60ac9f,1.0,1200.0,25.0,20.0,20.0,sports_leisure
b1e099942b15d8851265f7fb2de457cf,1.0,550.0,19.0,16.0,16.0,sports_leisure
e039dcab487fb6c6901fcc65bfa82593,8.0,900.0,25.0,40.0,15.0,sports_leisure
7e93d6b6ef018d488da72952ce48fb9a,2.0,2800.0,36.0,20.0,29.0,sports_leisure
9bf39940ea9c92c0036e06c6cd577cbd,1.0,2450.0,32.0,22.0,22.0,sports_leisure
ee232674616de808d98d869168d6217f,1.0,300.0,16.0,16.0,16.0,sports_leisure
c81cd71a00c2928c93e3f91cabd99582,1.0,2100.0,31.0,36.0,31.0,sports_leisure
7b2048b31748f29c4909d1d69540340b,2.0,300.0,20.0,10.0,15.0,sports_leisure
f17919cd5c50df5ea6b11d9665a0eb2f,1.0,1150.0,31.0,29.0,29.0,sports_leisure
afd22faefd9584467a374bf7a50f0996,3.0,150.0,24.0,5.0,16.0,sports_leisure
6ef30104ba621f56c4fa8e27d54b9d0e,5.0,500.0,25.0,15.0,20.0,sports_leisure
5b457a0222eba04e6066025115952773,1.0,450.0,33.0,20.0,20.0,sports_leisure
5aea35fa2cc43f29f85b3ee4db24c3cd,1.0,150.0,16.0,20.0,11.0,sports_leisure
9a81ff03e62cb56207c77fc1e718a4c4,1.0,1150.0,34.0,15.0,15.0,sports_leisure
ed559580d7be0449d8211dc4addc4108,3.0,2700.0,30.0,25.0,25.0,sports_leisure
3fd11c8df5b2569660e2613c1bf20f3b,4.0,1771.0,29.0,22.0,30.0,sports_leisure
c69a909c359c635a647fb23aff17b362,5.0,700.0,100.0,19.0,19.0,sports_leisure
534f3427412169450d7a63330dc968e7,3.0,400.0,25.0,25.0,25.0,sports_leisure
55b22991373bc1fc844500be10faf60d,1.0,1900.0,23.0,32.0,23.0,sports_leisure
316f27506e0f2a39700f801e859576eb,2.0,700.0,60.0,15.0,15.0,sports_leisure
e3c0fe9e5a36dc645cee4e5a2ec95f60,1.0,2450.0,29.0,25.0,16.0,sports_leisure
bded2bc068525f00b659bd2e7268b4c1,1.0,200.0,19.0,13.0,16.0,sports_leisure
39d927da9853bc98764f42316d02351f,1.0,2100.0,33.0,25.0,28.0,sports_leisure
ba03e6c239904dbc13631313f7ba9d07,1.0,16150.0,28.0,15.0,15.0,sports_leisure
6c0d548acd149f30331671548dda66e8,2.0,1400.0,80.0,8.0,15.0,sports_leisure
3581206bcfdc0f2611c3d1e8edb87719,1.0,2300.0,23.0,11.0,11.0,sports_leisure
b77ac7c9a13af7627089df0a46b54211,1.0,600.0,16.0,10.0,12.0,sports_leisure
2959ca8d7fbed9fd95b119eb7171fbfc,2.0,150.0,20.0,4.0,15.0,sports_leisure
f6af530ddbadf0aaa7203f45880d760d,1.0,600.0,18.0,18.0,18.0,sports_leisure
12877fc7456089310c5e6c441e696886,1.0,4900.0,20.0,26.0,20.0,sports_leisure
7b1f89874277e47ac905f072ea8bc2fa,1.0,2000.0,28.0,26.0,23.0,sports_leisure
875fb9ce8ae73f00dff3c9e0f710fe84,1.0,710.0,16.0,15.0,14.0,sports_leisure
f9912baa2dc6e701cce5431f13339b4e,1.0,500.0,20.0,20.0,20.0,sports_leisure
d3abd6fb1e0f4add4d6f466dc32accc8,5.0,900.0,16.0,7.0,11.0,sports_leisure
1d3ecbda18167c766a3381fd16108e4a,1.0,1700.0,41.0,10.0,35.0,sports_leisure
81f6e31d9c9f06fc5beb564d6c632cac,2.0,250.0,25.0,10.0,15.0,sports_leisure
9169f70b7ce1138ac35678432d1e5ff2,3.0,300.0,20.0,10.0,20.0,sports_leisure
5f4a2dd6b0e07a858c761e41abc8ec8c,4.0,1100.0,20.0,10.0,20.0,sports_leisure
ad80a47aabd6cc2b47dbc6be05e5bdf7,2.0,500.0,26.0,16.0,21.0,sports_leisure
b321301cb912a05624a28cb29c6566a7,2.0,1150.0,60.0,15.0,15.0,sports_leisure
cd31f128f4df5c5d396bd9125bff346f,1.0,12700.0,40.0,11.0,15.0,sports_leisure
35c22f2ce4b0627c44c10feec4d02c4d,4.0,1850.0,16.0,4.0,11.0,sports_leisure
2b6aba96aca0f3f5f28779c8a4395f42,1.0,2700.0,85.0,16.0,26.0,sports_leisure
774e21c631ca26cba7b5606bdca7460f,1.0,300.0,20.0,4.0,21.0,sports_leisure
49e25af5dc73ad7ac3fefae03aea3e61,1.0,1000.0,17.0,105.0,17.0,sports_leisure
c21d0cfb10ff3cef881d63e1be43f260,1.0,118.0,17.0,8.0,13.0,sports_leisure
8e6530e49c89cea1759a5876a193a777,2.0,550.0,16.0,20.0,15.0,sports_leisure
88a82488ded06b62a95df35c384cabfb,1.0,100.0,16.0,7.0,17.0,sports_leisure
f47e9f620b8d76081a0b6ef6ffd5481b,1.0,1100.0,22.0,22.0,22.0,sports_leisure
371aee0c62742638ecc8c56910184dc8,1.0,350.0,16.0,14.0,16.0,sports_leisure
bb4f8cfc76a66cb770208b2c1d2c6269,1.0,1400.0,20.0,32.0,20.0,sports_leisure
a5bb3dccb1334216320e482f44fd428b,1.0,1150.0,16.0,16.0,16.0,sports_leisure
76e855b70f3c3b10b9cb7ac8f19c2ed0,2.0,1200.0,30.0,30.0,30.0,sports_leisure
2eb72d11643aaae8f92fafc9296674c8,1.0,200.0,21.0,21.0,21.0,sports_leisure
0ae7a3cd926fa82531a24891c2647b0b,1.0,15850.0,105.0,65.0,25.0,sports_leisure
ff7824d83aca56224fa3e3b524748ec5,3.0,600.0,28.0,25.0,25.0,sports_leisure
7c4625a299889fb920765a0cac740045,1.0,1350.0,35.0,25.0,25.0,sports_leisure
e4782ca6e59722999a1b22f350c28ddb,1.0,1092.0,27.0,27.0,23.0,sports_leisure
7167a194119e3d3b0da13963e0417c8e,1.0,3400.0,23.0,22.0,21.0,sports_leisure
41840148302aa7f0c86e7c3f875c6f08,1.0,713.0,29.0,12.0,21.0,sports_leisure
00efb9a8ce0cf3b2f37892ab003edc10,4.0,2217.0,49.0,35.0,47.0,sports_leisure
5dd65915a87e9031993b18e481a3cbe5,2.0,100.0,25.0,6.0,25.0,sports_leisure
7764215b7e09bfc5d5d1c8fe89eef727,3.0,500.0,20.0,20.0,20.0,sports_leisure
5f2bbb2425de4f4853839fd12fc87d6e,3.0,725.0,51.0,11.0,34.0,sports_leisure
27af179c53bb244ebe3a62f66549beb3,3.0,3900.0,80.0,21.0,17.0,sports_leisure
5d978726f875efd5fc81fcd39174d18c,1.0,2450.0,38.0,24.0,22.0,sports_leisure
bfe971134cd80983396db76ee3c9d79d,1.0,4600.0,20.0,26.0,20.0,sports_leisure
1f305b83cff66e6473d13aa6c64e5a20,1.0,2400.0,90.0,16.0,26.0,sports_leisure
cc1829caca1897ee76144ef20a32330f,8.0,7900.0,100.0,20.0,30.0,sports_leisure
784e39ab037dd49f0ba988ce328336a6,2.0,400.0,16.0,14.0,12.0,sports_leisure
67031f1b5ba68a9997efb630e43ada88,1.0,288.0,19.0,15.0,16.0,sports_leisure
a9410f6e58948e056b9eae0653aa0c75,1.0,253.0,16.0,11.0,13.0,sports_leisure
e527af42fb2b8d253e47fdb6e7af7db9,1.0,640.0,18.0,20.0,16.0,sports_leisure
348ddc765722b7885d765f63eed52eed,1.0,2600.0,40.0,24.0,35.0,sports_leisure
eafe7084b1d20c58faacfe86983c73ad,1.0,18000.0,97.0,14.0,28.0,sports_leisure
0bc4d2de176747bbc8b5e680bfdb66b6,2.0,4750.0,20.0,20.0,20.0,sports_leisure
5ab02ca028398131a5ae91401eb49788,2.0,700.0,26.0,16.0,21.0,sports_leisure
560d9dfbf91783d36e00581a288fc86b,2.0,1350.0,40.0,20.0,30.0,sports_leisure
1729e3ddaf29904f44575844e62cbdce,2.0,1750.0,60.0,15.0,15.0,sports_leisure
0f92f397b79607d4226672220bd7a291,1.0,975.0,35.0,19.0,16.0,sports_leisure
94b8c08d077273b9896ca6461d4e6e1e,4.0,100.0,80.0,9.0,23.0,sports_leisure
1a640115fd96b578625ee5e51e55877e,1.0,26100.0,33.0,10.0,11.0,sports_leisure
584c6fe37bfcd52c63fac43e26c71b83,1.0,2150.0,16.0,5.0,16.0,sports_leisure
62984ea1bba7fcea1f5b57084d3bf885,1.0,1092.0,30.0,26.0,22.0,sports_leisure
011967a30ceeaa86acb72e79664544ad,1.0,4100.0,17.0,105.0,12.0,sports_leisure
d0da0345df589654ca7d8b18cef53324,1.0,500.0,46.0,8.0,44.0,sports_leisure
4e6b5b56a9001b46647ece05cef25465,6.0,1100.0,80.0,8.0,15.0,sports_leisure
96e5e61e0d12e5a00d818f9d6e7f3670,3.0,16700.0,55.0,70.0,15.0,sports_leisure
702a14f9c5a93130c3346c4de901d864,1.0,250.0,28.0,28.0,28.0,sports_leisure
63ee501f72520d5ec54cef5fd3a21a20,3.0,1093.0,20.0,14.0,18.0,sports_leisure
f573344a8a4030dcba9a21e9c51829c1,1.0,400.0,22.0,15.0,22.0,sports_leisure
ceb8943f1e828dc9b58eeb0d0c83a377,1.0,3300.0,25.0,8.0,25.0,sports_leisure
fe3d99587f58ad918a2241f5c7dfa274,1.0,3700.0,33.0,36.0,33.0,sports_leisure
ca8df6d98683f15986ab0d2e2d6f0939,1.0,470.0,19.0,17.0,15.0,sports_leisure
d45f43af9b205b51568f78314d3057a6,3.0,3050.0,20.0,20.0,20.0,sports_leisure
d7fde05be73032f8b6764298d1f40b4d,2.0,900.0,28.0,25.0,25.0,sports_leisure
a92e80a616f43e92e581a60fa5b30dfb,1.0,500.0,16.0,16.0,16.0,sports_leisure
fd1d81ca3e323dfc0b3f48e0225e4bbf,2.0,6500.0,20.0,20.0,20.0,sports_leisure
9b3d7d1f427df3cf9a6e4fa9a3cba6f9,1.0,200.0,16.0,5.0,11.0,sports_leisure
04f9ba792a88dcfa0a4ecadb4d0ad913,2.0,500.0,17.0,31.0,18.0,sports_leisure
e7e04378fa044f94470c5486c6896ed5,1.0,150.0,22.0,17.0,14.0,sports_leisure
1522a5bd5aab30ceb119c8fb8ec5a8f0,1.0,190.0,22.0,5.0,15.0,sports_leisure
7858ef2bdbf08f635dedbe5cd1dc966e,4.0,1500.0,35.0,20.0,15.0,sports_leisure
46444262c3cb20869d7f96985fc0b08a,7.0,4750.0,102.0,10.0,22.0,sports_leisure
fb2631932085fc37d651d3408aa65a8c,4.0,800.0,23.0,23.0,23.0,sports_leisure
3b43f7794dc5da533ffd74ebfeccf539,1.0,467.0,22.0,26.0,22.0,sports_leisure
5895e5cc058d6773e63c7084c7f6e636,1.0,375.0,17.0,12.0,17.0,sports_leisure
49366a8fab2e191239a143647474e7fc,2.0,374.0,22.0,14.0,14.0,sports_leisure
dd2ab8097e36b7a1f348e87f9b22d09b,2.0,2541.0,60.0,21.0,19.0,sports_leisure
5db9185f3c52c4c488fd8a8dcea629f1,1.0,1350.0,30.0,30.0,35.0,sports_leisure
983a67406e3e74f6b7b27168cf61d6d8,4.0,467.0,46.0,11.0,14.0,sports_leisure
3f884cbd108b288036c2e707bac1a5cb,1.0,1300.0,60.0,11.0,23.0,sports_leisure
8c0c378bf3515c9c2543766389a5532c,1.0,170.0,22.0,14.0,19.0,sports_leisure
9ede4fa4d396a0b47c8b5524103436fb,1.0,450.0,16.0,12.0,12.0,sports_leisure
c5038055690911ed8e218cceb07acdf8,4.0,3500.0,86.0,26.0,18.0,sports_leisure
0878701fe7102eb1ba7f0f00229b7944,2.0,950.0,17.0,5.0,14.0,sports_leisure
55cbb9dbf16b1061448359e18094e75b,1.0,200.0,20.0,20.0,20.0,sports_leisure
bd4007f3a50676aa56e2696897f4a706,4.0,3900.0,30.0,80.0,20.0,sports_leisure
be1e5f5f774bd9ff91582239f038600e,1.0,4525.0,65.0,16.0,40.0,sports_leisure
c997c21dbbcb609d50e418f73437eae5,3.0,600.0,40.0,15.0,11.0,sports_leisure
5ad10e52cf040b4a6fe4f0c0d513d3cc,2.0,400.0,45.0,15.0,16.0,sports_leisure
ccb28ec14bd00f54ea07dcfdeb39e78e,1.0,3600.0,31.0,37.0,31.0,sports_leisure
3ac29f1f25166dcc60b97e65d9a5885c,2.0,1050.0,80.0,8.0,15.0,sports_leisure
e9b2560544c293e02f2b966041e10f24,1.0,1143.0,24.0,22.0,19.0,sports_leisure
822935b19e0d2a75de435a84fb302d58,5.0,250.0,30.0,8.0,20.0,sports_leisure
897839cf4f8719dfc89308893a53781a,3.0,3200.0,40.0,30.0,25.0,sports_leisure
55b1754d4763895e5340e8bd8cb83946,1.0,5700.0,28.0,11.0,11.0,sports_leisure
abf31c4162c38c15d44f1c62de528fc2,3.0,100.0,20.0,4.0,13.0,sports_leisure
220936209904d02af36d9aabe5343c8a,1.0,550.0,21.0,21.0,19.0,sports_leisure
cd2c32309d7b8b42e045c6701ffcffb9,1.0,630.0,19.0,21.0,19.0,sports_leisure
ce2c8e8fb6241fbc08bbed5a8c6e92cc,4.0,150.0,20.0,10.0,15.0,sports_leisure
1ed5f2a2e075f5f245029c6b61420dae,1.0,300.0,25.0,25.0,25.0,sports_leisure
a322cb898d31adbe4a4de692f4bc0276,1.0,1200.0,19.0,18.0,16.0,sports_leisure
0c64fefac4191aa99cb7007bb10c6c77,1.0,10200.0,100.0,20.0,25.0,sports_leisure
297b1803f900002706c8de3e0a77d217,1.0,6600.0,30.0,30.0,30.0,sports_leisure
a822f75b08133d32f99d68448e2fcedc,3.0,950.0,37.0,20.0,17.0,sports_leisure
e092a755ac13354974ebdaeddf39deb0,3.0,375.0,23.0,23.0,23.0,sports_leisure
f961683d82cf9021acfcd05a6c9e38d0,1.0,3025.0,35.0,22.0,17.0,sports_leisure
2b284ca976943311c427da3bba8f47ff,3.0,750.0,23.0,28.0,38.0,sports_leisure
5118d39afe332258d1428a98db06e8c8,3.0,1800.0,55.0,10.0,14.0,sports_leisure
c3debb9f3fb28192343a8f757fd3dc0c,1.0,400.0,16.0,10.0,11.0,sports_leisure
f42b6d7b1de09b0216895a6dd9621c79,3.0,900.0,22.0,5.0,50.0,sports_leisure
e5063ce7fff1cf7cd528dc4c1e7dcba8,4.0,600.0,47.0,13.0,13.0,sports_leisure
f567d4c09e85e4faf20f896b363fb827,1.0,200.0,16.0,7.0,21.0,sports_leisure
ef7352a2d8b4adc975b83c8e8c23da5c,2.0,210.0,17.0,13.0,16.0,sports_leisure
54bdcedc88ea391aef4f35cc5f54342d,1.0,200.0,16.0,16.0,16.0,sports_leisure
2ac901d0db36c8db956047843482ae65,1.0,400.0,34.0,16.0,16.0,sports_leisure
cbc1321327e4846330530a9abcc13841,2.0,850.0,60.0,15.0,15.0,sports_leisure
4bdceb4d305fae441dc42d7788a57f75,1.0,350.0,20.0,18.0,18.0,sports_leisure
2efa6045e8d94172a5502d33e578656d,2.0,275.0,21.0,8.0,17.0,sports_leisure
a4167d08b603cb1a06a87a41c9f3adbd,1.0,500.0,16.0,14.0,14.0,sports_leisure
8705992a02b96945da8236fe126feca8,1.0,1300.0,20.0,30.0,20.0,sports_leisure
c6c4ba8c85c4f5ffa22b732272a0e99d,4.0,321.0,17.0,13.0,15.0,sports_leisure
cc5004d18b1b9d795cb5043c2d75f66c,1.0,1400.0,105.0,10.0,20.0,sports_leisure
f0640b4a03b7e2ea8a99b656dc8421ef,1.0,4100.0,28.0,18.0,18.0,sports_leisure
dd113cb02b2af9c8e5787e8f1f0722f6,1.0,8000.0,55.0,25.0,45.0,sports_leisure
fc3d0f0efacfaae58292fed1ab69fd47,1.0,450.0,25.0,15.0,11.0,sports_leisure
8c0935536ddc382900163bdbbd1975ff,2.0,1300.0,85.0,6.0,23.0,sports_leisure
8d4e4bf855847314fb47989bf2f78aa8,2.0,1300.0,66.0,9.0,16.0,sports_leisure
132069c6f99d20d9e0ea2b5b1143ec66,3.0,697.0,17.0,23.0,17.0,sports_leisure
0f461354af6a2189ef983f8e7a3390b5,1.0,167.0,19.0,11.0,13.0,sports_leisure
d56781dd9e632e4460c10d95167e5840,1.0,1500.0,30.0,40.0,40.0,sports_leisure
47ce15bd790ba2e089ce44e95c9f1c1d,4.0,1009.0,17.0,14.0,13.0,sports_leisure
091af6c2d579fe0926b4fcb8db07f78e,2.0,2350.0,20.0,20.0,20.0,sports_leisure
f6b95bf0206dac805cbbf5807acce648,3.0,313.0,21.0,20.0,12.0,sports_leisure
95b7ae3076a4c91f203a0c3dd9a54b57,1.0,350.0,18.0,12.0,15.0,sports_leisure
2c612d9f04a4e74f68ce85d201c704e8,1.0,950.0,26.0,25.0,22.0,sports_leisure
8def15a9a64f1e5f1591ceb6265570c6,4.0,14600.0,52.0,40.0,42.0,sports_leisure
48640118918b5bd6454e3fee20ad637b,2.0,2800.0,104.0,5.0,80.0,sports_leisure
0d0f800ef21c01c777f2b36329584404,3.0,150.0,20.0,25.0,25.0,sports_leisure
2c8238c5ab463c9d8cc054dedfc140c8,4.0,211.0,16.0,22.0,11.0,sports_leisure
cdcb999fe37b74a0422b6865b79aa570,2.0,2100.0,60.0,15.0,15.0,sports_leisure
594bff45af61fb86865982df0382ad42,1.0,400.0,27.0,9.0,14.0,sports_leisure
c7ca99b36741a465e2ea397d5091105f,6.0,150.0,26.0,2.0,21.0,sports_leisure
5a7373ba4c9b3e13513ded06cd1986c4,3.0,105.0,20.0,20.0,20.0,sports_leisure
8557bd1de3672759c2c9321b349c32b1,1.0,800.0,22.0,15.0,22.0,sports_leisure
ddbcffa21df7d85a96fc395a6d9ca334,1.0,200.0,16.0,9.0,16.0,sports_leisure
a8f31c4f4cc9429e3c72db72dec3fc1f,1.0,650.0,16.0,8.0,13.0,sports_leisure
fc93dd7f733b2e9ed94453e40e4fa677,3.0,150.0,20.0,10.0,20.0,sports_leisure
acaeeff80ea0d1f8206f4b25c32fe18e,1.0,5900.0,28.0,9.0,11.0,sports_leisure
cf12b06885d2d33726d6a0eeb2714fa6,1.0,214.0,17.0,11.0,14.0,sports_leisure
9cfd1f36525a6b46d3e0b7f1e153fa4f,1.0,450.0,33.0,20.0,20.0,sports_leisure
29d5359e5182f2c0632e139faf56b663,1.0,2243.0,37.0,32.0,33.0,sports_leisure
e0b18098e84fa7ea163be5fcdd1b239c,1.0,750.0,18.0,8.0,14.0,sports_leisure
1b9c9c11fdac157197ea45527ffabae2,1.0,1125.0,30.0,23.0,26.0,sports_leisure
51065e36eb621dc8c9be3e291b1d41de,1.0,450.0,33.0,20.0,20.0,sports_leisure
7eabb546be2a37893a361faab2b447a1,1.0,3300.0,22.0,22.0,22.0,sports_leisure
3da9360d771a31592cd2b789501a9ffe,1.0,400.0,18.0,18.0,17.0,sports_leisure
b42d0b0ff31b842e6cd8a86a40919d63,4.0,2500.0,55.0,10.0,20.0,sports_leisure
9ee8816f1d901f62f4c8b2bd32e46b4a,1.0,150.0,30.0,5.0,40.0,sports_leisure
597b41d8d84933e89685ba67a4d595b7,2.0,900.0,28.0,25.0,25.0,sports_leisure
be127a8a979cd5d591ea345f10bba28c,2.0,350.0,26.0,5.0,13.0,sports_leisure
87600b5691804854827b5df8c04767b2,1.0,1300.0,22.0,18.0,18.0,sports_leisure
30780c2d80f329c7dfbf524eb87da4ed,1.0,3400.0,32.0,24.0,24.0,sports_leisure
32858f3e59ed1a89aa0cdaf654449399,3.0,6400.0,30.0,30.0,30.0,sports_leisure
c10524227a6e64172e6eddcc91279aab,1.0,6050.0,60.0,10.0,60.0,sports_leisure
a55b9bc476c34d53d8f3f27c922f6374,1.0,800.0,16.0,16.0,18.0,sports_leisure
9ae571ce02784cd1dd2e3923fa636058,1.0,18200.0,19.0,10.0,22.0,sports_leisure
fd7fd78fd3cbc1b0a6370a7909c0a629,1.0,400.0,16.0,16.0,16.0,sports_leisure
9ebb48bdfe9f9c51c6c9f8a32a18d67f,1.0,3000.0,29.0,40.0,29.0,sports_leisure
926454d19f2417167bf0a9488af66a4a,3.0,5000.0,100.0,9.0,23.0,sports_leisure
69a6db5384c989b74cfe3f82ac932da7,1.0,1700.0,25.0,25.0,25.0,sports_leisure
0660211440ed1391f5375fbaa39443b7,1.0,1600.0,31.0,33.0,32.0,sports_leisure
6c96a2727d7c8e30804367b7341c7b9c,1.0,250.0,21.0,26.0,21.0,sports_leisure
26e253f334cf93847fcbf6e9faf51eb4,5.0,6650.0,93.0,6.0,93.0,sports_leisure
e0e83e0b538dc1d9a1c6568d3a94034a,2.0,2300.0,20.0,20.0,20.0,sports_leisure
5956cad5849f642bfdf5d50303952beb,2.0,500.0,17.0,17.0,17.0,sports_leisure
87b28d72d12acf347bee8bec0bc7d2fb,2.0,4500.0,26.0,11.0,33.0,sports_leisure
72172e982e8b92155069e4201c92c0bb,5.0,200.0,28.0,10.0,13.0,sports_leisure
10d13c18c631962fdc16cf4bbe67c730,8.0,10200.0,105.0,18.0,28.0,sports_leisure
c4a6de6225217d4539c861c0b6316d86,1.0,700.0,27.0,12.0,49.0,sports_leisure
cce2229eda675cb0cb95616917bbb34b,1.0,160.0,18.0,8.0,13.0,sports_leisure
47ef5dcb5b7bf6d8716ec362e1f6e22b,5.0,1100.0,20.0,10.0,20.0,sports_leisure
a2a90c1a0501c5148928da33b033dee8,1.0,500.0,36.0,10.0,28.0,sports_leisure
82f5ee2c97b22f801282f0242819d957,3.0,188.0,18.0,12.0,17.0,sports_leisure
077319a417872fe55c94c3883610b874,2.0,6600.0,90.0,20.0,25.0,sports_leisure
05fa3b5ecdf7f54e97fe25127db0ee7c,1.0,2000.0,23.0,16.0,18.0,sports_leisure
b1e7e283a4b6203aa8adbafe09c2a521,3.0,18100.0,55.0,40.0,48.0,sports_leisure
12a146749cb72ebfde01a89105df1897,4.0,233.0,22.0,16.0,14.0,sports_leisure
b4766a40cc26d3a39bdb32b1c01ea5e1,1.0,1020.0,26.0,23.0,20.0,sports_leisure
683c8786ca01784e4bb63ef33b3608f9,1.0,2000.0,30.0,10.0,25.0,sports_leisure
669998ba8fa6ff5fe25cd38c8f77b368,1.0,6150.0,20.0,27.0,22.0,sports_leisure
c4fe6560e914f2830b4a189e91202c29,1.0,400.0,20.0,50.0,50.0,sports_leisure
42bf9ee410b1247f0223626107834b87,1.0,1350.0,20.0,30.0,20.0,sports_leisure
6ca1597b8e5f2618c47b414b68094450,1.0,600.0,17.0,2.0,16.0,sports_leisure
145af826c44181c994b7476667a3ab00,1.0,300.0,20.0,20.0,20.0,sports_leisure
54e9aeb95d23962bf361ec89ac47cea9,5.0,3300.0,45.0,15.0,35.0,sports_leisure
1cda79a24778a81a17725e927dd45025,2.0,600.0,26.0,5.0,14.0,sports_leisure
991d9793febfe022d5db970595a99008,1.0,100.0,20.0,15.0,12.0,sports_leisure
42d8844b80341e62fc38c51541ff4f26,2.0,1200.0,60.0,15.0,15.0,sports_leisure
273e331241d86e8c9dd35408c755751c,3.0,1350.0,105.0,15.0,15.0,sports_leisure
257575a3818a480916c5c2efa5cf981c,1.0,400.0,20.0,20.0,20.0,sports_leisure
1c8c191152d78378de9b31fa8231bcd6,1.0,975.0,43.0,23.0,23.0,sports_leisure
a872d8e3d5adb96808e32831578efb35,1.0,1300.0,42.0,26.0,29.0,sports_leisure
38327e062df5eb11f9ff87b586df0fd4,6.0,600.0,30.0,12.0,15.0,sports_leisure
e146dbd6493fdfb50152400fc162f25a,1.0,160.0,17.0,13.0,17.0,sports_leisure
fe70b3d3e1523d468ece722d2de06de9,1.0,200.0,16.0,16.0,13.0,sports_leisure
d1cd40f9c1b59554cfa67b08073607fd,1.0,300.0,18.0,8.0,14.0,sports_leisure
b8eaf98e383cfed806bdedba40f84f21,1.0,1000.0,30.0,30.0,30.0,sports_leisure
1909929bf0f282504162cf7e8290c4bd,5.0,6250.0,48.0,21.0,32.0,sports_leisure
dafc867209fb20b8331f1edaebc95b58,2.0,30000.0,88.0,40.0,48.0,sports_leisure
2dbed858ef1a666ec3afae6566400a06,2.0,400.0,22.0,15.0,22.0,sports_leisure
2ee2275c98634bc4a8a6f86b4b08b549,2.0,750.0,35.0,15.0,18.0,sports_leisure
1adcf68b3225c66329bed63fc288933f,1.0,350.0,18.0,18.0,18.0,sports_leisure
d370e908175e2f3b39bb7fd33fd4c530,1.0,400.0,20.0,20.0,20.0,sports_leisure
7659404ade89460a4be1c11ac47d5f2c,1.0,200.0,36.0,5.0,26.0,sports_leisure
d357444d58bb7efb2756bee0420a0430,2.0,850.0,20.0,10.0,20.0,sports_leisure
e976121c90262b3c9d173aaf4e03096a,6.0,2750.0,63.0,56.0,16.0,sports_leisure
b044bbed524dc39f8465f2d1b5b620f8,7.0,375.0,30.0,23.0,23.0,sports_leisure
9d8a47407c35c4b5038a353a01331f2c,1.0,1022.0,28.0,25.0,22.0,sports_leisure
9a803c36a15de3fd981f42c0e4cabdea,1.0,2693.0,29.0,28.0,26.0,sports_leisure
f449d5919390268a18a8c424e3a62dea,1.0,650.0,18.0,18.0,18.0,sports_leisure
21a13332dcf9044716216914708f5d11,1.0,200.0,16.0,16.0,20.0,sports_leisure
87dc701592a3d9c9b7b02e6b004f7764,3.0,100.0,25.0,2.0,17.0,sports_leisure
1285c1d5b4365dcc8b7b0c34bca67242,1.0,10000.0,70.0,60.0,40.0,sports_leisure
587daf296426a63860d1b5d8feddab1f,2.0,1150.0,60.0,15.0,15.0,sports_leisure
44a34214a57dc373dcd80f54c919d006,2.0,350.0,67.0,15.0,15.0,sports_leisure
f114a4c35d2bb55ae4ad3c35975fc5e5,1.0,2500.0,36.0,40.0,36.0,sports_leisure
6e835aea84ae8eb68b8c14878dd43b30,1.0,2350.0,20.0,20.0,20.0,sports_leisure
aa59c9e7a89f70e05e190130174cd4aa,3.0,1600.0,16.0,50.0,16.0,sports_leisure
c653c26ffc8bf64d1f4350006dad8688,4.0,375.0,33.0,17.0,33.0,sports_leisure
0a8b35c2fbc824f7e1015cf330e6cc3c,1.0,250.0,16.0,2.0,11.0,sports_leisure
151259fe8ced305ca05dc771fc72d711,1.0,418.0,18.0,13.0,14.0,sports_leisure
9f2597e311355defa12f1491420d40d5,3.0,4236.0,68.0,20.0,23.0,sports_leisure
4ed6af599aa18f6bd10b5d91e7689933,1.0,1000.0,21.0,26.0,21.0,sports_leisure
cdac6f1d43b36d6f681eafe6bfd37ce2,1.0,1134.0,29.0,22.0,23.0,sports_leisure
89caada84b9dc2a2f08801a5405b2c5f,1.0,200.0,18.0,8.0,14.0,sports_leisure
094af0a75d07c0dbdccaa23e88149673,1.0,6450.0,35.0,25.0,27.0,sports_leisure
14bd7e575a12cf8543db3afd53a844bd,2.0,350.0,18.0,15.0,15.0,sports_leisure
c384e8f1f1c380ef1dbafaf080ba25fc,4.0,500.0,25.0,25.0,25.0,sports_leisure
6c4d1dce076249f2314ac8f3fc3cc7d1,9.0,350.0,16.0,2.0,20.0,sports_leisure
ac8d637154b9a2717786c0f933d4c7da,3.0,650.0,18.0,8.0,15.0,sports_leisure
034ecce08e1adf75b5fecf2faac7ed11,1.0,550.0,16.0,16.0,16.0,sports_leisure
a047946d25055f32f36a8c39e7113b53,4.0,2000.0,25.0,42.0,25.0,sports_leisure
da2b6be1688b0364f5d901bdfa2eb700,3.0,6450.0,30.0,30.0,30.0,sports_leisure
97e03a28b0808a684c834e7e004ba11f,1.0,1300.0,16.0,16.0,18.0,sports_leisure
9b2a0b97c2471793b067f77f2252defa,2.0,1250.0,60.0,15.0,15.0,sports_leisure
f5678a0bf5120c7471890a28e7ec5189,1.0,2000.0,31.0,36.0,31.0,sports_leisure
97c6f57881227cc97e87be3e34f108f8,2.0,1450.0,20.0,25.0,20.0,sports_leisure
edfa4e50fd451a55d8c18fb7344d2c35,1.0,300.0,20.0,10.0,15.0,sports_leisure
31b67ce37b96cd227508185134875e22,1.0,1000.0,29.0,25.0,16.0,sports_leisure
0a41699cb57f40c605d3cfdddd61673b,4.0,550.0,40.0,10.0,16.0,sports_leisure
46a03707de74b0250b111cc1378d8008,1.0,1500.0,40.0,20.0,40.0,sports_leisure
fb495e971326b55afcb1f473adf0afb8,1.0,2350.0,20.0,20.0,20.0,sports_leisure
a5e66fadbb9b49dffdbf63675436a332,2.0,163.0,21.0,12.0,14.0,sports_leisure
f691cdacdf6ea42e5cde08d10928f90b,1.0,998.0,24.0,26.0,20.0,sports_leisure
9283d9a045e8cc8a2a7956c5d243362a,1.0,2200.0,48.0,20.0,38.0,sports_leisure
890b077b34b5d22c8c56d60536ab9e75,1.0,175.0,18.0,16.0,16.0,sports_leisure
31dc242ed95b9fdccc80ecbc5cecf132,1.0,400.0,52.0,7.0,12.0,sports_leisure
580cb7f00ab0b9491a97512d65a42c29,1.0,150.0,16.0,16.0,20.0,sports_leisure
c7f00fc7c45096568acd0e79ade90e64,1.0,6192.0,38.0,37.0,38.0,sports_leisure
ba4bfbf74dbe7ab37e263b9326da0523,1.0,650.0,24.0,10.0,20.0,sports_leisure
d4b661be8b76e69ca42c154a5bd3a2db,1.0,947.0,28.0,26.0,25.0,sports_leisure
aa5d6a9bd4be367ae1a3a29c323c7c11,1.0,120.0,30.0,15.0,15.0,sports_leisure
b342efe893c9d54f8cf0fe3424bb6b5a,1.0,150.0,26.0,16.0,16.0,sports_leisure
274bc3c5b0b7fbc7fb99bb87af4c0535,1.0,372.0,21.0,14.0,18.0,sports_leisure
66cb5d52ba7199e42ba7e52b1d36493f,1.0,500.0,20.0,20.0,20.0,sports_leisure
1b81b1c311837fade3c68f1f191a15b8,1.0,24600.0,31.0,14.0,11.0,sports_leisure
006baa9a5b8f95895f15273a35bc2664,2.0,950.0,60.0,15.0,15.0,sports_leisure
d10d49582dba25513691f61dec3a2d8a,1.0,1058.0,28.0,23.0,22.0,sports_leisure
ed1c1bd7e59e3a26cfce3c9c8e7898ee,1.0,500.0,57.0,14.0,14.0,sports_leisure
b59b3f2a8ef323e661a925415545ed98,1.0,2300.0,31.0,37.0,31.0,sports_leisure
e18a4f01146e302c11c4ae7a99dd349e,1.0,228.0,18.0,11.0,17.0,sports_leisure
799762a3dc75b6d2078a33596d69833c,3.0,605.0,47.0,12.0,29.0,sports_leisure
3c8041a9d648cdef50442943c497be4c,2.0,650.0,20.0,20.0,20.0,sports_leisure
b6813bc6cbb96c27b585f558d5b5af4b,1.0,750.0,16.0,16.0,16.0,sports_leisure
48a731e170c51eecded8082b9ba71c65,5.0,267.0,14.0,19.0,16.0,sports_leisure
ce6184189a523c1eb5fe5113061780b9,1.0,1440.0,23.0,22.0,11.0,sports_leisure
41315ed74df21b8ba3b9e4a8738b43f8,1.0,3354.0,25.0,25.0,19.0,sports_leisure
7b8603501af310bf297351a4cc8cd3a5,1.0,300.0,20.0,7.0,14.0,sports_leisure
68a14625f4764ec39cf9d252421e35af,1.0,500.0,20.0,6.0,15.0,sports_leisure
6b770b5934dbdb29064efdf34bfa6cf5,1.0,750.0,35.0,20.0,20.0,sports_leisure
8cc939634b5bc1029a1aa5fe945b8666,1.0,667.0,25.0,10.0,23.0,sports_leisure
adf7fe64dc8fd20f0926f6f20b47de7f,1.0,150.0,20.0,18.0,20.0,sports_leisure
62dbbad1385feb9b27edf72b31bc46e1,1.0,550.0,20.0,20.0,20.0,sports_leisure
d6354128c28cc56532ba7393d9373083,1.0,1000.0,16.0,6.0,12.0,sports_leisure
d9a5a0aa013c348c28ff4626ed6dba71,1.0,350.0,17.0,10.0,17.0,sports_leisure
e717e613d0bde7828d469455c8058172,1.0,50.0,16.0,24.0,13.0,sports_leisure
b1c9363781fe50f33136564c9671c17e,1.0,1500.0,20.0,20.0,20.0,sports_leisure
ff9fa77f938462abd16b53c0d934099f,1.0,300.0,21.0,19.0,19.0,sports_leisure
98f45ca7c8c275409c14c93996fdeb07,8.0,10200.0,105.0,15.0,28.0,sports_leisure
be531a288d95e2b9ad1b314c7366fe81,1.0,300.0,18.0,15.0,13.0,sports_leisure
70ee0739ffd7d0eab9ceed83eae56374,1.0,3800.0,28.0,30.0,25.0,sports_leisure
5dee2c14e1989141e15d341d4c62d72a,1.0,353.0,23.0,15.0,16.0,sports_leisure
1eca63a94a93dad2e0d65d2a29635d3e,1.0,1500.0,26.0,18.0,18.0,sports_leisure
e71ce72b19b83080d97cf4f06c90d096,5.0,400.0,30.0,16.0,16.0,sports_leisure
c777b9591e90c49e0745efb1051789ca,1.0,200.0,20.0,20.0,20.0,sports_leisure
2d65aa8c163f7a8dca8c8f51d8f0e95c,1.0,233.0,20.0,18.0,18.0,sports_leisure
20ec8e42e1022b8e6081e58608d0937d,1.0,1100.0,27.0,9.0,14.0,sports_leisure
2f0ea37228e35c052271f5617038986b,5.0,1150.0,40.0,20.0,20.0,sports_leisure
85fd14e978b92176dd210c046abc3540,1.0,200.0,16.0,16.0,16.0,sports_leisure
f7a5131ee6e422257630fe35c9b7875a,1.0,28500.0,105.0,65.0,25.0,sports_leisure
5d5a63339d6a39230bf2a276e8f8fe1c,1.0,400.0,27.0,9.0,14.0,sports_leisure
b5e6b27f639ae171cc308c3d8207f85a,4.0,1200.0,20.0,20.0,25.0,sports_leisure
8de310188938fc8abfe1aa7ee927ccd2,2.0,200.0,20.0,10.0,11.0,sports_leisure
a8e7b3f6db5b8a460082c9982f9337c2,1.0,125.0,16.0,7.0,14.0,sports_leisure
7c10008aef9fdc1807eb46f191a8ce16,2.0,1100.0,50.0,20.0,20.0,sports_leisure
b365e38a72a4fa2b2cd83e14c0b51754,4.0,400.0,24.0,17.0,20.0,sports_leisure
bdfa2e2829c9ce3595af56cec003e9e2,2.0,1067.0,30.0,29.0,27.0,sports_leisure
240735529a8d46a6878d8c99fc648867,8.0,10200.0,105.0,15.0,28.0,sports_leisure
c4369b26f349bc301a680a89415b1344,1.0,728.0,21.0,18.0,15.0,sports_leisure
aa8e397582b49721494b929b3216b41f,3.0,200.0,30.0,5.0,16.0,sports_leisure
c59e6dced23214126ac972a4a4525e87,1.0,1155.0,21.0,22.0,18.0,sports_leisure
7e80d387f36fafdb1fb2a6905060e2af,1.0,491.0,16.0,12.0,13.0,sports_leisure
639929987514325f624848cc39124f76,1.0,16450.0,41.0,36.0,36.0,sports_leisure
8ea6ac3e8afa3363c9f89a5d86508168,3.0,5200.0,45.0,25.0,30.0,sports_leisure
e213c4ab14d85a5a4a987bb6c543a952,1.0,15600.0,69.0,57.0,22.0,sports_leisure
51c37059384184b7c3db494071352b86,2.0,16897.0,65.0,36.0,30.0,sports_leisure
cca3112ce602b7fcff7589fedb1eda02,1.0,927.0,23.0,21.0,20.0,sports_leisure
f8328e9125f089a968fc6b36116c4bb9,1.0,575.0,20.0,16.0,16.0,sports_leisure
90fe2fe298ee4705129235c33958fea2,2.0,350.0,24.0,4.0,14.0,sports_leisure
b83727c2bb0942488a69e3683cc8682a,1.0,900.0,16.0,16.0,16.0,sports_leisure
75eb331ffa78d12a8ef75950d1aba55d,1.0,350.0,20.0,35.0,20.0,sports_leisure
f6bcb15602b0ca66d77ef1cf4edff1a6,1.0,2825.0,30.0,25.0,25.0,sports_leisure
2bb7ee4eb5d38207b650bd2ff6f4586c,2.0,7000.0,50.0,30.0,30.0,sports_leisure
f38ce47371f868581f8c2df4ffa47fb6,2.0,28500.0,105.0,65.0,25.0,sports_leisure
8abe436e6720087517880868bee69fab,1.0,2200.0,36.0,20.0,30.0,sports_leisure
853b7c31821aa0c07455104dd026a958,4.0,1100.0,30.0,34.0,29.0,sports_leisure
309418595516e14bc2e98487ee4267d1,1.0,200.0,26.0,16.0,16.0,sports_leisure
66f4a4e7df716d7d67d81496ccc1ccf6,2.0,1000.0,27.0,15.0,22.0,sports_leisure
7da3477c47ab8a9339afcfe23362d2d4,1.0,891.0,25.0,19.0,20.0,sports_leisure
13fcfc313dfb2217e5ee3000a702f9ef,1.0,450.0,36.0,18.0,18.0,sports_leisure
d94b46bf2d98ad7dc02d380f1cf562fb,2.0,800.0,26.0,14.0,16.0,sports_leisure
5d1fb1b8ad5adc868c6050e9bddcad27,1.0,800.0,21.0,26.0,21.0,sports_leisure
059fd0cc43081303f7c0d7770ab53d52,1.0,11780.0,56.0,29.0,29.0,sports_leisure
6a33f85f66191cc5b645b5f775ca93d9,4.0,400.0,16.0,6.0,11.0,sports_leisure
9cb2ed2f273027b8daa3b0863368105c,1.0,600.0,50.0,5.0,16.0,sports_leisure
a2bf540a9bef22e03c87697bac6ea793,1.0,10450.0,33.0,10.0,11.0,sports_leisure
3eae31de0119f9f566a337ac2458ae7d,4.0,2250.0,20.0,20.0,20.0,sports_leisure
d02f9550ee49a75b19c5e0d26f9756aa,2.0,2400.0,20.0,20.0,20.0,sports_leisure
57aae7271c7c24614b0d663c6df83f35,1.0,200.0,18.0,11.0,13.0,sports_leisure
6ba64cfa68872d30def59da724cc6ca2,3.0,150.0,27.0,31.0,18.0,sports_leisure
c06252d356b828bf1a37ed4d8ba0288c,4.0,1900.0,47.0,14.0,35.0,sports_leisure
1aa14227ddc4559e09c497298bf618dc,4.0,150.0,26.0,2.0,21.0,sports_leisure
f16d2a82f9aa7a4efd36ea25d0966c97,2.0,1400.0,16.0,27.0,16.0,sports_leisure
4d48ac77f9d392c0ce075a49390d0b76,1.0,4000.0,26.0,26.0,26.0,sports_leisure
1fa968aa921dd9cdf625d5caf8f96654,1.0,700.0,16.0,15.0,15.0,sports_leisure
72ebbdf0bf7a61d4772ff4d2e90d8b86,1.0,425.0,20.0,14.0,17.0,sports_leisure
67d2d3861a68afa1c91b8b909df0ac7d,1.0,10825.0,60.0,25.0,34.0,sports_leisure
55552e80f046fafe13e130e6a07745e2,8.0,9950.0,105.0,15.0,25.0,sports_leisure
a3e66bab3c2ca507ddb970a748ed740b,1.0,250.0,16.0,16.0,16.0,sports_leisure
50f510492e0472326ef292451593bfb5,1.0,488.0,17.0,16.0,17.0,sports_leisure
a2fa8a119b04c25a8f62364a74d04ad5,1.0,250.0,20.0,20.0,20.0,sports_leisure
546d4cc355042a9e4d0a72dea3f969eb,1.0,1025.0,25.0,16.0,18.0,sports_leisure
5d9805d8578300114d104afcfd6e6b39,1.0,158.0,19.0,13.0,16.0,sports_leisure
fa3bc8d73fe3b0ec061190651433a417,2.0,1500.0,36.0,6.0,26.0,sports_leisure
12b5c284044adc0687a6ffbe84d317e2,4.0,1600.0,102.0,6.0,11.0,sports_leisure
46fc5520f38dedac20cbf5e1b78ead91,1.0,525.0,18.0,18.0,18.0,sports_leisure
f9a7825fa51f487b8a48f67e9efced8c,2.0,2600.0,30.0,10.0,30.0,sports_leisure
88c20c5a22f2ca169af8cfc2df00a7a2,4.0,500.0,20.0,20.0,15.0,sports_leisure
341687b53eae81d74a13127e8e23bd0a,2.0,4400.0,20.0,20.0,20.0,sports_leisure
00fefaf41156bb4b0d850fb27da97897,3.0,100.0,20.0,18.0,18.0,sports_leisure
3a7612c720a4b764c4fb87633a7ebc88,2.0,800.0,60.0,15.0,15.0,sports_leisure
4651b3eed325a88ffbb03ea01383a1ac,1.0,21200.0,28.0,8.0,28.0,sports_leisure
ac23312b29784c30304f2ec719891690,2.0,7800.0,46.0,36.0,36.0,sports_leisure
41817d1d44000e3105f24470a5224bcb,1.0,1225.0,25.0,22.0,22.0,sports_leisure
dadc0d260b9adadab31c487f1749b9ad,1.0,100.0,16.0,5.0,11.0,sports_leisure
cf5ab1e4be449bd825ea57d64bed5f21,1.0,2950.0,28.0,18.0,18.0,sports_leisure
e5359c08663240bdc10d5bec26e491c0,1.0,300.0,27.0,9.0,14.0,sports_leisure
4a0d42e046d1d4d039b4b7807ca46e83,1.0,185.0,23.0,17.0,23.0,sports_leisure
bb95985d24346356f988502bec69af0a,1.0,2050.0,28.0,34.0,28.0,sports_leisure
f3991b3a54d391003cc570bf3018505b,1.0,1012.0,26.0,24.0,21.0,sports_leisure
60bf0da113cefe56a54ccc46f7758563,1.0,3050.0,43.0,12.0,22.0,sports_leisure
c827fb43ad0fb8708f34c2911fdc164b,1.0,10600.0,26.0,30.0,26.0,sports_leisure
f1046cfbe5f31056cabdda08ffbbad6e,1.0,1150.0,25.0,15.0,15.0,sports_leisure
1fb586196a6ef3b8ac6e33b0fd7ddc6c,5.0,450.0,32.0,5.0,16.0,sports_leisure
210a8305d79b2f5719cbafb2c026797f,1.0,650.0,24.0,10.0,20.0,sports_leisure
f5c2634e0db9ac43af7775a6091ee2db,1.0,328.0,18.0,11.0,16.0,sports_leisure
bf040689dafcd49899213b09595b9f2a,1.0,383.0,16.0,14.0,14.0,sports_leisure
d39315154e72bfcbb3b85863ecdc41d6,1.0,1130.0,32.0,25.0,23.0,sports_leisure
8baff20b1d1f194101d0b37036772bca,1.0,1100.0,40.0,20.0,20.0,sports_leisure
516d614a5a8bd8983bf46eaa51fab8eb,4.0,700.0,23.0,8.0,14.0,sports_leisure
24ed44cfdb667b989166a0a60ca9f9bd,2.0,50.0,16.0,4.0,11.0,sports_leisure
a646b69b17836ad6e76804e6b90facf1,5.0,1350.0,90.0,8.0,16.0,sports_leisure
b07085c1dd895cb3ba680dd4cdf0dc93,1.0,27200.0,87.0,28.0,46.0,sports_leisure
79a82118533f6b143505c6573c63f542,1.0,150.0,16.0,16.0,20.0,sports_leisure
ebb4faacc3b7ade065ff47901900c4e7,1.0,5350.0,55.0,15.0,43.0,sports_leisure
7413f40201dadc558699e8de1cbfa922,1.0,25200.0,38.0,4.0,38.0,sports_leisure
3e8f1441be3fd4064a0e175001b7ab29,1.0,3300.0,31.0,32.0,31.0,sports_leisure
dcf0f4c00270e4e71c868cbfedff1e9d,6.0,6050.0,40.0,30.0,30.0,sports_leisure
b386ba93c190eb3114ed44584a207b10,2.0,150.0,25.0,25.0,25.0,sports_leisure
9dcb2739e598cbc1a9640d49dbafe95e,1.0,600.0,25.0,15.0,11.0,sports_leisure
75eb4420c8baf2e1efd079c7b7f5d865,3.0,600.0,23.0,23.0,23.0,sports_leisure
a8cfd9ff79784773910620b3d00d9bdf,1.0,1140.0,24.0,10.0,13.0,sports_leisure
140395ed1d1dbd100f577c5403181a1c,3.0,400.0,45.0,7.0,20.0,sports_leisure
eed58af018f022f0dbd193a8e81b9321,7.0,250.0,16.0,10.0,11.0,sports_leisure
d335a6c57898db00e60ebe2409dcc0b4,2.0,1100.0,35.0,16.0,30.0,sports_leisure
a8a7754ff3a1724da8e68648ac505d6e,2.0,6400.0,20.0,20.0,20.0,sports_leisure
eeeb2241b2cde4b94bc73dbc8e5c7586,2.0,500.0,26.0,16.0,21.0,sports_leisure
80c2ccc80085da41e8c055401fef8e3d,2.0,10800.0,70.0,39.0,21.0,sports_leisure
5df044498554dec765264c2cad9804e6,1.0,650.0,20.0,7.0,14.0,sports_leisure
29ef8f163a85d31f5a88354c0007a6d1,1.0,3500.0,25.0,8.0,25.0,sports_leisure
ddc1d8513943b57455b160acf77e6507,3.0,550.0,25.0,25.0,25.0,sports_leisure
12595985a0207bedf6e09ef07e1f98a3,7.0,10100.0,80.0,30.0,60.0,sports_leisure
a696d5d63900a0d8318ce8861dfc4f9f,3.0,300.0,19.0,12.0,12.0,sports_leisure
ac7e25ab6b98f4508fcc4f5a85740011,3.0,700.0,20.0,10.0,15.0,sports_leisure
ab14f3763110d218ea7862647bd450af,1.0,30000.0,19.0,16.0,19.0,sports_leisure
88b3956a8179086a0c985a39644ec47d,1.0,4550.0,80.0,30.0,20.0,sports_leisure
5d720fc5a34a02b8eaeff74ebf5ef88c,2.0,400.0,30.0,15.0,20.0,sports_leisure
10d2b7a176cd8a35bcae7c15e0e7626e,5.0,750.0,16.0,10.0,11.0,sports_leisure
f837b6a7e6740b19b2fa33c267fd8e7c,4.0,600.0,80.0,8.0,15.0,sports_leisure
cdbbae093813d93184f3192263cb9bfc,1.0,683.0,20.0,19.0,19.0,sports_leisure
305cf3d6eaf7d2339acabcbacd5e3142,1.0,6350.0,51.0,31.0,31.0,sports_leisure
9d4907a98d11d8b3254b9997e36e2a32,1.0,200.0,16.0,16.0,16.0,sports_leisure
8bce28781999184ac2a46c7c83ba0ed6,2.0,3400.0,60.0,15.0,15.0,sports_leisure
5efee6a9b8e96bec1fae4b0f26470915,1.0,250.0,18.0,19.0,18.0,sports_leisure
87c070a9069fffd77616e3581d8d2ba1,1.0,5900.0,105.0,8.0,27.0,sports_leisure
f4ed071d646815b06ab9244f2306c1b7,6.0,950.0,55.0,20.0,22.0,sports_leisure
9ad9c8e392ba2c6930a3dd1db3c09ea9,1.0,150.0,16.0,2.0,11.0,sports_leisure
003dbcabcf8e3231de657c7d9f9a5eba,1.0,1800.0,30.0,22.0,22.0,sports_leisure
5e34d2963378695699827b6e629392b4,6.0,700.0,24.0,15.0,23.0,sports_leisure
3718e428a53d75dc322c79a49bdbe3aa,1.0,1538.0,24.0,22.0,19.0,sports_leisure
2fcef9efef474266c020ab6ccf2c61a8,1.0,1300.0,48.0,6.0,39.0,sports_leisure
da9323efe50198ccd3307f6a9a128a81,5.0,700.0,19.0,10.0,16.0,sports_leisure
b992409279b9ab0681b346f1e551ff8d,4.0,300.0,25.0,25.0,25.0,sports_leisure
8948d630b987780fb97c5de8edbff85a,1.0,87.0,18.0,18.0,18.0,sports_leisure
652b078a8a6450ae6bf0823f150c7ede,1.0,3000.0,90.0,11.0,16.0,sports_leisure
69428fb5c0da1fac708bdb33868b42d8,1.0,4000.0,36.0,31.0,31.0,sports_leisure
506f0b468f486202a5431f087e00de03,6.0,200.0,20.0,10.0,15.0,sports_leisure
bdcb0ed4ceda228206ed4bf60ec5f65d,2.0,250.0,24.0,10.0,15.0,sports_leisure
911b8d269dbaa6c005b23d04e1c7fcbc,2.0,700.0,60.0,15.0,15.0,sports_leisure
054515fd15bc1a2029f10de97ffa9120,1.0,150.0,18.0,18.0,18.0,sports_leisure
51c59cf09066762ba5740772b0a86215,5.0,350.0,28.0,25.0,25.0,sports_leisure
b5f0795bc072a1875f2c0fe85524b207,2.0,1050.0,60.0,15.0,15.0,sports_leisure
f1a8bffda7d8b34bd9c6d58f1ca415aa,1.0,2675.0,22.0,42.0,32.0,sports_leisure
ee473bd1ca4e671eafbcb7453d7d7c5f,1.0,17650.0,60.0,42.0,42.0,sports_leisure
f78279f3d11f68fffc3121f3295a5871,1.0,27800.0,33.0,15.0,22.0,sports_leisure
516e925f693b7a4935e87acc858c86f6,2.0,400.0,26.0,16.0,21.0,sports_leisure
d7e7b1fc76e781313a0f5137d801951d,1.0,6317.0,26.0,17.0,44.0,sports_leisure
f224370079eb16ba424c351739df1ad6,1.0,1026.0,28.0,24.0,24.0,sports_leisure
1155065aa63d0a6d301e174ebb2972ea,4.0,1400.0,27.0,12.0,49.0,sports_leisure
30ed398b000a7504df39fc41f154eaa2,1.0,400.0,27.0,11.0,19.0,sports_leisure
58a56598bd27e4169dd5ab99d2eee335,5.0,250.0,16.0,10.0,11.0,sports_leisure
1e946cab712f702ca325f609894b7962,1.0,500.0,24.0,20.0,20.0,sports_leisure
1526b7538896e188f3072a7ee653c6c6,1.0,244.0,17.0,9.0,12.0,sports_leisure
21b1c2f67a9aafb5af0eb06c13b9dbda,8.0,9800.0,105.0,15.0,28.0,sports_leisure
87c9f9f88ecd5b9de26a0a61e06e1d67,1.0,214.0,18.0,15.0,15.0,sports_leisure
f28a5b15b3dba915b2df1b23be439ab8,2.0,7550.0,25.0,25.0,15.0,sports_leisure
b168e4a5c3f1d25dbcc01d914ea1cf5f,2.0,4853.0,28.0,29.0,26.0,sports_leisure
57f2de7e1c6028c7d38a50cff155c794,1.0,400.0,40.0,6.0,25.0,sports_leisure
fd1abebad3478dd37080b399656dbb7d,2.0,300.0,16.0,12.0,14.0,sports_leisure
c1254983bd81d72b96867b6838582cf5,3.0,2050.0,20.0,20.0,20.0,sports_leisure
84d0e98e468edffdfe4f1f5b178d4ecc,1.0,1150.0,26.0,31.0,26.0,sports_leisure
ce6ffea9f2a71228df7664c52f21450d,1.0,200.0,26.0,16.0,16.0,sports_leisure
26ee5f6601a9ad36979b8a1a8b389165,1.0,800.0,30.0,20.0,20.0,sports_leisure
65769f6fabbfd7d399bb5851d9af3fba,10.0,300.0,20.0,10.0,15.0,sports_leisure
1d1a36ff369b6838f8220870f96254a0,5.0,300.0,30.0,20.0,15.0,sports_leisure
01fc56750f0d3444c4a1746ecf19dee0,1.0,800.0,16.0,16.0,16.0,sports_leisure
d8b6376a7527727f3f1d4a92dc155a6e,3.0,1000.0,20.0,15.0,15.0,sports_leisure
523786e175df56bf2e15436a6da66a5b,5.0,400.0,36.0,18.0,18.0,sports_leisure
f488fec83dd18d39f2c54725d742944f,4.0,350.0,25.0,25.0,25.0,sports_leisure
4d9b24725653965f3be6e774a08d63b1,1.0,1400.0,55.0,15.0,27.0,sports_leisure
4cb6e86e1328e77e20b5f90771683cbe,1.0,1100.0,22.0,27.0,22.0,sports_leisure
454ae5002aaf2821ecb6ad6035b78498,1.0,300.0,16.0,16.0,16.0,sports_leisure
809aeb9f696910839dd8fd2c533e65a4,1.0,400.0,25.0,25.0,25.0,sports_leisure
dfdd4a0d706e50d74a92d5d31bc16ed9,2.0,2850.0,28.0,28.0,20.0,sports_leisure
3511afc30ca77506c2e4b8574517660e,1.0,200.0,45.0,15.0,20.0,sports_leisure
81e686e36e79f0d2612346cefe1379cd,4.0,550.0,16.0,5.0,12.0,sports_leisure
ee2a93be95200d2260dff46097db56a2,1.0,1000.0,16.0,16.0,16.0,sports_leisure
1649a221a63658447144a466b159b101,5.0,1600.0,23.0,25.0,25.0,sports_leisure
65607db9823444a6ba5b7a82431e4502,2.0,1000.0,16.0,2.0,11.0,sports_leisure
8d0fb54bb58d39a72269eb8fc708e865,2.0,200.0,16.0,10.0,16.0,sports_leisure
1585769f68320ec146a93097b0a1ab18,1.0,3900.0,46.0,36.0,26.0,sports_leisure
ac715f2fe6957acf9bff43ab3cedde0b,1.0,900.0,24.0,20.0,23.0,sports_leisure
87b193bb0fb52703cade96b1ffd8c233,1.0,1086.0,24.0,24.0,22.0,sports_leisure
d3f5213b3f4e42a050935f3ccbfedf50,3.0,1300.0,105.0,15.0,15.0,sports_leisure
0fe71728868b7995080b3971f0b94c70,1.0,5850.0,25.0,90.0,12.0,sports_leisure
671d1f1a67e731435bc7a91569004038,1.0,550.0,38.0,28.0,20.0,sports_leisure
6ab41d7f15e7af9d6c7cd912055acc1a,1.0,1037.0,25.0,24.0,20.0,sports_leisure
b571def4f66990cf63527c1d81874b2d,1.0,517.0,23.0,22.0,21.0,sports_leisure
2a05072f43935b7f3638a6c7d38d2278,2.0,650.0,23.0,9.0,20.0,sports_leisure
d52d7fb0d4ea10cd52baa3255c5c0a34,5.0,1200.0,20.0,8.0,20.0,sports_leisure
aa8fce5e65ab73ab73101ea58d710905,1.0,329.0,18.0,18.0,15.0,sports_leisure
6bb50785f82871dde37ed1666da54bf3,1.0,200.0,16.0,16.0,11.0,sports_leisure
976a11a50bf0ca3c4411b44877ec5612,1.0,1648.0,27.0,21.0,21.0,sports_leisure
6d44f3fbc06b938eab4daf060c507248,1.0,24550.0,19.0,16.0,19.0,sports_leisure
0fef1ed59f95cde0a1318e54d2bebac5,1.0,3100.0,22.0,22.0,22.0,sports_leisure
fe854c3521ccdb837e2daf3b653fb929,1.0,1168.0,32.0,23.0,19.0,sports_leisure
9314e4d46aeb2c297e05d4ed36365efe,1.0,443.0,26.0,18.0,17.0,sports_leisure
567f4f60d4e44c92dd00ecd0920ce6b1,1.0,100.0,16.0,14.0,14.0,sports_leisure
504f07e36481e5e72043def3d874b92a,2.0,600.0,33.0,5.0,16.0,sports_leisure
99ab9c8051f0c77d025711fec98514e2,1.0,550.0,85.0,15.0,15.0,sports_leisure
e88e5a87ca25def10ad4f2dd2a967f23,1.0,2970.0,48.0,46.0,46.0,sports_leisure
16a993ef9171a0380273f4fbcb0e8b71,4.0,150.0,20.0,4.0,15.0,sports_leisure
1ec3e93251df2e23babb7daa30c52496,2.0,100.0,16.0,16.0,11.0,sports_leisure
467c6bb41a33d10e03816f139e7baf85,1.0,250.0,25.0,17.0,19.0,sports_leisure
c2b89f69031e68bf1a02822eea9c155b,4.0,400.0,30.0,15.0,15.0,sports_leisure
be4d4aacf88585bba5689cbc3393e0cc,1.0,2300.0,16.0,4.0,11.0,sports_leisure
2391e872fbc176a9378c25b0e5ed4b2f,2.0,250.0,20.0,25.0,25.0,sports_leisure
bdef57e26e989447aaf5ae0f7ccadf23,1.0,233.0,17.0,15.0,16.0,sports_leisure
4a523a9f00bf299d2496151b0e2a3238,1.0,1500.0,31.0,32.0,31.0,sports_leisure
521037bc7634babf82c004187b6673e7,1.0,1700.0,20.0,9.0,16.0,sports_leisure
b11802a8f8d0f813ec6d3fa8967aab21,2.0,1550.0,42.0,6.0,40.0,sports_leisure
6c9e39d79ed78d8a01bd1e8ffc551a40,1.0,1750.0,35.0,31.0,19.0,sports_leisure
99fb0293e181af6a2b692fef4ddac420,1.0,100.0,16.0,15.0,15.0,sports_leisure
5cd5c2ddc5e34238df2b53739013c255,1.0,300.0,20.0,10.0,15.0,sports_leisure
8ef3e9415bd7cc041d96fe685ad6dfc2,2.0,2100.0,60.0,15.0,15.0,sports_leisure
07bcd890d449e493b4ec23d05a9e40ee,3.0,800.0,30.0,15.0,20.0,sports_leisure
af9e892bd23939d5eb523a507ad4c225,3.0,250.0,24.0,8.0,16.0,sports_leisure
12ec40668ef038e5778938c846060db9,1.0,1100.0,23.0,8.0,15.0,sports_leisure
284d7e2406319d5b3491ee65da648b6e,1.0,1125.0,32.0,15.0,36.0,sports_leisure
7d02633fd7494877cf1dde4210bdab8f,1.0,2800.0,30.0,27.0,34.0,sports_leisure
888de7e3435c871d1020b85023328c5b,1.0,1200.0,21.0,27.0,21.0,sports_leisure
522e80f11e2431474e70300f12a6e45f,7.0,3050.0,50.0,39.0,12.0,sports_leisure
40169f8d8c6b5ecde688c395f306812e,1.0,700.0,26.0,16.0,16.0,sports_leisure
7546d3467dac963558951a5f7817a625,3.0,26300.0,80.0,85.0,20.0,sports_leisure
4fbd8f51817097372c985d1d042cdeed,5.0,550.0,80.0,20.0,13.0,sports_leisure
ea99388f66ccc3a78b6c2d7725184b12,3.0,1400.0,65.0,10.0,16.0,sports_leisure
ef8856db4e302ad33dc4d91e40f7593c,2.0,1350.0,41.0,10.0,35.0,sports_leisure
c1e5b96342357985d492c02b4279ce9b,1.0,1300.0,31.0,33.0,31.0,sports_leisure
bbe2718f3f392fdea27314d5e2f3287e,3.0,500.0,24.0,22.0,22.0,sports_leisure
9af30b38efe5ca2a1a97330e77400717,6.0,700.0,22.0,17.0,12.0,sports_leisure
33210191b5878f3ffcb98ee93963da63,5.0,700.0,24.0,19.0,23.0,sports_leisure
64d9a8168b3776844d8e4dac2a0efca3,1.0,100.0,25.0,25.0,25.0,sports_leisure
31a4e43f70b04f64268d63fd9193a8d5,2.0,150.0,16.0,8.0,11.0,sports_leisure
968ada41fd04a1d3221d01f7598db4a2,2.0,1150.0,60.0,15.0,15.0,sports_leisure
3fab9767a48fd2bbbf649feaab5b434a,1.0,700.0,30.0,30.0,30.0,sports_leisure
348f3e919406e3bbdd723015432b3e1a,1.0,550.0,18.0,12.0,14.0,sports_leisure
b19619526123b3f2a7a6ebc7bc23e710,3.0,200.0,16.0,15.0,16.0,sports_leisure
c01529871fdb3a98bfd7c845f24f6c21,3.0,200.0,30.0,5.0,30.0,sports_leisure
97722a15d9ccbf90ef47621baa79b87f,2.0,150.0,16.0,16.0,16.0,sports_leisure
f6a84928571f68635beb0f5c9333c6f3,6.0,30000.0,86.0,66.0,36.0,sports_leisure
bc14412610aee0e67600fc300c46226e,1.0,2050.0,33.0,30.0,30.0,sports_leisure
c866cfc3cef7412031f09f918ed2cd90,1.0,1200.0,50.0,20.0,50.0,sports_leisure
b4436da747c3a53ab07ac0e71de17dcd,1.0,24450.0,105.0,50.0,20.0,sports_leisure
a48138f7de6ebfed36f91a440fcadb64,1.0,1800.0,31.0,36.0,31.0,sports_leisure
df0e9a5bffb15ea4905c45685321bc68,5.0,3500.0,102.0,10.0,22.0,sports_leisure
d9c2eaccfa617895e2720f212e592de1,1.0,1400.0,22.0,27.0,22.0,sports_leisure
5356e2836cb9f6038df28ba257acdc45,1.0,214.0,17.0,18.0,18.0,sports_leisure
5d5288d3096b9becaa3566f64fe88110,1.0,300.0,16.0,12.0,12.0,sports_leisure
ecae35cbcedf38b30bb6299e5a201982,1.0,3400.0,32.0,18.0,18.0,sports_leisure
c60da43ed0fc0f33c57242c2f631e99e,5.0,26700.0,105.0,70.0,20.0,sports_leisure
c0f855945728161d7f6ea3db9950989b,3.0,1967.0,44.0,18.0,47.0,sports_leisure
351358ab05b8025c4314bcf20f851701,1.0,3900.0,46.0,16.0,36.0,sports_leisure
a096400f2b6fbe9c868f7dd5f1333e5a,1.0,185.0,18.0,12.0,18.0,sports_leisure
f1a7551730e920950fb0346630971099,4.0,1800.0,70.0,12.0,17.0,sports_leisure
d4eb057c3dd5e4c9513bb461e9bb8ae1,1.0,1450.0,50.0,20.0,30.0,sports_leisure
0ac57b2df86eb6997b94d6ccf555e29d,1.0,137.0,18.0,5.0,13.0,sports_leisure
0e1694ea20b32def37ee9eec200f9a5c,2.0,300.0,16.0,15.0,11.0,sports_leisure
4054af4df4c45f625279273f7ff3e138,1.0,350.0,24.0,4.0,12.0,sports_leisure
b6c3ac7e88727311d75dc5695fb9f18e,3.0,1600.0,30.0,30.0,30.0,sports_leisure
8458f51c49c1af4c4b388dab8810215f,3.0,1050.0,43.0,19.0,13.0,sports_leisure
4ae9bdff117a3fa23f6f9d146a65f698,1.0,1125.0,32.0,15.0,36.0,sports_leisure
1bbb8e929009e827868035f4fa7a5884,1.0,518.0,21.0,28.0,22.0,sports_leisure
f032eaa3a45e2f8093255251a93efa70,1.0,1450.0,26.0,17.0,17.0,sports_leisure
c63a8893a1a9a6fae0e060438e7f7cf5,1.0,386.0,19.0,15.0,12.0,sports_leisure
c4c7585167f8d6dc4ccc0b38f0d820ca,10.0,200.0,23.0,7.0,14.0,sports_leisure
35c4a5bb0f191b77c8900661f047250b,1.0,1013.0,23.0,26.0,15.0,sports_leisure
02a1edfc6f788c8329299c7244acf2e8,1.0,800.0,21.0,25.0,21.0,sports_leisure
156fef830e2c8871e3f1bf4dadf8e312,1.0,1000.0,40.0,20.0,20.0,sports_leisure
dcf52f4379548f058d90279fe9fc3f14,1.0,400.0,33.0,21.0,27.0,sports_leisure
66aa3b4b7c65efa2b0fb0aa8ebea9629,1.0,300.0,16.0,16.0,11.0,sports_leisure
a24198acc2d0e8240c40d914bd18df04,1.0,970.0,20.0,19.0,18.0,sports_leisure
1529199a7d88ac40cef5b4a508f18f2c,2.0,500.0,17.0,5.0,13.0,sports_leisure
91846781ef75057e134949400768e272,5.0,1550.0,40.0,20.0,20.0,sports_leisure
7112e44ac350fab676c3f210c5c902b2,1.0,250.0,20.0,15.0,15.0,sports_leisure
6434153dec7be552cbe53604122a19c6,1.0,113.0,18.0,5.0,15.0,sports_leisure
ba9801d3385d4a4f778fb1cbd1318ad5,1.0,300.0,32.0,11.0,17.0,sports_leisure
fa66c43e63966d8b1770f6df326e05fb,2.0,260.0,18.0,11.0,14.0,sports_leisure
154b6772d166a9c3398661ea26350dc6,3.0,7750.0,103.0,17.0,28.0,sports_leisure
328885b1f935efd7c06eef905173ec44,5.0,100.0,16.0,12.0,11.0,sports_leisure
5321c283dcbf309eac57110f5e306cf0,2.0,152.0,19.0,11.0,11.0,sports_leisure
4a30399699a6eec1407c46b218e67bb3,1.0,1044.0,23.0,23.0,22.0,sports_leisure
2197e985613d6f73425b6baf8401c728,2.0,1050.0,23.0,10.0,20.0,sports_leisure
a076986c6dbcb66fb479167aa5a1b68e,1.0,900.0,18.0,16.0,15.0,sports_leisure
25faa7f2253c7e5c40a0ffa4d5bbdb25,1.0,417.0,17.0,15.0,13.0,sports_leisure
0ba06da542ffefa9b9dfb94fe19fd165,1.0,500.0,57.0,14.0,14.0,sports_leisure
576327798e521889c9a2b63d732cfcef,2.0,100.0,20.0,18.0,18.0,sports_leisure
07a5b461cd248343de7826334c5a03aa,3.0,600.0,40.0,10.0,11.0,sports_leisure
2ac71e1960d313613f4f4cd468c602cb,1.0,442.0,19.0,16.0,17.0,sports_leisure
d192ac5bf8aba3337a65b551375445a3,5.0,450.0,25.0,15.0,20.0,sports_leisure
e3f154094d70c797fdb364c6f7160252,1.0,200.0,16.0,7.0,11.0,sports_leisure
46bbd7e6d1f636953ddaf38d4abdf115,6.0,675.0,25.0,30.0,28.0,sports_leisure
9483476ac5b7549f7df5ff12fb6fb5d9,2.0,300.0,20.0,14.0,20.0,sports_leisure
dff6fc6c464afef2e1838ae9c787f125,1.0,200.0,16.0,6.0,22.0,sports_leisure
551aefc4745dcc77aff9bfa0b4fce507,1.0,1400.0,26.0,9.0,16.0,sports_leisure
b37d494fac3555124cd9562148fd3d05,8.0,5500.0,90.0,15.0,25.0,sports_leisure
e424f69523d159f82480c01a1ebf9f7e,6.0,1025.0,40.0,17.0,36.0,sports_leisure
b18e0067418085fab0785606c86d875c,1.0,1300.0,30.0,30.0,35.0,sports_leisure
2b0c892ab2b8e600a0b186db31f5947d,5.0,4325.0,40.0,25.0,33.0,sports_leisure
404c6e8590cbb06f8c5e911d8a90b1e5,2.0,2700.0,60.0,15.0,15.0,sports_leisure
8e4417928fc0f31f904cdd25c131f6f2,1.0,900.0,16.0,15.0,15.0,sports_leisure
823fbf290afe6e92a33834f5ca39e0f9,3.0,14100.0,71.0,53.0,23.0,sports_leisure
78cff417987f620d4277395265379d6a,1.0,200.0,16.0,16.0,16.0,sports_leisure
6df11ffefdab6d8afd1532c5f2f05fb3,3.0,850.0,45.0,8.0,25.0,sports_leisure
5071625b1813fd174bb748137b5bc134,3.0,500.0,34.0,12.0,19.0,sports_leisure
137d0bf5250717a478bd7f9c74410bda,1.0,250.0,26.0,16.0,16.0,sports_leisure
eab4c9985a59caadd3c0f14448eaeac3,1.0,650.0,20.0,30.0,20.0,sports_leisure
77ff4f618d7c0d6b442ecdf5f02f6a74,2.0,2150.0,60.0,15.0,15.0,sports_leisure
43e6aab5f2602eb0af739f270de920d5,1.0,150.0,25.0,30.0,20.0,sports_leisure
de7087431dce1f95bf39105df32825cd,1.0,200.0,16.0,16.0,16.0,sports_leisure
d69f56b9e4b6d98bc1521db5ba96846a,4.0,400.0,20.0,34.0,44.0,sports_leisure
0b33e28a934b68a0475650499b9ae509,4.0,250.0,20.0,34.0,44.0,sports_leisure
a7bf90b233b7fe72d46a97b0cfb3eb33,2.0,1300.0,29.0,23.0,23.0,sports_leisure
fec76cdd2170ca10b02e2f0d81ff4123,1.0,200.0,16.0,6.0,12.0,sports_leisure
9d0487f0ac5a5c3a772771c0df6f4135,4.0,600.0,25.0,25.0,25.0,sports_leisure
a8eed0daf7e2db5e074d2d4f65046946,1.0,3200.0,25.0,11.0,11.0,sports_leisure
8beaa9c2347824b1bf4f8784a0cb5ee4,1.0,900.0,20.0,20.0,15.0,sports_leisure
8f2a61109d01cbda2cc6cdea233b1102,1.0,100.0,16.0,16.0,16.0,sports_leisure
3a9621dab36a841a88d2bf767f12fee4,5.0,650.0,18.0,10.0,14.0,sports_leisure
f9088946a1127f1713187e8d1e0921c2,1.0,2200.0,31.0,6.0,42.0,sports_leisure
a622b421b0b5684a1e110c5b1d9133f4,4.0,1400.0,27.0,12.0,49.0,sports_leisure
c211c9404dc28e0540fd11e5a9e17bf5,4.0,200.0,20.0,20.0,20.0,sports_leisure
ae61923c5593e8c2f7063cf4ffaac4fb,1.0,300.0,22.0,15.0,22.0,sports_leisure
b2a64b4fda22208e4da85dd69e895ec4,2.0,400.0,16.0,10.0,11.0,sports_leisure
d475247b8adc9f4c339da83abee9a351,1.0,500.0,20.0,20.0,20.0,sports_leisure
ad8e0edefe027764fe36f6a6dafffa29,2.0,325.0,21.0,18.0,18.0,sports_leisure
8cd056753a29f6bd8bef9fbabaa74f43,3.0,394.0,22.0,15.0,20.0,sports_leisure
2839fc3ce459dcf23896d23113470284,5.0,8350.0,20.0,5.0,15.0,sports_leisure
cb89dfa8adec9df2aa87b8072985b655,1.0,130.0,16.0,19.0,15.0,sports_leisure
fef63ef09494166bda2812ff585be979,11.0,375.0,29.0,15.0,15.0,sports_leisure
64f905cf518f84bfe0fbcc33bf6f0e9a,1.0,983.0,28.0,15.0,29.0,sports_leisure
ba4f075aeb56726d1cf52b7ca557ca70,2.0,350.0,20.0,12.0,14.0,sports_leisure
3edc3d3ffe806f5115118f86cbf5a021,2.0,300.0,26.0,8.0,16.0,sports_leisure
f1da618218e0af87b633532b561f5e6d,1.0,767.0,16.0,16.0,17.0,sports_leisure
a1ebb47a48200e6566603de49b83f621,1.0,2900.0,22.0,28.0,42.0,sports_leisure
f1f01d27cb8664e16d57ef4a8075f3be,2.0,4175.0,31.0,33.0,27.0,sports_leisure
4955b9229e73cd2a3344be9cd8ad0d5f,2.0,150.0,18.0,12.0,16.0,sports_leisure
3025303c80b01a0926fda2841cc31b4a,2.0,2100.0,40.0,25.0,28.0,sports_leisure
3938defa878985e56e22db94bbdea2ff,2.0,6250.0,30.0,25.0,25.0,sports_leisure
576787fafc333d1cc0ed0be68a39d001,1.0,2150.0,31.0,36.0,31.0,sports_leisure
f28cbd414cd06f1ae84065c8dd8be834,1.0,700.0,20.0,12.0,16.0,sports_leisure
8497f1169a2edddf1a2a226f653be594,4.0,400.0,24.0,11.0,18.0,sports_leisure
0e46632ce140985c23007bb52b4c4039,8.0,23650.0,45.0,70.0,45.0,sports_leisure
583f158587cdecda3e8bdea694021e39,7.0,800.0,42.0,8.0,26.0,sports_leisure
03da3203e7fba42baf48e3d87cd4b75b,7.0,300.0,20.0,10.0,15.0,sports_leisure
8a231b2009a17900eedc8a27cccf7828,1.0,900.0,20.0,8.0,20.0,sports_leisure
04e8d74439cda81827c2cff9f165f4c5,2.0,3500.0,60.0,20.0,30.0,sports_leisure
64a15444d55d43542a7b8be3ccd08928,1.0,900.0,25.0,40.0,30.0,sports_leisure
9a811162b50289557dfbcf9ecd9953c7,3.0,500.0,50.0,10.0,30.0,sports_leisure
df306b9d83f3a792369ff3360475936a,7.0,22800.0,60.0,35.0,65.0,sports_leisure
2b0943c63387bbdc046d9a7692602388,2.0,1050.0,30.0,15.0,20.0,sports_leisure
d9880e15196711e7f9fe7dabc5f74117,1.0,385.0,25.0,20.0,20.0,sports_leisure
dde7139085b54e2ea1771a2f9964d344,1.0,3400.0,36.0,41.0,36.0,sports_leisure
9c0e03692735d7d179868554fc5a1d2c,2.0,2100.0,60.0,15.0,15.0,sports_leisure
570df4c7c2a1ba5d810f27b93c584232,1.0,1200.0,19.0,19.0,16.0,sports_leisure
e59c0bdd870c05d20216271d1d605a08,1.0,983.0,24.0,26.0,22.0,sports_leisure
04c51bd1943710a970c0331518cdd2a9,4.0,350.0,22.0,5.0,12.0,sports_leisure
668e8ee8f69c3545109fc40f72336e8f,5.0,1000.0,35.0,10.0,20.0,sports_leisure
2741993686da5b94521e019e9181ed1b,5.0,400.0,30.0,10.0,15.0,sports_leisure
a993630a8281d440f812efcb8dec5c68,2.0,3050.0,28.0,24.0,11.0,sports_leisure
37ffcf68086496e428431de29b0b394d,4.0,900.0,60.0,7.0,58.0,sports_leisure
b1bd2eebcf90443f4f17e71bb89468a2,1.0,200.0,16.0,15.0,15.0,sports_leisure
0a9c1eb587d41f043827b05a8b02070a,4.0,500.0,49.0,12.0,27.0,sports_leisure
8bbaacd2cacfabe138774ccbebe689f9,3.0,900.0,27.0,12.0,49.0,sports_leisure
9adf1fe77e9fd5f8d3ade939b291029c,1.0,200.0,18.0,18.0,18.0,sports_leisure
7c256e07dc557658d97d070c34cde789,5.0,6150.0,30.0,40.0,40.0,sports_leisure
c72edc98e7d77f0c4c04ec80730c05f5,1.0,700.0,26.0,14.0,24.0,sports_leisure
fa3ca099d117071049858cc82aafdcfb,4.0,20950.0,70.0,41.0,54.0,sports_leisure
bedb45388f9f994c1ce963354fd32469,1.0,2650.0,20.0,10.0,25.0,sports_leisure
2a2d8268d68108112cc3e66fff9c6a7b,1.0,550.0,18.0,18.0,18.0,sports_leisure
76da62260c1793eadb05355edc9fd6ee,1.0,3800.0,34.0,22.0,22.0,sports_leisure
ad5d8ddac19451ea0f20b6c38afc3bc1,1.0,200.0,17.0,12.0,15.0,sports_leisure
b5c9804aab5c4cfd555ebfbc609de43d,3.0,400.0,22.0,12.0,17.0,sports_leisure
b9da2805666fccbb12f3aa73f0e94ec6,3.0,150.0,20.0,8.0,16.0,sports_leisure
be62f0c24387eae79f18265ad2a5d8cc,1.0,4100.0,16.0,10.0,16.0,sports_leisure
3c516e321c28ec378c4342e1845c4332,1.0,300.0,25.0,25.0,25.0,sports_leisure
9fc0c73ce4d0eaaead44e81eeefebeb0,1.0,350.0,21.0,26.0,21.0,sports_leisure
1d2d3b19f5c3d093d4dbccd3cd963a8f,1.0,2050.0,28.0,22.0,20.0,sports_leisure
4ebb7da18bd79f78995f5eb2243203e1,3.0,4800.0,20.0,40.0,30.0,sports_leisure
b89aa9d4a130c4556741ebc4a93d8844,2.0,1050.0,60.0,15.0,15.0,sports_leisure
cd594cc360d11f5d9cb49954a618d9bd,5.0,7050.0,20.0,15.0,82.0,sports_leisure
899b5d294953a6361e3f9081f052af7d,1.0,1067.0,24.0,23.0,23.0,sports_leisure
cd8ae7bcd06f2f7a49f20424afa80f60,1.0,350.0,22.0,15.0,22.0,sports_leisure
ac85c1f3006839a0ad6995824c497974,3.0,1150.0,90.0,10.0,15.0,sports_leisure
7fd2dfb9d85ff5f61bf8d9abf82014f6,1.0,400.0,22.0,15.0,22.0,sports_leisure
8b39be5bbb8a4585ed19cacbf4162c27,4.0,100.0,16.0,6.0,11.0,sports_leisure
b598f3e8cd6dedd51d454f6123a6e1e5,2.0,500.0,31.0,10.0,35.0,sports_leisure
63bf9538f62d875db59d948ceaa80bbf,5.0,1000.0,20.0,15.0,15.0,sports_leisure
c34602bed32c7b68dd5713b4abd953e8,2.0,1200.0,20.0,12.0,12.0,sports_leisure
7cb189885a8c492d7fe0ebad09449b3c,1.0,600.0,28.0,25.0,25.0,sports_leisure
c82c977a03a931a50b77e934538a89ec,1.0,2700.0,30.0,26.0,21.0,sports_leisure
f2bd7bc9616070cc15853ce61ab8c826,1.0,12250.0,25.0,30.0,15.0,sports_leisure
3abb0e27cb9374f334c59074d868bcbe,2.0,200.0,17.0,11.0,15.0,sports_leisure
54a7f89b9e0013d11224b5ae0bf8b274,3.0,400.0,30.0,15.0,15.0,sports_leisure
19421075ae0b585f2dc13ff149e2119d,1.0,150.0,16.0,16.0,11.0,sports_leisure
825ec0968cc8bc32096c6a91e2bbe125,1.0,1400.0,20.0,30.0,30.0,sports_leisure
4f2fc8cdef58f68813e6c93a314b6ec3,3.0,750.0,30.0,25.0,25.0,sports_leisure
fd55ab8af788f6bba621cd37a8701889,1.0,3900.0,20.0,78.0,55.0,sports_leisure
a929e5cc2191b78c668771531cb7d277,1.0,450.0,20.0,20.0,20.0,sports_leisure
24bf010d82955430eeea5ed7643711c7,2.0,28450.0,105.0,65.0,25.0,sports_leisure
95e35900a686aeaa02fac4e06350ecbb,3.0,250.0,16.0,10.0,11.0,sports_leisure
0f3777229e40207d248acfd6e1f716b6,2.0,30000.0,42.0,105.0,47.0,sports_leisure
c0b530b460b26961dd375e84c48377fa,1.0,2500.0,25.0,20.0,35.0,sports_leisure
87a9ce65cf1cfe4f8a81d3c25f0b8874,4.0,100.0,16.0,6.0,11.0,sports_leisure
d596ce99ed43dd6fd753b1f6c078417f,1.0,15000.0,91.0,14.0,91.0,sports_leisure
10b0226d162bdc55d60c0eabf68c7021,1.0,200.0,16.0,16.0,11.0,sports_leisure
ec20bfc2bad5031fd6cfd400304841c4,1.0,350.0,25.0,25.0,20.0,sports_leisure
8eb72e039f7857d796c5afe824d0c64c,1.0,1600.0,21.0,18.0,18.0,sports_leisure
5016388edcd982069aa2d39a8a878da7,1.0,22800.0,65.0,50.0,42.0,sports_leisure
c388aa3cdd554588ebcc869156381ba3,2.0,300.0,35.0,4.0,25.0,sports_leisure
11121012a254e9ef9972155d93f9def1,1.0,2186.0,29.0,23.0,25.0,sports_leisure
2bba3a44641e194c111c2907c17ab7f5,1.0,1950.0,24.0,17.0,17.0,sports_leisure
3e78cdf699d65e94e6a716be72fb4472,1.0,353.0,25.0,23.0,25.0,sports_leisure
3e67af30c5e3eae465fbf496aa88fc8b,3.0,450.0,28.0,13.0,24.0,sports_leisure
0ff5f3f4eb547a3d1ff9625cd85e4ad0,4.0,200.0,25.0,5.0,25.0,sports_leisure
15d0beee06988a8a3a98717582e478e6,1.0,1400.0,31.0,36.0,31.0,sports_leisure
d83509907a19c72e1e4cdde78b8177ec,2.0,200.0,25.0,5.0,12.0,sports_leisure
aa49abfbe4f971849628bdae6a7e5efb,4.0,300.0,25.0,12.0,20.0,sports_leisure
10fcf43ab3ca71e2b2e99bd6e6caf7a7,2.0,1550.0,20.0,10.0,20.0,sports_leisure
29f4b939c9bce7b71f366ba0eef2c4d8,1.0,1050.0,21.0,27.0,21.0,sports_leisure
12fd27a8bb6012f32f607fa18de1978a,1.0,4000.0,31.0,32.0,31.0,sports_leisure
b667e64d366991432e4c9c45ec4d6d1a,1.0,187.0,18.0,16.0,16.0,sports_leisure
32b8ee42e46363609baa9d10ce94d460,1.0,290.0,20.0,18.0,16.0,sports_leisure
64a420f0bb1580b084eab33a8c47fc65,2.0,300.0,16.0,7.0,11.0,sports_leisure
d00af18ab556193d160b6ce26d232a96,1.0,3000.0,22.0,31.0,22.0,sports_leisure
24d8da2d499efba175b1092826b7e390,2.0,150.0,20.0,6.0,14.0,sports_leisure
0e2c6b2fc22b192f824a68a0fa537aa0,1.0,1400.0,31.0,36.0,31.0,sports_leisure
a9e1f2fff48f21f5e6fc9dce739e1160,1.0,1275.0,62.0,16.0,16.0,sports_leisure
b0364648b1c062169015d9234d97d306,1.0,383.0,20.0,9.0,14.0,sports_leisure
32c6fb2c7b8966ea413c684eb15186f5,6.0,400.0,30.0,16.0,16.0,sports_leisure
3a04684bdbb06427b4adc0acc1236def,3.0,214.0,18.0,9.0,15.0,sports_leisure
9617bfaed9fe3ab156b98d8e20dd01b9,1.0,3700.0,30.0,18.0,18.0,sports_leisure
8d165e4e114bdd886972a3061c44ebba,4.0,650.0,30.0,16.0,16.0,sports_leisure
26679d24a4e81ddc13cce48ff1a9d001,5.0,600.0,20.0,10.0,15.0,sports_leisure
6f9cd9232c9ff3227676284c0b13c70a,2.0,400.0,20.0,5.0,15.0,sports_leisure
e1dae76b5f1c39746a05aebb9ea23d1d,1.0,350.0,26.0,12.0,17.0,sports_leisure
a6e0877ffaf0725d90e31e4350a3276e,1.0,100.0,20.0,10.0,15.0,sports_leisure
c37b54279b1f2a715659501bd54e7976,1.0,200.0,16.0,16.0,16.0,sports_leisure
dc4d44dc2f46a439a0e3a38ee540eb34,4.0,800.0,25.0,25.0,25.0,sports_leisure
0a4d993019c68fcc5269dada27c3db6d,6.0,750.0,36.0,20.0,26.0,sports_leisure
6edf191bc69fa313660424f725f82041,1.0,1454.0,23.0,26.0,23.0,sports_leisure
eebcc3eb19bc7e1f39fbc982e864f919,1.0,2500.0,27.0,12.0,22.0,sports_leisure
53efd9ce31847b93ddaad249b879b88c,2.0,1200.0,82.0,16.0,14.0,sports_leisure
60aa11b81de4e2fed1ba0961cbfc97e3,2.0,497.0,19.0,12.0,13.0,sports_leisure
01e66dc5bf4d5a186d856506a4f0fea2,1.0,200.0,26.0,5.0,13.0,sports_leisure
1937b3e587fc766c8d1cef0c11c6aa53,1.0,300.0,18.0,11.0,16.0,sports_leisure
f321a5d546506f8837f12d88408d9b77,1.0,875.0,19.0,19.0,19.0,sports_leisure
2149e9d51d629c16ce77c0f14c887e01,3.0,200.0,18.0,16.0,11.0,sports_leisure
39ac5a8bd0d6a65378c7d952d58b4478,1.0,2300.0,40.0,6.0,46.0,sports_leisure
768ea53ea10b7fb3bfa4d3cc4f918772,1.0,125.0,18.0,5.0,14.0,sports_leisure
41b24e4f49504cc023666ed7cde3cf16,7.0,1800.0,25.0,30.0,40.0,sports_leisure
9539cddd99ab3f8ca77b6cad0a0899ea,4.0,433.0,23.0,12.0,17.0,sports_leisure
495dd714eb32a76c84c675fc016206f6,1.0,3400.0,85.0,6.0,23.0,sports_leisure
134a6fc4a713a799266ebd6a4f4008d4,1.0,117.0,16.0,14.0,16.0,sports_leisure
ca33dbc1342572c1aa64e74fb42bab4a,1.0,300.0,16.0,18.0,11.0,sports_leisure
be75efb07aff79cef2eec7ddc5de3952,2.0,1250.0,60.0,15.0,15.0,sports_leisure
7fe2ac55c3a8e1eb6cffdec46c37ef20,1.0,700.0,18.0,18.0,18.0,sports_leisure
d787ebe896a3557db778d1fadf16ad85,1.0,2300.0,26.0,22.0,22.0,sports_leisure
b50a88003f2de609b7fb5d419bdb6b9c,2.0,200.0,24.0,7.0,15.0,sports_leisure
dd0a1a6e42db956ce68fad9bbfd7f35c,4.0,550.0,50.0,5.0,30.0,sports_leisure
c63857f1b80521fbf01eb987423d0ccd,1.0,150.0,30.0,18.0,18.0,sports_leisure
a080d0af331e8a4152c49bfc8113dec9,3.0,450.0,30.0,30.0,30.0,sports_leisure
e44f675b60b3a3a2453ec36421e06f0f,1.0,350.0,17.0,17.0,17.0,sports_leisure
d2a0d941f4d70b5ec52ae23a1290cd0a,2.0,600.0,35.0,25.0,35.0,sports_leisure
2c190bcce66ae256e9aea5f13cf0f8fa,6.0,1350.0,21.0,26.0,24.0,sports_leisure
1405f399d2e4807af6ce6a2519e2ed7b,1.0,14550.0,20.0,25.0,13.0,sports_leisure
9783237142769b3f294c1dfb6a1cf69b,3.0,400.0,21.0,11.0,11.0,sports_leisure
ffccf0ce5eff1a158891296990107d08,1.0,950.0,94.0,15.0,15.0,sports_leisure
bc911e68db068530ee4d709f33920330,2.0,800.0,105.0,6.0,20.0,sports_leisure
562cc921a8887a6be5832fc2db1c3dc8,5.0,700.0,24.0,28.0,28.0,sports_leisure
70ef02956d1b9d6a8b1aa4f7b206e210,1.0,1700.0,17.0,29.0,22.0,sports_leisure
f714f2e04474e89e781961c52081a5a7,5.0,400.0,24.0,11.0,18.0,sports_leisure
28fb90993dc41cc9bd28407d44c581ca,1.0,8100.0,31.0,9.0,11.0,sports_leisure
a2e3365ef10ca17767e0228708414937,2.0,3650.0,60.0,15.0,15.0,sports_leisure
79f20b9626febd4142b00e95f0fe8487,1.0,250.0,16.0,16.0,16.0,sports_leisure
9615c720e219d641f4498abc24a54272,2.0,900.0,60.0,15.0,15.0,sports_leisure
5218770ee0cbcad0666569202deebc4f,1.0,3214.0,27.0,27.0,17.0,sports_leisure
21ff08c8ad08521e34ac18dcc59be52c,2.0,350.0,16.0,8.0,12.0,sports_leisure
debc531d0f769b8c390ac1cef839c12b,5.0,600.0,22.0,6.0,17.0,sports_leisure
801209a2f42502b713a4c72df76c8e8c,2.0,425.0,31.0,10.0,35.0,sports_leisure
759c00ad779b5fcc09add1f1efb62417,1.0,530.0,67.0,37.0,15.0,sports_leisure
3ae13337333ac7ba984074d5a6349074,2.0,3325.0,32.0,31.0,28.0,sports_leisure
6bd90496e4292446cceb64b93d7dbf81,1.0,233.0,16.0,11.0,13.0,sports_leisure
1d9ec694c5ecfc2d472cf83b1c4891c6,1.0,950.0,16.0,7.0,12.0,sports_leisure
57dcf5497a141d23764008088c8d9974,1.0,1250.0,30.0,30.0,35.0,sports_leisure
46b769809b6fb1728843192da1732171,3.0,450.0,16.0,10.0,16.0,sports_leisure
8c5af0747c457be38b6147250a5a5487,4.0,250.0,22.0,13.0,17.0,sports_leisure
37a596b78c308cadd1669984686b04c4,1.0,1800.0,22.0,18.0,18.0,sports_leisure
abaefce0c17047c6829ff4078f2005d0,1.0,700.0,30.0,30.0,30.0,sports_leisure
bf455a7f51eabfc8dc987897ec6475f7,3.0,750.0,38.0,15.0,33.0,sports_leisure
aaac7cb8bbb8fe12c5758225cd464e5c,1.0,7000.0,32.0,37.0,32.0,sports_leisure
f7e2c966e1db5f57d218c530464c38da,1.0,5750.0,36.0,44.0,24.0,sports_leisure
aa5889064ca9c81e3a9dc65dd018187c,2.0,1200.0,30.0,20.0,20.0,sports_leisure
60314cbf527af04ebc935be7c02dc1cd,2.0,750.0,16.0,6.0,16.0,sports_leisure
e4d58f5f2f9a01a720941fb83902e9ab,1.0,1125.0,16.0,15.0,16.0,sports_leisure
44e84a5c5e43b0f044e0ee8c2deb30d1,3.0,400.0,25.0,25.0,25.0,sports_leisure
e31ddc888efe970ebfbc8e7b460babec,4.0,2933.0,40.0,7.0,24.0,sports_leisure
a869ec6209c361ca46dad85a5530e119,1.0,2438.0,28.0,31.0,24.0,sports_leisure
35d0f73a54eea897499ea2b516fee147,3.0,50.0,25.0,25.0,25.0,sports_leisure
c72934d64cbbd011b07ae48e528b35dd,5.0,150.0,16.0,10.0,11.0,sports_leisure
8bb55dba670df5f274688829c23e6052,1.0,800.0,30.0,20.0,20.0,sports_leisure
c166691d2e429a2e3ed641e29aaeb7f1,3.0,350.0,25.0,25.0,20.0,sports_leisure
8ca3654e07bd7120dd72ccbcba187753,1.0,200.0,28.0,5.0,14.0,sports_leisure
0df37da38a30a713453b03053d60d3f7,1.0,2800.0,28.0,23.0,23.0,sports_leisure
91c30c59ba5ecdf9df48ab0ea50a6b4e,1.0,3276.0,24.0,25.0,24.0,sports_leisure
f1e2a5604f4589523f0c31f15e3fc6cf,2.0,500.0,20.0,7.0,20.0,sports_leisure
f0aeff7723abbe804226f96c5b1db7ef,4.0,233.0,19.0,6.0,14.0,sports_leisure
da1dff19d0c764f3526003e9af3f35a2,1.0,300.0,16.0,5.0,16.0,sports_leisure
564b94c475df8a4e5b258cf3f3e410d6,5.0,400.0,38.0,8.0,19.0,sports_leisure
cd9895374edea6a67749d331b0b32070,2.0,250.0,20.0,14.0,16.0,sports_leisure
5e5528de114de0ff35f89b2d9f493c7c,1.0,1350.0,26.0,31.0,26.0,sports_leisure
9f9a54558f0c3453b36512b59a4be85b,1.0,1400.0,16.0,2.0,11.0,sports_leisure
a906f3b15e6e6333b408e9f8c34a6588,1.0,150.0,16.0,16.0,16.0,sports_leisure
e294d8786e16a7a67e98e5fd412e2e2e,2.0,250.0,16.0,3.0,11.0,sports_leisure
6cbbcefd974f08f72023c05064d96f27,2.0,50.0,16.0,3.0,11.0,sports_leisure
259119fc5bca4237dc823bd8a92dc25b,1.0,700.0,16.0,16.0,16.0,sports_leisure
ee4007b2b6a389f76918b093ff7b6523,1.0,481.0,19.0,18.0,19.0,sports_leisure
c1d48761df449c7ca8b6bd69ac4a522c,1.0,500.0,22.0,4.0,26.0,sports_leisure
68749ef9499d72290629ec3f71596d34,1.0,2500.0,48.0,38.0,20.0,sports_leisure
31624e01ac12f2bfcc363d6abcea278b,4.0,1700.0,25.0,25.0,25.0,sports_leisure
6b5b5ab1d2e0bc35b3c2538d7bbf460f,1.0,1300.0,27.0,12.0,49.0,sports_leisure
181b31b11ea16a87d5acab5a78320b93,1.0,5200.0,23.0,23.0,11.0,sports_leisure
250ac1c9c91aa7b446a4fa9ff67190f8,2.0,600.0,30.0,30.0,30.0,sports_leisure
be703d525c52c707f23b14fa068a1d46,1.0,950.0,20.0,10.0,20.0,sports_leisure
0d0cffac9618a8f05f06bdd397a47813,3.0,200.0,20.0,5.0,15.0,sports_leisure
a9fad6340b388d87b8c173d46a53cf5b,3.0,1064.0,30.0,26.0,21.0,sports_leisure
fce1a7007f115fe2b900a7592ee87c47,2.0,200.0,18.0,8.0,14.0,sports_leisure
0d070bdf0c723fab163131a8bed98356,4.0,26100.0,52.0,40.0,42.0,sports_leisure
094d192d5b25e0bae4c3e2f970a53439,3.0,800.0,20.0,20.0,20.0,sports_leisure
c7b434e06698e7a2bef457be15a048d2,5.0,725.0,22.0,14.0,14.0,sports_leisure
82a61259a621866c4ba63743da29a342,1.0,4350.0,20.0,20.0,20.0,sports_leisure
604b7e43b1486fa582ff64b375a5ff4b,1.0,1300.0,20.0,11.0,11.0,sports_leisure
1c3872bb3c0bc580a0f1cd3f1cc869c5,1.0,200.0,18.0,8.0,14.0,sports_leisure
2a055622bea2fc1278c4ffef9eeec87b,2.0,250.0,20.0,8.0,11.0,sports_leisure
f7d5edd55cc83003c9ff58de184833d5,1.0,525.0,17.0,18.0,18.0,sports_leisure
1596772dbdf700f2e7dd35248fcde3aa,1.0,2100.0,20.0,20.0,20.0,sports_leisure
e95ee6822b66ac6058e2e4aff656071a,1.0,180.0,17.0,11.0,14.0,sports_leisure
218f5d32f520df3b8517cdd86da09466,1.0,2456.0,53.0,14.0,16.0,sports_leisure
7bc37d0450ed1fb9e76f9c0305838c7c,7.0,1300.0,51.0,9.0,20.0,sports_leisure
9e9dc9dd74dea3fdb73f0ad555233bd3,1.0,203.0,26.0,10.0,18.0,sports_leisure
426f910ccd39ae5e7d55013c466fe343,1.0,350.0,43.0,30.0,32.0,sports_leisure
4c3867e5fe6e42a0c2a5d37efa2a0608,1.0,790.0,31.0,28.0,26.0,sports_leisure
438b5ad4eda7949fae4a4b834a69bcd6,1.0,200.0,21.0,26.0,21.0,sports_leisure
ca1551e5e36f2e68261f4d14132dba96,1.0,400.0,24.0,20.0,17.0,sports_leisure
f63729cf4441fe64282cd1b82281792d,7.0,2150.0,42.0,10.0,22.0,sports_leisure
1ddff6edb745b60b1f4333ade8c45133,2.0,600.0,16.0,14.0,14.0,sports_leisure
59d8c83dc367b690a114f47a4bf78f8f,10.0,653.0,30.0,14.0,16.0,sports_leisure
7e0995bd610eb1dfe49155b549079047,1.0,400.0,17.0,4.0,15.0,sports_leisure
4615c086d05b264e9ff7004fcb515e37,4.0,450.0,23.0,15.0,15.0,sports_leisure
788446dae9ad0409017f7f0b40105057,5.0,2700.0,56.0,28.0,33.0,sports_leisure
be642ced82a99a398aa76d720cf47d19,1.0,160.0,18.0,8.0,13.0,sports_leisure
e8ca1ff2d0a28edb5be8bfbf2964dc3a,1.0,450.0,42.0,10.0,25.0,sports_leisure
c60c5d18a948f105c5dc3585ef3051d6,2.0,1500.0,60.0,15.0,15.0,sports_leisure
eb6b6f708fb1a57720d0734f30c3b31e,3.0,1900.0,70.0,14.0,17.0,sports_leisure
48ece3b2abc4abd9d02f45aca7c3476f,2.0,1800.0,90.0,5.0,30.0,sports_leisure
368aefcea6b2454dff5ce8156ea6766b,1.0,1046.0,27.0,27.0,23.0,sports_leisure
6a24f480cc3fa5ceba9b09eb6b2f46fd,2.0,950.0,60.0,15.0,15.0,sports_leisure
5581bb179770e44255d6bb9b9e1bcca9,1.0,363.0,18.0,14.0,17.0,sports_leisure
67fcc72a4cfd0ac826c0158ce5c98ae6,4.0,3150.0,60.0,9.0,23.0,sports_leisure
b72b1952fed0f11ff9621862f1272e50,2.0,275.0,21.0,7.0,18.0,sports_leisure
de1dab31e5f3737cd024f5fe44743fa9,1.0,442.0,20.0,19.0,17.0,sports_leisure
14604c2eecc272f4c961e8274d667f85,6.0,450.0,18.0,8.0,11.0,sports_leisure
779559842fc122d55edbd03153f35e81,3.0,200.0,21.0,13.0,26.0,sports_leisure
0ec5f6f08cf32bc916d0ae089696a44a,1.0,2600.0,16.0,16.0,16.0,sports_leisure
8acd8ece7ba9e8888891b824289509e4,1.0,1550.0,33.0,15.0,16.0,sports_leisure
ba5d5d6bb022a34df6fe5b5e8c8002ad,3.0,400.0,20.0,6.0,15.0,sports_leisure
a4973d5ec3762f17b42d73f0326c7169,2.0,113.0,20.0,9.0,12.0,sports_leisure
f5f5b024b9de6f4bef611bc8b1e370ec,1.0,150.0,25.0,2.0,22.0,sports_leisure
f0a7113644fce6d200240a1d0dba2b9b,2.0,1500.0,55.0,5.0,16.0,sports_leisure
b111c839cd1b66d1c5babce005b73f07,1.0,3350.0,16.0,16.0,16.0,sports_leisure
e4eec4a0771ae2297acc444c8f559cfb,1.0,140.0,19.0,12.0,14.0,sports_leisure
c0295f791bfc794623d0ea811cca82d5,1.0,929.0,24.0,22.0,22.0,sports_leisure
8ec80bc0ce04aa714a68d87e91e9df11,2.0,800.0,60.0,15.0,15.0,sports_leisure
aa7f707ef77cdfa8a3059da401c11311,3.0,300.0,16.0,6.0,20.0,sports_leisure
afd48a6768e0b8b490d48c5eda08767e,2.0,450.0,25.0,30.0,20.0,sports_leisure
5d0386961a44323a9772e63672317131,1.0,900.0,22.0,15.0,22.0,sports_leisure
421730bc1e40e869255cc20542bd2444,1.0,300.0,16.0,25.0,11.0,sports_leisure
112e1856649c6762c1ca6058d07f2633,4.0,500.0,80.0,8.0,15.0,sports_leisure
a7e25abccd44c762ce17be417966dec5,2.0,2100.0,60.0,15.0,15.0,sports_leisure
d8a95ecf1c05b391d216669a9652bcfb,1.0,900.0,48.0,19.0,35.0,sports_leisure
a77e013f372e02ec1490a7018244acce,1.0,400.0,16.0,14.0,12.0,sports_leisure
eab1309765ca0c3ba5c2ae2b85b28b00,1.0,4463.0,44.0,35.0,32.0,sports_leisure
c1c1d3afbe6a5ab7a534f7ea20e09b8e,1.0,203.0,20.0,14.0,14.0,sports_leisure
5e5b473b781f720cd8c1bcecbdc881ce,5.0,200.0,26.0,2.0,21.0,sports_leisure
c1cf8f51eac90b1ff478250b3d35c37b,2.0,280.0,34.0,13.0,13.0,sports_leisure
be9bda3f5667ecd07de6d194b60ddc01,1.0,4000.0,85.0,13.0,23.0,sports_leisure
e1e0040c906cc890d032092141a9b6de,1.0,200.0,18.0,18.0,18.0,sports_leisure
277bf2ba07ff0451aa37701b45aad827,2.0,850.0,30.0,7.0,30.0,sports_leisure
d4df40885b1fc8d86727708a763e1335,1.0,2250.0,30.0,15.0,15.0,sports_leisure
3880d25d502b15b1de6fddc42ad1d67a,5.0,9850.0,105.0,35.0,50.0,sports_leisure
5e0a88877b8f7889949d0a7b3fc12d14,3.0,770.0,15.0,10.0,11.0,sports_leisure
7e1119e96d8ef05e6c469182113759a4,1.0,3850.0,20.0,22.0,22.0,sports_leisure
0afbecb15d10af6e2c8e3a682becb22c,1.0,6700.0,32.0,20.0,20.0,sports_leisure
4a9389b1a1ad7d52963f24ce0391a08f,1.0,700.0,18.0,18.0,18.0,sports_leisure
84da49736447aaa6ca16652f7e5a77d8,4.0,900.0,32.0,17.0,25.0,sports_leisure
68821aa251c8715f0c4199f413511411,1.0,11150.0,28.0,4.0,28.0,sports_leisure
db840402d29735f89a353422e4bb9e5d,1.0,433.0,24.0,9.0,17.0,sports_leisure
9afade9e30e92ffdf41238d85210479b,3.0,250.0,21.0,18.0,18.0,sports_leisure
28701167ae1ea90aa657c81171d61c30,1.0,150.0,20.0,3.0,12.0,sports_leisure
b31bf123505c6df8ab973f7c40caf4e8,1.0,1400.0,16.0,2.0,11.0,sports_leisure
96f41c94be1dc7d1c91415db05658d6b,1.0,650.0,41.0,5.0,41.0,sports_leisure
3a22eb30c7bdd30bf0a4729ed8614d82,1.0,1199.0,25.0,23.0,22.0,sports_leisure
141a1bbd15437e6ce4765f29d126ef67,1.0,200.0,20.0,6.0,16.0,sports_leisure
97fb4a5f48af31ad401b266215d84336,3.0,950.0,20.0,20.0,20.0,sports_leisure
761673fd35e2e24ad39b5f6a96c1692c,2.0,2600.0,60.0,15.0,15.0,sports_leisure
108e01163b7588c7924ec8cb5ad81b63,1.0,1500.0,26.0,17.0,17.0,sports_leisure
4ce99ff9dcb7821acd8e599d5d4a6531,2.0,450.0,35.0,10.0,11.0,sports_leisure
281886d5650643134700ec611ac33532,1.0,1100.0,16.0,16.0,16.0,sports_leisure
5b7332962cb50e1130c6aff72dcba46d,2.0,1000.0,16.0,6.0,16.0,sports_leisure
10575a1b638283f7cc928d01f29416b2,2.0,4600.0,32.0,37.0,21.0,sports_leisure
47d4f578b4130f61735dcfb66c38cb5e,2.0,750.0,25.0,25.0,25.0,sports_leisure
7242835dfa9321bbbc31ce5f605603d8,3.0,10450.0,54.0,32.0,36.0,sports_leisure
7cda44af27723d9cfaed9a75d4bd2c25,1.0,173.0,17.0,12.0,14.0,sports_leisure
1139f00effbb6523b59f6e6ebddc6d44,6.0,1900.0,40.0,18.0,22.0,sports_leisure
d918b3f4aa5272c2c3cd088d087ca069,1.0,2083.0,28.0,23.0,21.0,sports_leisure
8cea3a70558be2f35507686686c183af,2.0,175.0,21.0,7.0,17.0,sports_leisure
4ece875799f8eacb00dc13e93d0a2fd0,2.0,350.0,16.0,16.0,16.0,sports_leisure
b580f3db3195d1c583b96bcbc78d30c3,2.0,250.0,17.0,7.0,12.0,sports_leisure
31dd3d3901e7b2755c96ed255b26dd0a,5.0,600.0,31.0,15.0,23.0,sports_leisure
73a7fbf8c1048131f3b531af31bcdf0e,5.0,600.0,16.0,10.0,11.0,sports_leisure
cc9b3b28eb0de60b7ab0294b1f8b70ca,1.0,1140.0,22.0,22.0,19.0,sports_leisure
6f735de7025b8e74fc832dfd6ec2bf5d,1.0,500.0,18.0,8.0,14.0,sports_leisure
8b8a1ad64d412f12e5cbd609b8ffd064,8.0,10200.0,105.0,15.0,25.0,sports_leisure
96c25526a5b2b25769c0c24bd89afb18,3.0,700.0,25.0,25.0,25.0,sports_leisure
db6b576f5ccc24add9999afe03841cf3,5.0,900.0,16.0,7.0,11.0,sports_leisure
aefae62335aa97901109f0c0f08ff0bd,1.0,2500.0,36.0,38.0,36.0,sports_leisure
aee6a26e6b45a1c262018c8bb3125848,1.0,2500.0,27.0,32.0,39.0,sports_leisure
de4fb1ddae276a3503afed39c8227cff,2.0,5200.0,50.0,20.0,40.0,sports_leisure
62bfda7b1a58cc9a485cb563b99ea48f,1.0,100.0,24.0,5.0,16.0,sports_leisure
e4ded0f268ce696528f196af41abc475,1.0,400.0,16.0,8.0,16.0,sports_leisure
3c4223262d31fa35043380da246fb0fa,1.0,700.0,16.0,15.0,15.0,sports_leisure
b9255fa1436215fbff730a7f26be45bc,2.0,850.0,19.0,36.0,24.0,sports_leisure
ecab3fa721d1b06c225f23c30f02eb5e,5.0,175.0,22.0,9.0,12.0,sports_leisure
ee278da6df2f0ca2905e9e38da106ba6,1.0,3000.0,36.0,31.0,31.0,sports_leisure
7894eb3a8e710261ef2d75fc714d51d6,1.0,150.0,20.0,10.0,20.0,sports_leisure
68a00c2c89cc59b345242ac379ee4b26,1.0,1350.0,31.0,32.0,31.0,sports_leisure
97afd188bb555122d11925deb0052174,1.0,350.0,16.0,6.0,11.0,sports_leisure
5b62b580e3f012c16682b625be5b4ae6,1.0,500.0,25.0,25.0,25.0,sports_leisure
f0a5096279c53570c100d835b780956b,1.0,313.0,20.0,14.0,12.0,sports_leisure
34cccfd20accc19f71b0eecf4106331b,1.0,117.0,16.0,11.0,12.0,sports_leisure
d89ba268c7abe3819f2d39f0a359077c,1.0,3200.0,30.0,30.0,20.0,sports_leisure
8d18683df8f2659e9c67c3977bf05376,1.0,400.0,33.0,21.0,27.0,sports_leisure
21191f1db2fabc46b8ae34857a3b130a,1.0,450.0,19.0,22.0,19.0,sports_leisure
a2767073e632cd6f8d0be8a1f40f0921,1.0,600.0,22.0,22.0,22.0,sports_leisure
6fbb0abf0f08af0f649fc1d6372e02fc,1.0,300.0,28.0,25.0,25.0,sports_leisure
cd322544c79e58e64b103bdceccc507e,2.0,150.0,16.0,5.0,11.0,sports_leisure
4b5ab3be3c6e52d0a7d6ba17bf6e6246,2.0,3000.0,30.0,13.0,25.0,sports_leisure
9e86427a5a9119af3ad32f27ccd9df52,1.0,850.0,43.0,8.0,19.0,sports_leisure
537308c83230d0d9e9d2bd41978291e1,1.0,13250.0,90.0,80.0,11.0,sports_leisure
0705b33fb285827a578fce4899f1b921,1.0,400.0,95.0,6.0,47.0,sports_leisure
5e653dd3f194d07f140e40878ba2ba5f,1.0,1250.0,16.0,6.0,12.0,sports_leisure
1ec18a242e7ed004de8161b60f0262b1,1.0,250.0,19.0,6.0,16.0,sports_leisure
1f7d5ed869623b79db194aaed277d963,1.0,2600.0,22.0,22.0,22.0,sports_leisure
3801834fa30c52a5aaa9508b3eb15b50,2.0,1500.0,35.0,15.0,27.0,sports_leisure
8896b8c893a3dc9e5a6d10e00bada716,1.0,500.0,16.0,7.0,13.0,sports_leisure
3ff718959f57e5a5c7e17ee1af98dc10,1.0,200.0,22.0,15.0,22.0,sports_leisure
297dafe95cc452ec731fce535139cb4d,1.0,6200.0,40.0,11.0,15.0,sports_leisure
ec47fd0f78acfea66534a4f3180d09fe,1.0,1250.0,26.0,31.0,26.0,sports_leisure
2f46e035eccda1e1e2127096bb7483e7,3.0,1800.0,28.0,8.0,15.0,sports_leisure
fecf6223a3494f35362f670e571d2a04,2.0,800.0,42.0,36.0,25.0,sports_leisure
126e10207113f69a199d56984e194d62,3.0,1000.0,23.0,23.0,23.0,sports_leisure
bb0b9e9816a548820fce168271eaec29,1.0,5950.0,20.0,11.0,20.0,sports_leisure
1a09c4a332f5df9d0b846c482e93cc3d,8.0,3900.0,90.0,20.0,25.0,sports_leisure
8a8e4166f51f98d56dfe007218a11a0e,3.0,1507.0,28.0,11.0,21.0,sports_leisure
da3e3306dfee58ec66950224efa97b47,3.0,1050.0,30.0,30.0,25.0,sports_leisure
25bd6053b3b5425cc4277b3c51641504,1.0,300.0,18.0,18.0,18.0,sports_leisure
82e58c3610465c0741a584561e7199f3,3.0,450.0,22.0,15.0,15.0,sports_leisure
44e6ec37a142be331fe0241006d0b389,1.0,450.0,20.0,9.0,14.0,sports_leisure
c71bf92cf123eb294304073fc1751bf3,1.0,3000.0,36.0,31.0,31.0,sports_leisure
90b7c42b2aff33b8f12c37d4c6588f99,2.0,4200.0,60.0,15.0,15.0,sports_leisure
85b8a24337b4e2571f8fee38f4253a06,1.0,300.0,20.0,15.0,18.0,sports_leisure
09fbb9fc5bffc1ce6dc2f66289dfcb05,1.0,3675.0,28.0,33.0,25.0,sports_leisure
a889574d5db0d088abd953112ca2318b,1.0,3900.0,30.0,20.0,25.0,sports_leisure
71d0f164444941a25e66f51cc8b17c0e,3.0,1700.0,52.0,8.0,10.0,sports_leisure
abefc54df1613eda05b2c702a316eb41,1.0,1900.0,22.0,12.0,22.0,sports_leisure
0e1d6728d42f12978a547564c96bfb03,1.0,199.0,19.0,18.0,15.0,sports_leisure
2b3a5c2260dc61103f0b61bfa35a5d2f,1.0,1150.0,27.0,6.0,18.0,sports_leisure
75285f54a9546fb99e970a15b52e15b6,1.0,500.0,23.0,5.0,21.0,sports_leisure
89de415e2cf869a6b1274f51913f1a49,1.0,500.0,25.0,15.0,25.0,sports_leisure
1317921ea764ef06f7aa21094c7e7759,2.0,200.0,16.0,6.0,20.0,sports_leisure
32459442f3b850918e20febc47c9edfb,3.0,300.0,25.0,12.0,20.0,sports_leisure
a762a89bb77b378d0b434ad75671b8e1,2.0,2100.0,60.0,15.0,15.0,sports_leisure
694ef7517a535b054fddea9154d3e627,1.0,2300.0,21.0,21.0,21.0,sports_leisure
f2466c43ec41d6b64dcc6337d5e5a6ea,1.0,700.0,16.0,20.0,20.0,sports_leisure
09f9babe996b57d17ac9d11adf231c05,3.0,200.0,25.0,25.0,25.0,sports_leisure
b6db9100ea048510e240cab9243a43f8,1.0,775.0,29.0,15.0,20.0,sports_leisure
88159bac10e3d4f4b69b157406c7f70f,2.0,343.0,32.0,10.0,20.0,sports_leisure
024063adde9af865418b7da3dd897b98,1.0,450.0,20.0,9.0,14.0,sports_leisure
0ef97c3cdccb448931cb0f778af3584c,4.0,6300.0,35.0,20.0,35.0,sports_leisure
b238cefbf65da115fde8271ad681b640,1.0,885.0,18.0,14.0,17.0,sports_leisure
053dc19b1456837ad35f75a6fdce5988,5.0,350.0,20.0,15.0,15.0,sports_leisure
9b447644d291396340ea3641fc70d132,1.0,900.0,25.0,10.0,11.0,sports_leisure
6a0f59f3946c8169999e2fb7e946ac96,3.0,150.0,30.0,18.0,23.0,sports_leisure
92d9f09c92944e22b74a09f5480be83d,10.0,2700.0,63.0,10.0,21.0,sports_leisure
616968e81dfe76aade96cd6f673b6d24,1.0,501.0,23.0,18.0,17.0,sports_leisure
0ec884e982b64baccc2612396932cfdd,4.0,3950.0,53.0,10.0,26.0,sports_leisure
8c832a513b94b1ded5579b054615dc20,1.0,250.0,18.0,8.0,14.0,sports_leisure
dc0fe1906bacc99199eb46fce442e1de,1.0,2200.0,100.0,7.0,11.0,sports_leisure
4073784877d08fbd075c0dd3e1bff5de,1.0,250.0,16.0,16.0,16.0,sports_leisure
98a940d42d3ac029e40441023676ddfe,5.0,483.0,23.0,14.0,18.0,sports_leisure
aa175ef941b5ebc330e96ea4328488b8,1.0,800.0,16.0,2.0,11.0,sports_leisure
c4cde99afaa1f45277912a3cf485021f,1.0,6200.0,100.0,15.0,15.0,sports_leisure
cc419cef76963f8e0cde78157908a6c3,1.0,5000.0,50.0,27.0,27.0,sports_leisure
cb9ebc2581c01de678351c46f55f7f7f,1.0,856.0,22.0,20.0,21.0,sports_leisure
114d1f71a8c0da5baa0894d00b9debb6,1.0,150.0,45.0,10.0,11.0,sports_leisure
3356d43bd57f974c4ae7fc5f9c4e589a,2.0,1300.0,60.0,15.0,15.0,sports_leisure
114be868e131c0ec44f054b335118724,1.0,1600.0,22.0,12.0,22.0,sports_leisure
df43af64871180c5021e7203b0e21b29,1.0,1700.0,50.0,20.0,30.0,sports_leisure
78a52f7c3f1fc50373949f57052397ad,1.0,350.0,17.0,10.0,17.0,sports_leisure
d2fd481184c11c7b14fd8e62f60b86b1,5.0,430.0,20.0,8.0,16.0,sports_leisure
02a79d79e818ad0be36cfc843a6af7ad,1.0,300.0,16.0,15.0,15.0,sports_leisure
9ede6b0570a75a4b9de4f383329f99ee,1.0,1211.0,25.0,24.0,22.0,sports_leisure
8b879b701aba1cd9adffb70411eb05d5,1.0,1100.0,25.0,25.0,25.0,sports_leisure
d986e4bd747ca20b348abcd013cd1303,4.0,1200.0,80.0,14.0,14.0,sports_leisure
10714d6a49c0af9ccdab2d806887c5f5,1.0,700.0,40.0,45.0,25.0,sports_leisure
c72336b153d63586e6c0599a1b78f47c,1.0,300.0,16.0,16.0,16.0,sports_leisure
6af89b97a841482f79c52765bfe0d699,1.0,1743.0,29.0,26.0,24.0,sports_leisure
7e857e35018e4a05b7d124d1628dc1f0,1.0,329.0,20.0,16.0,18.0,sports_leisure
3cebb9158a3aa0b3f78ee0f934c9f032,4.0,1700.0,28.0,14.0,22.0,sports_leisure
6ea7927ee9727ed48b265bfdcdbffdc1,1.0,700.0,105.0,6.0,11.0,sports_leisure
f06059b7624d79f0c063e5d45bffcafa,1.0,1700.0,18.0,16.0,16.0,sports_leisure
389c9ee4cb69aba5aad6e8087a4982b1,1.0,1300.0,26.0,31.0,26.0,sports_leisure
601d52789faa7ded8408d63ccfcb4800,1.0,2200.0,33.0,30.0,30.0,sports_leisure
e9f2586707fb45ea0f9997c54f585842,1.0,1450.0,23.0,32.0,23.0,sports_leisure
183770fe75350bbf19c623927e1c0f72,3.0,250.0,25.0,25.0,25.0,sports_leisure
62bf07cdb14270c48cf42ca0312986aa,1.0,8100.0,30.0,80.0,30.0,sports_leisure
bfd00f48ae944947e4702bc90e492a9d,2.0,250.0,21.0,18.0,18.0,sports_leisure
ee6540b34ea60c885c775fa9b52e81e3,1.0,407.0,20.0,17.0,18.0,sports_leisure
f7812bf540cb401d6419be55d3b68ce3,3.0,25700.0,80.0,85.0,20.0,sports_leisure
5f6b5f78a82f5ebf164b70a26447e868,1.0,238.0,16.0,10.0,13.0,sports_leisure
33a11954c13e439a0a632a2cb996b534,2.0,250.0,27.0,4.0,11.0,sports_leisure
b72b39418216e944bb34e35f4d3ea8c7,1.0,767.0,26.0,8.0,20.0,sports_leisure
60f560fe3dd8adc165becf182ec8f834,2.0,3450.0,60.0,15.0,15.0,sports_leisure
a4800b5d0f4850922208a6cefcffed51,1.0,1250.0,19.0,12.0,12.0,sports_leisure
b2149b7e64788f888efdb743530aedaf,2.0,696.0,21.0,20.0,21.0,sports_leisure
81db76f3ab0fae3c8cbd73d201fde481,3.0,1875.0,44.0,46.0,39.0,sports_leisure
55a257b8a93fa8ce0b4774de48718126,2.0,450.0,18.0,15.0,15.0,sports_leisure
d62404ec5fe357da9b6369b3b472f162,3.0,700.0,22.0,52.0,25.0,sports_leisure
f3fbdd55d3f1f1f433e0ef53a6a67ca9,2.0,2400.0,20.0,20.0,20.0,sports_leisure
eb005badd08b68a6361449b18b6e13bb,5.0,300.0,20.0,10.0,15.0,sports_leisure
cf0cc04c3744454b3bfca288d96e959b,8.0,7550.0,90.0,20.0,25.0,sports_leisure
5fe01122e6fa55994d5d842511a5a9ab,3.0,700.0,25.0,25.0,25.0,sports_leisure
be29c68650ca8ac7209aeb238df7f05f,1.0,700.0,17.0,16.0,16.0,sports_leisure
7a215c94c00b4048a6a9e3734e1635b2,1.0,300.0,16.0,20.0,15.0,sports_leisure
f27f3e8b4b3836e4d6cd756dfb83e750,2.0,550.0,26.0,16.0,21.0,sports_leisure
ddb1ee27e79832962326a8a79e3220f6,1.0,288.0,23.0,12.0,17.0,sports_leisure
a6e9ad7f801066f00bf59e348ec8f3d6,1.0,110.0,19.0,12.0,14.0,sports_leisure
337c81a0f9e751b6cbdf56680a33c365,1.0,163.0,16.0,9.0,12.0,sports_leisure
47610c97b60ace4c786250fe5b4223e3,4.0,6175.0,66.0,17.0,14.0,sports_leisure
f3f12eabcd090650146791b249f48880,2.0,21500.0,63.0,68.0,63.0,sports_leisure
1f88e86c9d7f76b2ab388a07cc8b535b,1.0,200.0,34.0,5.0,26.0,sports_leisure
b9038f30e77388317c3b78f6619e11b1,6.0,1100.0,25.0,6.0,17.0,sports_leisure
9437358367868e28d75ce47e393eef99,1.0,4222.0,38.0,33.0,33.0,sports_leisure
045e41f597e72ebfe5e9de50788fbf03,1.0,500.0,20.0,15.0,13.0,sports_leisure
303209077202f6ac32714e683352e4be,1.0,2300.0,40.0,20.0,40.0,sports_leisure
0eda670810c42c5fcf92ca8be2a615a9,3.0,150.0,18.0,6.0,15.0,sports_leisure
72a30483855e2eafc67aee5dc2560482,1.0,967.0,21.0,24.0,19.0,sports_leisure
d4c7a502c517c851a64712d940286778,1.0,1067.0,25.0,28.0,14.0,sports_leisure
3877d1c5a012c0c315cb72f7588b7a56,1.0,250.0,16.0,8.0,12.0,sports_leisure
9e15353890070a3993281d90741280a9,1.0,650.0,45.0,15.0,25.0,sports_leisure
421d4110757e678b219c4ecb3832a7f3,1.0,567.0,24.0,19.0,20.0,sports_leisure
d6618718f320c94af9c25d40da7b6460,1.0,3600.0,30.0,28.0,40.0,sports_leisure
44e64a128c258ce579cca498e05b614a,1.0,2500.0,26.0,19.0,26.0,sports_leisure
3e03619d360cd44f29e094aae3c4a76b,1.0,6950.0,24.0,7.0,11.0,sports_leisure
e51136ef1d291cf07cc8a792b4a16f94,3.0,3100.0,41.0,11.0,30.0,sports_leisure
7033a435a6ce8e293a5727f954b4871f,1.0,500.0,16.0,16.0,11.0,sports_leisure
1b708fb3dcbea0831e21f2fb98d0acfe,1.0,1000.0,39.0,10.0,37.0,sports_leisure
19a5dc57b9f69cff2321395f3c36f9d6,1.0,2650.0,33.0,25.0,25.0,sports_leisure
0ae652266b7911e69661f1359912d235,2.0,1050.0,60.0,15.0,15.0,sports_leisure
b0fd8a13c803e88ed77e3bfdb763afca,1.0,400.0,20.0,7.0,14.0,sports_leisure
2b2d4af07dd8444944230535d91bebd1,3.0,250.0,17.0,14.0,16.0,sports_leisure
2daa50c954caed9163fa12198132ccab,1.0,900.0,19.0,19.0,19.0,sports_leisure
7d19da97298dfc1d2e254146559095f3,1.0,8000.0,30.0,104.0,30.0,sports_leisure
8d7b1f65c55c4c92979d7a0c36200c29,2.0,500.0,35.0,10.0,11.0,sports_leisure
e20fcfa5bcdc5c4341d6680cca2bae68,2.0,950.0,60.0,15.0,15.0,sports_leisure
1c510e7a53ea02ee8cb8e8d42274ff83,1.0,4317.0,50.0,28.0,30.0,sports_leisure
48eac3eaf2e50b5f37248cf116476a06,2.0,950.0,60.0,15.0,15.0,sports_leisure
67d87e3b4ef9e609ba5eeed6a4b3b5f8,7.0,600.0,28.0,10.0,18.0,sports_leisure
81b02d54ef048c9d96b59460939023bd,3.0,725.0,46.0,13.0,28.0,sports_leisure
1acb18fc869c5489d5f76abcd681165e,1.0,1600.0,30.0,30.0,35.0,sports_leisure
7676b117e79a01065c4962a3064886f6,1.0,1255.0,29.0,14.0,16.0,sports_leisure
833984d7021e50b11df8113b7794e920,1.0,400.0,34.0,16.0,16.0,sports_leisure
746cc58d3872bae3f850565b028b96d0,1.0,200.0,20.0,17.0,22.0,sports_leisure
cb26d15d1b6eabaac7c0803774245884,7.0,30000.0,86.0,67.0,35.0,sports_leisure
98ae511715bfce7d97ef0ff1859ad05f,1.0,5600.0,19.0,18.0,11.0,sports_leisure
ef61c4fb4f364316676e231990ac97e0,1.0,2550.0,29.0,27.0,29.0,sports_leisure
7d681f285e6416b6dcba8a65d774cc86,3.0,150.0,22.0,3.0,13.0,sports_leisure
b59fb744c6f3cd1dc23b10f760848d98,1.0,200.0,25.0,2.0,17.0,sports_leisure
3f55594c92f61283dd292a1e6f1c6427,2.0,1100.0,46.0,10.0,15.0,sports_leisure
6d4bb6101d2927f04617ed23f0d6aee5,1.0,450.0,23.0,22.0,22.0,sports_leisure
5be097e7adf7dc9ed11fabf814806bd0,1.0,3300.0,31.0,32.0,31.0,sports_leisure
92f02eda1a2e9693260a62c8af2f73be,1.0,667.0,27.0,8.0,20.0,sports_leisure
36908dfc3aabeafc9039dc2365586c0e,1.0,400.0,18.0,12.0,15.0,sports_leisure
2b6726ab177dc4ec000e5fcfc6926cf2,3.0,1100.0,16.0,12.0,12.0,sports_leisure
2e83d1ea0a8e975049603ca4814d26e0,2.0,1200.0,30.0,16.0,16.0,sports_leisure
7fdae1cadbaf2e5dde310512dafed98d,1.0,290.0,23.0,4.0,17.0,sports_leisure
ab89689c2d13440b8152183ddee2ed81,2.0,12150.0,80.0,38.0,39.0,sports_leisure
e7f5908a3c9844728d24e3322254b109,4.0,400.0,27.0,8.0,15.0,sports_leisure
a526c4bc0a48c0e4345f97af496d87cd,1.0,200.0,23.0,11.0,15.0,sports_leisure
fd25ab760bfbba13c198fa3b4f1a0cd3,1.0,1300.0,30.0,30.0,35.0,sports_leisure
20fd0be27c1aa68faa30d494b21a4a1a,3.0,750.0,45.0,15.0,15.0,sports_leisure
d43e07c1d5416da3b79b74e7e8efc741,4.0,150.0,24.0,4.0,14.0,sports_leisure
c21bd5b6be0663cddb80ec6744d6ca24,3.0,538.0,23.0,17.0,17.0,sports_leisure
983352c530d4df29fc4ca5df21765827,6.0,200.0,25.0,5.0,19.0,sports_leisure
d7aac623b37a602920a230c0bfd96025,2.0,350.0,16.0,8.0,11.0,sports_leisure
25437c6ccd9cdc28db375f821881224f,4.0,1050.0,40.0,20.0,20.0,sports_leisure
2ee4be9805f228255a38a6f9b03fff1a,2.0,3300.0,22.0,22.0,22.0,sports_leisure
a75fec02d3cc5911a71f3562fe378721,4.0,200.0,25.0,10.0,20.0,sports_leisure
af79ac70de9a79b9c1c85ee0880c7206,4.0,950.0,22.0,5.0,14.0,sports_leisure
205eda573c0d52a57b83bc9332947b8e,8.0,700.0,30.0,36.0,20.0,sports_leisure
6f5a84d79bc9f79ecd9095e91fc47a2d,3.0,1100.0,40.0,2.0,40.0,sports_leisure
a1692a17fad005e22bf5a54353439420,6.0,3600.0,20.0,15.0,42.0,sports_leisure
2b6d84a08eed9e50e3d8389b56cd3327,3.0,500.0,30.0,10.0,20.0,sports_leisure
25707e90c7f4f672f8d1058a32d78982,3.0,725.0,23.0,23.0,23.0,sports_leisure
325a06bcce0da45b7f4ecf2797dd40e4,1.0,300.0,16.0,5.0,15.0,sports_leisure
9befce53daaaaab36a5947f3cd80f42d,3.0,10150.0,20.0,20.0,20.0,sports_leisure
bf8f8dcc8811756c8dccbeea08223f96,4.0,200.0,20.0,8.0,11.0,sports_leisure
32ab984210a9cc604931ba8408ec6994,1.0,1300.0,16.0,12.0,13.0,sports_leisure
1ed65bd74fcdbc4b99bc838f1b8583e8,2.0,500.0,25.0,25.0,25.0,sports_leisure
f93213a23c50edc16c27b96333f734dc,1.0,7550.0,28.0,40.0,40.0,sports_leisure
5232994b2d1d55105b92d445d97d0f62,1.0,350.0,20.0,20.0,20.0,sports_leisure
71bd8f5de551c71f6ff1386868d57526,1.0,100.0,17.0,7.0,14.0,sports_leisure
5ff59c5f2db7600fa8143442c8b1e4f6,1.0,200.0,20.0,20.0,20.0,sports_leisure
892ffd4f35db82ec18966893c5dfec9d,6.0,550.0,38.0,11.0,28.0,sports_leisure
1b9257f42072f68e325a4dc79dd99ae4,1.0,1450.0,20.0,30.0,20.0,sports_leisure
c77b5fed1d58641e0f5e70cefd093a62,1.0,400.0,16.0,10.0,20.0,sports_leisure
a10fa96cb854e79dc01be7ab3d685c7d,1.0,1100.0,16.0,16.0,18.0,sports_leisure
963bc5def5962c07b9a36fa70d08c989,1.0,150.0,16.0,17.0,22.0,sports_leisure
329ee774172a8dec4ae65b229f2c73fa,4.0,1225.0,30.0,17.0,17.0,sports_leisure
f382fd2265b83e4c7689c1a6dbf74ac6,3.0,2700.0,43.0,11.0,31.0,sports_leisure
7fd9bccf4c66729e3f5bd94f542de136,1.0,5250.0,23.0,23.0,23.0,sports_leisure
0030026a6ddb3b2d1d4bc225b4b4c4da,4.0,800.0,25.0,25.0,25.0,sports_leisure
dfdfd0def1171ab6cb6b8b095e2246e4,1.0,470.0,19.0,19.0,18.0,sports_leisure
af62c06a5e8bc086ba8b49063306ead6,7.0,450.0,20.0,10.0,20.0,sports_leisure
804276969fd6adfcfb9c9dcbce2fe8ec,1.0,4900.0,36.0,31.0,31.0,sports_leisure
a0fe01e446dce7a61936310e6c3f3e37,1.0,250.0,17.0,14.0,15.0,sports_leisure
575617410387f4e614f39628fe8e81bd,2.0,500.0,16.0,11.0,11.0,sports_leisure
b9ee7519d0187d2389af62ba6c612963,6.0,900.0,28.0,10.0,28.0,sports_leisure
0043c62d00db47eff6a6bc4cf6bfaeda,1.0,380.0,18.0,12.0,14.0,sports_leisure
2dfbe6c95d43a6a29a0d56e5b9f528f2,1.0,500.0,24.0,20.0,20.0,sports_leisure
b7a83b58b9091311faf9705dd7e2e1a7,1.0,150.0,16.0,9.0,16.0,sports_leisure
cff8174d451ee47afde02105d11b1758,1.0,410.0,38.0,38.0,38.0,sports_leisure
84dbf59971e2dd6aede4b0e0b1847a54,1.0,300.0,33.0,21.0,27.0,sports_leisure
bf7e9480325415ebfee169ceee8b53e0,1.0,1800.0,26.0,18.0,18.0,sports_leisure
07a6879526099e7f3483481e5bd60b77,2.0,3000.0,60.0,15.0,15.0,sports_leisure
d84e43351df6812fc8bf1c70405fb42e,2.0,600.0,16.0,12.0,11.0,sports_leisure
c048c78e247ffc5c2493a9a39e0fc5cd,1.0,433.0,21.0,15.0,20.0,sports_leisure
aef29ba8f524551d01c5497f60832b2c,1.0,120.0,21.0,4.0,19.0,sports_leisure
4fce0eab61e01d521044c8b071cdfead,1.0,260.0,21.0,16.0,20.0,sports_leisure
d9183dfd54675cc248e35dcd8af6f359,1.0,420.0,21.0,18.0,19.0,sports_leisure
6a3dfd59a5999279171c5ea1014b0a09,2.0,300.0,16.0,2.0,11.0,sports_leisure
b2b2279a0174bb3ce78d8b668f8fe27d,1.0,350.0,20.0,7.0,14.0,sports_leisure
2ed52188df2df50745b4f6a9b0fa1c06,2.0,6400.0,20.0,20.0,20.0,sports_leisure
735413ccfa564132a231aad945ef85ad,3.0,300.0,22.0,15.0,22.0,sports_leisure
cc9c93a7dc6ba4b5913c8f3fba62612e,5.0,350.0,26.0,14.0,20.0,sports_leisure
017066298c485af1e19e55363f5dc362,1.0,100.0,19.0,4.0,11.0,sports_leisure
6cff6d6aec600f9164a32e927f72a6fa,1.0,600.0,22.0,15.0,22.0,sports_leisure
063d853b6d570a9a5d06e8e044658c21,10.0,900.0,22.0,15.0,20.0,sports_leisure
d72d96f0d7cf186681527ebca321eba4,1.0,568.0,22.0,13.0,15.0,sports_leisure
6f248e27719f6f299e711e02651b6df6,1.0,713.0,17.0,15.0,15.0,sports_leisure
f5f0e64686adaf487590fbb8a75a1d2c,1.0,2200.0,22.0,22.0,22.0,sports_leisure
cba30a48fc64d64f9a3c084df2658d76,4.0,500.0,24.0,17.0,20.0,sports_leisure
cf71bfa06fb0f932bc3775020acde164,1.0,3700.0,31.0,33.0,32.0,sports_leisure
876a3339df70e1a65e56eb7715687787,1.0,783.0,19.0,19.0,19.0,sports_leisure
c2dcfc26a9e55c3ef878f762a91de377,2.0,650.0,17.0,5.0,17.0,sports_leisure
b477918b815e37390bf265cc4a2c1441,3.0,825.0,47.0,12.0,29.0,sports_leisure
ba45ed17e0da09c7be0de3de084f6e2a,2.0,1800.0,26.0,26.0,26.0,sports_leisure
8792fbc1d128e768d160a74148aedaaa,1.0,200.0,16.0,10.0,14.0,sports_leisure
6ed8558c820f37754cef08c7719d34f1,1.0,3783.0,30.0,25.0,28.0,sports_leisure
ece54c93627dcd4a6352b330d5052678,4.0,1050.0,40.0,20.0,20.0,sports_leisure
eddecafe978fc89774f82f552197bb08,3.0,500.0,40.0,10.0,15.0,sports_leisure
2174a02a3c42e648e408c9b3505c54d3,1.0,12250.0,24.0,24.0,24.0,sports_leisure
12cfb75a481057d8c401f03f870a3305,7.0,350.0,20.0,10.0,20.0,sports_leisure
28e9b64b256f8081ceba628dac2ccca7,3.0,7700.0,32.0,45.0,32.0,sports_leisure
2ca29ce3a9c64e55103356a459e97cf4,2.0,400.0,26.0,16.0,21.0,sports_leisure
76acdd98759c649f3b6ecd0dc8576c8e,1.0,650.0,16.0,7.0,13.0,sports_leisure
3fda5d7d8639fc5c850231af6fb34b36,5.0,3100.0,50.0,39.0,12.0,sports_leisure
2f02a124a827f65bfcc0baf443dad405,1.0,3650.0,34.0,12.0,27.0,sports_leisure
386a4f2070eb63feb31e2147c0aecfae,1.0,150.0,19.0,7.0,16.0,sports_leisure
f275eaf9343b3ca6f1fa80dc6e300385,2.0,150.0,25.0,11.0,11.0,sports_leisure
08fa0d50b027a64e8600e9c04759c825,2.0,700.0,40.0,25.0,30.0,sports_leisure
8d7824fad74013f01b11d646e9b94729,1.0,1950.0,20.0,35.0,15.0,sports_leisure
016becd5c493d3b3872aaa7294accf52,1.0,1071.0,17.0,21.0,15.0,sports_leisure
5bccc8fe44471df6c7b7e08176837d2f,3.0,150.0,20.0,20.0,20.0,sports_leisure
75b44a10da90b5dbfcfb773c62a492c5,6.0,1600.0,21.0,26.0,24.0,sports_leisure
38678a5e13a692f0688857023bc46db6,4.0,150.0,17.0,7.0,12.0,sports_leisure
ea4c8ff9e3eed211078ef05358887149,1.0,1300.0,22.0,5.0,15.0,sports_leisure
d03a3e22b08287c1c29aa67a79f3b2ff,8.0,5400.0,85.0,15.0,22.0,sports_leisure
e169dcec1f41c7d588f6648886492792,2.0,500.0,16.0,7.0,20.0,sports_leisure
ffbbf6b9097237a1122f17e7341a3fb2,1.0,250.0,26.0,3.0,15.0,sports_leisure
620ea491128bf83c51950ac006de001d,5.0,900.0,65.0,13.0,25.0,sports_leisure
32c93bc61f5d2d836c65254f99a46b71,2.0,575.0,25.0,14.0,23.0,sports_leisure
b5e2d4b3fa2f9ecad4c1df951afcc8ce,5.0,300.0,16.0,11.0,11.0,sports_leisure
e1ef8c2b8bbfe112673cc1ca044f630a,1.0,3200.0,28.0,23.0,21.0,sports_leisure
35582ccc8dcd2cc9841d257c0506b641,1.0,4250.0,20.0,20.0,20.0,sports_leisure
82cfbad6a3bb123bb807f51078765a0f,1.0,5700.0,25.0,80.0,25.0,sports_leisure
d22625c4bd160a54f96629f139153c74,1.0,2386.0,29.0,30.0,26.0,sports_leisure
4a5b6d3c24ac5f9eb93d07463ef04dba,1.0,200.0,16.0,15.0,15.0,sports_leisure
fdcd8c17805ad801a924cf11272a2834,5.0,2050.0,90.0,8.0,15.0,sports_leisure
111d0b1e69f349615615113cf6b275fa,3.0,750.0,50.0,15.0,15.0,sports_leisure
93379aae3263d95b317cf987e99d9d0a,1.0,200.0,18.0,9.0,13.0,sports_leisure
a16dacf975b8dcbafff14b679e6eeec2,1.0,1200.0,26.0,26.0,15.0,sports_leisure
47b950932520619f72b6ebc1c4adcaa7,4.0,600.0,16.0,11.0,16.0,sports_leisure
f7442dbcf090d2436e0321688ecf7d0b,1.0,1700.0,16.0,16.0,16.0,sports_leisure
991e90b036a1162adf21d4227b751365,1.0,200.0,16.0,9.0,13.0,sports_leisure
bbdb487c5f9a780a6a574fe48ed37796,3.0,650.0,60.0,10.0,50.0,sports_leisure
6a96ef77fb9fd6a8de17df8d3b5a3087,2.0,5700.0,82.0,16.0,26.0,sports_leisure
ed7ba72ce7a0ce3d9b60d543329b1fa2,1.0,200.0,20.0,20.0,20.0,sports_leisure
14555ba663de8689feacf1d0819cc3b3,1.0,2150.0,41.0,10.0,35.0,sports_leisure
65b96b06398ff62ae0202c4c1987984b,1.0,400.0,31.0,20.0,20.0,sports_leisure
3efc7a945462447c7f6219f14ce3235a,1.0,1063.0,26.0,25.0,20.0,sports_leisure
46f9a2eb5e76a8a39f88ba06e4e9fc9b,2.0,750.0,40.0,10.0,40.0,sports_leisure
b3da02c4cb913443d1b2d80852831557,1.0,150.0,20.0,5.0,15.0,sports_leisure
33b22110fa818ff5f0c387a79f19b612,1.0,300.0,16.0,16.0,16.0,sports_leisure
9f7b1850ae0063307163fd32f6d543f8,8.0,9800.0,105.0,18.0,28.0,sports_leisure
adb1f1939b613f3078806b6afcca0e51,1.0,4250.0,20.0,20.0,20.0,sports_leisure
40a247eff18242601020870abbfb4ba9,1.0,500.0,22.0,15.0,22.0,sports_leisure
668627d7997bde540866a91f02484ae6,1.0,319.0,18.0,12.0,15.0,sports_leisure
0a565163afd9cccd9d2b6e3942f823e4,3.0,1950.0,20.0,40.0,30.0,sports_leisure
ca718604fcd4b098d85a7d103d510951,1.0,1400.0,31.0,32.0,31.0,sports_leisure
437bd97b94971c4355b99e46d74f9139,4.0,375.0,33.0,17.0,33.0,sports_leisure
1c8c80454d9a8829112d5be9fe885fab,1.0,1250.0,26.0,20.0,15.0,sports_leisure
44815c128303d654f94d021e47b0764f,2.0,600.0,50.0,10.0,30.0,sports_leisure
977ba64f692dbbeeb81d35ad7f953c5f,1.0,300.0,24.0,20.0,21.0,sports_leisure
b6082890c14103b3f5f7b63c46e0791c,1.0,400.0,16.0,4.0,16.0,sports_leisure
f555f8c0d7d8e7a84284ef3cc3d6b84e,2.0,200.0,19.0,5.0,13.0,sports_leisure
41311fd6316a50a9ff4ac5bfca1b910b,1.0,700.0,18.0,18.0,18.0,sports_leisure
3ecbc951688c7c4888ffe682edb8d651,5.0,1100.0,40.0,20.0,20.0,sports_leisure
d00c845d98a49bda7c00543fa86d2540,1.0,400.0,21.0,19.0,19.0,sports_leisure
746c36df2702006bac777bbb9bf8a0a5,1.0,700.0,16.0,15.0,15.0,sports_leisure
c83cd797bc7742a94927dfce4efff001,5.0,2100.0,80.0,8.0,15.0,sports_leisure
616042729c11849827291496b18e9ec5,1.0,300.0,16.0,16.0,16.0,sports_leisure
7666acd3cb60e97bf02449e36be0c02a,1.0,200.0,20.0,10.0,15.0,sports_leisure
76f3a48853690a1aacb7c3adc9831ccc,1.0,17100.0,32.0,32.0,32.0,sports_leisure
8473872cbf0ba205b447e8651bd6e03e,2.0,250.0,16.0,4.0,11.0,sports_leisure
f9259c9e7c0f12c70f7a81409680a5ff,2.0,925.0,52.0,21.0,33.0,sports_leisure
dad26ceb001cd2ad238e30d744bd9aa2,3.0,1000.0,30.0,20.0,20.0,sports_leisure
3ba33cff9875e472a110e56e1db299bc,1.0,1300.0,42.0,18.0,18.0,sports_leisure
490b7f74cbef35be4b6b69bb5f177386,1.0,150.0,16.0,17.0,22.0,sports_leisure
9cfe1073092d13dbee42c8348924c118,1.0,300.0,21.0,26.0,21.0,sports_leisure
15d44826d5399e2de342314886ff0e05,1.0,2400.0,21.0,21.0,21.0,sports_leisure
07acd9ac393e5b30aded00de63d80e14,4.0,400.0,23.0,11.0,15.0,sports_leisure
2146114f819e6e6b2bd299addcd4bae1,1.0,166.0,17.0,10.0,13.0,sports_leisure
6a9a583a5a3b8b97ab2839b4ad543bb6,1.0,3800.0,31.0,33.0,32.0,sports_leisure
564e4a218887ce7c6934723cc716d297,1.0,3200.0,30.0,42.0,20.0,sports_leisure
740d6d43b4024544171093587908a23d,1.0,3600.0,36.0,23.0,21.0,sports_leisure
aab4ed0a026e2f1d486ff1556e12b7e7,5.0,600.0,35.0,8.0,25.0,sports_leisure
19956d26cd122df3d47e86b631f1bf4c,1.0,570.0,33.0,21.0,32.0,sports_leisure
49edaf05a81224abe21b929ea492ccf9,5.0,4375.0,42.0,26.0,33.0,sports_leisure
d84895a804248d73a16480c0b2e18604,1.0,1150.0,26.0,25.0,23.0,sports_leisure
06db40df51cce7cf21aaf53f8f8be312,2.0,300.0,20.0,6.0,13.0,sports_leisure
569962b1062cbaf02b768a3fe810fdd3,1.0,850.0,51.0,18.0,11.0,sports_leisure
c710abcf9c3ea4959107590f2c5bf6e6,1.0,200.0,25.0,20.0,20.0,sports_leisure
507860a079d200267e4d13b76ce1d978,1.0,1350.0,16.0,5.0,16.0,sports_leisure
f74fae536818c7dea74d1e3d629fbbc7,1.0,3000.0,85.0,15.0,23.0,sports_leisure
95f04ee255992d18cec1e3df22f82a6b,2.0,700.0,30.0,15.0,25.0,sports_leisure
b7f5de8962f94f1504be9f58b40a502a,1.0,1300.0,29.0,13.0,19.0,sports_leisure
f05360c6dc6802b210e182b40509fd15,1.0,283.0,18.0,16.0,16.0,sports_leisure
b425dc9d3b678699e36a62753d0f51a2,1.0,969.0,24.0,22.0,17.0,sports_leisure
3d59253b36345baaf95246491607ab6e,1.0,2000.0,66.0,15.0,28.0,sports_leisure
518cd5de3631fa4c9a2917c244f5ad09,1.0,1250.0,23.0,21.0,21.0,sports_leisure
9fe9a0df683befa474d984548f5e8f3b,2.0,250.0,23.0,23.0,23.0,sports_leisure
10dd77710da08ea43018cb3b4cedff92,3.0,400.0,27.0,10.0,28.0,sports_leisure
8d5bbc001d7ef91744f07fecab6681d3,4.0,475.0,33.0,17.0,33.0,sports_leisure
397bb9c5f81152d1be599f3069fd2c4d,1.0,150.0,16.0,4.0,11.0,sports_leisure
898db7c790b120db2acef8288e96d4fd,1.0,975.0,29.0,23.0,16.0,sports_leisure
04a4e9d8c0dc6b2b4b8e24ea78a8f318,1.0,500.0,50.0,12.0,18.0,sports_leisure
52d7462298cef42b40674396746b0214,2.0,2200.0,30.0,20.0,20.0,sports_leisure
5a4491fb73ef5c6689be17bfb30642eb,1.0,300.0,27.0,9.0,14.0,sports_leisure
0cdb6853db40cd5d117e1828fcef99af,1.0,2700.0,31.0,33.0,31.0,sports_leisure
cd367ee6a20bd1854d06fb6c41477fcd,4.0,510.0,16.0,15.0,17.0,sports_leisure
5650f9e1f73d0a1c0176988cf2e950d5,1.0,400.0,16.0,11.0,12.0,sports_leisure
044b06b901539ec1ac136565a97d0fec,1.0,1979.0,27.0,25.0,26.0,sports_leisure
b4fc7e84dcaf2fcf3edb234e30362929,1.0,1300.0,22.0,27.0,22.0,sports_leisure
515b41ca147ad5a57a9b952fb2d3b775,1.0,1200.0,16.0,16.0,16.0,sports_leisure
f619f125af192e28da946f3382e783a6,2.0,217.0,26.0,11.0,26.0,sports_leisure
ecbe1ef7e2903ff8b1d704ba78fa264d,1.0,902.0,19.0,21.0,16.0,sports_leisure
911cfb37438b7fa9ad54535990178868,4.0,500.0,16.0,15.0,15.0,sports_leisure
c281cd6ab8544581722062ab2bc7a217,2.0,950.0,60.0,15.0,15.0,sports_leisure
b1f47dd699f91241d4e89d27b212a4d8,3.0,250.0,16.0,2.0,11.0,sports_leisure
f3dbf072e817667fbde052aae313cce1,1.0,18500.0,22.0,26.0,15.0,sports_leisure
3a5d57db958f4fec143599e2c7113f17,1.0,800.0,20.0,20.0,20.0,sports_leisure
3e8defa155f10823f9e150b05ad71408,3.0,300.0,20.0,10.0,20.0,sports_leisure
e236a6527b89f3e6dacab326f7a33fd9,1.0,1500.0,22.0,30.0,22.0,sports_leisure
de83d45010c802482960e1c46d00c076,3.0,250.0,16.0,10.0,16.0,sports_leisure
2ec3bf1b93f25ee7d82b0f49c5d5927f,1.0,1900.0,30.0,36.0,30.0,sports_leisure
651ddf320f742699115641fac3e69bc9,1.0,425.0,17.0,10.0,15.0,sports_leisure
b6467b14d837634f4e04f6f0698e7bd3,1.0,900.0,20.0,20.0,20.0,sports_leisure
1a1607ff3b9bced214efc0a8cdfb2510,4.0,300.0,25.0,12.0,20.0,sports_leisure
40f9d700a4bf5e0d84c70d704147971f,5.0,2000.0,50.0,17.0,30.0,sports_leisure
35a3e0dd6e0b5b84dfd2997546da5df8,1.0,2886.0,45.0,17.0,56.0,sports_leisure
49ac91bd3a26d57c4c2a46e66977e69f,5.0,4400.0,42.0,26.0,33.0,sports_leisure
bdfa07ba6711c1e89c8ea207ce1d353d,3.0,800.0,22.0,26.0,16.0,sports_leisure
bae10dbc910829c1bbadb071a446b87c,1.0,500.0,25.0,15.0,11.0,sports_leisure
137cf4a496d574ddab72e448e6a4ae2e,1.0,300.0,16.0,6.0,12.0,sports_leisure
455d6578becb30951d458ad14293dbe2,5.0,300.0,18.0,18.0,16.0,sports_leisure
6e49a0cef77b3e3680a0c842d0bb612d,5.0,150.0,17.0,15.0,16.0,sports_leisure
a7c46993a48edc4cf7e785417f1dcb48,1.0,1100.0,26.0,26.0,26.0,sports_leisure
942a3f93bb7ecf95f0b901bd89f4acdb,4.0,1250.0,20.0,35.0,26.0,sports_leisure
2dbb788b447f7a145b04e805555d89eb,5.0,8850.0,104.0,6.0,58.0,sports_leisure
58727e154e8e85d84052cd22b0136c84,1.0,1175.0,31.0,22.0,19.0,sports_leisure
e4e23e1824bdaa596861f9331dee16ef,1.0,583.0,20.0,17.0,18.0,sports_leisure
4ab6e1df1eab4f6e731ef93432151ae2,1.0,1600.0,29.0,30.0,29.0,sports_leisure
bda14a918da6a4fa9168277a57d59578,3.0,1900.0,105.0,15.0,15.0,sports_leisure
a4fdd00347db855f614a18bf51606df5,1.0,1300.0,30.0,30.0,35.0,sports_leisure
1697727d6c82c23c7149c6c773683d2c,2.0,2600.0,28.0,28.0,20.0,sports_leisure
7612afaa8218e79b3011243ed9edea9c,5.0,3450.0,40.0,100.0,20.0,sports_leisure
8dda896c24bf8d01cb943bddbf772b65,2.0,600.0,23.0,48.0,23.0,sports_leisure
6b9cd06d7020fdbbffa996fcf9707b0a,1.0,4100.0,30.0,30.0,20.0,sports_leisure
2efa613b6bf825fc97410ea989a08085,1.0,800.0,28.0,16.0,20.0,sports_leisure
f6863b4410e703a4182444a4ede2e7c2,2.0,1800.0,22.0,12.0,12.0,sports_leisure
b0d49de379c3f4c50baf1b2d776f5c54,1.0,3250.0,25.0,8.0,25.0,sports_leisure
c6c0050be6d17e489a6945951a0dbfb6,3.0,2850.0,40.0,35.0,15.0,sports_leisure
3de630407c05c5af3d1d894e3d06307d,1.0,660.0,21.0,16.0,16.0,sports_leisure
b451771c959791dfcb641c46c8ee1e83,1.0,2975.0,35.0,22.0,17.0,sports_leisure
1d616bf90efffa0f7e833acb21d5c03d,1.0,900.0,40.0,16.0,30.0,sports_leisure
712c57780310856377c327e662653625,1.0,800.0,25.0,23.0,25.0,sports_leisure
83d24e3a3b4a762ff0a4ce727b875d4b,1.0,4300.0,26.0,11.0,11.0,sports_leisure
d0ce66fd946b6de7288a6420bbf92bee,1.0,200.0,16.0,20.0,11.0,sports_leisure
76f2f7a8fb20b4d5abffaf4a2599153a,5.0,588.0,25.0,28.0,28.0,sports_leisure
73852ee3739732147010f2be732d597c,1.0,1147.0,25.0,21.0,19.0,sports_leisure
094e4f4d501b5a6ec753b60a940b069b,1.0,950.0,26.0,10.0,15.0,sports_leisure
95be29dd18d5a1aae9a916eac469c959,2.0,200.0,25.0,9.0,27.0,sports_leisure
c8d1837df49c5b4d91a388c81795156c,1.0,3700.0,31.0,33.0,32.0,sports_leisure
78d303c22b280fead3c845d03958cdae,1.0,450.0,25.0,15.0,20.0,sports_leisure
dedd57098474e57405e828a077012e46,5.0,1550.0,40.0,20.0,20.0,sports_leisure
a9fa0428bc677ac4d0a948fe2982ad1d,1.0,200.0,24.0,5.0,21.0,sports_leisure
68d4a18af52949f090ca394f7b8fe68c,1.0,550.0,25.0,15.0,20.0,sports_leisure
795f4e18712be00d8ee7d1b150656a89,2.0,225.0,17.0,11.0,13.0,sports_leisure
eb41f1f2a3acc800eacb69d0b5c63881,1.0,450.0,16.0,10.0,12.0,sports_leisure
ea102536094cd45ff11f73dc8be9142e,1.0,1000.0,16.0,12.0,12.0,sports_leisure
d018f2e6c1571b5b9aa3358c7b2261c9,1.0,3300.0,46.0,35.0,35.0,sports_leisure
f1b5bab9091189a35c60f52afb5bcfa0,1.0,1223.0,32.0,25.0,23.0,sports_leisure
c6e3c9a59b663e36a8b95b2dde81fa33,2.0,1300.0,30.0,10.0,25.0,sports_leisure
1074656a4fa698879d65d619f58083b2,1.0,1150.0,26.0,23.0,21.0,sports_leisure
9b22f7b1cdb025c57df28403bc48edce,1.0,183.0,17.0,19.0,18.0,sports_leisure
42874c3f68eae9f0408dc1027edcaa6f,1.0,410.0,24.0,26.0,17.0,sports_leisure
ee37349d258101b9d573a256d1401ff7,1.0,1996.0,86.0,17.0,18.0,sports_leisure
9e070ed5cbb78c56d84cd29220d36490,1.0,1846.0,49.0,37.0,28.0,sports_leisure
c17f4a8f38d4748ee5409e7bfbc58038,1.0,700.0,27.0,12.0,49.0,sports_leisure
59da9108971775375af05a7280fc14be,1.0,3450.0,57.0,20.0,30.0,sports_leisure
f1443bfa1e4eadc787b25d959f21163b,4.0,200.0,20.0,8.0,11.0,sports_leisure
04a67e69edfb208f784da30294f69c5b,1.0,1350.0,26.0,18.0,18.0,sports_leisure
037f82112a937df3f1486fa81eb1f127,6.0,4700.0,85.0,30.0,20.0,sports_leisure
7d39a5380ff19ab4ac1facc7dcd05480,1.0,600.0,30.0,5.0,15.0,sports_leisure
26a3bf2fff7de4f4a65d54442c672913,8.0,2850.0,35.0,17.0,48.0,sports_leisure
fc3e972df7e263b301e2bee77ac2a6d3,6.0,1600.0,24.0,13.0,16.0,sports_leisure
122cdd27eca7a057e97242c3642c5645,1.0,1000.0,62.0,7.0,36.0,sports_leisure
8cfcfc09db52830c8dab9e5a36d7ae6b,4.0,300.0,38.0,10.0,35.0,sports_leisure
fb32a0ce23fd67b9db45a4fbd9dde211,3.0,1900.0,50.0,15.0,50.0,sports_leisure
4f6feb65547759b7c03d681f190b1f52,1.0,143.0,17.0,8.0,13.0,sports_leisure
c7a94c6dde9d81dc864941084dbdfe45,2.0,1100.0,60.0,15.0,15.0,sports_leisure
6b918e49a6e0258e32fe209a885f6d06,3.0,3190.0,46.0,13.0,30.0,sports_leisure
ead72457c58dcea14f94c2223c684716,1.0,50.0,20.0,16.0,12.0,sports_leisure
47ccf73e45bf059c94e9d025329206ac,1.0,1452.0,54.0,24.0,34.0,sports_leisure
95768ce3d7cef075f6a562d2716187b4,2.0,1700.0,25.0,15.0,25.0,sports_leisure
400e2ea46d0af06d91c744b624ed8a59,1.0,2967.0,20.0,21.0,14.0,sports_leisure
f43d8c92c915b3b6974ff58ed1f4d996,1.0,300.0,24.0,11.0,11.0,sports_leisure
d95767fa0df02e36e44e71e86a07af1b,1.0,300.0,20.0,30.0,30.0,sports_leisure
6dae4e6bc334685708571a48aa41d437,2.0,1100.0,20.0,20.0,20.0,sports_leisure
ac8e7cf3a658f63dc68dd7f3b8b5f97b,1.0,3100.0,30.0,24.0,24.0,sports_leisure
30b5b5635a79548a48d04162d971848f,2.0,900.0,26.0,26.0,26.0,sports_leisure
28e1646763656b0a621cf2b65c118da9,5.0,1250.0,21.0,15.0,18.0,sports_leisure
247f3ca7ca5ff838249b623ae2871df3,4.0,400.0,19.0,2.0,14.0,sports_leisure
aa670897230f03aba3286289219cf955,2.0,4100.0,30.0,20.0,30.0,sports_leisure
871cfa7d587b8305a5a0e376866323ef,1.0,4300.0,21.0,21.0,11.0,sports_leisure
38201aa4f47d255ccc9f259c913854a4,2.0,1750.0,42.0,6.0,40.0,sports_leisure
ece9c80ade3287c14fb768839fc15389,1.0,200.0,22.0,4.0,20.0,sports_leisure
81f054ba9bea6ec5d1a2adab1cf69d66,1.0,400.0,16.0,7.0,11.0,sports_leisure
ae7d8348fbef50928a680454fffbca00,2.0,304.0,27.0,17.0,27.0,sports_leisure
c25a30113a3cb20b4914a605d8682953,2.0,700.0,25.0,36.0,12.0,sports_leisure
b679d5bb7f856462949885d34fad2622,3.0,600.0,28.0,25.0,25.0,sports_leisure
770a3a5aefbd3d48745565765cc1936b,1.0,600.0,16.0,16.0,16.0,sports_leisure
469d5c6b5dfef236029c4bfec6b4fe0f,1.0,800.0,28.0,25.0,25.0,sports_leisure
dbc9c9f4ae0364b6f8023f982651cc82,5.0,2500.0,80.0,12.0,22.0,sports_leisure
7830940a7e1e18bb7e59e112bca98d1e,1.0,300.0,16.0,16.0,11.0,sports_leisure
0be701e03657109a8a4d5168122777fb,2.0,4450.0,60.0,15.0,15.0,sports_leisure
a4a8ee739d3d5afba72490f748dcd0da,3.0,6700.0,35.0,15.0,20.0,sports_leisure
ab035f66749c120d072b11475d25329d,5.0,900.0,30.0,15.0,20.0,sports_leisure
2033f8047e20d2a47e76d9fa1d05fca2,1.0,50.0,25.0,25.0,25.0,sports_leisure
d4b4627590bd9ae2048fa4acd23fc91d,3.0,300.0,16.0,15.0,30.0,sports_leisure
2b80699b25d49f30774b88420a36c55d,5.0,17600.0,45.0,20.0,97.0,sports_leisure
baa16c2f327731647aa72e8dc564eddc,2.0,1083.0,30.0,30.0,27.0,sports_leisure
97dd14dcd2c85f01c271127d6413f2d8,3.0,817.0,52.0,23.0,57.0,sports_leisure
02a99f266fc960423c1186ecbd627804,4.0,300.0,22.0,14.0,18.0,sports_leisure
3eb2d78dda82bc83c9b047fbba954dbe,1.0,500.0,20.0,7.0,14.0,sports_leisure
261a0dd0382f9b866d73c37b3a9e83e4,5.0,300.0,28.0,12.0,12.0,sports_leisure
b4c7dc33e8fad2ce870c0219924c7818,2.0,233.0,18.0,6.0,13.0,sports_leisure
fd9f8eff0fa910129e366594485e00dd,4.0,410.0,19.0,10.0,15.0,sports_leisure
49c934af2be4194ac63262d60745fcb0,1.0,700.0,45.0,8.0,25.0,sports_leisure
f8d86453c62a01cc2920531c0bdf194d,3.0,1150.0,27.0,16.0,22.0,sports_leisure
e6f927322d3e315ea72b768b52126b9b,1.0,3950.0,36.0,41.0,36.0,sports_leisure
2feb7008fdbbf5e65a885a1e5fbd49d1,5.0,1350.0,30.0,20.0,20.0,sports_leisure
c652eb90b3f1bf875c4a5447a0710f65,1.0,312.0,17.0,11.0,15.0,sports_leisure
753e430b6eed95b9d517a7a55eae6742,1.0,450.0,17.0,12.0,12.0,sports_leisure
e4a91e319865c0ed703b608671ec48b4,3.0,150.0,20.0,6.0,13.0,sports_leisure
8d3afce2125efdfb8cea66c0070f397d,1.0,700.0,20.0,26.0,11.0,sports_leisure
9b0355200f6dcf3ef427e7984d00c741,4.0,1200.0,43.0,11.0,72.0,sports_leisure
aa5e29c720259d4b1ee2e6479d19bfe4,1.0,625.0,21.0,11.0,15.0,sports_leisure
534b02311d6e4647c43e97e8d479dab5,5.0,3100.0,56.0,28.0,33.0,sports_leisure
eb3ba92585bfe259a9af683fdd9b7bf4,1.0,400.0,32.0,4.0,45.0,sports_leisure
ebefb6072c2491dbd1d5ef8a76d245ec,1.0,8000.0,30.0,30.0,30.0,sports_leisure
ed29a27280733170d8ccb00691f743db,1.0,5150.0,28.0,8.0,11.0,sports_leisure
e8b54d5aeae0ec3077cd89301a9c6023,1.0,5150.0,22.0,3.0,22.0,sports_leisure
367f4a5ae70f2e8de8d9eb1c13f280b1,1.0,1950.0,20.0,6.0,20.0,sports_leisure
0b305b6bc4dbf84489cd367380955d18,1.0,500.0,20.0,30.0,20.0,sports_leisure
777d44411c685bf4d03294fc52d263b5,3.0,300.0,23.0,17.0,13.0,sports_leisure
8a83947ee16d41d5e83dd90b7d28caee,5.0,700.0,60.0,8.0,17.0,sports_leisure
68bcbb3be468061b4e679ef201283d52,5.0,3450.0,35.0,10.0,27.0,sports_leisure
da051bd767b7457572d55aba23fd846a,1.0,1075.0,22.0,23.0,22.0,sports_leisure
2532ba0aec0ced81cdc2dd0dbeeb0f72,1.0,400.0,21.0,16.0,16.0,sports_leisure
56ac95964fe3f6f3f60072fbcc006417,1.0,300.0,33.0,21.0,27.0,sports_leisure
cb460986a447ed00da792526bf6189e4,4.0,340.0,18.0,13.0,16.0,sports_leisure
f78b9bb56844b1771bb8be6e8907b1bf,7.0,350.0,20.0,8.0,14.0,sports_leisure
154384dc7ddd772829294c13674dc719,1.0,3200.0,20.0,20.0,20.0,sports_leisure
0fc9a9ac471336734e8617de0b3c9ae1,5.0,1250.0,28.0,12.0,20.0,sports_leisure
cddf971ea646c184a153eb3899113d5e,1.0,200.0,18.0,5.0,18.0,sports_leisure
f0228b7d0afd1deb81112d8e39023bdf,2.0,1050.0,60.0,15.0,15.0,sports_leisure
9b1689a9d895d266ce7134329b4e905c,2.0,2600.0,80.0,12.0,22.0,sports_leisure
c5cd81e7dcab1a6baed9cedff7c531ef,3.0,900.0,20.0,10.0,20.0,sports_leisure
a2981aad285aa55f2b0f5f2e7dadf5a3,4.0,1067.0,34.0,15.0,15.0,sports_leisure
4d69476a7bd01b8eec1c87e60778364c,1.0,1600.0,30.0,15.0,30.0,sports_leisure
00ae7076313576f94d9107599d79a978,1.0,600.0,22.0,33.0,16.0,sports_leisure
190b553d3cccad7ceb5e15a8ec148920,1.0,1170.0,36.0,26.0,21.0,sports_leisure
7808e6dbab3a59c8a918adc4d6e12776,1.0,500.0,34.0,16.0,16.0,sports_leisure
a7bcee285291a97650b40fa9fa888e4e,1.0,350.0,20.0,20.0,20.0,sports_leisure
a42d9c825894f96fc6ed02610891454d,1.0,2200.0,16.0,11.0,11.0,sports_leisure
8adeb1032429e0cdb52dcc55cd422bda,4.0,3300.0,89.0,15.0,40.0,sports_leisure
c9701c7e21b5d653f1154e62ada219d7,2.0,200.0,23.0,5.0,16.0,sports_leisure
73de36575bce72868bbbc2ec727aaf43,1.0,1200.0,18.0,18.0,15.0,sports_leisure
4b6c0fa189ae4c4c7a4d357ff185512c,1.0,250.0,25.0,10.0,18.0,sports_leisure
de64d6bf725afcae6b5bb5f3304646f3,1.0,700.0,16.0,16.0,16.0,sports_leisure
3d5aae192e9628dfabdd07de7fb14aa4,4.0,350.0,42.0,7.0,24.0,sports_leisure
d02df257dbc6857326ebdb3ffc3d6848,2.0,800.0,60.0,15.0,15.0,sports_leisure
7ebfa7cf67d9f95fff4e249db002e46d,2.0,4250.0,20.0,20.0,20.0,sports_leisure
826a5fa766c1c7241ffe63a2f3774d0b,1.0,475.0,35.0,21.0,30.0,sports_leisure
3ae116a20336cc3eb1b3d0b9b0a94d3d,4.0,100.0,16.0,16.0,11.0,sports_leisure
56072aff029067d0dc5d23919af4e407,2.0,600.0,28.0,25.0,25.0,sports_leisure
effd1d6e0c3a3b8e3e164a2ec33ff523,1.0,2500.0,24.0,18.0,18.0,sports_leisure
3190be5a1932c6aeece81e7adcd310aa,1.0,240.0,16.0,2.0,11.0,sports_leisure
b0ff378136f25567d2913b3bf7fd7ea1,1.0,1400.0,29.0,26.0,25.0,sports_leisure
ef30fdd053284aaffa42dfd5612b66d8,1.0,7800.0,50.0,28.0,41.0,sports_leisure
232e8b868fc5535b10702cb09d2d83a7,2.0,1000.0,23.0,23.0,23.0,sports_leisure
008cff0e5792219fae03e570f980b330,5.0,1550.0,40.0,20.0,20.0,sports_leisure
b01f4da94c7769d2d4f404b5686695bb,1.0,300.0,21.0,19.0,19.0,sports_leisure
765aad1a3fbe1a03fbfe57eda8a1ac75,4.0,450.0,25.0,15.0,15.0,sports_leisure
cf0597239f82780f3f450347a36cdff1,1.0,155.0,18.0,15.0,19.0,sports_leisure
57d5fd37a8452e7577b5eeb0186caba5,1.0,450.0,18.0,18.0,18.0,sports_leisure
c9c455f9fd8ca66d3ff7f90a249753b4,5.0,500.0,25.0,14.0,22.0,sports_leisure
ce066f4a83649651549d717c9b566816,1.0,2300.0,20.0,20.0,20.0,sports_leisure
72461dcd49c85b6c618dcf915d7aa0c9,1.0,1450.0,36.0,25.0,25.0,sports_leisure
febd6c8a7d546c876948428261e500e0,1.0,300.0,33.0,21.0,27.0,sports_leisure
9efcd67b3172c3165895c68c92b7df98,2.0,2100.0,60.0,15.0,15.0,sports_leisure
f4621f8ad6f54a2e3c408884068be46d,2.0,600.0,35.0,15.0,28.0,sports_leisure
57a40ebc5f8a0fdaa5e195b39bbeb2d5,1.0,240.0,16.0,2.0,11.0,sports_leisure
dc2545fc32f14631d0b524afc25595ac,1.0,300.0,18.0,18.0,18.0,sports_leisure
39ec33e08b0f9ffb9767b819f8588361,1.0,1600.0,26.0,26.0,26.0,sports_leisure
c155f6ba0dae0f11299f1e33fafdea65,1.0,5800.0,36.0,31.0,31.0,sports_leisure
c42caa5da059e67badc89b89ac1dde34,2.0,200.0,16.0,5.0,11.0,sports_leisure
52b1c0366d4346d02fe4ca6e7c88e32e,1.0,1000.0,21.0,26.0,21.0,sports_leisure
457d976782cfef787ee35098bc9e4624,1.0,140.0,18.0,5.0,13.0,sports_leisure
afa84cb6eed9017e3477fbc1a38e7a9a,1.0,300.0,17.0,9.0,26.0,sports_leisure
1ca99da10c4b800de39096631ed2e773,4.0,800.0,17.0,105.0,12.0,sports_leisure
7755106d0e62f58f17df7f06db8751da,1.0,5150.0,20.0,16.0,16.0,sports_leisure
853ece231e7141c4e815d687c68c6b7d,1.0,3800.0,37.0,44.0,34.0,sports_leisure
d2b458a8b37065aa6e61e0ca41602563,1.0,500.0,25.0,25.0,25.0,sports_leisure
eb7b82602a7931947d3a2708d9b88bb3,2.0,500.0,25.0,10.0,20.0,sports_leisure
afa3a51dec198b1d14a0c19849dab3a8,4.0,400.0,16.0,6.0,20.0,sports_leisure
913803e9e4b81c3fed4841cbbfdc59fd,1.0,3650.0,14.0,16.0,12.0,sports_leisure
9f8429b91bcd34baae1d1fd12505abfb,1.0,125.0,19.0,14.0,15.0,sports_leisure
5a47c5b5c3866f29177d497727f22f38,1.0,1350.0,16.0,16.0,16.0,sports_leisure
c8a4d1c7f7dabe4f34b6c530cd95ba73,3.0,4200.0,30.0,30.0,30.0,sports_leisure
dea837d4f3f30b541725d258c15e4ff1,1.0,475.0,23.0,23.0,21.0,sports_leisure
9a4b403e612ff2c3b4867b318bb65d56,5.0,700.0,16.0,26.0,11.0,sports_leisure
416fad0f58722ac772e8ac9b3e33a0ca,1.0,200.0,16.0,3.0,11.0,sports_leisure
66cde8f3b9280f5afd94cadfa029ea8f,3.0,1850.0,32.0,25.0,37.0,sports_leisure
b0844a8d883adfd964cc47334177f89a,1.0,700.0,28.0,25.0,25.0,sports_leisure
40f35a63d2a946e8d83ec217253dea23,1.0,350.0,20.0,7.0,14.0,sports_leisure
0dcb1adbafdcc389972874b01fa249b8,3.0,350.0,23.0,23.0,23.0,sports_leisure
7d3677c27db94bb3e1edc5d8cb313145,1.0,500.0,20.0,7.0,14.0,sports_leisure
07bec813a5d182362436950e43ae1a8f,2.0,150.0,20.0,4.0,12.0,sports_leisure
d7324d4c913e7b424cb61675dafc8c10,1.0,20900.0,105.0,70.0,25.0,sports_leisure
bbe7651fef80287a816ead73f065fc4b,2.0,2700.0,60.0,15.0,15.0,sports_leisure
b303a390ccc441e325d02a34c98ab2ff,4.0,350.0,16.0,8.0,11.0,sports_leisure
6219295d42e02e53a4c770698fccf630,1.0,350.0,16.0,12.0,14.0,sports_leisure
1c8864370650c542bc1e409e4e42dc36,2.0,87.0,16.0,5.0,11.0,sports_leisure
ce235414ec08d34580ffdc4fdb4825b0,1.0,345.0,18.0,15.0,15.0,sports_leisure
67b0220f6933de5efaddb9c8e87389b3,1.0,120.0,30.0,20.0,20.0,sports_leisure
82316a2d14254d045d98795c50f8d5cc,2.0,1050.0,60.0,15.0,15.0,sports_leisure
79d2c1de4aaac73cf031b5e1f03a68aa,1.0,300.0,18.0,12.0,14.0,sports_leisure
3e37c91440010c93d96718a9e6a33b8d,1.0,50.0,25.0,27.0,23.0,sports_leisure
8484864537e94e2e45582aeb667d0dcc,1.0,321.0,20.0,12.0,15.0,sports_leisure
f5b0aa2b1c596d29597ba3226353fce4,2.0,1000.0,60.0,15.0,15.0,sports_leisure
83343727db272f1b63942c26cbdfd92f,1.0,1400.0,27.0,12.0,49.0,sports_leisure
3cb6755624f5bfbc4b7ad51361767686,1.0,750.0,16.0,14.0,14.0,sports_leisure
be9f0f3907f83c708e1e4a1261967e4b,4.0,350.0,16.0,30.0,15.0,sports_leisure
687a2683f42fcf1b80098d2e38e23c6e,4.0,3300.0,86.0,26.0,18.0,sports_leisure
142f698ead085dede05f43a7ea54e931,1.0,3600.0,22.0,27.0,22.0,sports_leisure
d87bfbfb56d6bd8fbd1c05e83da46e55,1.0,2650.0,31.0,25.0,20.0,sports_leisure
a8856d651600289b162f857e26838480,1.0,600.0,20.0,10.0,15.0,sports_leisure
99c22bb8e56dda8aa0e021be31e8663d,6.0,4425.0,42.0,26.0,31.0,sports_leisure
0830788ce2a21bb3aacbd956403f7851,1.0,1450.0,49.0,12.0,27.0,sports_leisure
4c94c6d6b751fcf32a8c43533d613b07,4.0,1200.0,26.0,26.0,26.0,sports_leisure
83bdb5c63669bd89033937be3c4708c1,1.0,900.0,26.0,26.0,26.0,sports_leisure
66740f6bc8c6a2393283871b22d5d32f,1.0,1150.0,40.0,20.0,20.0,sports_leisure
b637273aa37632f17cdcca1e8b894472,1.0,300.0,23.0,15.0,16.0,sports_leisure
ceb43e52119b25c8f2b6049a5534c339,1.0,750.0,16.0,16.0,16.0,sports_leisure
fa7e28f040bfdcfdbd93f82a31277e43,1.0,1200.0,21.0,14.0,14.0,sports_leisure
72812018ad2a03141873af8e588d75ec,2.0,200.0,17.0,4.0,11.0,sports_leisure
c1a159ff9f24b6ef25cd3f2ae8d3556d,3.0,500.0,31.0,18.0,37.0,sports_leisure
3540941843e8ab59a8a8ed75970562db,6.0,512.0,21.0,15.0,22.0,sports_leisure
a83a581a8343b458c6c90cffc7ad1b60,6.0,1500.0,50.0,15.0,30.0,sports_leisure
5af7ade8876b4548b766b99b151c2dd4,2.0,18350.0,16.0,78.0,30.0,sports_leisure
d2c855e70242f27beeaba55b9cfa7380,6.0,200.0,26.0,2.0,21.0,sports_leisure
5da831182fe9ba6ab33ab17bbc5d16c7,2.0,6500.0,20.0,20.0,20.0,sports_leisure
1b77984541459de3090398065e4c6844,6.0,1350.0,80.0,8.0,15.0,sports_leisure
14faa5803314c4ecfc2c915cd13fd24f,1.0,925.0,30.0,26.0,20.0,sports_leisure
e6412142280ed4c06e94c2bbc7927f83,3.0,550.0,16.0,13.0,11.0,sports_leisure
b1a2c5a9823f4c481150a7ab9e48be70,1.0,1325.0,21.0,32.0,17.0,sports_leisure
f699b297070aa38aaf3de9639302506a,1.0,1250.0,31.0,32.0,31.0,sports_leisure
ff3ec972ebd16eb98d55e8ea2fa255ee,1.0,2488.0,30.0,23.0,31.0,sports_leisure
3ecfdbaf8e32624c343f9e845cdfeec6,2.0,650.0,22.0,12.0,22.0,sports_leisure
36e51737e6dad4e510d102b8c95167b1,1.0,305.0,23.0,13.0,21.0,sports_leisure
fa23bf270fb9880690b07d09b9f9ff20,4.0,800.0,50.0,15.0,25.0,sports_leisure
d76aac04bb7fcc7a54f1215251724b27,1.0,150.0,16.0,2.0,11.0,sports_leisure
82cbf8090880e6be359de9d332558817,1.0,500.0,16.0,15.0,12.0,sports_leisure
96629e38790e42abf9939db3063a7c6d,1.0,400.0,25.0,15.0,11.0,sports_leisure
8e2a1894cc1ec6fac43ab56efaef0411,1.0,250.0,35.0,15.0,20.0,sports_leisure
a19c7f350205196ae4aed73fc111dd79,7.0,1250.0,33.0,25.0,28.0,sports_leisure
3e0ca14990ca0de11f16f0dd5595c1b1,3.0,200.0,25.0,5.0,20.0,sports_leisure
7d50930301709838d8e90dcac5cfaa84,1.0,1650.0,40.0,45.0,25.0,sports_leisure
a87f544d243a198e2fa8adbb9a33141c,1.0,650.0,19.0,15.0,16.0,sports_leisure
05890763390aff71105dd223c0b9b225,1.0,1250.0,41.0,6.0,33.0,sports_leisure
e0eabffe36728eea94d959975124238c,2.0,850.0,16.0,10.0,11.0,sports_leisure
4952dd34839fd7134ceada5de831810d,4.0,375.0,23.0,23.0,23.0,sports_leisure
831305d3d8b3ff3726ace42fb44d9544,1.0,232.0,18.0,13.0,14.0,sports_leisure
d6d34c537a75f1aed3fccfb9700a60a8,1.0,600.0,20.0,7.0,14.0,sports_leisure
36038dae78cc227e4d14b174f0f695d0,1.0,2200.0,20.0,20.0,20.0,sports_leisure
00e32638060f6356e6f00749dc466b5c,2.0,7050.0,20.0,105.0,20.0,sports_leisure
55ca1ec3b4014b9c43701cbe58713154,3.0,250.0,30.0,10.0,30.0,sports_leisure
766be6c33b2024c3e45a2a9bb706f718,2.0,900.0,28.0,25.0,25.0,sports_leisure
54a3b009ede4097eff76990e0fa8553c,1.0,1300.0,31.0,33.0,31.0,sports_leisure
a8f6fefd2f6ad22952337438aa1bfce5,1.0,1600.0,19.0,11.0,11.0,sports_leisure
99aa268744e2967e0ed6d3b22a38eff2,2.0,750.0,59.0,14.0,12.0,sports_leisure
586d2dcb4ad3f344da859b44a01d2080,6.0,500.0,30.0,15.0,15.0,sports_leisure
d68eb7babf9085d77c5cc4306313a374,1.0,1000.0,20.0,20.0,14.0,sports_leisure
9d00d68952fff8f837706ac06d1b785b,2.0,350.0,21.0,6.0,17.0,sports_leisure
5c9f86c0e642b62c2100fd8d26f38771,2.0,3717.0,40.0,40.0,45.0,sports_leisure
baa1af9bc7467e619e2bb2876386ae55,2.0,1050.0,16.0,50.0,11.0,sports_leisure
2e735404817b030c247617f5716feadd,1.0,832.0,21.0,19.0,19.0,sports_leisure
59bf7ab9bbcd46aad9f2cddd3f97e684,4.0,15200.0,52.0,40.0,42.0,sports_leisure
5357a190f1759dc5ff9bea83eb195b14,2.0,300.0,29.0,10.0,12.0,sports_leisure
9fe0fae81aacd72bbec601b9ceb9c25e,1.0,213.0,19.0,20.0,19.0,sports_leisure
1deda1acffb44ed38494667d7e49a9f3,2.0,1150.0,27.0,12.0,17.0,sports_leisure
dfb92838905ead933a01256a80edc894,1.0,7400.0,100.0,10.0,16.0,sports_leisure
a6690024de846637eee71e11fdbd95fa,1.0,300.0,25.0,16.0,16.0,sports_leisure
b1287ed5e48382f6d6e5e1c561ac3738,6.0,400.0,30.0,15.0,15.0,sports_leisure
cde1665c376260772c25ed5dba63bd82,4.0,2300.0,52.0,8.0,20.0,sports_leisure
f7bb503725fb4d7bb55301d5bceba728,1.0,400.0,22.0,18.0,12.0,sports_leisure
8da9d7e8c72e1626d37c366187d9ffe2,2.0,350.0,20.0,35.0,20.0,sports_leisure
a5a03610d00573bdfe50a7a09e125efb,1.0,900.0,62.0,7.0,36.0,sports_leisure
01a900ffd5609ad754c38f9dcbce8c6d,3.0,700.0,28.0,25.0,25.0,sports_leisure
4d286bf930373143280093da8747f6c9,3.0,200.0,16.0,5.0,11.0,sports_leisure
e2b8ce9f84328811476c63fc9a49762f,1.0,150.0,20.0,8.0,16.0,sports_leisure
a7f4ab2b8fc3ee762e05b6eda08acb93,1.0,750.0,16.0,105.0,15.0,sports_leisure
3f4a3b8846f4522bd68853a50114da49,2.0,933.0,34.0,17.0,38.0,sports_leisure
b9dac466133ab3dfd64997876fc8210c,1.0,300.0,25.0,5.0,30.0,sports_leisure
723e9600f7fff7de1d8544ecdfb97104,4.0,400.0,30.0,6.0,20.0,sports_leisure
e9f5285945cb79bc9dd00821fff79138,3.0,650.0,30.0,30.0,30.0,sports_leisure
eb2498f29ee056e0a742e299639fe2ea,1.0,270.0,17.0,14.0,13.0,sports_leisure
a1e903cd2d23763ef8b85ec12eb79d9c,2.0,200.0,16.0,13.0,12.0,sports_leisure
6050226662d4986e159f6649567b357d,2.0,550.0,30.0,20.0,30.0,sports_leisure
af958790ccbac40ab33fc75971df69b1,1.0,950.0,45.0,35.0,20.0,sports_leisure
d10f7bc1a57ebe26d5994076f2bfa06b,4.0,296.0,16.0,20.0,18.0,sports_leisure
343f9a709f19a5f4af650ac0b0ca7f74,3.0,450.0,21.0,25.0,21.0,sports_leisure
369dfa384d5ad2a0cb97cb4cda846c47,7.0,225.0,25.0,18.0,18.0,sports_leisure
2992eb3b34fd8412691106df42afa6e1,1.0,1500.0,38.0,28.0,12.0,sports_leisure
6ea6babb12521a80daebf65b6d0c864f,1.0,600.0,16.0,16.0,16.0,sports_leisure
400a34a0f268b8c1d7e6dd793d8c7ee4,2.0,1100.0,60.0,15.0,15.0,sports_leisure
b4ec3ff71cc57caa8a1a0edf62a97dde,1.0,100.0,16.0,3.0,11.0,sports_leisure
c7e27b85b78d4949e880590746f55a2b,1.0,1100.0,16.0,10.0,15.0,sports_leisure
c915ddfdd3e9d773e0939691e85f1d38,1.0,1054.0,23.0,21.0,20.0,sports_leisure
78847bd862c4135f071d06fd92c008a9,1.0,350.0,20.0,35.0,20.0,sports_leisure
94edefbf96e14b332fdb1f57f5935734,10.0,200.0,17.0,10.0,11.0,sports_leisure
0eab6e0791144ef4f29404a4a0a8fecf,4.0,400.0,20.0,15.0,15.0,sports_leisure
e3666e22533af88b1cbd15536ad6d903,7.0,500.0,33.0,13.0,18.0,sports_leisure
98d472f20cae77b0c09f282210da5082,1.0,200.0,30.0,8.0,11.0,sports_leisure
5ec2fe11e0ac7dd57adeb453da7757dd,1.0,250.0,16.0,16.0,16.0,sports_leisure
e430b2d0b990d419435ab2803b430fb3,2.0,435.0,19.0,23.0,19.0,sports_leisure
c4b8fa873cd5c5a132af8e9a885f9a0d,2.0,400.0,31.0,10.0,35.0,sports_leisure
c71e30e1285841f78393e11f76177675,1.0,150.0,16.0,17.0,22.0,sports_leisure
3a3d2f7c5abbf11ef8fadf732bb675e9,1.0,280.0,25.0,5.0,20.0,sports_leisure
d2b0f9cd5e31ed47dbf92b157c0cda96,5.0,2350.0,62.0,10.0,22.0,sports_leisure
0f4a3e29a1c122f94fe4c48c49d9cfa9,3.0,6850.0,93.0,6.0,93.0,sports_leisure
7859f528174ebd0467278f357d67833e,3.0,3400.0,25.0,42.0,25.0,sports_leisure
a31e684e2a89e70590f5d6defad05e47,3.0,710.0,24.0,15.0,19.0,sports_leisure
6fba9843ddfdebe33d2625afc8001eb7,2.0,800.0,28.0,6.0,26.0,sports_leisure
022ff42cced44a2b2cca57061cabb526,1.0,3900.0,32.0,35.0,33.0,sports_leisure
dce0150ee801b3300e9cd71e2594c30f,1.0,1525.0,20.0,16.0,21.0,sports_leisure
fa34ea2e5a4169cdbbd9cd605eb2170d,1.0,400.0,16.0,20.0,16.0,sports_leisure
e17f694e7de7c845aebedc0de790ac6c,3.0,1800.0,26.0,26.0,26.0,sports_leisure
85d619318aa201aca57171aabeed0048,1.0,150.0,21.0,4.0,19.0,sports_leisure
42629edd68bffc7993ce24e1a86ebc96,2.0,1000.0,50.0,20.0,20.0,sports_leisure
ef4540657d5c1a50e8d348744f563d05,1.0,1800.0,30.0,50.0,50.0,sports_leisure
13e612c22099fc74828d121f7a057e87,1.0,4450.0,20.0,20.0,20.0,sports_leisure
c5c5dd6c6033ad9604c120fa51f949ac,1.0,900.0,40.0,20.0,20.0,sports_leisure
7405b565a367960901d88f91c514cd90,8.0,5800.0,82.0,15.0,22.0,sports_leisure
9c8d6227bbe62913ca96217005540fda,2.0,500.0,25.0,20.0,20.0,sports_leisure
be3b8f91ced393f1ce60aacfb6a04c1d,1.0,5350.0,20.0,42.0,38.0,sports_leisure
df7602d6d6510cb4e44764939fb8fd1f,1.0,5600.0,50.0,20.0,40.0,sports_leisure
09f6dccfebfa0688abfc1af640b69e61,2.0,150.0,28.0,5.0,14.0,sports_leisure
271ce3fc018562e90257af8cd2af06bd,6.0,825.0,42.0,14.0,26.0,sports_leisure
616e6167ea0f56aab9c99b6a4ccde743,1.0,2800.0,28.0,23.0,23.0,sports_leisure
87c91527351ebab1c422be0f4738480b,1.0,2100.0,26.0,20.0,22.0,sports_leisure
4cb56b0f9b5f53f50d8d2e2278518328,1.0,640.0,23.0,18.0,18.0,sports_leisure
01f3a99b81f49109d42540d84bcb8e07,1.0,248.0,32.0,21.0,23.0,sports_leisure
844aebdc6edf98928371fc87f4a4a106,1.0,1250.0,26.0,16.0,11.0,sports_leisure
cbefecd2f12e002078d38c62d665278f,1.0,3100.0,19.0,3.0,19.0,sports_leisure
382d3a69f930988d7ad77f78f31c0944,1.0,250.0,16.0,16.0,16.0,sports_leisure
6f404b217e9716c73d4626f722d0b880,1.0,2150.0,20.0,20.0,20.0,sports_leisure
fe3dd7b13c2aaf66e4fa4132f5c71da3,3.0,750.0,19.0,36.0,24.0,sports_leisure
a1c3f3f968d87aa2c14861ee7f5a5e3b,3.0,350.0,25.0,12.0,18.0,sports_leisure
c4bb83a29caf7600c1a8bcbca6a85c98,1.0,150.0,16.0,6.0,22.0,sports_leisure
5bb4be64a977a8d78895f043aaa3b174,8.0,3050.0,82.0,15.0,22.0,sports_leisure
e4b2809914acb98470a12e7dbbb73a5d,1.0,150.0,16.0,11.0,11.0,sports_leisure
2ddfff9876c59d6519013ab6943d17d5,1.0,4800.0,23.0,21.0,22.0,sports_leisure
06484143f7046fc1c2ec000aba13e28a,1.0,900.0,16.0,20.0,20.0,sports_leisure
255f3797304030e3962e9a17ba75b2b1,3.0,2000.0,22.0,20.0,22.0,sports_leisure
b06abefe5a65500e5a93851ad2fc8900,3.0,552.0,22.0,16.0,18.0,sports_leisure
3f98320412a131f7346baa2aa2de7540,2.0,8450.0,42.0,102.0,47.0,sports_leisure
6f26402132b4c218396901cc4cf2804a,3.0,613.0,24.0,15.0,20.0,sports_leisure
c7bd850b9a356ee44d5a2a55f7a5b657,10.0,1150.0,20.0,16.0,20.0,sports_leisure
e7467a3d68aba3dce30c17002bccd8da,1.0,2450.0,20.0,11.0,20.0,sports_leisure
ecc7db31196f7b009d734aeb1e604ef7,1.0,2200.0,72.0,20.0,12.0,sports_leisure
acb016f24d2340ab4ea9622606d38b1f,2.0,150.0,16.0,6.0,18.0,sports_leisure
8029d86aeeffd256b2b82cbe2986f386,1.0,500.0,25.0,25.0,25.0,sports_leisure
5c0b5ea8a3b6a1ac9d0e5c58e97ba24c,1.0,250.0,20.0,20.0,20.0,sports_leisure
c940221719c27b554b86f7fc9f8438fc,5.0,650.0,50.0,15.0,25.0,sports_leisure
27ceea27f2ac01a3b74b92e5b0a72a29,2.0,600.0,50.0,10.0,30.0,sports_leisure
7d7c88bfb43544f54910ae927de849b6,1.0,3200.0,30.0,32.0,20.0,sports_leisure
90f0c2783d7dead12d957eda9fdc111a,2.0,2450.0,28.0,28.0,20.0,sports_leisure
6cb48625a007f38d7a62a62cccc90f76,1.0,4300.0,16.0,2.0,16.0,sports_leisure
660422061e06da17ca6101e9d6b7aae8,4.0,30000.0,40.0,97.0,40.0,sports_leisure
6752b3102ab2c1712dcefe29fd7379c1,1.0,390.0,18.0,13.0,16.0,sports_leisure
b146d66b6ce3b149187e9f3349bfad68,1.0,500.0,16.0,16.0,20.0,sports_leisure
b796ff0faef3d062a8ea7c5ec1085469,1.0,1175.0,21.0,32.0,17.0,sports_leisure
1f11ca0065518d335b576597c5b7f072,1.0,180.0,18.0,10.0,14.0,sports_leisure
d1f3ec866eaedeeeae5b3c7f61559290,1.0,450.0,16.0,16.0,16.0,sports_leisure
f18ab2ae5b32acd3afdaa8c5f96087ec,2.0,400.0,20.0,20.0,20.0,sports_leisure
81288df52439985f610be64465e53f57,7.0,3775.0,35.0,30.0,30.0,sports_leisure
f209a7348b00e6af70f314bbcd31ef31,1.0,3510.0,46.0,21.0,32.0,sports_leisure
7724696de32f44179514a643987d416d,2.0,2700.0,60.0,15.0,15.0,sports_leisure
0c91c5c2a59854e1fdafdc0478348c32,1.0,2300.0,17.0,17.0,17.0,sports_leisure
afc9c24c2970ecab57c83652161bc5b1,1.0,300.0,20.0,12.0,16.0,sports_leisure
694e58e56c74114ee0628c25f3f26f8c,2.0,600.0,50.0,12.0,50.0,sports_leisure
5c4b890d36a7d4de0149263ad0fadccb,1.0,250.0,20.0,11.0,11.0,sports_leisure
e48f857c5498e6408410be1fda8e0fe4,1.0,5455.0,46.0,21.0,32.0,sports_leisure
a607011661b3f99887a6717ba7371840,1.0,1117.0,22.0,10.0,14.0,sports_leisure
b0867df586a8d9be80c7d49aa7dacc8c,1.0,398.0,17.0,14.0,14.0,sports_leisure
f80cb2d5a850cbad4943fde196872de7,2.0,600.0,28.0,25.0,25.0,sports_leisure
0d6a874a30783dcb6a96d4a245a8f6d2,2.0,2450.0,60.0,15.0,15.0,sports_leisure
83a5fc7d4c50025d288099ef0ab3456c,4.0,500.0,28.0,12.0,18.0,sports_leisure
3f83491f5ef0e8c381d483fe37352856,1.0,450.0,20.0,15.0,15.0,sports_leisure
3120b244fb6ccbf5e91a53148ea1bd88,6.0,300.0,20.0,10.0,15.0,sports_leisure
4a545fda8038a360bd93a5f1ac419a4e,1.0,100.0,18.0,18.0,18.0,sports_leisure
e7afa43db3370ed35072fce5dc820c6e,1.0,6500.0,20.0,16.0,20.0,sports_leisure
cd4536501f4e8486f233ea0c0e7e1ee8,2.0,650.0,30.0,10.0,16.0,sports_leisure
84412fdf17ffe7f7b52913a82e73b5b2,1.0,1600.0,20.0,25.0,20.0,sports_leisure
6c902acc397f02b1193c57085f1ead52,1.0,1000.0,42.0,25.0,23.0,sports_leisure
4a16a14bc51cda6c35221b3beb01c037,2.0,500.0,21.0,11.0,16.0,sports_leisure
83885297566d48fbff4b91d999240f04,4.0,3250.0,66.0,10.0,51.0,sports_leisure
e61be15b90a7985c32b0a239e18e07ff,1.0,900.0,40.0,20.0,20.0,sports_leisure
e729528d0513c6dfec158a515a47187b,4.0,5850.0,90.0,20.0,20.0,sports_leisure
9cc8a90a8f8b6a7b56a486b612b40efa,1.0,1225.0,33.0,28.0,28.0,sports_leisure
151f727718fd1e3d913e793a692c0f14,8.0,6350.0,90.0,20.0,25.0,sports_leisure
d5aaa8920fc54584d11c60ca1c277713,2.0,150.0,20.0,4.0,12.0,sports_leisure
47d85e3e35a3e29f93fdc12b295d520c,1.0,10000.0,29.0,3.0,29.0,sports_leisure
ad5e26211dacf07063fac8864fb68e4f,3.0,26100.0,80.0,85.0,20.0,sports_leisure
de41aaf0880256b515a29b86285a45c7,8.0,1100.0,18.0,17.0,15.0,sports_leisure
a2a4579215fcf47abf5d55f7b2cc3d1b,1.0,3350.0,32.0,22.0,22.0,sports_leisure
8d3c0105549f11e6059bb69fe51659c0,2.0,950.0,17.0,5.0,17.0,sports_leisure
541fe3a51f05d6f3ee6e730fafa0b8d5,3.0,150.0,16.0,16.0,16.0,sports_leisure
011be89e68e286ac07f51c22ecbb04aa,6.0,450.0,25.0,15.0,28.0,sports_leisure
964141a61c4723bbcce42afb501ce244,4.0,275.0,25.0,13.0,23.0,sports_leisure
026b77b15418f2a8114dfb0026739be4,1.0,378.0,21.0,14.0,14.0,sports_leisure
7a38e463ce92bd8ee8449bde3f9ab398,1.0,11517.0,51.0,61.0,38.0,sports_leisure
af4c95f42ca8c56f8b0557650c11eb44,5.0,460.0,22.0,13.0,19.0,sports_leisure
ca39b2683ada25bb55bebe99c18f33ba,3.0,100.0,17.0,15.0,16.0,sports_leisure
fe1b6867dcd2f3336f259476b77f5edd,1.0,1600.0,25.0,25.0,25.0,sports_leisure
033ccb3016d3b24bc724629b8df41f94,3.0,400.0,16.0,9.0,15.0,sports_leisure
826f5b971a308b08c7596b03ae80246f,1.0,250.0,16.0,16.0,16.0,sports_leisure
c2b034a0c62b0c683bbe20ea5e4514de,6.0,250.0,30.0,16.0,16.0,sports_leisure
555062e73d3fbad985916bb59d62067c,2.0,367.0,19.0,10.0,17.0,sports_leisure
4bca3c346db930193289def4c4c14016,2.0,1400.0,27.0,27.0,18.0,sports_leisure
40a0ec6af64daa96b5e1203550354f89,6.0,500.0,30.0,12.0,15.0,sports_leisure
991669e10bb13b3502329f768c98c7e6,8.0,300.0,18.0,6.0,15.0,sports_leisure
cd935d283d47f1050c505e1c39c48b67,5.0,281.0,30.0,14.0,25.0,sports_leisure
22f590c457402e4971c9c2090d34983d,1.0,975.0,19.0,20.0,15.0,sports_leisure
08d708da93f03eb686328dbb33bb731e,1.0,1000.0,22.0,12.0,22.0,sports_leisure
4fb3e6ce442ce9c621ea9509e47ac951,1.0,1136.0,26.0,29.0,21.0,sports_leisure
54ae1a64e9af8424bcf3162a0df487c7,5.0,450.0,40.0,10.0,20.0,sports_leisure
a64fc2f46aef1e68dc0bdc591c84832c,8.0,3100.0,82.0,15.0,22.0,sports_leisure
b796b4b960421bb50cfeb4fef8c793f7,1.0,900.0,25.0,35.0,30.0,sports_leisure
ffa4ff381e25872b5bf85353ff7ab0c9,1.0,30000.0,80.0,51.0,44.0,sports_leisure
72656ebe275ad87be8ac519170e4556b,1.0,400.0,17.0,17.0,17.0,sports_leisure
268a2d46f49d8d1007f0381bc8c1edcc,1.0,525.0,40.0,9.0,14.0,sports_leisure
727a46f0b58a9ef165af9f7ebcfebfa9,3.0,200.0,19.0,19.0,19.0,sports_leisure
bd9117f40900499b0f14a2c3389f831d,6.0,800.0,75.0,6.0,35.0,sports_leisure
f0f719ace174d68fdc838d8d6c4ce26e,1.0,1700.0,31.0,24.0,24.0,sports_leisure
84be5141d846547d42b5c4c202f96709,1.0,700.0,20.0,20.0,20.0,sports_leisure
be3e31f416559f351eff764e3cef806a,2.0,300.0,27.0,25.0,27.0,sports_leisure
958168282b745d22ab817ba81a0987b6,1.0,2920.0,25.0,24.0,22.0,sports_leisure
eed6a6984cd8cb209c954a41fcdb19fd,1.0,800.0,20.0,20.0,20.0,sports_leisure
a01d1cbb398e386a4a8f8364401a7584,2.0,500.0,50.0,5.0,30.0,sports_leisure
d34984353fa530831479ab9686c090e7,1.0,10200.0,34.0,38.0,34.0,sports_leisure
873ecb2fd02d35f52e5820550e538e72,1.0,11900.0,20.0,10.0,20.0,sports_leisure
4d1fb0907c636601ecacb4df887e1f84,1.0,200.0,21.0,28.0,15.0,sports_leisure
169e1fedd1319ca92e90e057e7123005,5.0,400.0,28.0,10.0,13.0,sports_leisure
6548eac355c750d7bc97d2d220609f1b,6.0,200.0,20.0,5.0,20.0,sports_leisure
25d1ff5db102bfeb95fe4fcefdaca422,1.0,3900.0,37.0,44.0,34.0,sports_leisure
8e51d142e920a74499c80827848f5bba,1.0,750.0,23.0,16.0,16.0,sports_leisure
66119c056c1be2d1d57d65fe7a91ce6d,3.0,1650.0,25.0,16.0,23.0,sports_leisure
12087840651e83b48206b82c213b76fd,1.0,1813.0,30.0,13.0,28.0,sports_leisure
d0226630b3f4e5adb5e61f8c91a57419,6.0,3150.0,30.0,27.0,26.0,sports_leisure
43d7d26e2969491a49f0f1a376feb6c5,2.0,163.0,18.0,14.0,15.0,sports_leisure
43216537780cef285c670f2b8437ae58,1.0,400.0,16.0,9.0,11.0,sports_leisure
c2c6d6cfda3171733ed7af121e46f6a9,1.0,450.0,20.0,43.0,30.0,sports_leisure
82f03c68ad0f694bab78643d0ff8c67f,4.0,671.0,33.0,15.0,28.0,sports_leisure
bab0f1cf32896c9fca000edaf3e36410,1.0,500.0,16.0,10.0,22.0,sports_leisure
f0978bc4bcd57a1f2079015178b73cad,2.0,700.0,20.0,30.0,30.0,sports_leisure
b52e4724d5ae56c1e1503a363b388d2a,1.0,3000.0,93.0,11.0,18.0,sports_leisure
20a2ade5928c55d0e72c2299091c66e4,5.0,150.0,17.0,15.0,16.0,sports_leisure
362b773250263786dd58670d2df42c3b,1.0,200.0,16.0,16.0,11.0,sports_leisure
557281eded333607ebffd2e626f96101,1.0,517.0,19.0,15.0,14.0,sports_leisure
c7f8c040002615c99a0aa2ddec4c41e6,1.0,300.0,27.0,9.0,14.0,sports_leisure
c0dacf0751740480573fe22a20a984f3,9.0,2350.0,40.0,9.0,30.0,sports_leisure
ba2a4b4789f9736851b6a9c98d30f21d,1.0,350.0,16.0,10.0,16.0,sports_leisure
4981f1410716b81db3808ba1c7d21394,5.0,200.0,20.0,2.0,16.0,sports_leisure
99e2dfc6bf7123fa4e2678e5b21d43bc,1.0,983.0,24.0,15.0,17.0,sports_leisure
d2a78df414eaed74b1aba1bdb777673a,2.0,600.0,20.0,20.0,20.0,sports_leisure
ca8b9b8192b5fd79de43cf6480c6cdeb,1.0,250.0,17.0,15.0,16.0,sports_leisure
966e3b7ca65648df1608c8885d04bc0f,1.0,200.0,20.0,10.0,15.0,sports_leisure
65e52a3d3ad102e0308bfde7c1424a89,5.0,300.0,25.0,20.0,20.0,sports_leisure
772583ef39582ddf5068eba0296c24f7,6.0,3050.0,51.0,13.0,31.0,sports_leisure
8626b155de04e2d0d6e1e907fbcf0cd2,4.0,3150.0,20.0,25.0,20.0,sports_leisure
9ef2ca01151ef53318695e8a1e8053da,1.0,200.0,20.0,10.0,15.0,sports_leisure
013c4b7963865454407e0c79047636c3,2.0,1075.0,38.0,10.0,25.0,sports_leisure
796f3b99d54fc73792f722557dd199d1,5.0,917.0,34.0,18.0,38.0,sports_leisure
eb90e2151808c494cf15502e418789d1,2.0,1000.0,37.0,11.0,17.0,sports_leisure
773ea88f7b9332e4531d0295279f5f34,1.0,6700.0,45.0,35.0,35.0,sports_leisure
c85df3adf4b059fd3292eb6530c9a598,1.0,300.0,20.0,6.0,13.0,sports_leisure
2df754688929d2d713ebc4996a7faec0,3.0,4100.0,20.0,20.0,20.0,sports_leisure
bd588795ddfe953f64d59d514ba0527a,3.0,250.0,16.0,2.0,11.0,sports_leisure
c9f9bd4084bc85b95e01d21218e3e85d,1.0,263.0,20.0,18.0,20.0,sports_leisure
c9d067f785507045799795719e6e6131,4.0,26500.0,105.0,70.0,20.0,sports_leisure
289d248f6a9046a0f0be47cda2b45537,5.0,250.0,25.0,25.0,20.0,sports_leisure
f48eb5c2fde13ca63664f0bb05f55346,2.0,100.0,20.0,11.0,11.0,sports_leisure
17ff593779ce464d3667e8ca12b4a5ca,1.0,1000.0,29.0,21.0,22.0,sports_leisure
48b6c38e1a7960b4123b60de736ec500,4.0,333.0,16.0,5.0,11.0,sports_leisure
fb1c85ab4adb8f0fd63d3e2156e51f4b,1.0,217.0,20.0,20.0,20.0,sports_leisure
94ea362da29f43390e967e874c6fa842,1.0,3000.0,53.0,19.0,19.0,sports_leisure
6c75a613c78086bc739497cfc7b14f7f,1.0,1700.0,22.0,15.0,22.0,sports_leisure
7c7588d9c0e7596f400f129e8bfecb03,1.0,900.0,36.0,10.0,19.0,sports_leisure
b69b752440750650aa60092b17c99288,1.0,1500.0,23.0,32.0,23.0,sports_leisure
c1efc30d1b6b50c2bbf4644102bc16dc,2.0,200.0,20.0,12.0,15.0,sports_leisure
364816efb241b3d0b682e6c2a752c005,2.0,1000.0,60.0,15.0,15.0,sports_leisure
bbc218887dbdfc5ff05ffc02831a906e,1.0,3550.0,24.0,7.0,11.0,sports_leisure
f06509f3f9aada4fec2a21a3f2e0bb39,1.0,120.0,20.0,7.0,14.0,sports_leisure
eb9962da8bc1136b2c1492184723ce26,3.0,600.0,95.0,15.0,15.0,sports_leisure
7a0f68f9af53c0be1fbb77ab8bc0fffe,1.0,1100.0,22.0,18.0,18.0,sports_leisure
38fa750a3a3b3204f169c86a3284d387,1.0,183.0,16.0,18.0,16.0,sports_leisure
d86936d170828ee19b4bac2befe8ab1e,1.0,1300.0,39.0,14.0,37.0,sports_leisure
0bbdc963004d9b2fd3427ee3c5ae3608,3.0,150.0,23.0,7.0,12.0,sports_leisure
e345e8d6127fd25603bc9fe0f99ecc46,3.0,700.0,30.0,15.0,25.0,sports_leisure
1dad4dd7924d7c81aaca41d4a716433d,5.0,550.0,24.0,17.0,20.0,sports_leisure
81ec0756335856bf7e5bd40073652c44,5.0,600.0,40.0,20.0,20.0,sports_leisure
9b4155ed13be02dc3f5c3646218d4f91,6.0,300.0,30.0,16.0,16.0,sports_leisure
7444882bfe46b728d7728bfcc49fd091,1.0,500.0,57.0,14.0,14.0,sports_leisure
13c6408395db73f81805ef46fa6ac926,1.0,300.0,18.0,9.0,13.0,sports_leisure
5a21ffb33906d29b4ad9edf60f6f1b2e,3.0,1850.0,30.0,30.0,30.0,sports_leisure
92f47b25673ab3b7e18b6f7fd2412e4b,3.0,50.0,16.0,8.0,11.0,sports_leisure
c0e80f6b9babc428416eb1700c01e245,2.0,542.0,53.0,21.0,15.0,sports_leisure
2235d08138bfce7801a73463a3168ea5,3.0,1200.0,70.0,8.0,15.0,sports_leisure
8c66104d520634a3b6e20c1f326767de,8.0,9350.0,105.0,15.0,28.0,sports_leisure
07dbfabaa4709da14c7e58ca17fe7998,1.0,2250.0,28.0,28.0,28.0,sports_leisure
f86ebf7428340f3c8a307502cc646e7e,1.0,150.0,16.0,7.0,11.0,sports_leisure
749b3d3d1502db86961a08db43c6b57b,1.0,300.0,20.0,6.0,13.0,sports_leisure
a98a8d36f2c2f97f7d7c4c3222f2251c,1.0,2500.0,31.0,33.0,32.0,sports_leisure
c8a1b14dcfbb5ab61591ab868d362d10,1.0,650.0,55.0,10.0,12.0,sports_leisure
41f6cb7c3b1200749326e50106f32d58,2.0,330.0,45.0,6.0,18.0,sports_leisure
f72bc24c75de73150b957acc6afdad07,1.0,2127.0,27.0,22.0,26.0,sports_leisure
9c5568dc227ccef3089ef6c37082a464,1.0,767.0,14.0,8.0,12.0,sports_leisure
179d856fee39496cee35298e31e2bc6d,1.0,800.0,23.0,19.0,19.0,sports_leisure
fb69f3c3b63f63da92e215ddf61e0b01,1.0,2600.0,16.0,16.0,16.0,sports_leisure
12b8e4db53a57da745e7fd25553ce1d8,2.0,1300.0,20.0,22.0,20.0,sports_leisure
126789406f4159e6f8ceb1910c164fe9,3.0,800.0,30.0,15.0,25.0,sports_leisure
6c0ae7177d10a10c697443a3d27584c4,1.0,400.0,38.0,6.0,11.0,sports_leisure
9c7863b2663286413b046eada6f29ee3,4.0,850.0,17.0,10.0,15.0,sports_leisure
3f04f0bdf227b179581f43ce42bed25a,9.0,900.0,60.0,15.0,15.0,sports_leisure
ab37272e0676ac205aba0db310cfaaa0,1.0,7850.0,51.0,31.0,31.0,sports_leisure
b9ea4b3916fb534e92fa697244043d26,4.0,6000.0,55.0,20.0,35.0,sports_leisure
5a303a4e6cbf8550e80d43a01997acf2,1.0,2450.0,45.0,50.0,35.0,sports_leisure
e0902552451db4cf3f7b63863276f24a,1.0,425.0,20.0,20.0,20.0,sports_leisure
b38038fe1cb05fb177de7ea502861ac5,1.0,1075.0,30.0,24.0,18.0,sports_leisure
55b71bf300a2765a382eaec566df531f,5.0,3400.0,33.0,25.0,28.0,sports_leisure
096ac2e8796def270994c7bd237491d3,3.0,300.0,20.0,15.0,18.0,sports_leisure
291b39691d7d40a42f9e7d0920d9a21a,5.0,1200.0,40.0,6.0,15.0,sports_leisure
056063b2634974ef86ccb7da2d3d0dbf,1.0,1431.0,30.0,20.0,21.0,sports_leisure
fddc61a36e83f12b665d068c07411aa7,6.0,975.0,33.0,30.0,28.0,sports_leisure
e02758c6570548237ebc9fe75b4701fb,1.0,5400.0,105.0,8.0,25.0,sports_leisure
74437e600638a59559c5238c84805b76,2.0,150.0,20.0,10.0,15.0,sports_leisure
49427490053ae7f72efeaf0a89c84d26,1.0,1050.0,28.0,26.0,28.0,sports_leisure
a35b7b13c63effc7f014f141826f3186,1.0,400.0,17.0,10.0,17.0,sports_leisure
0deb7c87c4ffc9afc99fcd59abf45231,1.0,197.0,17.0,17.0,16.0,sports_leisure
b64c5abaac93b83c64ecab2a3321e854,1.0,150.0,16.0,17.0,22.0,sports_leisure
622fb07f77013b1ad62c83a2229d92dc,1.0,1000.0,25.0,25.0,25.0,sports_leisure
7d54e96388bc6009c0a598073873c12b,1.0,250.0,22.0,15.0,22.0,sports_leisure
906b11f3bc3c98f883afa0eb67b0fac7,5.0,1200.0,80.0,8.0,15.0,sports_leisure
d06d1c1f54c64e227690d22eb48855b2,3.0,300.0,20.0,17.0,22.0,sports_leisure
ec268f069320a08af47861967e4d7bee,1.0,1207.0,24.0,25.0,21.0,sports_leisure
77b5ea25050e269eab5d164be2be1711,1.0,150.0,16.0,17.0,22.0,sports_leisure
7947d7b3c612e55b3aff718305774067,2.0,100.0,28.0,3.0,20.0,sports_leisure
64090c2cdb0259629a3584edeb23181e,1.0,1250.0,22.0,27.0,22.0,sports_leisure
4f27f0b527bb700ed8541270356a38f3,1.0,374.0,22.0,14.0,14.0,sports_leisure
5be51b87d3f543e942bb8299c5bd4423,1.0,350.0,16.0,16.0,16.0,sports_leisure
00e928700d549c4173b1bf631ca30abf,2.0,300.0,20.0,3.0,15.0,sports_leisure
87aff1d9a5e94db6840c5b963a5cef90,5.0,1500.0,40.0,20.0,20.0,sports_leisure
fb9e76805845146bdd3dbee717b27979,7.0,3850.0,82.0,10.0,22.0,sports_leisure
12f0e759d76acd32755add1bf8d583ea,1.0,4497.0,44.0,35.0,32.0,sports_leisure
a7037f839ea8b769428eba2ab0801434,2.0,150.0,16.0,10.0,16.0,sports_leisure
67a71eecac8e56b0cd270f0df2b91698,1.0,2900.0,31.0,33.0,32.0,sports_leisure
d82b8217d941155cfe2c1f8c17c436cc,4.0,375.0,16.0,3.0,11.0,sports_leisure
e8bb3d53d12c06cae6287143be1ce7ec,3.0,150.0,16.0,17.0,22.0,sports_leisure
34dc9ba20762290886d4d94d07a102e3,2.0,1650.0,30.0,8.0,30.0,sports_leisure
23e89be06e10f4e1a1d0875bc36d939d,1.0,550.0,30.0,11.0,20.0,sports_leisure
91aa6246d855a7321d3899fd76ec63cd,1.0,785.0,28.0,21.0,17.0,sports_leisure
12e5f64883db52b4617a4c4ae2aa1338,2.0,850.0,60.0,15.0,15.0,sports_leisure
3793f9a5cee3d440b31c209500f28743,2.0,1050.0,28.0,9.0,20.0,sports_leisure
8ebb3f77fca7f2ec3283f8850ac55a15,1.0,750.0,46.0,8.0,26.0,sports_leisure
874439b263dc72fa8c7d8e24fa7cac13,1.0,600.0,25.0,35.0,30.0,sports_leisure
64f1126c9715d5394b7301934c6833f0,7.0,9900.0,30.0,60.0,40.0,sports_leisure
3d92b609f553af0ae89982e4fae15b1f,1.0,200.0,16.0,2.0,20.0,sports_leisure
4ed545d4c0dcea0798b3bafcd081ebff,1.0,1080.0,19.0,20.0,16.0,sports_leisure
7721e900ec7c13b0746e461917604aa6,1.0,3200.0,23.0,23.0,23.0,sports_leisure
06d156ad29691bb65b80a6bf398db4fc,5.0,2700.0,80.0,12.0,22.0,sports_leisure
336cfb12a5468070795ae4c964f4ce47,3.0,1000.0,40.0,20.0,20.0,sports_leisure
ec9f5b47ece31337beca3adf477757a6,1.0,200.0,20.0,17.0,22.0,sports_leisure
0cf5798cf0a69ca39b286d63dd5a9501,1.0,15200.0,95.0,30.0,55.0,sports_leisure
9343856b202bd10630a59b79d8f61cbc,3.0,200.0,20.0,10.0,20.0,sports_leisure
7fda6ff601b1c45aacfd6a24e7f2d45f,1.0,195.0,17.0,10.0,15.0,sports_leisure
693a485c187ccca8a20d037e1c52c6a1,2.0,500.0,25.0,25.0,25.0,sports_leisure
dca9904850a1b13faa65450fbd000a3d,4.0,250.0,35.0,10.0,15.0,sports_leisure
d1b14769ad38ee9ef08409cc3ecbb778,1.0,2700.0,85.0,6.0,23.0,sports_leisure
5d111f6911df7bfe5ca68fc9b9251d51,1.0,400.0,25.0,15.0,20.0,sports_leisure
03b10f5e3ef07cfc27a025adca3fd0be,1.0,50.0,16.0,16.0,11.0,sports_leisure
2d0756de18a80990e11ec355070dd85a,1.0,9600.0,51.0,28.0,28.0,sports_leisure
5113c9a5037013b0a750444df6dec60f,6.0,6050.0,40.0,30.0,30.0,sports_leisure
fb694051ae63bbd9793cb8869bd96949,1.0,1450.0,20.0,25.0,20.0,sports_leisure
edf9320a431f41502045f83bc1308b0a,1.0,160.0,18.0,8.0,15.0,sports_leisure
d91ee220c1b5370b26883cd0cee27b86,1.0,1963.0,29.0,35.0,22.0,sports_leisure
54fd9c890a61acc4123f21fe92c981b0,2.0,200.0,20.0,20.0,20.0,sports_leisure
cab49aa7c76189e7e6d55ad8c7f9eb91,1.0,700.0,30.0,30.0,30.0,sports_leisure
72c4ed817b3980cf86101f5fa7b234f7,1.0,200.0,16.0,10.0,20.0,sports_leisure
535fb083a78180cd82ec7c1a9abf4eba,6.0,4350.0,40.0,25.0,33.0,sports_leisure
c00d043237b75cf63c77a05c423af5c7,7.0,1200.0,20.0,25.0,20.0,sports_leisure
45dc66388e0aeec2e8baab5572f2fa44,4.0,1100.0,30.0,16.0,20.0,sports_leisure
2245f9825a544daf9adb59c50d0eae03,1.0,250.0,30.0,30.0,30.0,sports_leisure
c6f7d77b0d27a02ad3392f8549e58940,1.0,200.0,26.0,5.0,13.0,sports_leisure
7d1a667dbc183583078324f912d42c6b,1.0,150.0,16.0,6.0,11.0,sports_leisure
ca977202f2d5bc9cfdc368d305e460b8,1.0,397.0,18.0,17.0,17.0,sports_leisure
07ae32b18ffbde7c6c928721e8b956fb,1.0,3200.0,80.0,12.0,25.0,sports_leisure
4e1d2ef2974c85d82582edfe594a4f57,4.0,300.0,25.0,10.0,20.0,sports_leisure
4508e088c4a07e0ad64f6fa3751e314a,1.0,330.0,24.0,20.0,16.0,sports_leisure
cef67bcfe19066a932b7673e239eb23d,1.0,371.0,26.0,4.0,26.0,baby
03b63c5fc16691530586ae020c345514,4.0,7150.0,50.0,19.0,45.0,baby
8b41fbc2b984a12030090112324d1bc4,1.0,500.0,20.0,13.0,13.0,baby
5370b82a213393979691c98074265584,9.0,7950.0,33.0,30.0,44.0,baby
b864b103180d5a6a3f830e67f93e8735,4.0,600.0,70.0,11.0,11.0,baby
3fcd8dfe610c62edfb51de2630cd9ef4,4.0,5700.0,41.0,17.0,49.0,baby
c18c01e09509a509e2b88d3ed40c580e,1.0,2150.0,42.0,25.0,15.0,baby
60cf4effb6947283fa638d570bd07318,4.0,4500.0,80.0,70.0,28.0,baby
3cef8174403f4fdedbf24fa67fa9f132,3.0,1800.0,18.0,32.0,27.0,baby
8bb6ace4cf2411747ea1cfecad5a458d,2.0,6000.0,75.0,15.0,50.0,baby
6e9c52b407fea24064f7ab2b144fbf8c,7.0,13575.0,71.0,81.0,44.0,baby
9181a16945ef449aa81212d5139945ec,3.0,6950.0,85.0,11.0,50.0,baby
302a19dacdbb5ed2f74f9dee8126ef79,5.0,300.0,17.0,7.0,24.0,baby
622d3b263cd40b06e1eeea144fb83f19,1.0,250.0,21.0,4.0,13.0,baby
115bc0865dc675638645e1ab5311e30c,3.0,850.0,42.0,25.0,15.0,baby
4ed86bcb86407328452ac1c5b3b89d67,2.0,500.0,30.0,8.0,35.0,baby
a77e6c93242ae050800cb3e5b98c2fcd,2.0,8300.0,45.0,25.0,45.0,baby
f2d80346f1dd6986e9e6611db7b708aa,1.0,50.0,16.0,2.0,11.0,baby
09c3d39641970009c198caed304ccfc4,1.0,300.0,68.0,7.0,13.0,baby
b5d214651360e2d58e13b48ae69c6199,6.0,10400.0,100.0,23.0,27.0,baby
fc37e09bb4dadd1eef5e92e954b1c72e,2.0,500.0,30.0,6.0,23.0,baby
f3979f97b4913d696bbe9c7c425c5e4e,3.0,18667.0,88.0,28.0,67.0,baby
bfd9a39f1774d4ca8773f1f42f09d187,5.0,750.0,50.0,5.0,40.0,baby
375478581c97832540b9209722a32058,1.0,17600.0,65.0,36.0,45.0,baby
fc5c33cddd49638580cfe9fec90aa943,1.0,300.0,16.0,8.0,11.0,baby
675dbd52c3dadeafa9a8c96ea5a9bfc6,1.0,2300.0,36.0,30.0,19.0,baby
0eb41884a8773e019708fb8409fd8347,1.0,21467.0,76.0,57.0,51.0,baby
da37b504ecf6099b4f8af452ebdab0cc,2.0,8200.0,40.0,35.0,35.0,baby
7bcc81e7096d625f592094c60385ebc5,1.0,550.0,20.0,13.0,13.0,baby
64b7b1d7151216b171067bafdb70d0bb,1.0,450.0,35.0,2.0,25.0,baby
1c4b558889819d00efc1ec52e76bc450,6.0,200.0,16.0,9.0,11.0,baby
ea44caac707f7f1325182a538007f838,5.0,6600.0,45.0,25.0,35.0,baby
902a8b8bb0768e8562edc2d903337812,1.0,750.0,40.0,11.0,35.0,baby
977f845fc71d6dfd5af3a0aaaabf2161,4.0,10000.0,50.0,34.0,50.0,baby
115fdef806a3b8e9fc52a1dee818f2de,1.0,450.0,35.0,2.0,25.0,baby
45f68d6b5c1bdaeb13882fdcb62e4e47,3.0,500.0,23.0,33.0,11.0,baby
6fd08d44046ab994b96ff38ad6fcfba1,1.0,500.0,23.0,23.0,23.0,baby
1349eb7b72fc4394d408917c76464af8,1.0,133.0,21.0,8.0,14.0,baby
d8dd9c0b7decc04a3112159b4e6cf7be,1.0,600.0,20.0,13.0,13.0,baby
efd750dd2fc958a06d84d97bbc7056af,3.0,700.0,20.0,8.0,14.0,baby
b3c13ca98fb6f9dd5c6aec8b1d353506,2.0,350.0,69.0,11.0,11.0,baby
9a3a682d9257657cf55214a390ecbf3c,2.0,500.0,20.0,15.0,15.0,baby
b2802bfbd4800fbac8b9554cbea43894,2.0,9400.0,75.0,15.0,50.0,baby
5d42919d908b17ec1848699d89e2bace,1.0,8300.0,20.0,30.0,82.0,baby
8e2e504e3be9cc0ed518daa0e271acf5,1.0,417.0,19.0,13.0,13.0,baby
6fb9118651534879ecb3654b56a48a4c,8.0,50.0,20.0,8.0,17.0,baby
1b981d76f4ec023c49b13412f503f1c2,2.0,300.0,69.0,11.0,11.0,baby
379e1dd5ee78e22877ee8a895cdb8244,2.0,9088.0,39.0,40.0,79.0,baby
fc9f8ce7c9be6295161b8c8fccb26b6b,1.0,500.0,40.0,15.0,35.0,baby
8d3995daf4103cf13ff5400bf66c1587,3.0,300.0,30.0,10.0,20.0,baby
89335f18510cd04dc1bb8cf69f3cf14d,1.0,14500.0,57.0,45.0,33.0,baby
f1d4ce8c6dd66c47bbaa8c6781c2a923,4.0,4950.0,40.0,10.0,40.0,baby
c348450d15a924d32e7f9b0dd91ca938,3.0,300.0,18.0,24.0,20.0,baby
ad837169a27edc799909c3b1f6081399,1.0,12150.0,62.0,35.0,52.0,baby
3a21e6f5a154a5b03b6edb8fc6b24c5d,2.0,220.0,23.0,9.0,17.0,baby
f8bbbaece0a5676ffd4d6c3cbde920ca,3.0,1050.0,42.0,25.0,15.0,baby
dc7ec35f43d77d1bc4b8fbd8cf6bc7c8,1.0,700.0,25.0,21.0,19.0,baby
c2fb73db15e28aa021dcf7b2856fef27,4.0,3600.0,60.0,20.0,50.0,baby
80be7f3c94ee90b42197f718de0ea371,2.0,400.0,30.0,16.0,16.0,baby
b7f127a1a10296074245d22db5f6d386,2.0,150.0,17.0,24.0,18.0,baby
dd4c3b4ab7e001aaf385ea2e68952030,1.0,450.0,30.0,7.0,20.0,baby
3b402e910ac3b3271958456b36a7c7ac,1.0,300.0,23.0,4.0,23.0,baby
7f4e034245e45549110139d1de248f83,1.0,600.0,20.0,13.0,13.0,baby
3a8023f6ae79b6b7da36d630f2ee1658,2.0,8200.0,44.0,32.0,35.0,baby
858da7953a793b7569420868c88d0ac1,1.0,7100.0,42.0,24.0,42.0,baby
7926c1689244625162673c66b4196371,5.0,7700.0,60.0,71.0,43.0,baby
e797b308a441ebad305845644a9a4808,2.0,1850.0,67.0,10.0,40.0,baby
7d4f932dd4fa16256c20de073329eacc,1.0,50.0,20.0,5.0,15.0,baby
af4895ef046adee58f5a0a4395769905,1.0,200.0,18.0,16.0,16.0,baby
8510c0493319d7d46949a52df53e3d48,4.0,5900.0,45.0,40.0,73.0,baby
993dda4a23beb110830cd8d181abe310,2.0,350.0,65.0,11.0,11.0,baby
852dd510258cc0df3ed7b8d8417cebb2,1.0,700.0,36.0,15.0,25.0,baby
e069639bc86788e34cbbd4d464ed2858,2.0,100.0,20.0,6.0,15.0,baby
ebb6edef98680a55bc741b18c3c30844,2.0,1000.0,21.0,22.0,19.0,baby
4bba2ed7155732bf6f663316059878af,3.0,100.0,16.0,16.0,16.0,baby
45e014218aa377a0cca60336a4d93d3a,1.0,8500.0,35.0,60.0,25.0,baby
79fca321dbd3453bd8211690e39f1659,3.0,1150.0,42.0,25.0,15.0,baby
82a0f2bfaa026cb94f4f870afd51c6ad,1.0,165.0,18.0,9.0,8.0,baby
8d38fad1bc505b1b3f50612f1fdaecba,1.0,550.0,20.0,13.0,13.0,baby
2a15783d3cb601f8d9a6a86806b037b3,1.0,600.0,38.0,5.0,33.0,baby
34239894e175b17d8c84edc6c73b4dad,5.0,400.0,29.0,12.0,23.0,baby
4d8c2f14df6a1429692e995d787613a5,1.0,350.0,23.0,4.0,23.0,baby
966a067b38634929844120e39b1576bc,2.0,2050.0,33.0,13.0,29.0,baby
40c36dbe4fd510370d40e09ae7670a26,1.0,250.0,16.0,16.0,16.0,baby
e0cd006cb0ccbbf5e501be0df7c1e5f4,1.0,195.0,15.0,11.0,12.0,baby
db7a58cce179f80f562fb714ceee9319,1.0,1260.0,36.0,8.0,30.0,baby
e37d07fe13615c6846d4b3911415d963,5.0,600.0,32.0,11.0,32.0,baby
237711663569a9692ca68a102f51ab59,1.0,300.0,21.0,21.0,21.0,baby
9393358ebcb4f182f4e42d0c3b863cea,3.0,11400.0,65.0,15.0,70.0,baby
9800689d93f54df6dc7df4ebd0aade31,1.0,650.0,36.0,31.0,19.0,baby
ac0878b52e5945bdee454c4115c40f41,1.0,2550.0,56.0,61.0,28.0,baby
53a0380bace091a275d6f6a7e46c07b6,1.0,213.0,17.0,8.0,12.0,baby
63085bb4366ded27bcb63cbb59b4103a,2.0,13100.0,38.0,47.0,44.0,baby
249360ba4e41990fed4dd4398fd1893a,4.0,200.0,16.0,6.0,11.0,baby
3b82e71cc658bc6deadebef95075ac55,1.0,350.0,25.0,5.0,17.0,baby
3d6ef61d81f0c2a0957ea6bb00ecfdb6,3.0,10400.0,100.0,23.0,27.0,baby
1b8fb2ae90018c533840a8085ca9ad6b,3.0,400.0,30.0,10.0,30.0,baby
b3d40bac9e6f347b2db2bd3c6897d08b,5.0,100.0,16.0,6.0,11.0,baby
a44f944687bbcf1d5e4f2af94a55dc05,3.0,5900.0,30.0,50.0,40.0,baby
ddbd0c1c8d8bf3e9142fc3b9751a476a,2.0,550.0,30.0,10.0,20.0,baby
6e415cdc78febbdbe465df65d52dbc19,3.0,450.0,25.0,16.0,29.0,baby
9fe7f92d158e1d98ee0b32849b893677,7.0,26000.0,84.0,25.0,50.0,baby
eeee41946ce5551470e97aef50ccf4c4,4.0,600.0,23.0,18.0,26.0,baby
7fa573c197477e03953feaa1d44bf28b,9.0,15200.0,48.0,61.0,47.0,baby
09dbbe2c4f26cad4d560aea043f9632c,2.0,800.0,40.0,30.0,50.0,baby
a870c32995bde3e0c9b4da66da762f99,2.0,2200.0,16.0,35.0,49.0,baby
4f28b40a0f7af9ad723f8787a46a4643,1.0,650.0,20.0,8.0,14.0,baby
254689a977285f8dd17c32b30870e933,4.0,16500.0,43.0,83.0,43.0,baby
6f790ed0f75949b7fa234ec087aed912,1.0,23033.0,49.0,84.0,49.0,baby
27c0cea4dc76549f5bd124d9cad0ae3b,2.0,13700.0,55.0,30.0,55.0,baby
1550a0fe151b511cb7cb327c55c865d3,9.0,10875.0,68.0,44.0,35.0,baby
251c15f2037e7977ac4b9df235e9b591,4.0,1050.0,42.0,25.0,15.0,baby
df969ce58d2f301f941a09bc75558cd4,1.0,350.0,30.0,30.0,20.0,baby
cf5f0f6ba7c1477ba6aca74da24faba5,5.0,29250.0,42.0,58.0,60.0,baby
ce582a7aa032280b20a5f169195202e7,1.0,150.0,16.0,5.0,16.0,baby
741e14d6cfe9c7dfcace49c4a0989bf3,4.0,1350.0,60.0,20.0,50.0,baby
25eb0a9d681b3515ff680cb41e69f58e,2.0,100.0,22.0,23.0,16.0,baby
5343876e3ae357d3e47e3bf3c89dfc86,2.0,1400.0,75.0,15.0,50.0,baby
3a5dc69f4360ae2f4561d165c2ee8fae,1.0,550.0,43.0,25.0,33.0,baby
ec31d2a17b299511e7c8627be9337b9b,6.0,14675.0,55.0,64.0,52.0,baby
4345b14b84ad05bc0f724913b134c6eb,1.0,625.0,23.0,22.0,11.0,baby
2009f9265306f26803dd5a243416707f,4.0,1200.0,28.0,13.0,21.0,baby
b3fa89053a8298a2d3265e6ea6c79588,1.0,11683.0,47.0,30.0,49.0,baby
978d2315d672718ad7235114a71bc2c6,2.0,4033.0,27.0,27.0,27.0,baby
2afebecdbf5ff9f1058bc9164e65c200,9.0,8800.0,33.0,30.0,44.0,baby
bf78843cda99fe99d2246a94a4a465a3,2.0,400.0,24.0,16.0,25.0,baby
5d83f43544c29b5d5f522ee9955e2043,1.0,700.0,30.0,16.0,16.0,baby
5c9d7078a9ba9cfd2f39725146e15678,3.0,1350.0,42.0,25.0,15.0,baby
d902e8400cd0c58b64ea157af940e670,2.0,3800.0,44.0,23.0,43.0,baby
fed8c9425c38a8433368e5fa59592a89,2.0,950.0,42.0,25.0,15.0,baby
c781fcf450227132b560b10bbd2ed26b,6.0,200.0,29.0,7.0,16.0,baby
ff5f8606556b625613f069a5a9a48966,1.0,2300.0,27.0,14.0,27.0,baby
aab298131a82379b76abd533b9010dd2,1.0,350.0,25.0,8.0,19.0,baby
227ae51127a60b162b1696de1cc8a10b,2.0,2797.0,35.0,35.0,16.0,baby
646998fa29db22fe94b0bd31b8d228ac,1.0,470.0,29.0,10.0,25.0,baby
2b5ae8fa7040dc2ecc8483150f36a667,6.0,600.0,35.0,7.0,40.0,baby
c3fb02b29695e526cd3988bdd55ba013,1.0,300.0,42.0,25.0,15.0,baby
c874b6cca27efc978feed6fd55b2985c,1.0,23200.0,31.0,85.0,54.0,baby
3732271dbc064b3c2c372c5675c914ce,2.0,1467.0,32.0,23.0,30.0,baby
6df3e292ba834323d4d8164d4c88e698,1.0,250.0,23.0,14.0,28.0,baby
351cd19d35f2421c5419da9032a19856,4.0,2350.0,16.0,50.0,40.0,baby
ea9949577fa63c86b7ca9986a4a0bf81,1.0,464.0,38.0,9.0,34.0,baby
bb77135946e78428a7a5634a46113a22,1.0,600.0,25.0,15.0,25.0,baby
2653c1a28e65f36161bcc73f0ca52727,4.0,5150.0,40.0,10.0,40.0,baby
dcf382c499d890ea8ca4d7e08fcb3abf,2.0,8250.0,44.0,32.0,35.0,baby
708f6b02ad4aaa6535c5e040f13a9762,2.0,9400.0,75.0,15.0,50.0,baby
15cf6e60f6f3fc09598470e5d9a6d13c,6.0,200.0,29.0,7.0,16.0,baby
fcb7e7f24f5e50c7786b39f30d5ae704,2.0,2200.0,36.0,31.0,19.0,baby
87a9863375a0a462b168cb02bdad360c,1.0,383.0,22.0,14.0,17.0,baby
1f0c584db83694c3a4bf117c8829a87a,3.0,950.0,42.0,25.0,15.0,baby
6dad2488df2de36fedd0b11be097c346,1.0,4727.0,56.0,59.0,31.0,baby
18f97605e88c76affcbfa78ba4e52293,1.0,1450.0,35.0,15.0,25.0,baby
8d53c5e807e69f0b0914fd52d5b0501f,4.0,9950.0,77.0,18.0,43.0,baby
36ea81e90d1292dcdc3ad8abb09c20fe,4.0,350.0,42.0,27.0,42.0,baby
02f3b0fb0ec2472bd4b9058a860ce6e3,1.0,12050.0,35.0,60.0,25.0,baby
b4c0a557e24a783073ea34fdabe4663c,1.0,950.0,50.0,19.0,45.0,baby
142b4f0578f914f7b4ab677472850965,1.0,450.0,60.0,3.0,24.0,baby
71a62950e363cbba0816448a733a58e0,2.0,750.0,30.0,40.0,50.0,baby
8e5f38754987574b781aebd5a7d4d33e,5.0,119.0,16.0,11.0,14.0,baby
4eba76ab901d06e619d8d7ac69b3579a,2.0,517.0,25.0,26.0,26.0,baby
196b3e3000c77b282069397fb84686dc,1.0,28250.0,34.0,85.0,55.0,baby
e44030e694bab50c9fdfb329cc114833,1.0,400.0,30.0,16.0,20.0,baby
baf13e0439b20cf7b30c07d3657f8145,2.0,2056.0,39.0,22.0,27.0,baby
6984b61fd1255c2a7fc3c11ce6d84509,3.0,100.0,19.0,7.0,11.0,baby
cb48e30ec967ad7cf282f8b417e397e2,2.0,2400.0,31.0,43.0,21.0,baby
e85d91619b497e98754390b6198a9818,2.0,700.0,24.0,14.0,18.0,baby
0ef56954a7f2e8c36b83dadad90b9cc9,2.0,350.0,50.0,5.0,35.0,baby
51dea5d1ada11e6deab755d7ab30fc6e,1.0,450.0,25.0,6.0,25.0,baby
ed4eef5d2197b2950e6eec648488909d,1.0,3050.0,28.0,33.0,45.0,baby
27080bc09a8965fb3ba30063cefb12de,3.0,1533.0,39.0,13.0,32.0,baby
f7b30f48c235d715e00822023d8a4dce,4.0,28750.0,60.0,46.0,20.0,baby
3f0b2aa04502b87638f75da7b9cae50e,1.0,122.0,17.0,12.0,14.0,baby
1164c17af70425821f88bfbdc9e907a3,1.0,550.0,50.0,10.0,50.0,baby
7124ca1f9c1598c0ad3166988e93d5c1,3.0,400.0,30.0,14.0,21.0,baby
e4d56c64196ecb182e719d9bacd0628a,2.0,500.0,25.0,4.0,18.0,baby
ad0bb547c950431dae08e48803ff6dad,1.0,2400.0,43.0,50.0,37.0,baby
b7f11e51f023c6d2ba6a82e21ad20be1,1.0,16900.0,62.0,35.0,52.0,baby
204066e9c9f66ce2f88cbf4dfcb4edce,2.0,21200.0,75.0,52.0,25.0,baby
6d5a9cd602c26f8751612f77ff4c6a90,2.0,9400.0,75.0,15.0,50.0,baby
acbbaa8cbb7857102ad783c73caa55c5,1.0,483.0,17.0,24.0,21.0,baby
76c04eec31170f3439b76c6fa6601cc3,2.0,12350.0,60.0,32.0,42.0,baby
7781d6283100da12454a264ff46216b2,4.0,1000.0,50.0,19.0,45.0,baby
93ca601fb17b9bc29a7fcaa4e40f015b,2.0,9400.0,75.0,15.0,50.0,baby
685919d3ededc26c0ec078b32241025a,2.0,6850.0,48.0,25.0,34.0,baby
7a5df623713bbcb94a51ea4540748c12,4.0,139.0,17.0,11.0,15.0,baby
0c98a3d692d019586b9c9645334924e6,1.0,500.0,33.0,8.0,31.0,baby
c0bb0aa12494ff55f377008900ee04b5,2.0,2250.0,36.0,31.0,19.0,baby
2d7ec74c6f93ad8234f2e29817b2827b,6.0,1400.0,40.0,30.0,30.0,baby
e4a8b44a9559141ca439903f116bbbd4,2.0,14150.0,55.0,30.0,55.0,baby
fd9222f5293048868b832e5179fa3ec5,2.0,2950.0,32.0,22.0,16.0,baby
2918336685cacbe8df9a66e4cad34cf1,1.0,850.0,39.0,16.0,40.0,baby
159cad5d8dadf4141e99b88d58c0c943,1.0,717.0,34.0,24.0,34.0,baby
fd220f6fd5a3f13ef9db07428f9c935d,6.0,280.0,17.0,6.0,11.0,baby
09982590713913e225d3ce5ccb670688,1.0,200.0,17.0,17.0,15.0,baby
e3ffa5b25f4a372e7ccf597b6ceb6c90,2.0,600.0,65.0,11.0,11.0,baby
3ebda2ff30d61d8c324e647948bbc6d0,1.0,200.0,24.0,3.0,19.0,baby
f538d01bc771eed83997a9e729627b73,2.0,100.0,16.0,8.0,11.0,baby
b6cefe1d620b9208fe6fae76b2c72887,1.0,200.0,16.0,5.0,16.0,baby
95fe41956fa436364136624dd46415c2,3.0,1263.0,40.0,18.0,32.0,baby
3f3ea3e2bf902e8fa6748737a84f3c36,3.0,450.0,30.0,10.0,30.0,baby
1a6e1fb52f5f47e7b18578907d10174c,3.0,1100.0,42.0,25.0,15.0,baby
ab71466511b5e49de73454353d49a2ba,4.0,600.0,16.0,5.0,11.0,baby
a1c26a87d00e216e5019700026d8d7ce,2.0,700.0,30.0,20.0,30.0,baby
963d31ba36326bbc6c8da3be482de3c6,6.0,800.0,34.0,14.0,31.0,baby
92fc46ca7d96704d71f84ed65943a0c1,3.0,1500.0,16.0,29.0,42.0,baby
b143192e3491149ed56551284da70b15,1.0,350.0,30.0,20.0,30.0,baby
4cfc416f8442732b89ab2c1bbeabe9da,1.0,500.0,34.0,8.0,21.0,baby
7192b9106c527efa0a6201bfe26ad753,2.0,2800.0,51.0,35.0,26.0,baby
35e30f098f0bdf1af247ff22a9b14fd8,3.0,5050.0,30.0,5.0,30.0,baby
c8eb5b2d7173db25ec9bfc54dcb4ccbb,1.0,450.0,25.0,15.0,17.0,baby
4ef0124968bdc099c9a992a37bcb4155,1.0,700.0,36.0,7.0,32.0,baby
49e32ecc1547ad9af62e9c7de8197172,1.0,700.0,39.0,16.0,40.0,baby
e72246bac78dfdb31d5a07c47fd21dc6,1.0,1288.0,23.0,23.0,26.0,baby
0432203d03868bfe5fdbb86fb2148474,3.0,7003.0,52.0,30.0,46.0,baby
b7ef4098281dc17c89d97374e19ef04c,2.0,950.0,39.0,10.0,26.0,baby
13cde3217a6ea7e5eb08bc8972ba9049,2.0,450.0,18.0,15.0,18.0,baby
48fcadc21e52503298f6f6519475c3e1,1.0,650.0,36.0,15.0,25.0,baby
86032b927304e96f4d4a9aa72104d70f,1.0,250.0,40.0,40.0,30.0,baby
416f17a4b2a56dd33d7d4f4d15570326,7.0,3425.0,41.0,45.0,39.0,baby
3d3024d7a67ec33c1e3e6e4fcebf80f9,1.0,750.0,40.0,5.0,32.0,baby
e806a78165ce0f336140978e90640d27,4.0,5867.0,38.0,37.0,30.0,baby
9abb00920aae319ef9eba674b7d2e6ff,1.0,350.0,19.0,14.0,12.0,baby
cb57bf79c8852724011a0b046b7a07c9,2.0,3600.0,37.0,22.0,40.0,baby
484734cd41290be450c867e1dc43a57d,1.0,650.0,36.0,15.0,25.0,baby
dc82a2ed47df56af6090d6ffbd165e4a,1.0,250.0,23.0,12.0,17.0,baby
210f0fc19063f1cbddd677a13d6e489f,2.0,600.0,80.0,16.0,16.0,baby
055019def765ce08da9fac0585e927c3,5.0,300.0,17.0,7.0,24.0,baby
801abf9ab81269e94b64dd62fbd50fc2,1.0,6050.0,64.0,12.0,47.0,baby
9614dd0585b52cd086cbdcc2dd5fcda4,2.0,800.0,42.0,25.0,15.0,baby
ecbd7c0c31f1779002f5a78b2a1873ae,2.0,183.0,22.0,11.0,22.0,baby
37c30504e77191e93709b3e44e5393d0,1.0,300.0,20.0,2.0,20.0,baby
6d066313ce43d3ed9fdfa17b4fb69baa,2.0,855.0,36.0,23.0,28.0,baby
6fd27cf8e62ea370a010743ce145f802,3.0,320.0,18.0,14.0,16.0,baby
2515eea3c60c67ecbb38b2f6b72733a3,2.0,1100.0,30.0,5.0,45.0,baby
ea7ab4d3d8f539561e8078feaca6ae07,3.0,1450.0,42.0,25.0,15.0,baby
8994237d820597beb5dc3cd977f6bbd5,7.0,8250.0,60.0,40.0,20.0,baby
5e26cbd45b83e411e82e3a8cafa8d951,1.0,700.0,20.0,20.0,30.0,baby
37b68dc7d701dd876736ad568b8f152f,3.0,350.0,38.0,8.0,38.0,baby
41cd333a4af5e36df81fc0b83ccf8e2d,3.0,10750.0,38.0,47.0,44.0,baby
3e2ab11261c392c92d33ea7f9fb8de3a,1.0,250.0,37.0,14.0,27.0,baby
69bb0609a0dd2d5f23efb6faf72fa28e,2.0,200.0,50.0,5.0,35.0,baby
9b68d637bcc8963e7b736f9de0a4532f,1.0,2300.0,65.0,15.0,15.0,baby
5b95b27af12b245754e70df7e16d53e1,1.0,900.0,50.0,8.0,40.0,baby
875e0d1c97176d76e9b04c98d06383d2,3.0,8250.0,44.0,32.0,35.0,baby
fc5a20562c99bbc5229b175d0a88ea7a,1.0,6225.0,46.0,23.0,35.0,baby
85834dd27e4888d991943dc23fc92ef5,2.0,900.0,50.0,19.0,45.0,baby
70b8127a4ee86d4b37b3eaf5e337e91b,4.0,18900.0,84.0,23.0,50.0,baby
612be997cd3154e32e1e585d478571b1,1.0,18900.0,62.0,35.0,52.0,baby
f87e8ee07e668908ab8afef6e3e91dec,2.0,300.0,18.0,10.0,11.0,baby
b729707d65939e62985873eed7ebced8,4.0,22800.0,83.0,31.0,53.0,baby
d70f38e7f79c630f8ea00c993897042c,1.0,10950.0,41.0,40.0,40.0,baby
251ef1633e102f2a29ed2fc7eb5ca683,2.0,20050.0,38.0,93.0,34.0,baby
44e74b30e6a7832b7aeb5555c04cb9b7,1.0,796.0,27.0,22.0,21.0,baby
8f6830779a08a96560ec9f10e13d8fc8,4.0,250.0,18.0,4.0,14.0,baby
c0047dd512738c1a067099c37b78f627,1.0,200.0,16.0,5.0,11.0,baby
43cb1d661a38ba864fc53fe1b6edb0ed,1.0,625.0,26.0,14.0,12.0,baby
efe7792157864135b3a535fcfc5448f1,1.0,7300.0,51.0,23.0,34.0,baby
53af05c8098ddaf0b8e61b1b38e8b4e9,1.0,10750.0,65.0,18.0,55.0,baby
5ccdf90770b6368962f99d5bdccb7ef1,3.0,950.0,29.0,26.0,24.0,baby
f2d649f157cebee085ed738f23d5d6b7,1.0,350.0,32.0,9.0,16.0,baby
a88cfe5c20413ddeff0a060c4202d278,5.0,15250.0,65.0,65.0,26.0,baby
4eda54569384f6cbe0511828fc574fb0,1.0,6825.0,30.0,63.0,20.0,baby
696a999ec17e492f74e0d1a76226b401,4.0,150.0,16.0,6.0,20.0,baby
18901878788fec7ddc55e64d1ace8187,2.0,8250.0,44.0,32.0,35.0,baby
525069ef824b496ed4d5a9fc67938b46,2.0,100.0,20.0,6.0,15.0,baby
2ab31f78e069ddb51930c6ace3759e45,1.0,2300.0,38.0,10.0,34.0,baby
153ad88dad29825663dfb8588c45a1a2,3.0,200.0,16.0,11.0,11.0,baby
fcd525d5a642e0fe40613667da935322,1.0,100.0,16.0,5.0,15.0,baby
99a31da32285762c037b6d6bbdb0ed42,7.0,550.0,39.0,6.0,27.0,baby
80d2404aa74015aa6cd21863642295f7,3.0,5700.0,60.0,20.0,50.0,baby
754bbcab20b7ec2572eea091259f65a9,1.0,10700.0,40.0,40.0,40.0,baby
754ea8d75da6030e9a9bfabce28b0d9f,1.0,1600.0,40.0,8.0,50.0,baby
262747acee8ddfe7752c076b899c323f,1.0,13450.0,60.0,32.0,42.0,baby
3cc42a29bd64238cf33115a8841b4a6c,1.0,2000.0,50.0,15.0,40.0,baby
db9c09ef2fa2590a7ca12480603396aa,1.0,200.0,16.0,2.0,11.0,baby
dac8681a7a366f747f42546e4922ad41,1.0,15800.0,62.0,47.0,32.0,baby
57e089e3103f5cda6a4ce23b77399bdb,4.0,650.0,20.0,8.0,14.0,baby
25a8dd7a35cec015294b2a0bc7ebdffd,3.0,200.0,25.0,10.0,25.0,baby
c2a9f8aeb7a51580fccc2d1c4f8bceaf,1.0,3350.0,36.0,30.0,19.0,baby
37c5b1281e2b86442a3d6a5478af7ab8,7.0,700.0,25.0,10.0,25.0,baby
9b968712a8768d8e23318f73476af1a3,1.0,850.0,23.0,14.0,28.0,baby
0ab20af8197d84bc8831765be67b4cc6,2.0,11100.0,38.0,47.0,44.0,baby
3f84970b11159798c4fa73fb4e309f1c,1.0,288.0,17.0,9.0,13.0,baby
e11092e9722d1b6f8c18cd8947a1daff,2.0,7450.0,45.0,25.0,45.0,baby
bc1771eea502c7888f4fa3d568a69111,1.0,950.0,39.0,16.0,40.0,baby
fdba6f37e0258dbca54eb0ed8b293ae0,2.0,600.0,20.0,8.0,14.0,baby
97194fdae68fa163b7cc5c02bfedbf16,4.0,30000.0,81.0,50.0,50.0,baby
83b00325c13c44245b2c3a2befa62a0e,1.0,10700.0,40.0,40.0,40.0,baby
aa4a9621d7eb2b1de179cd95fdcfe984,1.0,750.0,36.0,4.0,29.0,baby
d078d453361cd47a1041bf9a20a92774,2.0,8450.0,41.0,16.0,41.0,baby
0fc7f4e83e0ddb5b32b62487c4bd31c4,1.0,300.0,20.0,15.0,15.0,baby
b5c4801466295e45d80d659858124b4f,4.0,7500.0,32.0,77.0,49.0,baby
437773d07b1edcb634d4f4a2ad377be2,1.0,300.0,27.0,2.0,16.0,baby
3a806ac1ab98107febb4ffcf38bc1fac,3.0,4750.0,60.0,20.0,50.0,baby
b948a6dd0adccdcf3ea81888bf678924,1.0,850.0,40.0,40.0,12.0,baby
cdce55fb5fbe6b24f00f27364a8afde3,1.0,1657.0,41.0,23.0,42.0,baby
cdffe00d071bd489fb4fab5cded4a5a2,1.0,1900.0,39.0,16.0,40.0,baby
33fb5f691f9219b5d60d856191aea6a4,4.0,3600.0,36.0,40.0,33.0,baby
1b58ea6b563c9841db97e6923d18cc69,2.0,7550.0,42.0,25.0,15.0,baby
8820ae0ed6d06aa20f6ff430acb8651d,2.0,450.0,69.0,11.0,11.0,baby
c3f0567155098730c30259bf19b54fdc,2.0,200.0,20.0,10.0,20.0,baby
fcf4c9a897ae906e5a467ebf4589dffd,1.0,987.0,25.0,25.0,25.0,baby
f2577870331ed710015cbfb36ce2e027,2.0,6200.0,75.0,15.0,50.0,baby
72dd2e7b7e10b8a4083e53c7867c1564,5.0,83.0,19.0,8.0,12.0,baby
0367635ea4efa4eb15a29f1e05887851,1.0,1150.0,35.0,17.0,44.0,baby
b5dfd307658435bd981ff29e6da7e77a,2.0,100.0,25.0,4.0,15.0,baby
108fc05afc7b739e4a355e2bfa12bdc2,2.0,500.0,30.0,10.0,30.0,baby
37e65c3560cce352429c7290f74bf7ec,3.0,1250.0,42.0,25.0,15.0,baby
ebccaf8ddfeb6858f6cf417708159453,1.0,1100.0,29.0,12.0,32.0,baby
af2ce88035b65e8f987e8038fa87098b,1.0,850.0,30.0,7.0,30.0,baby
770c257cdfc072fb50ebf2bbd6696fe1,1.0,1150.0,18.0,18.0,11.0,baby
3c37a8a5d5ef2eca9d5e6ccf39673031,3.0,1836.0,33.0,28.0,20.0,baby
9af9fb5e25c1c09f035e01b7936f6c6e,3.0,650.0,21.0,10.0,15.0,baby
eb47d7ea4e5611684330021baa317c17,4.0,12467.0,35.0,57.0,52.0,baby
9ccf0137597c7461ba6c1d306a13f7ac,1.0,100.0,16.0,2.0,11.0,baby
25ad74f6f8a136a7b4672dd71fc068cb,1.0,1100.0,28.0,17.0,25.0,baby
4b5df063d69ffafb87c279672ecb4191,2.0,3550.0,37.0,22.0,40.0,baby
3ffc8b6c3ae2afbf307cbd802bfb5e4c,1.0,8950.0,41.0,40.0,40.0,baby
8ea6651a5fee129653198012abdd4185,1.0,1400.0,44.0,6.0,36.0,baby
b747afd3c2016cf855c41d55385a0ce0,2.0,100.0,20.0,6.0,15.0,baby
1b2a140e2ec204144f52c2d74eafbd98,4.0,950.0,38.0,14.0,37.0,baby
f2a76781f22caf64ef56f2c87889e12a,5.0,700.0,50.0,5.0,40.0,baby
dfd89cc18585fdede243c6bd6a8c4201,1.0,600.0,24.0,13.0,18.0,baby
a1769eac9796ec783d49049bab3cce1d,1.0,450.0,32.0,7.0,20.0,baby
efefc6ae386eed5b7286cdae6168d55b,1.0,300.0,16.0,3.0,18.0,baby
74e901ea4caa0b0488e8350431c558e9,4.0,3350.0,55.0,10.0,40.0,baby
bc33268e0ab8b9c13207af78f8a62b75,1.0,200.0,16.0,2.0,11.0,baby
57ea8ad500d0af10bc5fbf3bf2b7d400,3.0,550.0,23.0,33.0,11.0,baby
7bd8b19e81d818bfea514af0bd111437,1.0,150.0,21.0,7.0,14.0,baby
fb5c123fd5aba64397060623b857ff57,1.0,329.0,20.0,28.0,50.0,baby
c327898dd247165a50bd1d6a2a38347b,3.0,1600.0,40.0,20.0,40.0,baby
bcf28e2680bbdb599383f24b32d8d5f2,7.0,6650.0,34.0,50.0,30.0,baby
8c4ab7a3aaeb4de7eb2743401f66f986,1.0,28350.0,55.0,55.0,45.0,baby
f6241aa97cebce38a380a1ac3358c379,1.0,650.0,20.0,13.0,19.0,baby
0a6cff78b203b5224378cf8db2dff5a6,3.0,400.0,35.0,6.0,26.0,baby
8b52af498478ac72226c6bdaa89f27de,7.0,800.0,25.0,10.0,25.0,baby
4583e308182e4e78d5b71b5af1804def,1.0,450.0,16.0,12.0,13.0,baby
524cace8752843f12129d6ecfae9c7cb,10.0,900.0,20.0,11.0,16.0,baby
5e3555ed62835dd67704d40a72678cfd,1.0,300.0,16.0,16.0,16.0,baby
e213c5845d92a69640660dfc8e9a987c,1.0,1350.0,37.0,7.0,30.0,baby
71d2e375cd7ae542240f5f335894448a,7.0,2350.0,35.0,35.0,30.0,baby
c6eea384e62b799e78267eaeea987eaa,6.0,30000.0,84.0,54.0,45.0,baby
8aa6223e400af9c97b07c75993142721,4.0,5000.0,40.0,10.0,40.0,baby
9cb854ba582f5a6b7832b86553c0b8ab,6.0,250.0,17.0,7.0,24.0,baby
408e5a84e3b1333dc8be734b100ba3d2,4.0,9717.0,40.0,74.0,25.0,baby
b0a12a9dc0ed09cc161a586c1e948890,4.0,400.0,30.0,11.0,23.0,baby
3193a48de17d955edc655009bfd530e3,3.0,7698.0,41.0,39.0,46.0,baby
3b068029db5363533440150014d95d9b,1.0,450.0,35.0,2.0,25.0,baby
fba0d8ee4c9aa479a86833c83892e589,1.0,550.0,68.0,8.0,13.0,baby
83d3876282836456f2994589e1e39cd5,1.0,600.0,27.0,22.0,47.0,baby
176faef125e3675b4eeaa6083ada61e1,2.0,150.0,19.0,9.0,12.0,baby
8f983b383c2d3e409d71cfd12dbc7a42,3.0,4300.0,21.0,41.0,57.0,baby
9879169b145e0626f5e30e5b5ef9f938,3.0,300.0,30.0,30.0,20.0,baby
264a81631a296a509b3c2e047a4ad652,3.0,500.0,29.0,10.0,18.0,baby
7b31b39ebebeb8282009c48e5587b1d0,4.0,1900.0,42.0,25.0,15.0,baby
c75c215de0f9ab2c103fc57fb82f47ad,4.0,30000.0,84.0,54.0,45.0,baby
d9279101bd9bcdf95aa06a8081b24367,2.0,12600.0,25.0,47.0,64.0,baby
50b671fa06a05828948cd518088eba27,2.0,200.0,33.0,10.0,32.0,baby
a298a105818dce6878b787e4af6cff7d,2.0,400.0,30.0,10.0,30.0,baby
084217a15ddf5366ce6bd914570ae8fb,7.0,6050.0,45.0,20.0,40.0,baby
45ae343d4991cc21e7ec0a775239402f,1.0,200.0,16.0,20.0,12.0,baby
14dffa241a078aeaebaef48a49e807ca,4.0,250.0,16.0,7.0,11.0,baby
3498d7bf6679faec5a2e7d2b2e45443a,1.0,350.0,23.0,3.0,23.0,baby
b044508a133779eb79ef64f5d5a2eac7,1.0,1167.0,27.0,19.0,21.0,baby
b803bade7b2c0dcdcf77208103ab29f1,3.0,2300.0,42.0,25.0,15.0,baby
2eba7c676996a5bcb75367c497b42a17,1.0,8050.0,62.0,35.0,52.0,baby
9dc742d39f778e41ce3a88753f280d40,2.0,13500.0,55.0,30.0,55.0,baby
4f4c375e79a2f5b62000807e99d85407,1.0,5700.0,65.0,35.0,55.0,baby
920840f7899b13c467d223950c89e9e9,1.0,250.0,23.0,14.0,28.0,baby
eb45e95b37dfceebc7b740688cff3686,1.0,1100.0,20.0,16.0,20.0,baby
23db0ed96c4c3278cd56fc70e4798742,1.0,175.0,17.0,10.0,13.0,baby
b9c941066a5b61862d712489ed544aee,1.0,2150.0,31.0,43.0,21.0,baby
7686fe49c98ae1c537b5cc51992f5d20,1.0,600.0,22.0,18.0,19.0,baby
b3bd55bb626fd2657bbb08dd016a0cde,1.0,6700.0,57.0,40.0,25.0,baby
071f9a2b7591f2e8a2a59a50ecc5a297,2.0,7150.0,75.0,15.0,50.0,baby
68e8aa2107082a035abf076c50bff4fa,1.0,8200.0,40.0,35.0,35.0,baby
b60704f84087891432bf27f3dd5fd003,4.0,7500.0,60.0,20.0,50.0,baby
1dc9d2804c35122e2f168a135f8a56c2,3.0,700.0,35.0,30.0,35.0,baby
6156141755987eaf93bc9b959601db45,1.0,13800.0,65.0,35.0,55.0,baby
821989139f3c663402b835436a9d5639,2.0,250.0,16.0,16.0,11.0,baby
e6e2f011de12dc9071763c2baed69a2c,1.0,500.0,32.0,18.0,21.0,baby
2c39101923cb753b75088d8b5d5e1c3f,1.0,1050.0,29.0,12.0,32.0,baby
09014e6cd3dd8882e42dcf4dd4f5e305,1.0,50.0,17.0,6.0,13.0,baby
158566f2cfb3fd58a3770bc26f530f41,1.0,822.0,35.0,6.0,31.0,baby
7bb755757b4b21a1abc9cc6e9991a8ad,1.0,320.0,36.0,7.0,23.0,baby
782309e2b81eee24bab8da196e8a82be,3.0,631.0,27.0,12.0,19.0,baby
20c958f2273adb5449e7c2f644d27805,1.0,900.0,40.0,25.0,30.0,baby
706a5e521711344bfd262cb3f2a77a78,3.0,283.0,37.0,20.0,40.0,baby
6be1dff0cf8ff6e347589c05db1394d9,2.0,700.0,27.0,15.0,25.0,baby
1c5bd6a742367ec4d654a0859523e880,4.0,4550.0,40.0,10.0,40.0,baby
fad007abeaab6b8b9089a12497105ad6,1.0,11000.0,41.0,40.0,40.0,baby
ac413be47178c1bf6215fb3619166103,3.0,700.0,20.0,9.0,14.0,baby
61163b3973f637171715b4698c9df7f9,2.0,1100.0,34.0,28.0,21.0,baby
d4d998605a20a7c575f53f6c8be0cde5,5.0,30000.0,98.0,57.0,45.0,baby
afdbe4b0aad75651b1a127946a589449,1.0,3000.0,30.0,25.0,30.0,baby
70b98d329c7a32c6aaa4f6e13a12ddf6,1.0,300.0,30.0,20.0,30.0,baby
16522de6b7f6222b7f9c3b00a0cf3218,2.0,8400.0,45.0,25.0,45.0,baby
873bd7c76637dae61ceaf0dbdb4d07d3,1.0,10400.0,30.0,10.0,30.0,baby
51945302d0858fe2efed398e1fa2df04,1.0,1650.0,39.0,16.0,40.0,baby
4ddea479f39c2acfbde72ff8ddcec134,1.0,50.0,16.0,10.0,16.0,baby
23e8448e7eec38d57985dcd09a3d563d,3.0,200.0,16.0,6.0,11.0,baby
e56331a76de436e89a803efd4738a7df,2.0,2100.0,62.0,7.0,35.0,baby
a599c9fe3eab8ac297b1bab1e3b60f88,2.0,2100.0,75.0,32.0,23.0,baby
ce7186656e3ec080cba4fb895b9b90cf,1.0,100.0,25.0,22.0,22.0,baby
de99a4603fe6d195354676f800253ae1,1.0,1400.0,44.0,6.0,36.0,baby
257f376a5d729dd35b042d4ce6088b1e,5.0,9300.0,82.0,53.0,43.0,baby
ee8b16196604ed47b34b094351ce68e2,2.0,9400.0,75.0,15.0,50.0,baby
bd7cab8de4d7943286634023cc06f8ff,4.0,23250.0,23.0,50.0,84.0,baby
ec8ae427905e10052ee4f1e9993b6763,2.0,6200.0,75.0,15.0,50.0,baby
b00a32a0b42fd65efb58a5822009f629,3.0,238.0,20.0,10.0,15.0,baby
ccdf954ce1d166f00d312d6b461c046f,3.0,14000.0,45.0,84.0,54.0,baby
b7103dda72118193411fe5667525c139,2.0,800.0,31.0,43.0,12.0,baby
c715ab7f66826b73cd40916d8792bad9,4.0,850.0,50.0,5.0,40.0,baby
3150c2690393e7ea7c2b3acf2479ec8c,4.0,27067.0,37.0,77.0,52.0,baby
3fea39f18b756acc072ecde595f7f8fa,1.0,3350.0,31.0,43.0,21.0,baby
12f787302256017d737fb7dc149820f3,2.0,9400.0,75.0,15.0,50.0,baby
61fef484fda8aa0f5bad54aa9c640d3f,5.0,450.0,39.0,6.0,27.0,baby
3593dd78e1c621dbf0ed8657e8d425f0,2.0,100.0,16.0,16.0,16.0,baby
0e0be1b2859d8645f40d55e1dd855781,4.0,467.0,24.0,21.0,22.0,baby
9451e630d725c4bb7a5a206b48b99486,1.0,350.0,31.0,10.0,12.0,baby
96b7d9d0248d6f0f688e1a1987642733,4.0,7050.0,51.0,25.0,48.0,baby
46cc07237660346018f8838ae0b7ed2b,1.0,550.0,40.0,19.0,16.0,baby
4857ff66e2ef62d17140f60421cebaba,1.0,19025.0,51.0,70.0,53.0,baby
04ea63ab87df726ebf45c0982dd90a1f,4.0,450.0,30.0,6.0,23.0,baby
cc60892b5adc06df9d5cc4531fc06df6,1.0,600.0,25.0,10.0,25.0,baby
b1e646eebd0f4d4e08092ed2c927f721,3.0,13650.0,60.0,25.0,40.0,baby
fc2351bcf24c714e5d21b44ad41198b7,2.0,6850.0,48.0,25.0,34.0,baby
2fb0efd1f61f186ffdda9e8ec70f27f2,2.0,4075.0,73.0,14.0,48.0,baby
d6be8874a210252bd164fadd394d9e95,2.0,700.0,42.0,25.0,15.0,baby
d2b942eacee4eac5f9f86c07ebe45760,1.0,100.0,32.0,3.0,23.0,baby
cecf7d9f6a0eade40cbdeb3a8e967433,7.0,225.0,16.0,10.0,15.0,baby
60377afd6f6da838f980b2522636cc22,2.0,10250.0,55.0,38.0,43.0,baby
d4c1535d914696dc3b13cf725a2aa635,2.0,850.0,25.0,9.0,18.0,baby
d12736e1616a8837c8e9d945a60608bc,3.0,9575.0,61.0,41.0,21.0,baby
4410b418dfebaef42de06fb5ad157d5b,1.0,2950.0,31.0,43.0,21.0,baby
321fd48981c751663bc43487274e7609,2.0,100.0,31.0,6.0,31.0,baby
7dca7157b8f883274a06fda9cec3fed5,7.0,17550.0,84.0,50.0,25.0,baby
9d014ce7c9f42f5d675f893d6abf1339,2.0,5125.0,34.0,32.0,31.0,baby
f29675e9d91d8e0451ced31708497904,1.0,6200.0,40.0,35.0,35.0,baby
5f30303a0e011f4746c76054639a2afb,2.0,9400.0,75.0,15.0,50.0,baby
735bfbf42adf674ab05553909b0b92af,1.0,170.0,19.0,12.0,14.0,baby
18fcba7b80899b08132793f3a71ac9db,5.0,19500.0,32.0,75.0,48.0,baby
13f036df9f7389d63ad22591b23e5d83,1.0,5350.0,25.0,45.0,16.0,baby
f0a06cc25ae22358b10378bf4dafdf0a,1.0,6450.0,62.0,35.0,52.0,baby
c5a00e7e34e45fe4c79a38d102248b48,3.0,275.0,16.0,11.0,11.0,baby
ad2cfa7f56da484302e01318376548a3,1.0,2950.0,30.0,10.0,40.0,baby
faa69a3ce59a6d1484410df55a93444b,3.0,700.0,20.0,9.0,14.0,baby
441571d37eb4c02c1686c4a2cff8a8e5,5.0,850.0,68.0,8.0,13.0,baby
5fb00b8c5c7ec5ea3a19223f6e8d6b40,2.0,400.0,56.0,2.0,69.0,baby
6001f761aeace35d6f7a724813b4a098,2.0,500.0,25.0,12.0,20.0,baby
28e1e01400863d6035542c650bc72be4,3.0,10400.0,79.0,23.0,23.0,baby
7650dd3b2dc10798a8cbccc78d9e6e3b,2.0,2300.0,31.0,34.0,21.0,baby
498f5440a31fbbe53a970262af00cd5b,1.0,250.0,18.0,8.0,18.0,baby
81f063a76f382b3665b2b1fd0dd0aad0,7.0,8200.0,50.0,28.0,35.0,baby
acb60b96f61ac79607171d1799852744,1.0,200.0,16.0,14.0,16.0,baby
0b0f32c8bd5426698d01d72f155b75f5,1.0,2400.0,45.0,15.0,40.0,baby
f811e4e8228504bcdd34f2fe9f502c92,1.0,200.0,18.0,8.0,24.0,baby
3efd399c5d016b9e6a5ad3196eade44f,2.0,1000.0,30.0,10.0,25.0,baby
3a9c4070ee3d8325be46ec77b483c6e7,1.0,3900.0,41.0,17.0,49.0,baby
2ac0cca735ca6684053d28a17883b765,4.0,1400.0,20.0,15.0,15.0,baby
f4685661dba7a38783007afb3e5fe8ac,2.0,400.0,29.0,18.0,17.0,baby
6002665d65ee348dcd357c7bb2f080bd,4.0,900.0,35.0,22.0,45.0,baby
6afddd846da3dd77e807fb9af5930aae,1.0,3045.0,55.0,60.0,30.0,baby
82bf3b832fc83ce67cc295a7a8ab6783,2.0,300.0,22.0,10.0,17.0,baby
bcdef08f4db7ae67bff7538debd6daf6,3.0,1200.0,25.0,13.0,18.0,baby
586b14a3aadbdec1439e5d7029fbe886,2.0,300.0,16.0,8.0,11.0,baby
49cd59957f1c81427ca0b2edf5696969,2.0,400.0,25.0,10.0,30.0,baby
b5e04fdc949ee208ed3f3ba6a7696046,3.0,600.0,28.0,20.0,23.0,baby
d3e112316bd3ae29280cec26bd3059fd,1.0,350.0,65.0,11.0,11.0,baby
12080b1cb17fb18a69563695622dc9b9,1.0,1625.0,51.0,22.0,45.0,baby
68c00429eb04c5fe146f5e9dfcf3caab,1.0,200.0,19.0,18.0,15.0,baby
2e8e86c56790104d65709ca485a26281,1.0,500.0,55.0,14.0,43.0,baby
d2998d7ced12f83f9b832f33cf6507b6,1.0,500.0,18.0,18.0,18.0,baby
5875399e51bcc0cee61e4a28b648b786,5.0,5525.0,27.0,19.0,31.0,baby
68dede30a2ef7c3f19ac4ec5b7620ef7,1.0,314.0,21.0,12.0,20.0,baby
a5c703d39e287f5052de9743a0cb2beb,2.0,550.0,30.0,10.0,20.0,baby
fc94d52bb346616a130e657a8fac829b,1.0,7100.0,41.0,40.0,40.0,baby
9663cf1ff5c7ff603be0a27b1cf2dde2,1.0,600.0,25.0,15.0,25.0,baby
3ae88ae7de71731768a584f527dc1fb0,1.0,850.0,30.0,40.0,50.0,baby
a7ca7fd9bf5015bfeecc4010e8fa4ce7,3.0,7400.0,57.0,40.0,25.0,baby
9e69b6eb1dc98769983df1ce44f14efe,4.0,500.0,27.0,3.0,21.0,baby
fd97587c26811f6072bacce1484fbf65,4.0,50.0,16.0,6.0,11.0,baby
da7a746a5e1464d8e8ee38bab3afa5b6,2.0,900.0,30.0,40.0,50.0,baby
e4bd268c80d127fbf8757171e8d2b6b9,1.0,700.0,50.0,30.0,40.0,baby
a10e0fcb1c409869c3c6da4eb13b7612,5.0,7150.0,47.0,26.0,35.0,baby
aa765c0a9daeb0541a98ff48ea3ac651,3.0,1433.0,39.0,13.0,32.0,baby
706982d4d1d9841dfd470b6fe10f8614,3.0,20250.0,50.0,76.0,32.0,baby
205cf43d203186d5eb440a791a5b7404,2.0,300.0,16.0,5.0,16.0,baby
6ed0ed10d62b45f3de46933b0b2989a6,1.0,700.0,30.0,40.0,50.0,baby
cd86aef97743073904fe3be493c30875,2.0,200.0,16.0,10.0,11.0,baby
4fb3f6a1290166c334db109b6af6a1ca,1.0,550.0,40.0,4.0,30.0,baby
e62b2ce29dae5ba4170e4c5cb5d57e58,3.0,400.0,20.0,9.0,14.0,baby
955d159d5f3a5d16c3808fcb7705224f,1.0,50.0,16.0,14.0,14.0,baby
a2ead66678565eb7679dfdf1fa4cbe43,6.0,800.0,32.0,11.0,27.0,baby
5f92aaf8550e38b93a0e338fb805b3a4,3.0,650.0,33.0,16.0,22.0,baby
f27f59721d5a9cb39432b91f812ee308,1.0,300.0,25.0,8.0,25.0,baby
2e217eb628a12a225a0bfb3fc6512fcd,4.0,7200.0,41.0,38.0,63.0,baby
bb674e06dbfa1c64d429fd65dfc02f87,4.0,2300.0,33.0,48.0,35.0,baby
d55b87646120370b6d1ea88ace0b9e51,2.0,900.0,45.0,6.0,33.0,baby
a31e3a35fb5ac942c137446709379100,6.0,1500.0,46.0,25.0,52.0,baby
417edf1693aef3f86b922c6a1a52daef,3.0,300.0,16.0,8.0,11.0,baby
8ec2a1c69db7506fca148836e2d0a3e0,5.0,2400.0,35.0,10.0,50.0,baby
4cef9b930282f9210124c6b2ee2b945d,1.0,100.0,22.0,23.0,16.0,baby
1fd10191b0bcd5aa4020c0721372510c,2.0,3200.0,55.0,10.0,40.0,baby
46c24b0c339975a99512fd7f9e781063,2.0,400.0,40.0,8.0,26.0,baby
b534af96f1c598768bc7379aca584edd,5.0,1300.0,28.0,13.0,21.0,baby
e10d888b873f7479560f0b2606bf2c02,4.0,600.0,20.0,9.0,14.0,baby
a129c8279ee7fa447a6e8726f619dac7,4.0,28750.0,40.0,62.0,22.0,baby
5fedaa257cce9d3db6da91f9cfd815c1,1.0,342.0,25.0,12.0,21.0,baby
d0f55c5c2132eb126eb5f97f9cf04259,1.0,11850.0,65.0,23.0,50.0,baby
9c5eb07abad39517f560d32066739b5d,1.0,371.0,17.0,17.0,12.0,baby
17b21ab6bf081dfd3491d0e07c56b40b,1.0,800.0,35.0,35.0,35.0,baby
8c73649206e6aa4cb38d6fc019d5f95e,2.0,300.0,30.0,10.0,15.0,baby
55dae7585569be721ef89eba4379e38b,4.0,1200.0,42.0,25.0,15.0,baby
41751736c87d2da5af7c27168bf45a9d,2.0,7950.0,27.0,44.0,40.0,baby
b8985a4d0fd0f1502eec53355f322670,1.0,2100.0,31.0,43.0,21.0,baby
e12f70be6bbe9361e612c973fcf15dcc,4.0,5962.0,35.0,57.0,52.0,baby
7fa3e1a663cc86837564958cf16853b3,2.0,6200.0,75.0,15.0,50.0,baby
0b8d94b0bcf4e22c9bf886c98bb994d3,2.0,13800.0,60.0,32.0,43.0,baby
b6ada73818651fe7e64be10653062ea2,2.0,7900.0,45.0,25.0,45.0,baby
30a47cc354b9607076272300c899dce9,5.0,450.0,26.0,7.0,22.0,baby
3c54d3fdff96e2d3dc2115d08ef858c0,2.0,1200.0,42.0,25.0,15.0,baby
21f1d2b20d4942a15894bd1232b05a5e,3.0,7034.0,55.0,66.0,33.0,baby
c367cd626353eda46b3db64e735c2f6f,1.0,600.0,25.0,5.0,26.0,baby
0c2b45d82e82097170c709f30037dcb7,1.0,600.0,20.0,13.0,13.0,baby
aa0568a1b7093748a1922993f5817983,1.0,200.0,16.0,5.0,15.0,baby
1a28b6d0eb91221f9b752c533f9e0182,3.0,100.0,18.0,9.0,14.0,baby
d31224bf90ec7c6f8967f1f365105a35,2.0,3450.0,30.0,30.0,12.0,baby
7480c9c9deb4613f5a7a4efe0aa1d42d,3.0,250.0,25.0,25.0,25.0,baby
163e6400e6dadd0fe04775c5e9331fda,1.0,500.0,47.0,10.0,36.0,baby
ec9ec25e8e942a90369022c80ec9abe4,1.0,600.0,20.0,13.0,13.0,baby
a5a6a6f715af9f3f16761c445f932103,4.0,700.0,21.0,10.0,15.0,baby
5b71073dc2a8c72a945d7c5000c3c199,1.0,218.0,18.0,19.0,17.0,baby
1d2b1480b69b37d1d9ea481a4ab88fe3,2.0,343.0,21.0,14.0,15.0,baby
dc82d7e8f99966cb4c641f7ea5590eaf,1.0,200.0,30.0,20.0,30.0,baby
050ab8e1f87a468de0eed97451da3efd,1.0,8450.0,76.0,21.0,21.0,baby
18fe664c1fb46f0c237ac8f434697d07,1.0,550.0,26.0,18.0,21.0,baby
259a24ea2a742082c43dd2f5ce116b52,1.0,1454.0,24.0,22.0,20.0,baby
84a87daa85c8b432d90bc1baa0cb4388,3.0,700.0,21.0,10.0,15.0,baby
230518381a40a558cfbd1a9d0b73daa2,1.0,400.0,23.0,4.0,23.0,baby
a741ba9d329996cf515841327718913d,5.0,188.0,20.0,6.0,13.0,baby
c36140521283624c2368a1f6c2fec1ab,4.0,1300.0,42.0,25.0,15.0,baby
86b7407656326df779576645e8e4531d,1.0,200.0,30.0,9.0,30.0,baby
81677c98b443baa033a7fc18b862cea6,2.0,266.0,23.0,14.0,20.0,baby
e8c96af1d3fb65e0f0e8a0c8a707b0a1,1.0,250.0,30.0,20.0,30.0,baby
0df95ac688e582eb91f23b4b3ffe7ee8,1.0,2200.0,40.0,35.0,20.0,baby
58df80b6468d09d24264a3cbb890c9d0,1.0,600.0,28.0,4.0,37.0,baby
90c6d279023ee6c3b1f494883e90b6a8,1.0,6950.0,41.0,40.0,40.0,baby
bf128b5dced56e2ec0391179eb70443d,4.0,2300.0,24.0,26.0,36.0,baby
4bffe7ecb920bd4c858f48e9da04dd89,4.0,380.0,18.0,26.0,18.0,baby
34aca5f4e567c3b675a3e43a17e0b0e5,2.0,13450.0,60.0,32.0,42.0,baby
24733e805ef8654c136808e550e87626,1.0,172.0,19.0,7.0,13.0,baby
abc441040d9aaf2e1ad52c2309873c04,1.0,400.0,20.0,10.0,17.0,baby
30e2b9deadd5211496426065065c71a7,1.0,1500.0,42.0,7.0,31.0,baby
8fb53b50707bbdc789037c2c9500ec4e,1.0,100.0,42.0,25.0,15.0,baby
fa14bd9c7f14dcb70cde3d73a1dff285,4.0,1150.0,42.0,25.0,15.0,baby
bb7181410b4e02f93f3697f765db53c7,1.0,14950.0,77.0,20.0,53.0,baby
234495ab7809d4517bc1330c439da1bb,19.0,8900.0,32.0,49.0,34.0,baby
8158477dcd2a668fb6faf6aa4131b0f4,4.0,600.0,26.0,22.0,14.0,baby
8481795a5de647a07c409db1c62ba551,3.0,6350.0,47.0,24.0,33.0,baby
1ba4e3fe92f16fd5a8942f7b7d804b52,2.0,8500.0,45.0,25.0,45.0,baby
60f61a8c9946c02343e43b76bd909a86,1.0,11750.0,70.0,22.0,50.0,baby
3344f3ccc35b04b81d8cc2aefabcbcdd,2.0,7700.0,63.0,47.0,18.0,baby
948bd3e9180acc7aa263ae14a2075717,1.0,300.0,20.0,5.0,11.0,baby
3f7e7c162952dff0662dcc6186d82a57,2.0,2000.0,50.0,25.0,40.0,baby
c55c23548ed13b6e14bb2e516180f83c,2.0,250.0,70.0,5.0,35.0,baby
cfd6c873a8d86ecd3a2cc3b96fc63729,1.0,13450.0,60.0,32.0,42.0,baby
a3e8b232951525e76e82577bd3729173,2.0,500.0,36.0,7.0,25.0,baby
9523f1a3e7db9e38d55379435bd450c9,10.0,10400.0,33.0,30.0,44.0,baby
2dc2efef0bbccb4ea53e2a21cdd52dc7,4.0,5650.0,60.0,20.0,50.0,baby
b56ff361e0733eebc1d010432936b706,3.0,200.0,70.0,15.0,50.0,baby
394022f6655a84ccaf2e13389a8ec779,1.0,10745.0,47.0,58.0,43.0,baby
7d88ffedac5a08939ab9b5fbbc6b61ba,4.0,1000.0,25.0,10.0,30.0,baby
2b104f2d1b2c3cc5a0cc98c1212e29c9,1.0,345.0,31.0,8.0,12.0,baby
484970ea2647dc058e9c81ca31e65ce9,1.0,500.0,28.0,10.0,25.0,baby
1e1a186a03f0d98268516827690d4fd2,4.0,575.0,16.0,18.0,17.0,baby
b43ceb87eafb3eb7ceab88d9dd8645af,1.0,350.0,27.0,35.0,32.0,baby
ca4b7ea1410f94107b9c97b09a6d4182,6.0,450.0,26.0,7.0,22.0,baby
fb988b242cef4ef4694a39fd9eed5e46,3.0,1100.0,30.0,30.0,30.0,baby
442cec8fcec2cb2c32671cd0dfb02971,1.0,12733.0,36.0,61.0,36.0,baby
9361d7d8750b24496371f42a056065b5,2.0,3000.0,37.0,20.0,43.0,baby
1f851a7f6257c8bfa62e1853e4b6bf63,1.0,3117.0,37.0,31.0,43.0,baby
9df2b21ec85378d71df4404712e17478,2.0,750.0,21.0,23.0,35.0,baby
6a83f2e07c29ded9b8734d14a7d93c8b,3.0,1500.0,42.0,25.0,15.0,baby
f8151230cb18f55f6155136134adc842,4.0,400.0,29.0,36.0,15.0,baby
63649d34b09e8bbcc41a6e770d9be55d,1.0,7350.0,40.0,25.0,30.0,baby
dbfa741e0e5dfae13c9f023d8b8cbd96,2.0,5400.0,25.0,45.0,45.0,baby
5640c59a8f6a08b3758272590693eec3,1.0,17600.0,65.0,36.0,45.0,baby
6711372a1a1512247ae964b1e36525d6,1.0,8250.0,44.0,32.0,35.0,baby
d4b65aedaa1a847abd993dced5ed2e30,2.0,500.0,25.0,9.0,18.0,baby
014a8a503291921f7b004a5215bb3c36,4.0,150.0,16.0,7.0,11.0,baby
8a8f06e954adeacfeb28b9af2efdc354,2.0,14150.0,52.0,63.0,31.0,baby
7b024909c999cdbddc27bcd2a1eaf889,3.0,9800.0,65.0,60.0,15.0,baby
9cc0259ca653fa86df45978b3791b155,3.0,6300.0,60.0,20.0,50.0,baby
54fe74dbe5e746273980739ad1d24c7d,1.0,16550.0,72.0,25.0,55.0,baby
c319f453652bff80bc8f9f71d87e56c1,6.0,260.0,24.0,19.0,20.0,baby
458ae769e3911daa7d7e44ee726c7e78,4.0,300.0,20.0,20.0,11.0,baby
4abef02c9dfc89006cb3d501d1f291c1,1.0,250.0,16.0,6.0,13.0,baby
b8ce63487e1d8881dac505b123c8e9b6,5.0,1250.0,60.0,20.0,50.0,baby
9dec5fc311dd0fb270109e8942847b50,1.0,500.0,60.0,3.0,24.0,baby
4a68f101bf6034b9fe2c78dc988c5a74,1.0,1900.0,30.0,15.0,30.0,baby
c4ff5e26b621356e9aa18a92f3743d55,1.0,350.0,23.0,4.0,23.0,baby
1ad110eaab5105bf841dc2b8985190e5,1.0,600.0,26.0,23.0,11.0,baby
6add38331c35760122f176049d851692,1.0,200.0,17.0,27.0,18.0,baby
0f2720a22895fc23480cb778e022a50d,1.0,16300.0,44.0,70.0,32.0,baby
b71c0cacf053d9d8f92eb5965d8bd00c,2.0,300.0,31.0,10.0,11.0,baby
7d9269aa5c0aedb407d9be64512722be,6.0,22200.0,79.0,23.0,52.0,baby
b31c642959824fe2c1588ef5945d27f6,4.0,14267.0,43.0,83.0,43.0,baby
ef9ac8a095abb122d1f1314abc153e2c,4.0,900.0,18.0,32.0,18.0,baby
4dab5b862124c607243bbaebd2684bcd,6.0,150.0,20.0,4.0,15.0,baby
ee80ea0c69b045dea85bfb8efed4bfac,1.0,1900.0,40.0,15.0,40.0,baby
aaf821b2000c1b2e28a531d97c405c58,6.0,200.0,29.0,7.0,16.0,baby
bf53d80c6cb1cbf63ba17e2175d521a5,2.0,600.0,30.0,40.0,50.0,baby
cfe6e9c01d0bbb5df9a75f0e3286baa9,2.0,1200.0,75.0,15.0,50.0,baby
9d6e01d4baea7a847db8d67e24e093bf,5.0,13150.0,76.0,14.0,56.0,baby
3898ab895c82d9286015bde372510180,3.0,300.0,40.0,12.0,12.0,baby
d1314aa640f46cc0302ec32290782b7b,3.0,50.0,31.0,2.0,27.0,baby
0cf41187284d7f099adc8415a743ebbd,1.0,300.0,16.0,16.0,16.0,baby
242ec3ff603c92ddc1e59d83b9e40a2d,1.0,200.0,16.0,5.0,15.0,baby
eba9bf6c14ca3ce171d097e358b12973,1.0,700.0,50.0,30.0,40.0,baby
25640ad1216178967884d69ebe5140cc,1.0,1600.0,60.0,35.0,35.0,baby
15f4e7802068bb117c1e6c0ad3edfefd,3.0,900.0,42.0,25.0,15.0,baby
581de99ffa609d5f7b841f0d81df3f2f,1.0,13800.0,60.0,32.0,42.0,baby
f15001dbfd82abd749d8a0b104c367ed,1.0,200.0,30.0,5.0,20.0,baby
239fc6f74c8f9263806917542ed7b358,1.0,800.0,39.0,16.0,40.0,baby
6c57343a58d1c23d629297d23018803b,3.0,201.0,25.0,8.0,18.0,baby
7811ef9c6eed5bb33c3c6f9de751642f,1.0,100.0,16.0,5.0,16.0,baby
eab1b8d063b0a7e6a728e68b09a93bfa,1.0,1750.0,32.0,30.0,30.0,baby
b912235c9a11d06ac8d3f97b2538aee2,1.0,14200.0,60.0,33.0,43.0,baby
58a9a9ea7bfb22cc75cbf4439a8c3627,1.0,350.0,28.0,21.0,12.0,baby
9cb2acda8c8e56e0519fa6c974c1dc4b,1.0,650.0,36.0,15.0,25.0,baby
cf857bce01d442bb8631a548a4432def,4.0,1533.0,39.0,13.0,32.0,baby
c91906227d5fd5c07a47510e1651e46c,1.0,13250.0,62.0,47.0,32.0,baby
46f7a6907223a9ba5e9ecc22ff29301d,1.0,2750.0,16.0,2.0,11.0,baby
d93d7e81a8d724c4ef661e75647cf325,1.0,1600.0,25.0,9.0,18.0,baby
02b750ee6f6f12a23c311b775ee4427a,3.0,700.0,50.0,5.0,40.0,baby
ce46f159003ee26ba91162851c94d82c,1.0,128.0,20.0,23.0,17.0,baby
7ff723bcd6aafa0ba68c45f550e7dc0b,3.0,1100.0,42.0,25.0,15.0,baby
d25d19ee224b456067a715cc5903740e,3.0,1150.0,27.0,6.0,26.0,baby
179d54e1466a2c4b64be3b7e4ca17e31,1.0,100.0,16.0,5.0,16.0,baby
29e690f79f608a27a9a02dbf5c3c0c93,1.0,3200.0,31.0,43.0,21.0,baby
251876e7ba013b87b7262fb2524e2d60,2.0,1720.0,33.0,36.0,27.0,baby
103aed057190376889bc9e796affa24e,4.0,332.0,16.0,16.0,15.0,baby
e7db7c40ea6647c808d48581f1308d88,2.0,9400.0,75.0,15.0,50.0,baby
bc137217dc0cb0559a1f46e0500f50b6,2.0,300.0,30.0,8.0,12.0,baby
304a449e8addc14739c68d806a6d0a77,4.0,26250.0,50.0,40.0,60.0,baby
1c63d0a4d75df524d4605a43285925d7,3.0,668.0,21.0,25.0,21.0,baby
d37c472122b18add1612235b8d907eb8,1.0,500.0,21.0,4.0,26.0,baby
1fa4a6c717a31a25a59f6c5ebdf975cc,1.0,20900.0,65.0,35.0,55.0,baby
e3d2dbfda8903ca3c230a480b75dc0f3,1.0,500.0,18.0,80.0,15.0,baby
617f3626c1224c1c2afc6c9a4cecfcb1,2.0,20850.0,65.0,37.0,52.0,baby
fda130b26c5b4ddabb0cec19a06abff7,5.0,3700.0,40.0,24.0,28.0,baby
fabfaca40872eacb2fdd24bc37a01232,1.0,19700.0,81.0,24.0,50.0,baby
065bb8f275e61de958ffcaf0eebb1791,6.0,200.0,29.0,7.0,16.0,baby
6f59fe49d85eb1353b826d6b5a55e753,1.0,14300.0,41.0,40.0,40.0,baby
8435e69e8ca35cc17d3471e240ea0d44,1.0,3400.0,79.0,11.0,55.0,baby
b807683e40e7ea6ec8d74d34f2e02247,6.0,6300.0,50.0,25.0,30.0,baby
4eff4dd8918d15c9a308a9645d353807,1.0,600.0,20.0,13.0,13.0,baby
897238958781769d5c277043c154a3df,2.0,450.0,20.0,12.0,20.0,baby
660b5f38348490e8e14f63deb7389bf2,1.0,990.0,29.0,19.0,25.0,baby
5fabb51e7d99bb9d824b30a637c36595,3.0,1200.0,42.0,25.0,15.0,baby
2c14830d33060649974768f49b7abd89,3.0,1100.0,42.0,25.0,15.0,baby
37a0aa952d52e1141cd6e9b489a82f4e,5.0,400.0,29.0,36.0,15.0,baby
8dcfa66b623ac8be55e9b005121f3ef4,1.0,1000.0,28.0,21.0,33.0,baby
57552a168008a60472e3e6bb351422e7,2.0,300.0,59.0,8.0,36.0,baby
7fc9ddb575be2fd4783d8a2207f664b0,1.0,888.0,38.0,23.0,29.0,baby
8db7c6497625f4f17d770bd01912cbe8,1.0,150.0,20.0,13.0,20.0,baby
4baf15e171b06455c5cd23453db0cab3,2.0,155.0,18.0,14.0,21.0,baby
86a79a785b65ce2e2d8f0d66e329d516,1.0,357.0,23.0,23.0,30.0,baby
ac521e68c0341f41844e953ca1659a9e,1.0,400.0,24.0,9.0,14.0,baby
2f49b62fc8f8d52f9c98b8e0e79457d2,3.0,13550.0,28.0,69.0,42.0,baby
7d6508bd347b92e9c5db311f052c525a,2.0,2150.0,16.0,2.0,11.0,baby
3bf486d35e1a39e53cffdbb457ba4c50,1.0,7650.0,40.0,20.0,30.0,baby
281bbfe70848e0b304bef88fc2caf2c3,1.0,600.0,20.0,13.0,20.0,baby
dc1ef651c56d45937bd23d0166a66296,1.0,1400.0,44.0,6.0,36.0,baby
8ef8561be5799da29925c5baaf083a13,5.0,1400.0,26.0,25.0,25.0,baby
35bd74b6319ba18ae4f30d8b54144fd2,1.0,200.0,30.0,20.0,30.0,baby
6e8d2a5a16437217f5ad2706ce6550b3,6.0,700.0,21.0,9.0,15.0,baby
c195c665e137c09bc7dbffdaeaedb67b,1.0,6700.0,36.0,31.0,36.0,baby
eaa4d384d4ee72d1f182df35dfb0ecef,3.0,350.0,45.0,4.0,35.0,baby
05eee88d9d208fa34d4246aae4025381,5.0,600.0,16.0,2.0,11.0,baby
cafd558df4c3c9d1c338ba6930ea9a62,1.0,16450.0,44.0,70.0,32.0,baby
e93009b6d983b9f87a984b7fc9e67240,2.0,300.0,25.0,20.0,20.0,baby
0d2f2dd7132f16be810fcf84fde2d1ae,3.0,1350.0,42.0,25.0,15.0,baby
aca221fdd447718a25717709baf4af51,1.0,550.0,20.0,13.0,13.0,baby
773fc6de13d1f04a533ab4186b52420a,3.0,1550.0,42.0,30.0,37.0,baby
21e288a2a0d211749ff4b8f475b48557,2.0,2600.0,56.0,11.0,41.0,baby
9798bc8585b031f32f0ba287ad22f334,2.0,2392.0,41.0,20.0,40.0,baby
ca8e5c072fc65b2d6bbab6ca4c0812db,5.0,450.0,32.0,11.0,32.0,baby
011377a7487fef47fc9e73fa5f7322a6,1.0,1875.0,29.0,22.0,26.0,baby
acc78c9d340dbe682491c9d31ea7e187,1.0,450.0,20.0,15.0,25.0,baby
30b6868bde148b4c71716da3f1cdd9e3,4.0,600.0,20.0,8.0,14.0,baby
86da2c247cca57fe5928cc175e2a65e3,1.0,8500.0,30.0,64.0,20.0,baby
a54ab3c55cdb34ad7006d087ff4b6a9c,1.0,300.0,30.0,6.0,20.0,baby
b042c934bd8f4316e7b38633aa14266b,2.0,9400.0,75.0,15.0,50.0,baby
59a6f4180469806670de7814d503202e,5.0,800.0,21.0,9.0,15.0,baby
ce7e83b77ac0130534e014f2b334574f,1.0,13050.0,65.0,30.0,40.0,baby
5f698c146787891b6b3023648609ea2e,1.0,400.0,16.0,16.0,15.0,baby
1938ab47ef011dae9e4ced458166432e,2.0,3500.0,31.0,43.0,21.0,baby
811c8bc1ddef7440e27dfb8cb536f334,1.0,21400.0,38.0,47.0,44.0,baby
c52769706c077512263324f7f6bc0d11,3.0,700.0,20.0,20.0,20.0,baby
348209d205939d7ee8112be3ef9a2002,1.0,4970.0,53.0,31.0,32.0,baby
eb15361fe97df32845dd225073d56db3,1.0,500.0,33.0,8.0,31.0,baby
e8fc96704cf9c7c35ded1227ce7fc83c,2.0,1150.0,36.0,16.0,24.0,baby
8c1167a112724e01fae2f8cb6e936bda,1.0,1300.0,30.0,10.0,28.0,baby
859c4a81490e9402bac13f62672482d1,2.0,500.0,20.0,20.0,20.0,baby
db0b761c0a07642146c6df824bb8789a,1.0,300.0,20.0,16.0,20.0,baby
d812b354e25b2bd51eccbb4c4e8f05f1,2.0,1050.0,70.0,10.0,40.0,baby
b943428b30217b1cc766b75de5c4f691,2.0,200.0,35.0,8.0,30.0,baby
53a72a0b6feec4a5cb40c5c79374b471,1.0,3200.0,19.0,35.0,31.0,baby
5418df20cd587e12212d54c1d5d990fb,2.0,1050.0,70.0,10.0,40.0,baby
87e0a0706a9ccbdd1784f76e01b40176,3.0,3967.0,45.0,39.0,32.0,baby
39e09cc90decacc7e5ab1a15fea86f56,1.0,450.0,35.0,2.0,25.0,baby
62c60792ce6e5bc866f3de3906beace9,2.0,650.0,27.0,25.0,22.0,baby
3b213ba02fcd0799a85c9c3580a3033d,1.0,350.0,20.0,16.0,25.0,baby
ccacefe78ca651093756adf7521f5832,1.0,750.0,18.0,20.0,20.0,baby
c8078bb7927143cdb008e3563230ca61,4.0,250.0,65.0,11.0,11.0,baby
87d87bc896790e32575a4a78c8ccb983,2.0,300.0,21.0,8.0,16.0,baby
a4a04b698e98a60246c2ecdbe629c447,1.0,1100.0,26.0,22.0,13.0,baby
b02d334af22793873b82e5f53d119df8,4.0,400.0,65.0,8.0,13.0,baby
a68149d568e07ca72477faf0b10906e1,2.0,2804.0,31.0,38.0,22.0,baby
b224eb3c154415f1a25f604619f48b77,1.0,17200.0,65.0,36.0,45.0,baby
01c3486b189d16ad1b35270d5881e5a4,3.0,9750.0,38.0,38.0,35.0,baby
4c3ae5db49258df0784827bdacf3b396,1.0,100.0,16.0,5.0,16.0,baby
235e0d56841710b62daf088840a96ba8,2.0,7050.0,75.0,15.0,50.0,baby
560ed840b584c6aef5c8959366dfd41e,2.0,12750.0,38.0,47.0,44.0,baby
a213969f10be36f5ef5717a3c2c27952,4.0,11100.0,79.0,23.0,23.0,baby
0878b8484ae10e2ef355fac0690fabe7,2.0,8050.0,75.0,15.0,50.0,baby
c846242ebe2b7232417dcb7770622fd3,1.0,350.0,30.0,20.0,12.0,baby
bd158bef6c521e26c8af76664c4d167d,1.0,250.0,16.0,15.0,15.0,baby
bc596794d92f7b9959fe0e7430354b52,6.0,2000.0,35.0,10.0,50.0,baby
24bc22853c82023ea47f960c910aff6a,1.0,300.0,60.0,3.0,24.0,baby
d3648df999a7213c708253a32f095b53,1.0,600.0,20.0,13.0,13.0,baby
cb5f0bd874f7d1ffc270139294225462,3.0,550.0,23.0,33.0,20.0,baby
25c38557cf793876c5abdd5931f922db,5.0,15800.0,38.0,62.0,57.0,baby
740c0ddee707e6ed16e436d2358f5860,3.0,8250.0,44.0,32.0,35.0,baby
50c903691960bdd77acb82418a4445ec,3.0,200.0,16.0,11.0,11.0,baby
e4a559e4d11658f9979148efee14c535,2.0,200.0,20.0,10.0,15.0,baby
62084031a76caa648aeed58ef2fcfbff,3.0,7767.0,38.0,34.0,39.0,baby
621825925438424fa89b11502fe477cc,1.0,200.0,33.0,6.0,12.0,baby
4b04a764c875af7101955fbcd3989b7e,10.0,8150.0,39.0,20.0,46.0,baby
14ad6805c263d8d758d648f46a06570e,1.0,350.0,18.0,14.0,18.0,baby
61bd46a698da866fe12ac56c1eaa1b09,3.0,2250.0,42.0,25.0,15.0,baby
49eeb31f95c522d5db1c2d6044c23c46,1.0,350.0,20.0,5.0,11.0,baby
db9f62e6fb453028d58b26fa46c56d31,1.0,100.0,20.0,6.0,15.0,baby
84ed1f4e3c539f01fb07c3ebf73c31e0,2.0,1100.0,16.0,36.0,34.0,baby
e7fc1ef546b0bee1bc3855405eee65ea,2.0,250.0,23.0,11.0,17.0,baby
b188dcf56044f0301917cd129630fd14,4.0,5300.0,40.0,10.0,40.0,baby
08c3e65af1719834cab72d27dc6b506b,2.0,10600.0,32.0,44.0,70.0,baby
b8fbd66f1621afeb9c510b4b9705a5b9,3.0,1500.0,42.0,22.0,37.0,baby
64c8a86009dbb2a079c083b315733c49,1.0,900.0,40.0,20.0,35.0,baby
d1200350f8bc6cb9912779929193c5a0,6.0,13575.0,73.0,83.0,40.0,baby
af322f53ac46d23069c8ce5a98632cd7,6.0,200.0,29.0,7.0,16.0,baby
5b4b1b784b2ba10717ef4a338809f776,1.0,200.0,16.0,22.0,16.0,baby
ac946196783ec18b207ead8a00d3f5c4,3.0,167.0,21.0,15.0,15.0,baby
f282b8032570cf3ce692b8ea7e1b6c53,2.0,8350.0,44.0,32.0,35.0,baby
9fcd84cb1ac702e68624e3df2f1a4d46,1.0,550.0,17.0,6.0,12.0,baby
b03d643b91ddef4385e8124891b237eb,3.0,1850.0,36.0,31.0,19.0,baby
ae7893ab2f9eec6630b5098e6362adc2,2.0,5600.0,25.0,37.0,36.0,baby
906d93d08e875d127239f1fcb1561500,4.0,984.0,49.0,28.0,18.0,baby
5209af441a6c230d27624237dad53da9,2.0,3000.0,69.0,11.0,11.0,baby
04329467c8ed269551b5d85dd137eeef,3.0,1550.0,42.0,25.0,15.0,baby
6bead7484a4589fd6458ac4a328a7a4a,3.0,200.0,25.0,8.0,18.0,baby
2ba5ea51230217603c8a13fc5dc24e88,1.0,700.0,46.0,7.0,28.0,baby
55120e3bae86e4dd5f803655a784e9c6,5.0,290.0,21.0,13.0,18.0,baby
4e127b9ccb6eb1d65aee38a24803b2ab,1.0,900.0,40.0,13.0,23.0,baby
0182db9fc95fd36e324e8a4c40c0819a,2.0,2400.0,35.0,10.0,30.0,baby
719ab2468451d8cd11c7af7d921b436c,1.0,800.0,37.0,24.0,30.0,baby
2d2600c283c0c1af0528fd84c14a2c28,2.0,4117.0,60.0,15.0,49.0,baby
84b28e3bb08a928eb998111b29adf0fe,1.0,14450.0,61.0,33.0,43.0,baby
2f26beac326b9a10741b8c59f00a59ab,1.0,11767.0,102.0,48.0,12.0,baby
b0c47ddf0194c9903eef0de06072e058,1.0,2200.0,33.0,8.0,51.0,baby
bf44071ef18f5c9ded039681c68b1996,2.0,6050.0,45.0,25.0,45.0,baby
990d135e28e075648cb7d83198fdccf4,1.0,340.0,19.0,22.0,17.0,baby
5d6d8d46af864e4241365a5cd4980a53,1.0,7500.0,20.0,30.0,82.0,baby
4b23856b5ce1e62e9c09c7b952cfd9cf,4.0,20700.0,60.0,43.0,48.0,baby
165deaf73f29fe5f4e6c607b40d93d26,3.0,2050.0,42.0,25.0,15.0,baby
4275f85d0173354d8ca336b70a87aa6a,1.0,6950.0,50.0,25.0,55.0,baby
e2d0024603f9c0d4c42064b804bb2215,2.0,400.0,20.0,20.0,20.0,baby
1219ebeab3a90333cfc5bbf44f846398,3.0,600.0,23.0,33.0,11.0,baby
f13628923537912e1cce9e6c00d9f4df,2.0,600.0,20.0,30.0,30.0,baby
e1bf73a530f7e6ea9df12e1238ab7600,3.0,400.0,29.0,7.0,16.0,baby
23e8820ae7d5a7aee1299a1923876b78,1.0,500.0,99.0,3.0,65.0,baby
dc1b575cdc26817d8826b684dec47b7c,1.0,500.0,33.0,18.0,26.0,baby
7c3dfe73f41e5b101e66e11649f5be2d,1.0,465.0,19.0,20.0,29.0,baby
af4e4eefc358246062956d3d2930e6f8,2.0,985.0,28.0,30.0,27.0,baby
ae8791241ec7e06bf34c6f00cf9e0501,2.0,470.0,20.0,25.0,25.0,baby
f306d4917efd6c5a46bbb72b640313da,3.0,425.0,25.0,19.0,17.0,baby
02ca198b1084a6d8ed9e152d84243bfb,3.0,2650.0,16.0,24.0,24.0,baby
d87815e398ce1204e5981c427c03291f,2.0,200.0,20.0,6.0,15.0,baby
0b08fa55464e4e455c2911a1e49fbc73,1.0,400.0,25.0,25.0,25.0,baby
ce5960e28657158637346e434013071c,4.0,10950.0,60.0,27.0,40.0,baby
a2ec7257cc4a4e2f3a02e93ef01412bf,2.0,300.0,20.0,6.0,15.0,baby
3e8a0f0a4389aa563b110eab167d99d4,4.0,1400.0,28.0,13.0,21.0,baby
bb936e22237d5ec143263050cd705132,2.0,700.0,59.0,27.0,11.0,baby
10f75f0d9616ccb68feb85e06535efcb,1.0,1350.0,44.0,6.0,36.0,baby
43d2e0df7224cb1c252c23cf36d597ad,2.0,1150.0,70.0,10.0,40.0,baby
b865aecbf934fe78d172e5a0f7a73ec0,3.0,400.0,16.0,20.0,16.0,baby
ebfac003d90a5ca445e217728f4f3755,2.0,1200.0,45.0,11.0,40.0,baby
ba5e8c3caf51c548e15ac48cd838fc5c,1.0,3050.0,40.0,15.0,30.0,baby
0a5a41c678bcf81e041826bb24eb0b01,1.0,750.0,20.0,13.0,13.0,baby
4cfb235f669979ac1f6a7f9705c1ee81,1.0,3013.0,40.0,21.0,40.0,baby
d321d5e90b24cba895f0564fc3e15a84,4.0,650.0,21.0,10.0,15.0,baby
6a44ee1c36f8caabe9f6ab3179b11b2f,1.0,1450.0,38.0,8.0,29.0,baby
a6be3b3eaae040735e86e4376ea77515,2.0,13400.0,55.0,30.0,55.0,baby
0193fc18d9a6e9b9b0b3a41768fefa12,6.0,500.0,39.0,6.0,27.0,baby
d69408a3490a22fb1da73f2a6232b8db,1.0,300.0,30.0,30.0,12.0,baby
0b5b70d1e74c4539deb5a21edb179d9f,4.0,2000.0,33.0,44.0,19.0,baby
81e7937893af4703d4d14ca3e3765b59,1.0,500.0,30.0,6.0,23.0,baby
310806337e8a62be35203aa25d302b08,2.0,30000.0,55.0,67.0,46.0,baby
5296c5bfef0fca38d0572263011f6e35,1.0,343.0,14.0,12.0,16.0,baby
b16181c428284d2f1acc73b443bd5f9c,4.0,200.0,16.0,14.0,11.0,baby
fcbb2b8c6eb8c27d15790d9834b253b4,2.0,350.0,69.0,11.0,11.0,baby
cac9e5692471a0700418aa3400b9b2b1,1.0,375.0,29.0,14.0,20.0,baby
c616bd7e2474cc223adbbb959076439d,1.0,3550.0,40.0,10.0,40.0,baby
3d3204ab08bb14fe5114502ad7809384,1.0,900.0,32.0,32.0,15.0,baby
4aaf2a3c07e710f592c5015ce8dc7547,6.0,200.0,29.0,7.0,16.0,baby
2be42830d259637be25f3290e0495f5d,2.0,3300.0,78.0,11.0,55.0,baby
c8d2e12c199ab80f26267b6176208ba9,4.0,1300.0,40.0,25.0,30.0,baby
10dae91e0aba95747e90280edeffe883,3.0,100.0,17.0,6.0,11.0,baby
3ce21e38e6a3060c20f4e74bdab770c8,4.0,5508.0,62.0,43.0,56.0,baby
e17e3bca5027b6a1ecb3455d503f4517,2.0,200.0,30.0,4.0,20.0,baby
fa0f67a3f3863f19d435a00ecf0460d9,2.0,150.0,20.0,6.0,15.0,baby
9ecb6a6e5d07b5d879c67bdc20977bd8,2.0,500.0,30.0,5.0,30.0,baby
853cabeecd89a8fa18c5ead33e4b7cdb,2.0,150.0,20.0,6.0,15.0,baby
7833fb4b2feb3e20e17156f38f042182,2.0,700.0,16.0,24.0,35.0,baby
b35c8479840135aa13a0f2d6aa8b7f38,4.0,6400.0,47.0,24.0,33.0,baby
8cbc8c6a8696b2ff8e6999b709b3d068,2.0,1225.0,22.0,31.0,30.0,baby
4466f429e81266e99d1935267aa13329,2.0,450.0,43.0,6.0,30.0,baby
065ced48dd97c1b3322fab19e5844542,1.0,450.0,20.0,15.0,15.0,baby
c904e2f76d44b7aed8979dd9f63f621f,4.0,600.0,24.0,13.0,18.0,baby
7166c23218346e0375296e25b13af9e2,2.0,500.0,20.0,15.0,15.0,baby
acdaf46074ae1723068d6b19e559a5f7,1.0,950.0,99.0,5.0,47.0,baby
86affbe24eda560b9bba0e36f87bdbfe,1.0,3974.0,35.0,37.0,22.0,baby
9aa27aaecd804beb57af8e700fd6e681,1.0,250.0,23.0,5.0,38.0,baby
afb2faf85bb85d4a5c466c8b7258f5ab,1.0,9400.0,75.0,15.0,50.0,baby
4a8c87facc0a20b726d5e1112ff3069f,4.0,1000.0,40.0,30.0,30.0,baby
65aada843fe9bd51339f00c569d7eddc,3.0,50.0,31.0,2.0,28.0,baby
78ae9099d0b8c74be6cb8deb9bd84f8a,1.0,850.0,36.0,4.0,29.0,baby
8232a265a535c1f886b38335667be2a5,10.0,800.0,30.0,20.0,40.0,baby
1046440f587e8b22c047de8ab39095dc,4.0,650.0,38.0,15.0,43.0,baby
189f163ac190749c553a4835c22aa3a8,2.0,257.0,44.0,12.0,24.0,baby
657aa59c6c58816ddc4f86c51a2759c9,2.0,1550.0,37.0,35.0,32.0,baby
bee760e5d1648771c6923cc199b11ba8,1.0,200.0,16.0,5.0,20.0,baby
7af541d714ea3db608971a40b8f507cb,2.0,12000.0,65.0,44.0,25.0,baby
ef4ed7b0ea758f6fb2866ce40f7ac1c7,4.0,11763.0,41.0,55.0,35.0,baby
26c6145c9687019a428467c8852ae36b,3.0,350.0,60.0,2.0,20.0,baby
23601216d4de33d54c6801f27dc59357,2.0,9400.0,75.0,15.0,50.0,baby
b0158470e56400701f25e14c9cd4a33b,4.0,1400.0,42.0,25.0,15.0,baby
66421745b3128972e1b0dcb3123e8c1d,2.0,8800.0,45.0,25.0,45.0,baby
a2fcd6a1cb3f947073525d217a5f82f8,2.0,100.0,22.0,23.0,16.0,baby
34b61264ecf24043cc09e6f4dbf6c0f4,2.0,9133.0,48.0,35.0,64.0,baby
bd7836d8c8cfe05d89e7343cf415eb5c,1.0,250.0,18.0,8.0,24.0,baby
a40c0442083c894a5cea0af7b2402980,2.0,325.0,20.0,12.0,18.0,baby
2a556bc42ff4e86b3a1bb84ce6bdceee,1.0,100.0,22.0,23.0,16.0,baby
22d65c4f3ab25834df12163a3403da32,1.0,1000.0,42.0,25.0,15.0,baby
3a1855685a49813f60e6193864f7215e,10.0,11450.0,57.0,78.0,44.0,baby
8c8d924b1b31192b10a89b46702cd501,2.0,767.0,30.0,29.0,25.0,baby
0f2c1048222e26ef6d48bed2dc676a9b,2.0,450.0,17.0,22.0,40.0,baby
ab3d3ea8ca19c82c390aef30a8ac4ff1,1.0,500.0,46.0,10.0,40.0,baby
e0f55a53bebaae74a51a8fb9639681d6,1.0,75.0,20.0,15.0,16.0,baby
e50d5ff1ca7c56933a6f35de967fd2e1,2.0,200.0,16.0,22.0,17.0,baby
8767530c2985b63e4fbb351b1c0f33b0,3.0,700.0,20.0,9.0,14.0,baby
8c81b8075a4b824afebae3dc276889eb,1.0,2197.0,37.0,28.0,30.0,baby
cde89c19bf58d71bc836b1495a5ff123,1.0,550.0,99.0,3.0,65.0,baby
7bf4429ac0d45873f7ec59b55b55031e,3.0,15750.0,79.0,23.0,52.0,baby
2b703ec635a9868dc7da64dda15cd828,3.0,1150.0,60.0,15.0,40.0,baby
867b820367ec206b38a357f2c12454b7,3.0,200.0,38.0,8.0,38.0,baby
dc6217e7f9d8c15039ca95b702ce7e02,1.0,400.0,55.0,12.0,40.0,baby
3e950ea3b6588d905f238bbce27b061e,3.0,400.0,17.0,17.0,19.0,baby
3fa28edcc7cdfb0ba1d56e70e30ed893,2.0,10000.0,16.0,61.0,51.0,baby
b4bbe69ef82d98f932d5c94987c42938,2.0,517.0,19.0,18.0,18.0,baby
cd974e9271f5d14639a1af02929a8be2,2.0,1200.0,25.0,9.0,18.0,baby
b556497a60ced8b40679401ea55d5076,1.0,200.0,33.0,6.0,12.0,baby
49898603599da69a7ec746e336c2b4d1,3.0,850.0,30.0,10.0,30.0,baby
128a2cac61ae71d08f8e2c55c74d7936,3.0,175.0,21.0,12.0,21.0,baby
498297b9721ee352dc65a4df65688433,1.0,500.0,34.0,2.0,24.0,baby
d934b48db429df3e1f8af7e7368489ee,2.0,500.0,28.0,10.0,32.0,baby
502ed403f8e1f7d179ba2f64172af3e9,2.0,9400.0,75.0,15.0,50.0,baby
cda8b19a05af621d957a97a979b6fa9a,6.0,16333.0,56.0,48.0,38.0,baby
a7b3741264beebf83457d10dea3b34ca,1.0,850.0,36.0,15.0,25.0,baby
48a4f38486c6f54c1bc2614e75aaaff2,1.0,1550.0,38.0,8.0,29.0,baby
a3e4a417e7dab3de222f227781c2c291,4.0,10700.0,35.0,57.0,52.0,baby
54904bdd42a096ba337670dcc1b68a95,1.0,2133.0,46.0,42.0,13.0,baby
df942d2cddab43f5f5f2869bdf30d924,1.0,1900.0,38.0,10.0,34.0,baby
5a21af3df2589bc171197d1e388dd1e1,6.0,900.0,24.0,34.0,24.0,baby
e58dd19f3b501da6507886db681873ff,1.0,17050.0,65.0,88.0,20.0,baby
af2d506fb01b724e03591349ad36b67e,2.0,600.0,20.0,13.0,13.0,baby
f11c4213fbb2d511dc25037a3c31117b,1.0,14000.0,62.0,47.0,32.0,baby
3af242f6518c23ebab15619fdc356e43,1.0,2478.0,40.0,21.0,40.0,baby
c8cfa622661e047ea2499f8bce4731a5,2.0,650.0,24.0,14.0,18.0,baby
3c980d4656c6379e6dfd704a2cc48a88,2.0,1167.0,30.0,25.0,26.0,baby
4a811f113c9c23284366e6dd165ba484,6.0,500.0,24.0,10.0,15.0,baby
90f86af7210af277623dc9d9b7efd909,5.0,12100.0,44.0,44.0,53.0,baby
ff7885ae23429394b64526e957ec809d,4.0,11825.0,64.0,25.0,40.0,baby
4d63072ea1d6b58c3202ddfabda20b16,2.0,6300.0,75.0,15.0,50.0,baby
1e6981e727154bcd941d51fda894b183,2.0,1450.0,18.0,44.0,34.0,baby
f3d7339839e02f580fe8fca5755e0e25,1.0,400.0,35.0,5.0,25.0,baby
7893c68e0a8b6e58a70390551e8a84d9,2.0,1200.0,75.0,15.0,50.0,baby
db31be5c40fe938b572af3b01c2e4d20,1.0,550.0,20.0,13.0,13.0,baby
4e8e75a504c8a16c96f6f7e2d618c42e,1.0,800.0,25.0,18.0,40.0,baby
fe8b0ea4a95d3a6488d8e23b41720e46,2.0,450.0,55.0,6.0,19.0,baby
e2f86138b1dcd411b74b0d7a1fd8324b,1.0,450.0,19.0,8.0,15.0,baby
3e7ca2ff3d372303c5773c8018746fc2,1.0,183.0,17.0,14.0,13.0,baby
c3b957b4e1d4cd8d595794d22973cae9,4.0,300.0,33.0,44.0,19.0,baby
49a13d16446b6cb9a11461835ec34708,2.0,775.0,36.0,5.0,29.0,baby
e80d316020758033fb0247e553f8a640,2.0,12000.0,65.0,97.0,18.0,baby
62725a92101c725a6430182a7261416f,1.0,150.0,16.0,5.0,16.0,baby
927225847efa8853ebf52c9b5b9b8cc6,2.0,850.0,29.0,6.0,20.0,baby
17c7ec33a1657924ad493e6978b4bf91,6.0,950.0,22.0,20.0,28.0,baby
a15b46c05a4d311665eac6750b3e4030,6.0,750.0,50.0,5.0,40.0,baby
6c222e25e3d3c28a643590b836585b4e,1.0,2800.0,70.0,20.0,35.0,baby
66f375060f3f9a52c5eb7d62f6f65f43,3.0,75.0,16.0,6.0,16.0,baby
cba32576375902a87170bedaed045b71,4.0,11467.0,35.0,57.0,52.0,baby
026311ea0b72ef8c80ebf91efd36b499,1.0,300.0,18.0,8.0,24.0,baby
34c84b2e246f5904a5b3597b00240ea2,1.0,600.0,20.0,13.0,13.0,baby
d4484cc239fbd0ac671ab04d931edc66,2.0,150.0,23.0,15.0,15.0,baby
6ec96c91757fad0aecafc0ee7f262dcc,1.0,9550.0,36.0,35.0,35.0,baby
9dc1a7de274444849c219cff195d0b71,4.0,625.0,20.0,17.0,13.0,housewares
8ba4f2a4ae695d26e5626c1bf710975e,1.0,900.0,50.0,5.0,50.0,housewares
e6af694343b45b56304ad91974a110b9,1.0,3900.0,19.0,20.0,15.0,housewares
67bea89008edcb996cfe4e3d062b62a8,1.0,1200.0,23.0,22.0,16.0,housewares
2be2be0a6a5916840503fdf50808ebcb,1.0,600.0,36.0,6.0,19.0,housewares
bb09cce52b336261572a5a7e25a33795,1.0,550.0,16.0,25.0,12.0,housewares
722fb67c17907e21734449c091420bf5,1.0,1700.0,32.0,21.0,22.0,housewares
f9471562478eba8761bc985b968a0092,1.0,850.0,18.0,21.0,15.0,housewares
c7147724cd430269c6296fc758c0a086,1.0,300.0,16.0,15.0,11.0,housewares
a85543a371d5cfafedb80a8177a692b5,2.0,750.0,34.0,14.0,24.0,housewares
9aa70106d14b83c7ad033592870b2b30,3.0,530.0,17.0,20.0,20.0,housewares
73b499a2f5002c0a2158a478cc5a096c,2.0,1800.0,50.0,12.0,36.0,housewares
20424e1f503b9ceeeee60b717b11ec36,1.0,1725.0,100.0,35.0,16.0,housewares
532d7f19b8005e415f5b98a1cf4a8690,1.0,400.0,16.0,10.0,14.0,housewares
7aeb83cae61b0e94e6426cba2598ad9e,2.0,1270.0,17.0,14.0,17.0,housewares
93c285dad77a797cf2193ead6afbe107,1.0,1800.0,25.0,7.0,20.0,housewares
b166907a5770631b7deedd0891b1b7ab,1.0,1100.0,55.0,5.0,40.0,housewares
34607082301052079a3bffcd12c5ecfb,4.0,3150.0,30.0,17.0,30.0,housewares
b3f29e4bbae3c829f7c4231074c307ee,3.0,14850.0,35.0,102.0,35.0,housewares
bad5bc36e62c12c840045474c6dbe021,1.0,900.0,21.0,34.0,34.0,housewares
0bb7cb61f1957f79dac582ab66ccdc1f,2.0,553.0,18.0,9.0,15.0,housewares
334995514673fb6bae67885458b52984,2.0,250.0,25.0,25.0,25.0,housewares
78bd107dbc2f94f453c1bac8d2b4ede1,1.0,2600.0,16.0,41.0,41.0,housewares
068ceaa8a3d9d385cbf53d5335f89f80,1.0,1200.0,27.0,18.0,23.0,housewares
aeeb6146e21d11416d01b0e03c2de06e,2.0,500.0,19.0,13.0,20.0,housewares
5b488b474a4f2519b7826390b1873a58,4.0,4100.0,51.0,31.0,31.0,housewares
4803f125e17a7b5fc363202349fbf14f,7.0,8400.0,50.0,28.0,31.0,housewares
7db409a594f815ca2267b5383d139ee7,1.0,1550.0,46.0,10.0,35.0,housewares
8fec581a22f1e87d7e0f0a0da4626a82,1.0,600.0,17.0,17.0,18.0,housewares
97250c682244b5b6618aec504ceb9656,1.0,150.0,32.0,5.0,16.0,housewares
df1ff6c9a263464ba1ea7cd3de5e8633,1.0,800.0,31.0,5.0,21.0,housewares
cc95f2435cc780a6992154d6a29ff226,1.0,3100.0,32.0,26.0,21.0,housewares
80a96c144008b8446632f872d3b1a3ed,1.0,1025.0,25.0,23.0,25.0,housewares
46a44fef61c4835cb2cc8f39f0ce0752,2.0,250.0,20.0,9.0,12.0,housewares
b2cadfc2d6da74fba3a372470641ba61,1.0,400.0,16.0,9.0,12.0,housewares
53f92b0474f91fcb5bd188c6a8075c38,3.0,30000.0,76.0,51.0,51.0,housewares
b4a595a550a377a81bf10d27821fab6d,5.0,5250.0,35.0,15.0,35.0,housewares
6ba4f83d1c821bb17fe0a917881258d4,1.0,13600.0,16.0,65.0,60.0,housewares
8aebbc3445bef4a356ae41d226a7b5da,1.0,22050.0,55.0,40.0,60.0,housewares
ae48f03d1836c1021bf0babdf8b63dbb,1.0,800.0,20.0,8.0,20.0,housewares
8de2d2a80d4900fc699d4f52fbe8c43a,2.0,500.0,22.0,16.0,16.0,housewares
743faa1bbabdf4abcbd2443fcc33fca9,2.0,950.0,27.0,30.0,27.0,housewares
216b222c2a8c6918d4203f3cbefb8568,1.0,450.0,20.0,10.0,20.0,housewares
88d1ed18fd38fa0ffeeb4b517ca42a9d,1.0,470.0,21.0,23.0,21.0,housewares
3e12358032a6a599d25d9fd630cec2e1,1.0,975.0,31.0,12.0,21.0,housewares
121b9686b9929855d823981fc655a6fe,1.0,6250.0,53.0,23.0,28.0,housewares
46fd22a153db867285b826a2c62b446b,3.0,10900.0,71.0,25.0,45.0,housewares
a98ce95e720b49857fedbcfbdf21e8de,1.0,1400.0,25.0,35.0,35.0,housewares
1cac2c9aee1db62c108da2205880e09c,1.0,600.0,28.0,18.0,17.0,housewares
2a9b9ab4785e67b8ff4f1e6fcba1de7e,2.0,1000.0,29.0,19.0,21.0,housewares
a5170485f5eec8e991a69da0231fd5c5,1.0,1100.0,25.0,22.0,21.0,housewares
72bb19eb8886399d5a46785146792ba7,2.0,250.0,20.0,5.0,16.0,housewares
1c12e2e95f36322f3a5ab8153a76bd73,2.0,9900.0,61.0,31.0,31.0,housewares
8792f8b694229e5627aa6a15cf912052,1.0,1150.0,19.0,22.0,19.0,housewares
b4c8d3313b98fd124a787b571ac94148,1.0,200.0,30.0,40.0,30.0,housewares
bc7496ccc90a64c022a56021c65c9cda,1.0,150.0,26.0,16.0,16.0,housewares
ac4005f3f9d2fba6bb8feb0ee1dc1395,1.0,2150.0,21.0,4.0,71.0,housewares
d31bf2a9527a3b785e229da07cbb86af,2.0,250.0,16.0,23.0,14.0,housewares
2fad6925ba23d76e45c9496828e62a79,2.0,650.0,20.0,11.0,15.0,housewares
bcac2cdcd851929a5caa3e1508d5abc9,1.0,800.0,39.0,6.0,28.0,housewares
1dd3a0b856546758b41e8ef9935f1831,1.0,600.0,20.0,7.0,20.0,housewares
28b5eddd0f9eb2e6a7dd8a36e0a79828,1.0,300.0,35.0,4.0,15.0,housewares
09ae715b435241d687067cb868b056a7,1.0,15050.0,60.0,25.0,60.0,housewares
926ecae86335e45fea05e1e39e9a5be9,2.0,9500.0,42.0,54.0,25.0,housewares
5bf681c3d83a332fbb49765e3e572145,6.0,100.0,16.0,7.0,20.0,housewares
a7bbff32c7321478b29f924301a1867d,2.0,300.0,25.0,6.0,15.0,housewares
52261c8a90724edab7b960c69dbf7a9c,4.0,950.0,21.0,27.0,21.0,housewares
683f5eb77d76cc28e35f087731199974,1.0,1200.0,36.0,12.0,23.0,housewares
a861fc3f9efc96a2aa2f90a1e8a41875,1.0,400.0,17.0,11.0,11.0,housewares
8aa74335629d7d8e4ab23653b04ec65b,1.0,900.0,39.0,4.0,27.0,housewares
9d29a021677d35a6b84c543bbdbcf120,1.0,800.0,16.0,11.0,18.0,housewares
03894c9a40bf32b84a349ef0ddfccc1d,1.0,20300.0,44.0,93.0,30.0,housewares
237629a2fbb505d4db6ef67408dcf5bf,1.0,475.0,24.0,19.0,24.0,housewares
2ac7c9339ff85fff3e1aee3eaf7bb315,1.0,217.0,18.0,5.0,14.0,housewares
49e1eb2294c024ad435adb2b1de09336,1.0,400.0,20.0,7.0,11.0,housewares
ecd4bfa8cb104e8a1655dd59d1332d29,2.0,100.0,30.0,8.0,12.0,housewares
b5c114b11d53b6fd85a6a90790f0b479,3.0,267.0,24.0,15.0,12.0,housewares
c9bf1f1d7fdb5fa18943e2d9dad5de02,2.0,500.0,23.0,2.0,23.0,housewares
e71435b372f90893385344e8be3a7696,1.0,1350.0,44.0,11.0,25.0,housewares
d0fb1e667e989933a80444f93da833c0,3.0,525.0,18.0,19.0,16.0,housewares
cb8e28059517d11290a61a51203df575,1.0,500.0,16.0,30.0,40.0,housewares
b776dbd8d7dfb18b7422dd99b1f1ba03,3.0,3350.0,22.0,17.0,23.0,housewares
691e94cb0e5eef842f15bb1ca0dac309,1.0,6500.0,63.0,14.0,44.0,housewares
81a7ce9e5b3c92b523c22a4d3d3e05f4,1.0,450.0,16.0,30.0,11.0,housewares
87203c0c493c868d66c51ca0b47328d2,2.0,3150.0,34.0,18.0,19.0,housewares
5d0163a1864ccff91f6949a1b03a37ae,1.0,8450.0,19.0,48.0,27.0,housewares
f2bb1681ac26e3993d10ff79cba282d5,2.0,400.0,23.0,6.0,15.0,housewares
edec8e73963826ce09b218ed8cafe3a6,1.0,4513.0,47.0,32.0,25.0,housewares
72a2153c4d20cfbcdb7f75d9c39f5814,3.0,1100.0,30.0,25.0,30.0,housewares
54dca21ee79ceeb14349eefde174341a,1.0,400.0,30.0,30.0,30.0,housewares
d369c0eb24f18d687ae8598d570cb255,1.0,1550.0,32.0,40.0,23.0,housewares
85f874eb720bb544b42fe257804fec67,1.0,4000.0,51.0,25.0,26.0,housewares
aaea62612b84679ddf91cbdda1183e7e,1.0,850.0,43.0,5.0,24.0,housewares
9ab67e72832283a835980e86910ecf73,1.0,1150.0,31.0,29.0,31.0,housewares
5129530d6042dd13060c2fd1748758d7,1.0,1500.0,50.0,16.0,30.0,housewares
b944369f7fdafc891e06b47a372f7c45,1.0,26200.0,38.0,33.0,28.0,housewares
cc4683230056b8f1c0df24f7e335d3ca,3.0,500.0,16.0,15.0,15.0,housewares
485c67ced40028609fbe77043fa0b943,1.0,9650.0,22.0,52.0,42.0,housewares
d696750e550fd0f733979dd7e5dff921,2.0,950.0,53.0,5.0,13.0,housewares
3951784ecfbd4c912d2e02245d8b5e89,4.0,1200.0,50.0,10.0,15.0,housewares
90d0b33a310abf581b6eb73e4f40d0df,3.0,100.0,17.0,28.0,11.0,housewares
b61ca163d698bd09698b6876a3e945e6,2.0,450.0,20.0,10.0,20.0,housewares
5135301d684848b74276f22afcc6781c,2.0,500.0,24.0,20.0,23.0,housewares
e1002b42a99dd5cc7558e0ca58729bcc,2.0,600.0,26.0,11.0,11.0,housewares
299f75185c7f6f9b711b15a5ddb77e56,3.0,8850.0,56.0,30.0,34.0,housewares
3e6185f70df5a257fee1631488ba93d5,5.0,600.0,32.0,13.0,24.0,housewares
978859c6048ded0fa8bf3b9ea8236387,1.0,350.0,33.0,4.0,20.0,housewares
8f0877b2fd784f6948e606be7f04744c,1.0,700.0,30.0,30.0,30.0,housewares
09bf405af365a33db9915e95a433333a,3.0,800.0,43.0,18.0,16.0,housewares
2e77ba2c0bbbfb6e03e988077395308e,5.0,200.0,16.0,6.0,12.0,housewares
db91d5a3b20ec0804d7608ab608bea95,3.0,900.0,22.0,24.0,24.0,housewares
a9dad2ea6b0cb39733febae5b7ec1dda,1.0,790.0,36.0,8.0,25.0,housewares
042535091ac9e946489c2155a0392c47,1.0,300.0,20.0,4.0,19.0,housewares
f1021c9679d1e911ab6c137909f13d5e,2.0,300.0,16.0,30.0,11.0,housewares
ab464d315185546c908a888506fc22c1,1.0,1000.0,16.0,23.0,15.0,housewares
187359f629249d5333ce31f87136a802,7.0,900.0,32.0,15.0,32.0,housewares
fee4f51fea27d262dd116b53ddf31ce6,1.0,500.0,16.0,24.0,20.0,housewares
eeb140d5f26a24f9920969845deb6b4b,2.0,600.0,16.0,12.0,12.0,housewares
1bdfcb8320195a0fbab354ae99d95d91,3.0,150.0,16.0,6.0,11.0,housewares
1169ec485506aa10f38d941275dfce4b,5.0,550.0,18.0,12.0,12.0,housewares
865cf360a28190ff9c1cf3ee412c55ba,4.0,250.0,16.0,15.0,12.0,housewares
a1b156a0925874f584d8d0cb45a962ba,1.0,14600.0,43.0,62.0,41.0,housewares
d133bcdec960531f1cbc01c79c657e19,1.0,483.0,22.0,26.0,23.0,housewares
c06ec7b8d433a443d9350e3da23a4076,3.0,12100.0,51.0,54.0,47.0,housewares
80e9d618cc71f5eed806b81bd62c38e4,2.0,5100.0,36.0,16.0,46.0,housewares
de3e60701787a602b30be9c75937242c,7.0,15200.0,64.0,20.0,44.0,housewares
e1ecd7384e97b1ca3f7b1601c78728c9,3.0,500.0,45.0,45.0,45.0,housewares
4daad1d90efd466b4c3889b4421f5610,1.0,5275.0,30.0,65.0,30.0,housewares
49949e69181c88f76527f613550ca6f6,4.0,500.0,16.0,12.0,12.0,housewares
7a1e511458adb4ffcbb43acffd72517c,1.0,3400.0,60.0,15.0,25.0,housewares
d3c264d1e08ef19321e6d5a75f419c82,3.0,200.0,26.0,4.0,19.0,housewares
3803502e6590e7de4f77af1b2cb8d0c4,4.0,700.0,27.0,9.0,19.0,housewares
37933ba010cb5d5f231585d26287bed3,4.0,9800.0,61.0,31.0,31.0,housewares
d55f7acfb1c10beb91b70cddfce29e3e,1.0,16000.0,32.0,72.0,32.0,housewares
0ca7afae61c042aedfd973110cd8970f,1.0,1733.0,23.0,23.0,21.0,housewares
4b4cf4c7dcef27edc5dcfd5b9ea611c0,1.0,575.0,16.0,10.0,14.0,housewares
9bd556e1c4a7917679b89ec2075e9cba,2.0,2700.0,30.0,16.0,33.0,housewares
325e75d20ca67d859f707129be35878e,3.0,350.0,30.0,5.0,25.0,housewares
19a20f150018f5e9df17c838f7139435,1.0,2600.0,33.0,23.0,30.0,housewares
293637be1a5ab3bd138fb6b758100e7c,2.0,150.0,21.0,34.0,34.0,housewares
2a5fd02982127e736ae8f4d6d020fcc8,1.0,5950.0,35.0,35.0,29.0,housewares
6e4d0d0f95ee20729970abe6ad1bbe39,1.0,2400.0,50.0,6.0,50.0,housewares
e31c5933157c3e4134a0f536f7bcc14e,2.0,525.0,25.0,28.0,25.0,housewares
f152b09d0630df240acc7c63009e814d,1.0,9950.0,20.0,50.0,28.0,housewares
50bad34e680f8a231096d72eb998a877,1.0,200.0,20.0,10.0,20.0,housewares
41801d2ed5124923137ec39aeeea1e93,1.0,8525.0,27.0,58.0,28.0,housewares
0ae935aec15938b92f6667ec2fde2dc2,2.0,900.0,25.0,10.0,36.0,housewares
b169ac8237427de1bd8c67b4eabfaa18,1.0,19250.0,60.0,60.0,32.0,housewares
8be155e42d9bde2616787ea27963ca71,2.0,500.0,20.0,20.0,20.0,housewares
ceb9200bc33732558224476d75815c32,5.0,975.0,41.0,36.0,12.0,housewares
5eb7102793807195374fcd13de07eb62,2.0,7350.0,57.0,28.0,30.0,housewares
5b39353cd25a87d0f48b6a1e1adc1cfe,1.0,450.0,28.0,12.0,23.0,housewares
888eeb22340037a42971d30e3808a745,1.0,150.0,20.0,20.0,20.0,housewares
e4b460d73444ee00514b4de1f281982d,1.0,500.0,40.0,16.0,16.0,housewares
07e00c385280d659de8eb0254b75ecdd,1.0,350.0,33.0,7.0,15.0,housewares
192a2c0fed2f8bed34ad458a073ed376,3.0,1300.0,17.0,30.0,35.0,housewares
85fa36e792c259f4f0022c6966c50c1c,4.0,400.0,27.0,9.0,18.0,housewares
b744e6c9118fe1df001c94ef9a4d7ab5,2.0,850.0,38.0,31.0,34.0,housewares
c67b70ad21dd3cd5254c5da1a24d1e0c,5.0,267.0,22.0,11.0,19.0,housewares
1e618d311a1b7f88a9d96ec50aa85582,4.0,9950.0,31.0,61.0,31.0,housewares
6165a3006a26ed2835cd16fab97442ba,3.0,950.0,16.0,40.0,16.0,housewares
e4d66ba222533f24e4d74a5d4c4846d3,1.0,550.0,40.0,20.0,20.0,housewares
b1ff030591e1d0e0069e54d11c5c21d5,2.0,750.0,54.0,7.0,22.0,housewares
9c64cafd9a39441e353cbb545ebb68b6,1.0,1900.0,30.0,30.0,30.0,housewares
4e8b71eebba5605faf020d7e2a5067c9,1.0,450.0,16.0,26.0,11.0,housewares
87285b34884572647811a353c7ac498a,4.0,500.0,19.0,8.0,13.0,housewares
74104f4d2a450d95d04f0bed142b082c,4.0,12800.0,35.0,104.0,35.0,housewares
16ed6a6e3fce23b741650437fe58d65b,1.0,750.0,35.0,15.0,35.0,housewares
eba9ae37524dc8fdba2161862c6f8aaf,3.0,1100.0,19.0,12.0,15.0,housewares
00b4155166f994ba9da3cf001eb80505,4.0,1125.0,28.0,15.0,23.0,housewares
e920f7b4d8d5aea075445edf274ef24f,1.0,2133.0,24.0,25.0,25.0,housewares
367dd13835e78ce371a3e7ed449a1d26,3.0,350.0,30.0,11.0,11.0,housewares
e5a9ed1edaebd9efadcc8b9e02b115ea,1.0,2700.0,80.0,10.0,50.0,housewares
dc4a245b2972be4b4735dc079693d185,1.0,850.0,35.0,10.0,11.0,housewares
ad2fd650ad6317838e719a158f84a709,1.0,800.0,28.0,22.0,28.0,housewares
a94db861b4ea1c79704586f07c8cdbc3,4.0,12150.0,68.0,20.0,33.0,housewares
62b1367807a6fccf6e9492860574950e,1.0,5950.0,30.0,30.0,30.0,housewares
2a149f2dc4ecc44e7e34f558886d59e4,2.0,200.0,21.0,17.0,19.0,housewares
d11a48745339809b07eebc4a9c8c0a89,1.0,2980.0,17.0,17.0,19.0,housewares
8bd66662b25462ac84d850fbb7e71f43,5.0,27300.0,66.0,23.0,51.0,housewares
0fd55f5dee013f990c929cd3ad6bfee0,5.0,2725.0,37.0,17.0,37.0,housewares
ba2f091ca82d75e44ed38787ed180aa1,1.0,19550.0,43.0,79.0,41.0,housewares
c0f9d7a726562d35365aaca50d63be28,6.0,2050.0,25.0,25.0,25.0,housewares
65ae1951caecbb80c7d5e2e662ddb0dc,7.0,2700.0,25.0,15.0,25.0,housewares
716586b5781e43926d404ad0f11669e8,1.0,1625.0,41.0,26.0,26.0,housewares
a1f9e41822bf2fb8bb98659e650b7e3d,1.0,14350.0,55.0,15.0,45.0,housewares
b7c05b69aefd3c94fca07b044c119357,5.0,300.0,18.0,4.0,12.0,housewares
d113b2e0de22329a327c5f133ec15914,3.0,1500.0,60.0,10.0,25.0,housewares
e0a35b4c1be73785b8637ee21d5dcd02,1.0,400.0,20.0,30.0,16.0,housewares
711027a82d762aad9b42dc032629dd18,2.0,5650.0,35.0,22.0,30.0,housewares
4e5a066f684af859ca235b1c73985775,2.0,1475.0,24.0,19.0,19.0,housewares
a97cd00f5c1dbfbc7f0f4b6c1032253e,1.0,5500.0,51.0,20.0,29.0,housewares
b6598804d396176951c83354974eea81,1.0,600.0,19.0,17.0,18.0,housewares
47c064333cf67e5cdc8243db3f095767,3.0,1000.0,30.0,5.0,35.0,housewares
8d6259f0086b979199d22763478ad986,1.0,600.0,16.0,26.0,11.0,housewares
9bd15113e791933a5d0c59c00d9add5c,1.0,700.0,16.0,25.0,11.0,housewares
0bf16c5642f26022d106438f491b9b1c,1.0,300.0,41.0,5.0,31.0,housewares
2f2155ee7545c9ca31ac68685224bc4a,1.0,550.0,20.0,20.0,15.0,housewares
5b5293a5be515b28c5dce3858b88b2fe,3.0,300.0,17.0,28.0,11.0,housewares
e860f15d3088aa6d981bf37b7d3e6020,1.0,2000.0,25.0,60.0,25.0,housewares
9afc7bd1c6286201ccf4bf74ffc9ce6b,2.0,250.0,23.0,13.0,21.0,housewares
282b126b2354516c5f400154398f616d,2.0,3700.0,20.0,20.0,20.0,housewares
6c0d0bb889a282484443de64903f88ac,1.0,700.0,23.0,23.0,20.0,housewares
c1aae55ae7c285aa64e3f0ba1966dd44,4.0,825.0,18.0,9.0,12.0,housewares
2504bf725d7aa06820b73b85c5ca6653,2.0,1500.0,32.0,5.0,28.0,housewares
2284b28ca179d66957a67ef01a5b7d6c,1.0,1600.0,34.0,21.0,23.0,housewares
460a66fcc404a3d7306d5f50fcb2d18a,1.0,350.0,16.0,16.0,17.0,housewares
bed8edcc8479914748b6e6173513b3eb,3.0,3000.0,52.0,3.0,32.0,housewares
7f975a63ae36e04759dccaaf14a1d408,1.0,2500.0,25.0,12.0,18.0,housewares
61509eaebb2d4bd1a7511b1a75703f8c,1.0,300.0,25.0,2.0,17.0,housewares
3522a64b7bad6fe22cc046584a9d3fb0,2.0,4383.0,43.0,17.0,37.0,housewares
b92268ad64d3947c80fddbc3a82de845,1.0,8850.0,39.0,12.0,78.0,housewares
941fede5c398c3c84cac6e6c832c2b11,3.0,3000.0,25.0,16.0,25.0,housewares
707f450cad7285fab5ad90bc3e7edb0c,1.0,1350.0,20.0,26.0,20.0,housewares
c43e56cd1eb509cca120446a61579ec0,1.0,1800.0,30.0,30.0,30.0,housewares
40a4dfa74a737d541b3c2413edf9cdf6,1.0,1000.0,22.0,10.0,18.0,housewares
bebbcfea18211f83db416d354127179c,1.0,1450.0,31.0,25.0,27.0,housewares
7cefa61c9500d9b227894dc48d8b5a0b,1.0,300.0,25.0,10.0,36.0,housewares
c077c1ab5ccc8f57fd2fb6fd2f0b03cf,4.0,725.0,29.0,15.0,23.0,housewares
541f87698fb1b63df63ba4989dcc25ce,2.0,3100.0,18.0,18.0,18.0,housewares
f8912361eece17527c97b26793def92a,1.0,2000.0,38.0,25.0,32.0,housewares
e33df02e384487f2bcd3788619f89215,1.0,350.0,20.0,30.0,30.0,housewares
47531d889b34bc318d8594a7d53fcdb6,3.0,650.0,24.0,5.0,18.0,housewares
aaa80d9e907a758e151586557e332acb,7.0,650.0,16.0,16.0,16.0,housewares
6822e9990a24f2d91e680ce5cf1731cd,3.0,1200.0,20.0,15.0,16.0,housewares
ca96d665a6e7038a569277e6e1d34cbe,2.0,500.0,37.0,13.0,37.0,housewares
b7ac8ecaf5ed4b43bdc03039a67550eb,2.0,1750.0,70.0,15.0,20.0,housewares
87590844d536e6b92ecf707a50b1c2c5,1.0,600.0,21.0,21.0,21.0,housewares
bdeac558883a62ab1a048c8f3a0cdf3c,1.0,100.0,30.0,11.0,11.0,housewares
052e139cd94698e09bb2502cdc7b9287,1.0,2700.0,28.0,18.0,20.0,housewares
fadc89c2a60ff96b18827644074dfd70,1.0,1800.0,30.0,30.0,30.0,housewares
0a80523b7c5fcae062ee678d12df2a80,3.0,700.0,35.0,12.0,28.0,housewares
eb464e3e06e2701a532c9f08a774d0d0,1.0,148.0,25.0,27.0,22.0,housewares
483691880798b6f0f657c203494cfe3a,2.0,1050.0,100.0,3.0,15.0,housewares
4821fcfd5ac4f89ee295f3ac1f20c7a3,3.0,2900.0,52.0,3.0,32.0,housewares
b1551ef44e04265b510840b991b24b51,1.0,1000.0,43.0,11.0,37.0,housewares
31352e05b5f8620929e1b8bbbeda5578,2.0,2050.0,25.0,10.0,25.0,housewares
c3a52053718435a35e070b991ff546ec,6.0,400.0,16.0,12.0,12.0,housewares
7766894470ea995b418764065e6bf9ba,1.0,500.0,20.0,20.0,20.0,housewares
015527ec9502daa03dfd0e22ef1d1288,1.0,200.0,25.0,10.0,11.0,housewares
05bbe113b2037f89552c644c5cb33ecf,5.0,10100.0,48.0,30.0,16.0,housewares
9b88165228ce22d96f9e9275c59783d6,1.0,900.0,31.0,13.0,15.0,housewares
01b660ebc1a0c293ccf9b117fa6dd8bb,3.0,350.0,60.0,10.0,15.0,housewares
bea920589ef5e1949b4627e0574b877b,3.0,200.0,30.0,10.0,16.0,housewares
7855801875dac05bda454284be8be7db,1.0,3500.0,36.0,30.0,32.0,housewares
50565731f3aeea3f334d15ab5bb98546,2.0,400.0,20.0,11.0,11.0,housewares
e8d7b12572b213ba22acebb8983a4615,1.0,800.0,21.0,22.0,20.0,housewares
4d1b2536bba4a66c9360d6d63327c44c,1.0,9550.0,40.0,40.0,40.0,housewares
2d9ea8e50b1cfa0b4e2678e63ffaf630,5.0,17500.0,66.0,23.0,51.0,housewares
ef305675b4b5113913f5998336fbd86a,1.0,925.0,22.0,8.0,32.0,housewares
6994675fdff4377e6e1b738094977cf4,1.0,6900.0,24.0,12.0,24.0,housewares
783dae38feb9e3a364e24e25168cfa8a,1.0,14350.0,50.0,50.0,50.0,housewares
4afba85a48ad3d91d79215ba93ddb023,3.0,800.0,25.0,25.0,25.0,housewares
ebfe7a4ca40dd34375e373405a114c32,2.0,417.0,19.0,11.0,18.0,housewares
559602c54359e6b67d7cb7fa336d0ca9,1.0,1100.0,50.0,16.0,25.0,housewares
98c0c93d863d3da23549a04d45033e06,1.0,17950.0,56.0,28.0,56.0,housewares
f82db1a0fde998180d60adea56e1acf4,1.0,1300.0,38.0,6.0,38.0,housewares
d239ed6ed6dabbcbfd8a3b776e1ca50c,10.0,30000.0,60.0,60.0,60.0,housewares
ee385c61faaa052a8d58dc2a88b66f82,2.0,650.0,24.0,5.0,18.0,housewares
a0a6ba377d74146f38d2de3fca3817ae,1.0,9350.0,40.0,35.0,40.0,housewares
7020952e39b390bfe87c475d4c99b3d7,1.0,3700.0,40.0,34.0,21.0,housewares
dd5a5e7b2b76089d6415070e8d6d5456,1.0,1450.0,27.0,29.0,26.0,housewares
9f621d1fd090c5ca124462612ceabd96,1.0,3200.0,30.0,13.0,28.0,housewares
19ae99a380c31edb46ed9e7dc1e9931c,1.0,17950.0,43.0,68.0,41.0,housewares
5e702ce174d6c9fe3eaea9a5bde40a14,3.0,7100.0,25.0,52.0,37.0,housewares
e493c5e2a707b9eb0f6d01041c86856e,2.0,5550.0,40.0,10.0,30.0,housewares
46c01e269265ddd1b66ccc8b4588a411,2.0,4150.0,29.0,28.0,23.0,housewares
765b1b0a0b478b2e57a71fcd873ab4a2,1.0,600.0,26.0,21.0,21.0,housewares
bb5c167b9d0732488b3b5a0b173cc41d,1.0,550.0,27.0,5.0,20.0,housewares
ae9618492353b838afaf28bc414be248,1.0,750.0,23.0,18.0,23.0,housewares
6f7326be4926840cfcd094d2629f1049,7.0,1000.0,30.0,12.0,30.0,housewares
f52b6b9e0bc35ec9d682eea89b27ef38,1.0,2800.0,50.0,50.0,50.0,housewares
9376771cb92c045ec36c97fb810f1f90,1.0,175.0,24.0,18.0,24.0,housewares
fde7de6bf5508a0001da45dbe6c80b22,3.0,900.0,25.0,15.0,15.0,housewares
e06ff9a961edac4a89f5451882861adf,2.0,800.0,30.0,10.0,25.0,housewares
b833b995caddd97b8786370988e32ee4,2.0,200.0,20.0,15.0,15.0,housewares
786beca54c998fdceea61e0a80250abf,6.0,300.0,16.0,6.0,12.0,housewares
7d603b9650fad957621945c193cc2df3,2.0,917.0,29.0,16.0,16.0,housewares
4b26e5a29c80bb0a05e5094928a97537,1.0,3700.0,50.0,32.0,70.0,housewares
710b7c26b7a742f497bba45fab91a25f,1.0,1850.0,16.0,25.0,12.0,housewares
cbe73e033835920bea2c769177237510,1.0,950.0,28.0,18.0,28.0,housewares
ef92defde845ab8450f9d70c526ef70f,1.0,450.0,24.0,8.0,15.0,housewares
391ae69031bcca826279a84f5c4034e8,5.0,3950.0,65.0,15.0,35.0,housewares
8bb27b1d96be90b36b8d0c7f30931d52,1.0,5950.0,33.0,26.0,33.0,housewares
501ae028cdc334d0292eb35591ccb5d6,1.0,9600.0,25.0,32.0,24.0,housewares
5f76bb88bf4410580362879247ef7248,1.0,9700.0,28.0,26.0,26.0,housewares
8c232245c53bdacb8760186225de609c,1.0,450.0,25.0,22.0,24.0,housewares
84dacba9d49f304ee015bc094083df20,2.0,16300.0,80.0,23.0,33.0,housewares
ad3cad415b6ec472fcdeff903a4a2567,2.0,2700.0,44.0,34.0,16.0,housewares
7be2cf904217376863ada2c9df82c8f2,4.0,3000.0,62.0,12.0,25.0,housewares
e71f3cd0a0ef69b7fd173b32322dc6da,1.0,600.0,30.0,30.0,30.0,housewares
98354dc7140f034f3b55ec6fc45dd174,2.0,1000.0,25.0,30.0,25.0,housewares
d1a790e97df2101ed61553a5fc1cfe02,3.0,300.0,40.0,5.0,40.0,housewares
d6aa421b9567e3e2a3a0caf8fb846cbc,1.0,5675.0,25.0,25.0,60.0,housewares
112626d1abc7dfaab81063699f0e5600,2.0,10550.0,30.0,50.0,30.0,housewares
e7a1555b071186b8184e2fe0e647181a,1.0,600.0,25.0,8.0,15.0,housewares
d961667356e6dffef33c0d0eb4c327cc,1.0,1150.0,25.0,6.0,20.0,housewares
29d78eec0b549067b52a07635d049c8b,3.0,9900.0,53.0,30.0,34.0,housewares
88703479ede641552b11881f0d2a6f6b,2.0,2250.0,52.0,3.0,32.0,housewares
d3f90867737a01e4df1ff8879e235a9a,1.0,5100.0,60.0,17.0,90.0,housewares
ddccf31eab44aaa16cb1a7703a65b696,1.0,300.0,25.0,20.0,20.0,housewares
5f82c0dd37c20e3f5010be5f3c6a9ff1,1.0,21400.0,48.0,65.0,48.0,housewares
b984d2ef473c9daeaee1f7754f0076fb,2.0,200.0,28.0,5.0,15.0,housewares
0b501b17eff6353cde82245645c4207e,1.0,1750.0,45.0,21.0,26.0,housewares
6db41bd5a650ed247a5690c0e78c3969,2.0,700.0,30.0,30.0,30.0,housewares
9102363e9fd5fc8fa4c0719ee704c89c,2.0,1300.0,37.0,37.0,37.0,housewares
067e6da1c75010f933e68b76efb2273f,4.0,8575.0,33.0,48.0,38.0,housewares
fce976d7954f915c971fb93ac8724681,1.0,250.0,16.0,16.0,16.0,housewares
12530458b22303a822da23e0ef0c400b,2.0,950.0,43.0,17.0,24.0,housewares
8bbc072e9ad5dfad286bf7965b945217,3.0,483.0,30.0,14.0,25.0,housewares
8229312bb3ac903dda978c5f6a7206bd,1.0,900.0,50.0,7.0,50.0,housewares
6aaa03bfd8582d76c23b11ef0e80f85d,2.0,900.0,21.0,12.0,21.0,housewares
438becbce7afb5a88f4075ed4d76682b,2.0,600.0,16.0,16.0,16.0,housewares
e1dc23d88d327fefb34f58df7d6be272,3.0,425.0,31.0,14.0,14.0,housewares
f14c1f6cf5ba04ba0a6f52c763a6b7a9,4.0,3900.0,52.0,5.0,32.0,housewares
17d17b9640ddee0ec3fa09c91b284ae9,1.0,500.0,24.0,8.0,15.0,housewares
ecd5ed7617a3120fd8951a701c93f9bf,1.0,3700.0,40.0,20.0,20.0,housewares
7bdb0c9137fdc67e666061dc0ee2838c,3.0,500.0,17.0,9.0,17.0,housewares
f7a17d2c51d9df89a4f1711c4ac17f33,5.0,350.0,22.0,8.0,19.0,housewares
bf5c9388b3b4225c6578eadbde4781db,5.0,117.0,21.0,9.0,11.0,housewares
e0f63b6827db5de140206f0e66485f3c,1.0,3300.0,40.0,30.0,30.0,housewares
8eddc081294df4f0672aedec8a5b249c,5.0,1700.0,31.0,27.0,31.0,housewares
4fec1ad678269e2167a25f1db2550c33,2.0,200.0,30.0,20.0,20.0,housewares
b85d127ab2f470f523f1678b7f399cef,1.0,150.0,20.0,2.0,20.0,housewares
5a734305711f911ef984b0b59c9b7936,1.0,17050.0,20.0,50.0,28.0,housewares
970920a8e74dbbac4bcae9119351d3b7,1.0,500.0,25.0,21.0,21.0,housewares
5861217c6b00a886e28a101167dbb1e1,1.0,425.0,23.0,15.0,18.0,housewares
1a9336bcfd7544237cf44cf3de1f5530,1.0,2800.0,45.0,35.0,35.0,housewares
0a32d8349e99e8cdb9a5dec7d3f94985,1.0,300.0,22.0,6.0,11.0,housewares
dbf23e54e9fe684d5774201bdf0de80f,3.0,500.0,20.0,35.0,22.0,housewares
45dcebc4f3d844e116f01e3f191711dc,11.0,3000.0,47.0,25.0,32.0,housewares
318fda70a35e94c586339fe51eafbe7d,1.0,1350.0,16.0,30.0,12.0,housewares
cd6b772c1446156e232d62e01d4c8a25,1.0,700.0,22.0,6.0,11.0,housewares
802b8430511a39ecdad069cf6c7dd812,7.0,300.0,25.0,10.0,16.0,housewares
9d38213b04fd8eb9a773f9b2b88ffd0d,1.0,300.0,25.0,2.0,17.0,housewares
58f579bb52bea63fe1c6c39c2d4272d8,1.0,150.0,24.0,24.0,11.0,housewares
7de123c822c488ccab0151f37a521b5b,1.0,100.0,30.0,11.0,20.0,housewares
936da86791ef70783a980c4c7eec760d,1.0,956.0,29.0,27.0,20.0,housewares
8509049c56caff468e3f35c4eefb6035,1.0,1000.0,25.0,32.0,25.0,housewares
7a81751397c8813678761201a7114339,1.0,200.0,37.0,3.0,11.0,housewares
3362ea39c2b9a88dc82f2cd6f6838bcc,4.0,200.0,40.0,11.0,30.0,housewares
4aa6014eceb682077f9dc4bffebc05b0,3.0,10150.0,89.0,15.0,40.0,housewares
a3816405c56f1df398541ee9c498b056,4.0,300.0,20.0,11.0,15.0,housewares
112d3b0704a6ed73f5b7bbbaf59362b5,2.0,550.0,18.0,12.0,12.0,housewares
200eed7d1d3482898094819dbec1cb52,3.0,500.0,19.0,12.0,12.0,housewares
a0b71dda13dd0e2ee63a7afb64af5327,2.0,250.0,24.0,11.0,20.0,housewares
918d420adcb5ca26487f9fff29535fd6,1.0,4200.0,35.0,20.0,35.0,housewares
cda185193c72c0eb8dde03f20f101230,1.0,1100.0,24.0,24.0,24.0,housewares
5f4f9900058f5deda33d748e733a5292,4.0,500.0,28.0,10.0,27.0,housewares
dc58d5459e21851dd9acdfc10a621159,2.0,700.0,23.0,15.0,20.0,housewares
763c99ba797c7d691e58bec3d42843bf,2.0,3750.0,20.0,40.0,40.0,housewares
29df8bf0a6118b7b764e7b31987d4db7,4.0,3150.0,22.0,54.0,22.0,housewares
273d06dee7bb3103eb4ae0ff8d149966,1.0,750.0,20.0,45.0,20.0,housewares
990166f4c0d91a6cb92663b4d190ad1e,3.0,9300.0,31.0,58.0,31.0,housewares
e82d0f095d2e87c1d46d5f909ed00a30,1.0,250.0,30.0,8.0,25.0,housewares
20b0f2e1b898d6ab3155af3b923794ed,5.0,400.0,18.0,8.0,14.0,housewares
b23f9704f31bfce887b8d1b48f0bad47,3.0,450.0,17.0,14.0,11.0,housewares
13b84ccbd3ce6a81ff8333896dbe84d8,1.0,3350.0,16.0,2.0,11.0,housewares
d60c79092c4d9018a9e4f08f24b7a280,2.0,300.0,20.0,30.0,20.0,housewares
c7f24eedab65851cf5b6c25a10816ea0,1.0,1775.0,45.0,11.0,28.0,housewares
e482ad963bfb9a9abc51b9850aca97b7,1.0,250.0,19.0,8.0,11.0,housewares
d58118713a21b8177e844c58eb83efe7,2.0,500.0,36.0,10.0,13.0,housewares
28fe7bc9b73556b0cee83320fcd2600e,2.0,3550.0,16.0,43.0,43.0,housewares
f399bbedb1d21192dffefc4a8b30a229,1.0,5300.0,30.0,35.0,30.0,housewares
2330fe9b304af24209631c7197203c61,1.0,3350.0,32.0,75.0,32.0,housewares
ba2225dd03b4dd91f999ef73504a0b82,1.0,8100.0,58.0,23.0,33.0,housewares
35d92b98f6c28b76f0551e206ba39234,3.0,300.0,40.0,5.0,40.0,housewares
f201c94e7d8aa11b6ab049d69730309d,1.0,2410.0,25.0,55.0,25.0,housewares
04ddfb2cdbf048af94dc37e1bb0d3b04,5.0,575.0,24.0,18.0,24.0,housewares
271a16e4751b04867238b601ad652692,1.0,240.0,28.0,11.0,17.0,housewares
24543438ec09114a42a153f76ae693f2,1.0,963.0,21.0,21.0,22.0,housewares
1b90de90abbc056f24e0fe3c721a88ee,1.0,1100.0,16.0,31.0,29.0,housewares
3374f1e0e721154f553fa0b0994ff405,1.0,250.0,16.0,12.0,16.0,housewares
170b033abb14ccc92a21b95dba58fa90,4.0,325.0,25.0,15.0,16.0,housewares
803afd213dfaca86aacd31b3c7d9a296,5.0,1075.0,18.0,16.0,16.0,housewares
f014ea8c6c04cc78a9e70319e351dc4b,1.0,1050.0,26.0,26.0,26.0,housewares
8cef0a48dd6a31a4da7683d1f35d8925,4.0,9950.0,31.0,61.0,31.0,housewares
338bf1554cc911be551275c6c6c396c7,2.0,1400.0,21.0,40.0,21.0,housewares
aed7d0a9347ab6a62a7e25304e6f02ab,3.0,550.0,36.0,10.0,16.0,housewares
3caecc43ae4ff35c714a4e9a92964402,5.0,1250.0,35.0,20.0,20.0,housewares
9055dd3dc18725216cbe35e1999e692d,2.0,500.0,16.0,12.0,14.0,housewares
2ebf71f199b0f3f3331af7d426ad714c,1.0,600.0,35.0,27.0,27.0,housewares
bea56a01c32ef9befa1a9914cca8fc1e,1.0,450.0,19.0,12.0,12.0,housewares
161465fcbd2f97c7bbb1d199c7402fcf,1.0,950.0,23.0,18.0,23.0,housewares
3d3c4219b64b1a968490e7bdfa43bf1f,6.0,1950.0,40.0,16.0,16.0,housewares
585e7f7e97e55cb9e74556236b43b0be,4.0,445.0,23.0,12.0,14.0,housewares
3fd97d8c7b16543086520039b5c7267a,1.0,1800.0,22.0,63.0,22.0,housewares
8feadd2febbe968ed4cd3cb73de662d2,3.0,1500.0,30.0,12.0,30.0,housewares
2180541a551b218f67e8bd22614688d1,1.0,300.0,22.0,10.0,11.0,housewares
46734f8521a7998c55748c1abbddeb12,3.0,1200.0,32.0,40.0,28.0,housewares
9393c06fcb6d7bc8e988eea2a0ecc64d,2.0,1125.0,43.0,13.0,11.0,housewares
8febd25000a51cdc5957b40c1d1a78ca,1.0,2958.0,35.0,23.0,29.0,housewares
00f2fa1c4397392f20e5627e3220accd,3.0,7850.0,25.0,52.0,37.0,housewares
c76c1b0e1674ff2956b943232d0ae202,1.0,245.0,26.0,8.0,17.0,housewares
869c418f22e0c0ed9207ff691f279e46,2.0,300.0,20.0,10.0,15.0,housewares
3b041207e72de52b24fc37d412d6f02a,1.0,5650.0,56.0,35.0,20.0,housewares
7e217d1e0e5a16ffc299f224d0a0e80b,3.0,1350.0,30.0,14.0,28.0,housewares
e7e460583f2b78939dee0f8cd9a619ed,6.0,12250.0,80.0,10.0,76.0,housewares
8047a9de3dd280cc068a2cba4586b91f,3.0,1100.0,22.0,30.0,22.0,housewares
ef89d382c9cfdda69f4da6f5873c5eb1,2.0,850.0,36.0,20.0,11.0,housewares
b126c36658d4d8ae320a4ad38531cbaf,2.0,500.0,23.0,23.0,23.0,housewares
8415b1dae10d2dcb36beec370c6a90cd,5.0,600.0,24.0,5.0,18.0,housewares
5aadb280135a6132d14d3d93b5724b69,1.0,17900.0,35.0,2.0,35.0,housewares
d315b738a6e96f4d9710af966cb7cd5b,4.0,300.0,16.0,5.0,12.0,housewares
ae17f8265a23421715164ab420b62b36,1.0,1050.0,30.0,30.0,30.0,housewares
6ee1607bacba780139e7f7fcd316c1d0,3.0,2100.0,43.0,30.0,11.0,housewares
0e14941c183946f60e3b86585d05f984,2.0,400.0,25.0,10.0,36.0,housewares
4f9d35e798dff81bc71b11b28d9adf7a,6.0,1100.0,20.0,26.0,20.0,housewares
3c5229dee6997f28485a65cbabceacb8,5.0,600.0,30.0,11.0,20.0,housewares
b75bc6d95abd11862892008658b17f49,4.0,6800.0,40.0,40.0,40.0,housewares
136da55add0b0a3c8c5404913a225e47,2.0,300.0,16.0,10.0,12.0,housewares
43a39180da2ed07ba59252d23cf029e7,2.0,600.0,16.0,20.0,20.0,housewares
f418649d11303fb6fcde71c9133f2ecc,1.0,1400.0,30.0,30.0,30.0,housewares
b616783675f9399f98376a7a1cf2d0bf,1.0,1300.0,16.0,30.0,12.0,housewares
846da0169591ba9433fe3a6ba6ba0373,3.0,617.0,40.0,13.0,25.0,housewares
61107c91091400f4c4523ed7b461a20e,3.0,12150.0,63.0,37.0,29.0,housewares
3327aad61d86158ed8bfd97388e37376,1.0,775.0,23.0,12.0,23.0,housewares
aa8627a375771ab01288705307ec4ae5,1.0,5750.0,40.0,25.0,30.0,housewares
2bb11ef7e7d20cb8a80932979464e7ce,1.0,900.0,16.0,30.0,26.0,housewares
1002287b975c051e4f283579598cf6d2,5.0,8250.0,33.0,35.0,33.0,housewares
72a26085dd4fbd27f7206188081008d9,3.0,1000.0,28.0,12.0,21.0,housewares
2eb2543712366c95191841792a725a23,1.0,450.0,54.0,4.0,15.0,housewares
5a57a59c44429be19e1ce8e69e15c473,2.0,8550.0,27.0,23.0,27.0,housewares
b564734ddca77a1cf8aea20acd9cd9b5,4.0,1500.0,25.0,17.0,12.0,housewares
e03071a2d2410c9ef2be47b508cac95f,1.0,19100.0,54.0,45.0,43.0,housewares
3ecaaa56f885aaded64fc6502ddb214c,5.0,600.0,22.0,8.0,22.0,housewares
7a8dfec813ae58cfaa3e1ef9f534adab,2.0,1200.0,33.0,10.0,30.0,housewares
f45cf520fba787f057d57c5c8138668f,4.0,6100.0,31.0,29.0,41.0,housewares
5467bf450d0538e899a8e18fd0ff4323,1.0,350.0,16.0,15.0,15.0,housewares
4c0a183b1572fcddf968d6992392e24d,1.0,700.0,16.0,16.0,11.0,housewares
ebb12274522d82caa7dca657873b2ad7,2.0,11250.0,40.0,40.0,30.0,housewares
a03e401d58a45187271718c5d7610422,3.0,9650.0,62.0,35.0,37.0,housewares
f2e9c251a169c7d7582bdcde0ea4e7da,4.0,1168.0,23.0,9.0,12.0,housewares
8d9468efb665050bd137607b0c8ce680,1.0,963.0,33.0,44.0,33.0,housewares
5ccaf4192eb1b45ada109ad4152de5dc,1.0,6100.0,20.0,30.0,15.0,housewares
0a29ce51f88190dc32d9f6a23f7e9a8c,4.0,150.0,19.0,4.0,11.0,housewares
53d9d735cbf1969f1f2661b9b2c661be,1.0,750.0,25.0,10.0,15.0,housewares
270c7e8ac3a5d25cc4324f7b603b8a22,2.0,500.0,16.0,25.0,15.0,housewares
52913ee46d43e465b2d40c81e7ccac23,1.0,10200.0,31.0,60.0,31.0,housewares
45f715c67a8a8e0f179cabed8f676815,1.0,250.0,35.0,4.0,15.0,housewares
1ad107de20364138356e19ab81369f04,1.0,750.0,25.0,42.0,21.0,housewares
7670134d0deed66c4befad4f59d0af49,1.0,400.0,16.0,11.0,14.0,housewares
42b5c89883ffcf6b4d081833fcda6286,2.0,950.0,30.0,25.0,30.0,housewares
4cdd0c9eb93994b4c2b313ecb2c8b5ca,1.0,250.0,20.0,3.0,20.0,housewares
489ae2aa008f021502940f251d4cce7f,2.0,30000.0,60.0,61.0,33.0,housewares
99e28f7c171b6945dc991d1178ffedfe,1.0,14000.0,44.0,33.0,36.0,housewares
18a6a9435280bc4978a427f0f95cbd4e,5.0,250.0,30.0,11.0,17.0,housewares
678f4b558147f3aaca424c13a1f89060,1.0,1625.0,37.0,15.0,28.0,housewares
807b118bfa0f764901f5a528e0e3b7f9,1.0,1500.0,45.0,25.0,35.0,housewares
2d36fe5f546a2a0d9cf193511d2a916f,1.0,7550.0,42.0,11.0,64.0,housewares
7209cdb0efeff5f50f20b2ff4cdd511d,3.0,9950.0,31.0,61.0,31.0,housewares
139c42ffabb4d6cd430dfc71d85a5180,5.0,1350.0,44.0,22.0,30.0,housewares
f348ae21168771dfd5b8081e387b4f6b,3.0,250.0,25.0,10.0,15.0,housewares
660c03ec104ffe00c7b8e5a885cbee1e,1.0,465.0,17.0,14.0,19.0,housewares
623eb5b692e915575c7392ca5cd5cd53,1.0,350.0,27.0,10.0,27.0,housewares
37c4348304039a0f963eb67b5eeb0710,1.0,800.0,30.0,40.0,30.0,housewares
623ca22610ff4563843c9568e1f9c870,1.0,9700.0,25.0,60.0,25.0,housewares
51ff0a0f61611dfa94e43c834c949dd3,2.0,1950.0,23.0,65.0,23.0,housewares
6bc7beedbbaefd0dc541f15678e48608,1.0,1100.0,16.0,29.0,11.0,housewares
e6f2a8e19c676520831a07479c0d774c,1.0,900.0,26.0,32.0,31.0,housewares
db01f6d59372f9943ba1b411b59612fa,1.0,300.0,50.0,4.0,11.0,housewares
e2ef692835bb1cebf4df94c3c306e352,1.0,1100.0,40.0,10.0,35.0,housewares
afc6bc70dc56fcf15c7f9f1e4bc67dda,1.0,9900.0,61.0,31.0,31.0,housewares
1f0fa82e30437fd4a2596a4ad75d8ee0,1.0,530.0,17.0,17.0,19.0,housewares
9ba9e0b736763a4badc2d630822c0a1c,10.0,30000.0,60.0,60.0,60.0,housewares
8dc2f396f9c1b21665f94a5caa0ee791,6.0,1500.0,30.0,14.0,28.0,housewares
98c398fbaff6d54ed48439476c7e9844,1.0,1000.0,20.0,10.0,20.0,housewares
a0686391b9b79dbfb9577555719ec45e,1.0,26950.0,44.0,48.0,44.0,housewares
2eb384017334e47db9ccf364216799df,1.0,5500.0,32.0,32.0,32.0,housewares
c7a25fcdfacd75badad0a90956707833,2.0,145.0,19.0,4.0,12.0,housewares
a1d29fcea65a08f06b17d824306628cc,2.0,1600.0,42.0,15.0,24.0,housewares
b2fd74298e16eef2568d2f9dff6042c8,1.0,10450.0,61.0,28.0,28.0,housewares
f1908e24cba4e248afa2380e8d8a1333,1.0,153.0,30.0,13.0,17.0,housewares
7001d71d1ad858e07e5a341649412e76,2.0,550.0,30.0,16.0,25.0,housewares
fbe6d5795a52b760e25a4e9677a2e217,1.0,16000.0,30.0,30.0,30.0,housewares
dd64f2b1807ccb20fcd0ea2a40dd8a9b,4.0,7350.0,56.0,14.0,56.0,housewares
a0498bf8b8ff0c35a6b8c736a71526ab,2.0,1050.0,91.0,13.0,11.0,housewares
b9de40e43fccb6ba53b7eadbd5c49077,3.0,700.0,70.0,10.0,15.0,housewares
fafa1432833bfab02d8039194021bfc9,1.0,800.0,16.0,2.0,11.0,housewares
bdb5e8a591cc4e0b3c77305831c180c0,3.0,2000.0,33.0,35.0,33.0,housewares
dd735a55e6c75fb8fbe93e14d1c3bf07,2.0,800.0,25.0,10.0,25.0,housewares
bb09e8007aff97a9452967b19430cf53,1.0,2350.0,25.0,30.0,25.0,housewares
59cca754c20b7b0322b24dab95a81be5,1.0,6950.0,35.0,30.0,35.0,housewares
c2a1ff8408a1c857c8730e4d12da714e,3.0,1450.0,21.0,17.0,22.0,housewares
2635c3e7db0ac6cb3e733cac61ce0ba5,1.0,628.0,21.0,31.0,18.0,housewares
c88c6b94ef95d151a4c6043e26feae65,1.0,250.0,18.0,9.0,12.0,housewares
cb035acb0af5f79c8ebad476b968574a,1.0,1000.0,34.0,10.0,21.0,housewares
125efe6153a8b6ed25ed7cabdd43c1a6,1.0,1100.0,25.0,32.0,25.0,housewares
829e27d905ccac1f24f6dd5c5898de89,2.0,3000.0,45.0,13.0,25.0,housewares
77d1f94d7eeaaeb36736fd1049e79eb3,1.0,1600.0,26.0,25.0,24.0,housewares
aefb222adb91095556d8aee8ccd7f97f,1.0,4250.0,30.0,35.0,30.0,housewares
000b8f95fcb9e0096488278317764d19,3.0,550.0,19.0,24.0,12.0,housewares
f858dbf7475a6089fc882318b8aeaded,1.0,400.0,25.0,15.0,25.0,housewares
4a6a95ce8da4776d4bfe26375f667985,3.0,1200.0,22.0,30.0,22.0,housewares
8f8496902e65ff58118aab478dc2a55e,2.0,250.0,25.0,10.0,36.0,housewares
1a4eccba16567c9ffa6e98d0f552a883,2.0,8950.0,95.0,6.0,45.0,housewares
8ee15ce472d128e8ea95d9a24c2d397c,4.0,500.0,16.0,12.0,12.0,housewares
0d704e7a1f7ac1c5c03247e845d18f93,5.0,200.0,18.0,4.0,12.0,housewares
9c46567584228684abb9695a398d0f18,4.0,550.0,20.0,15.0,15.0,housewares
ffaaddefb271481c66d4bd79844ecdae,1.0,200.0,25.0,10.0,20.0,housewares
bc2ead3bce545913170e95871fddf5b4,1.0,250.0,35.0,10.0,15.0,housewares
6d2c14b30e95a30ea57059b97cdd9fe7,1.0,2300.0,30.0,30.0,30.0,housewares
389c7d7f59a980be2afbe84d648cd80f,2.0,300.0,16.0,25.0,11.0,housewares
be03d93320192443b8fa24c0ca6ead98,3.0,775.0,16.0,16.0,13.0,housewares
0f0d29cc7928e6e5d01afaa32e77c1e0,1.0,5400.0,36.0,15.0,29.0,housewares
bf59082c832c1a67b92ee5ca73971f4e,5.0,4750.0,60.0,5.0,40.0,housewares
b3a2e35138535549da5449d618352f46,4.0,550.0,16.0,12.0,15.0,housewares
09f3400d8c8a707c448a94f977f81968,1.0,200.0,18.0,2.0,18.0,housewares
97a0fca3502276570a22f65e739f3dcd,1.0,835.0,29.0,43.0,21.0,housewares
33ac1956f1f647da03cb796870feddfe,4.0,4650.0,30.0,20.0,30.0,housewares
1f9f5468776e35e451d4e2eabf10c523,2.0,400.0,40.0,10.0,25.0,housewares
dbdbf03d0f71aa48a4fbe6ac2a5dd2f3,2.0,550.0,50.0,15.0,30.0,housewares
d1a864b43eab0ff2a9181a1ffef72744,4.0,550.0,16.0,12.0,12.0,housewares
60c93709754c1b56d6fcc7187a4810f3,1.0,2700.0,30.0,30.0,30.0,housewares
bcbd68571e8cf6d290a72a280b6b3b91,1.0,600.0,16.0,25.0,11.0,housewares
eb58d9eb4488178a84d9df65e7a42ad4,2.0,920.0,50.0,10.0,40.0,housewares
0c0caad13e2d2bf4efb9856075ad1120,4.0,6700.0,64.0,23.0,48.0,housewares
a5e74dc2d01e8b9df1590c7160358273,6.0,7250.0,45.0,19.0,45.0,housewares
81e32892fb8587aa24b175d42bb6bfcc,1.0,2075.0,47.0,26.0,21.0,housewares
75a97eddd2c4f87073f7ae075a32989f,1.0,400.0,30.0,30.0,30.0,housewares
80a43af9cebbce401a0e92603326450c,3.0,213.0,23.0,11.0,15.0,housewares
21634fadc73ca34ac36813b02f1f10c8,3.0,800.0,44.0,14.0,35.0,housewares
24016cd8f7a556eaaf043552e23df9f4,1.0,650.0,25.0,10.0,20.0,housewares
495f1884e16937f2eb31508ffd9c4162,3.0,4900.0,46.0,31.0,38.0,housewares
48abab76a7346e27ed907fed3f388483,1.0,4900.0,25.0,60.0,25.0,housewares
79a0f9f823d85410833d712d89666717,3.0,1400.0,39.0,18.0,27.0,housewares
d9cb2ed0c6d5ccdd1da7ae9e8cad120c,5.0,10300.0,45.0,28.0,45.0,housewares
a999d76a7f3637ea493214fba43b5470,2.0,1200.0,22.0,12.0,22.0,housewares
dd60cac04e6bcbc919cb1c7dcc473211,1.0,900.0,45.0,20.0,25.0,housewares
e90ed53e840b695011804e816dc3bdd6,1.0,20100.0,42.0,63.0,42.0,housewares
b8dc4867c94b411e2b801a7ec790a4d2,1.0,700.0,25.0,21.0,21.0,housewares
54d2c5fad57672a4137d94c034827a13,1.0,1100.0,91.0,13.0,11.0,housewares
73064dfeb27bf7cc4599c2f842438bad,2.0,900.0,16.0,13.0,13.0,housewares
a9bee48e0a7a18e54e069c38a97e8b6c,2.0,400.0,30.0,4.0,17.0,housewares
fe1ee1f8bfbb79fe10856189a0c35229,1.0,1400.0,33.0,26.0,28.0,housewares
67386fbc7551e00d4ec499bdfb317683,1.0,667.0,25.0,25.0,26.0,housewares
5991d036c20c6afec567cb3b852e616d,1.0,1400.0,30.0,30.0,30.0,housewares
60583a83a08e3bb8c9fd974983021a34,5.0,3600.0,46.0,19.0,32.0,housewares
f8d3e4ddff67f24dc2e481c6ed11c505,5.0,750.0,28.0,20.0,28.0,housewares
50e08517d3e71a6c24abf633e8d88ca1,1.0,1818.0,33.0,17.0,26.0,housewares
7a73e747f2af0ee8647b325e69812acf,1.0,2200.0,16.0,44.0,34.0,housewares
ebc5d9dbe580179bfd3d098c54748f56,1.0,2800.0,25.0,10.0,17.0,housewares
ecf23a6c1689e2bed38171ececac6138,4.0,1700.0,16.0,17.0,17.0,housewares
b988dcec4901f325d06b162e02b3c5d6,4.0,500.0,16.0,12.0,12.0,housewares
74850f45482382bc80f8000b2441d5b1,6.0,1300.0,30.0,10.0,30.0,housewares
5e8b2f0b5ddd10cbaa498bc106065c2c,4.0,300.0,20.0,20.0,20.0,housewares
f70745e4fa89a660ef5a526eca67aac1,1.0,1750.0,16.0,30.0,12.0,housewares
08279c494018541f71443c07d77560f8,2.0,3150.0,43.0,27.0,27.0,housewares
1ec5253cf0b6d3a31b822770cfa139b5,1.0,9000.0,50.0,14.0,50.0,housewares
f7f7214af35d79cb0baa6038fdc65e2c,5.0,1700.0,32.0,14.0,28.0,housewares
5cd974d57ad85f7d1dfa45acba5e2028,2.0,800.0,16.0,20.0,16.0,housewares
5ca74d8f42be38f8c0c5916ab6ad9ecf,1.0,788.0,28.0,24.0,30.0,housewares
ff25a6dd5b0db59bf1f8977c272270d0,2.0,750.0,20.0,20.0,20.0,housewares
c770c3d5ab511e88a96d387bdb0b6ce0,2.0,1100.0,48.0,24.0,23.0,housewares
74f100d8dd6df588c51132be07ff50f2,1.0,250.0,19.0,2.0,11.0,housewares
7230cb7a5b93cff3d0869183495f053f,1.0,5200.0,40.0,20.0,30.0,housewares
b82d5f6663839dfbac5ce278a4b6b5d9,1.0,3133.0,21.0,20.0,21.0,housewares
c956bde83b283fe27c438080dcb246c5,2.0,7250.0,32.0,28.0,27.0,housewares
6b5170a2d3ae93a38e63f17b356da239,1.0,1200.0,28.0,8.0,13.0,housewares
e132c414f9160348b91b777cd060f815,7.0,1500.0,22.0,29.0,22.0,housewares
3003a2841d6a775095317139ed2f7943,1.0,1205.0,39.0,24.0,23.0,housewares
007c63ae4b346920756b5adcad8095de,1.0,2800.0,30.0,30.0,30.0,housewares
c73d6ef7bae692425ef183569ae8f96e,1.0,13000.0,60.0,39.0,58.0,housewares
d529c23aaa143a69fea24ed9c77a1675,1.0,7150.0,35.0,28.0,32.0,housewares
840b41c3044d2b09db4933d48cffa924,1.0,505.0,17.0,17.0,19.0,housewares
bcc964ed123bd73528eefd98c8ce6726,1.0,300.0,23.0,5.0,16.0,housewares
d068b5273f2823a2b01f34b7175c5e50,1.0,700.0,25.0,41.0,25.0,housewares
09cee4288906c4cff9cd235f33dc0ec0,2.0,4800.0,39.0,26.0,39.0,housewares
72348c2ae355b4d8c6680ca93a8e263a,1.0,3200.0,81.0,7.0,60.0,housewares
fa5495aecccab59767b3f761cee47664,2.0,150.0,16.0,11.0,11.0,housewares
4ae289635418a8110ea2d5fb86472c63,4.0,1950.0,35.0,29.0,12.0,housewares
881223d7f9d9b37d73991a890b510ec6,1.0,3400.0,42.0,9.0,32.0,housewares
99f84efaad4ec3bc71502bb7e6d8f8e8,1.0,8250.0,28.0,60.0,28.0,housewares
12679a5fde22662b441abe4f754345ae,1.0,10825.0,48.0,35.0,45.0,housewares
31b2d2c76c5862d941847e7a99172bc0,1.0,700.0,28.0,24.0,28.0,housewares
bebcffeb66bcb8af8112dba655b1c1c3,1.0,6200.0,39.0,31.0,28.0,housewares
c11bf15a30096a9bd622cd856a433136,1.0,500.0,30.0,10.0,15.0,housewares
2de5cccebd19a4c9731ebf3a29f8da53,1.0,3000.0,25.0,51.0,25.0,housewares
d7902920eb6a27359c214425f69523bb,1.0,800.0,16.0,35.0,32.0,housewares
ada2ac19cb9679b781e5b38e56aceb3b,1.0,1600.0,30.0,30.0,30.0,housewares
3445f53a6bf62fbee7c9ead1e311d621,1.0,5050.0,36.0,31.0,27.0,housewares
ae1d83f17a79da9d43ac1284316cbf2b,2.0,1100.0,18.0,9.0,18.0,housewares
8b0d2841b3c1d9a16e7e86fce9a35a78,1.0,2900.0,25.0,25.0,25.0,housewares
b694ddbde0943a2ebcaa7bb2777dbf4b,1.0,2650.0,23.0,23.0,23.0,housewares
a2383392185fd006ff9117e6a8eb2afb,1.0,7150.0,35.0,35.0,35.0,housewares
e297db380aba505a729f00cd61b149d9,3.0,425.0,41.0,12.0,13.0,housewares
0a04f0225fa364dc9192421b1a3fb139,1.0,6150.0,35.0,35.0,35.0,housewares
4b70e5e2b965baa6e9bae5b0d8a54ef7,1.0,950.0,30.0,30.0,30.0,housewares
9b89ab91efbb4750c39864ed0262711f,2.0,1850.0,25.0,10.0,25.0,housewares
b3e62451b0073eb78f48426d3832b8d2,1.0,1950.0,25.0,23.0,21.0,housewares
641aef802951b7cb93574143819fac79,2.0,650.0,35.0,20.0,25.0,housewares
12e3a68b273ba72f5b5d7bbf73bd16be,1.0,6100.0,22.0,26.0,22.0,housewares
753d279facc7d9ca90f2e8bfb2bab052,3.0,600.0,16.0,12.0,12.0,housewares
22c28492de598515578d252acb18e21b,1.0,727.0,21.0,19.0,22.0,housewares
9269d6409ec9f19cad883b2c1aa206d9,1.0,9750.0,42.0,28.0,33.0,housewares
a4ec3aca85c0421e2cd607dc03162791,3.0,3500.0,51.0,8.0,35.0,housewares
1e15e15a2cf0210505c942496b19c917,1.0,700.0,45.0,16.0,16.0,housewares
96e7e4dc5b1964302aa4e183c428f925,1.0,5800.0,40.0,39.0,45.0,housewares
7d6bf2a74c5881cd8f7159032ad593e7,1.0,500.0,16.0,18.0,11.0,housewares
f3dfe1ebf34697e381de433829e7439b,2.0,183.0,17.0,13.0,12.0,housewares
e74c906e50417096a9c1fb2c5860b010,1.0,5900.0,65.0,12.0,45.0,housewares
ea10285afcafd4d505a539481c9c576b,2.0,2150.0,45.0,41.0,14.0,housewares
04c200c7067838a36677c2cb65f90987,4.0,375.0,16.0,10.0,18.0,housewares
1bbab10ac1cf79799f5c997e4817c46a,3.0,425.0,18.0,18.0,18.0,housewares
627d58d6a24ab3695604a3c4d8fb8e48,8.0,825.0,43.0,19.0,18.0,housewares
86ace59cc2c5fc5aba374641f4090e54,1.0,500.0,18.0,16.0,16.0,housewares
b3cd491b3a347c8becc23fa5515440f9,5.0,15000.0,52.0,28.0,52.0,housewares
79f6572780845bf4fa186acf04e4f67a,1.0,800.0,16.0,20.0,15.0,housewares
1f8fc2e117826028a2f1ad01a8638d62,1.0,4050.0,32.0,32.0,22.0,housewares
aa42f2680f5e6e56c11150b064101e2e,1.0,17300.0,40.0,70.0,40.0,housewares
c1b63d4c57e9d56a827fdb72afeaa246,1.0,550.0,26.0,9.0,11.0,housewares
d338b69b9fffb4c3bd206b5350406873,1.0,950.0,25.0,32.0,25.0,housewares
a2c98a9d7f6f4906717d7994e8a32e7b,2.0,1350.0,28.0,23.0,25.0,housewares
451f6a5c5b15c9c5819256be358df9f0,6.0,1250.0,28.0,20.0,28.0,housewares
ada800a927673ac73cdfbbd2c832331b,1.0,2350.0,29.0,34.0,16.0,housewares
a925c2de748323d87a9a854884672e03,2.0,350.0,30.0,10.0,16.0,housewares
1cb7476fb94699f09e7efa70f8ea659c,1.0,300.0,26.0,2.0,11.0,housewares
b5425c2d45ee77117cf4c0305b97048d,1.0,1100.0,25.0,32.0,25.0,housewares
c972f4335f5cbefd22a5826ee661ac93,2.0,450.0,20.0,10.0,20.0,housewares
0302c3fcf5e2d9526e243db50d30d5e3,2.0,200.0,30.0,11.0,25.0,housewares
85df056390074964b49be3a497aabd9a,1.0,190.0,16.0,16.0,16.0,housewares
a025e125dc2c294425e91e9cb1a01789,2.0,1900.0,45.0,7.0,35.0,housewares
ea2999d120b8644995f93e02aa9660c3,4.0,2550.0,53.0,25.0,20.0,housewares
ee8138bcca833152a19543702228ee26,1.0,400.0,16.0,75.0,13.0,housewares
f532ec9a55ee4e466e1c8fc913563ad5,1.0,6300.0,60.0,25.0,25.0,housewares
48439f504c6167993f54e682337d62f9,1.0,518.0,24.0,16.0,25.0,housewares
96ea060e41bdecc64e2de00b97068975,4.0,5150.0,70.0,9.0,40.0,housewares
7afa8c8eca2a26b599823eed4975a820,7.0,2600.0,37.0,24.0,37.0,housewares
3b09eb8e2d6bb856f77327ebf539e959,1.0,10050.0,30.0,30.0,30.0,housewares
ee8fd939043419b2441f6000c21be00b,1.0,1950.0,47.0,15.0,35.0,housewares
9fd2d186bbd4017f2d86295f69334cfc,5.0,9100.0,39.0,39.0,39.0,housewares
cedca54b861ec6e18cffbef54701b139,3.0,300.0,21.0,7.0,15.0,housewares
0de9e97aea20a7497e01b63e7788e43f,10.0,30000.0,100.0,66.0,32.0,housewares
6d637634f7ac8e9bd62dcc5fa03e39da,1.0,1100.0,25.0,25.0,25.0,housewares
ca5861c2b694c968ae74e0a6ad72790e,1.0,700.0,20.0,50.0,20.0,housewares
98ad26989524a790f1d29686025b6fcc,1.0,750.0,35.0,20.0,35.0,housewares
60f1546ceca9c1dfd87b26c9c6482846,3.0,5900.0,65.0,12.0,45.0,housewares
1311325a082990d7e80142ca0c245fcd,1.0,9600.0,54.0,28.0,38.0,housewares
59f09deeea7c839a9212a19f3416b892,4.0,30000.0,60.0,66.0,29.0,housewares
6fc29f9edcdf5b8a70c15131501620e7,3.0,200.0,18.0,6.0,11.0,housewares
e1963d980dceccd99cce847556e111ae,3.0,1500.0,30.0,24.0,20.0,housewares
66077cc774ac8ba7c7fcb45fd8e03474,2.0,3121.0,42.0,25.0,30.0,housewares
4def1f32b0559201dd2a302999c95eae,2.0,300.0,16.0,38.0,18.0,housewares
ae27a5524edb2c8dc4656c670f458fb7,1.0,1000.0,40.0,28.0,28.0,housewares
a72c3f9fbd717831d5ec534cc276f126,1.0,150.0,18.0,10.0,18.0,housewares
8e0f2a25d10756a2202d5d7623e03449,1.0,10150.0,40.0,30.0,40.0,housewares
0a407038cdb51df51fa8d01c54fa05f0,1.0,5550.0,35.0,28.0,32.0,housewares
81e11b02560e506662f5d75a88b94fa5,1.0,8700.0,19.0,48.0,27.0,housewares
e343a7fbf868e28cb3f80ef0f6d9300c,1.0,1950.0,40.0,20.0,32.0,housewares
675f7d81de5e3dce0491b9b0ce921748,3.0,1535.0,10.0,15.0,14.0,housewares
ab41c983278bb09dcaaa91943d3250d7,3.0,300.0,16.0,12.0,12.0,housewares
f0d1b9adbb40033054296d0ce2581aea,1.0,450.0,30.0,25.0,25.0,housewares
552dadda0dee43a4a55b7a05992a174a,1.0,650.0,20.0,30.0,12.0,housewares
54234b8d25e66201fe043b2fdcfa8e6e,3.0,676.0,23.0,14.0,17.0,housewares
cbdb31ccb8741d52e26bf2a42c1648d1,1.0,2300.0,50.0,11.0,50.0,housewares
380db7678ce8fd2e3c80de130bc32fbd,1.0,325.0,27.0,8.0,14.0,housewares
2abf28861922ed5da75726c7f3eb58f4,3.0,1000.0,20.0,15.0,20.0,housewares
e2095018c250b68d73a98ba81f1e5f59,1.0,5100.0,36.0,15.0,29.0,housewares
9d4db3c01961c5e9d8a50e1c0b1fa2d1,1.0,1000.0,29.0,29.0,11.0,housewares
2d5fe303346a3a5650b3b115dbb4b699,3.0,5500.0,60.0,12.0,38.0,housewares
30ac6df06dc59ad72cf2f158fc2d904c,2.0,16550.0,22.0,65.0,40.0,housewares
837643365f350dac5b859c5c65ba9b4c,4.0,635.0,25.0,19.0,19.0,housewares
7caf32b90e6fbccc6a37ee8633644895,3.0,10300.0,70.0,20.0,33.0,housewares
ec743e758e4f6c47b4b9e73ddd129e86,2.0,900.0,16.0,27.0,35.0,housewares
6fd3f7378cd65325e10cb21733778416,1.0,800.0,23.0,18.0,23.0,housewares
4b2422ebbc6723e80f355b11b4d8fba0,1.0,370.0,17.0,20.0,15.0,housewares
78f9e0fb082486f571595a1875c306c8,5.0,250.0,16.0,7.0,12.0,housewares
d2f99bafeba89693c208b6f7a82168e5,6.0,500.0,25.0,12.0,12.0,housewares
7bbc646134de228a74392d8407d16df8,4.0,800.0,29.0,19.0,21.0,housewares
6ed6fb2418af24e9d020b1c4fd7028fd,7.0,217.0,17.0,12.0,13.0,housewares
b0619e7ec34ce21283851c82f5189caa,2.0,3320.0,55.0,13.0,40.0,housewares
18becf80f3bb277fc07eee177b32cad2,2.0,3467.0,47.0,23.0,31.0,housewares
705be5f57de9f02f46b9b2ac3f7ebc8a,2.0,750.0,35.0,36.0,35.0,housewares
cb0fe29b88df5b43cb3d434b6b0e8db4,4.0,1525.0,65.0,10.0,25.0,housewares
32a0c903321b383d2df2bb7d835ad2e8,1.0,5000.0,88.0,58.0,13.0,housewares
33fd25c03ded294654c7d7ed6677c475,1.0,4213.0,35.0,17.0,22.0,housewares
4754d89182db4010eabbf20da5fb7191,1.0,19300.0,49.0,51.0,41.0,housewares
8f08d9a3c02538bfb6110150a8bbad07,2.0,450.0,18.0,19.0,18.0,housewares
4d496091a266c21966fc846720b8435c,1.0,1000.0,21.0,23.0,22.0,housewares
f62ed10e188737a0f5e98e5d7c21c442,1.0,1500.0,16.0,24.0,11.0,housewares
66a4ac0f9c73e92afc9cb7566977ef83,5.0,1000.0,18.0,12.0,82.0,housewares
fdad06d08341796c0a7975fcaaba7a2e,6.0,650.0,52.0,8.0,12.0,housewares
155a2d804e1562dedf47f5a300115c7c,1.0,1600.0,35.0,10.0,35.0,housewares
8b3fe8c89624abf9d932b87faae6b587,2.0,6050.0,77.0,11.0,33.0,housewares
0786b87f44a44896ee0a59373edfcc50,1.0,3500.0,40.0,32.0,40.0,housewares
e38e0b558340e87a62ebeacc7b83d8d7,1.0,400.0,25.0,15.0,20.0,housewares
22b389f7d49493889ceda26c606ea0af,1.0,1250.0,16.0,16.0,25.0,housewares
e9b75636f87ff4fff561c833726f17c0,1.0,18750.0,44.0,93.0,30.0,housewares
5abfadaca53239a9193e09288bcd7db6,4.0,2200.0,32.0,24.0,32.0,housewares
37a4e50cc932108a1a952dcb9c15b0e7,2.0,600.0,35.0,30.0,16.0,housewares
a842674062d24231d49b8a938c6bb439,1.0,700.0,35.0,2.0,35.0,housewares
0124d1581f26143e988b8e1a4b7adab7,1.0,250.0,16.0,22.0,16.0,housewares
06f24f9b9f5892496a4db38e42a6acc7,4.0,1050.0,24.0,32.0,24.0,housewares
06820914dffb81de2d15a50e693259ba,1.0,400.0,35.0,11.0,20.0,housewares
883cea107372a7f07b5830904f74952d,1.0,1125.0,36.0,43.0,36.0,housewares
a72d9b5dc60e2abd5063eba3b18d1e86,4.0,300.0,27.0,9.0,19.0,housewares
01a9707790aab6855a6438b92c4c396b,1.0,400.0,16.0,16.0,15.0,housewares
0950783476d3f6529a03b28fcac219d1,1.0,1350.0,28.0,34.0,30.0,housewares
4a0356df7b44fc692a2dbd9c5a67a1da,2.0,1000.0,20.0,20.0,20.0,housewares
01a184b7d8422cd95e9cf2a8cff32b5e,1.0,1287.0,32.0,25.0,35.0,housewares
20d5583ac76a88720b002f353afec2d0,3.0,450.0,40.0,40.0,40.0,housewares
a55c51c1c5ef5e5d891b75fe02c21582,1.0,1500.0,20.0,25.0,20.0,housewares
03078714f1e3f3758555f67ff35b4b01,1.0,600.0,16.0,16.0,16.0,housewares
f32f6e5a56335f914976e4ad65731520,5.0,11800.0,45.0,28.0,45.0,housewares
d48e60abb2b51506a3d71d3552db7f96,6.0,150.0,16.0,16.0,16.0,housewares
b8dabeb598db5ace52983a669b90238e,1.0,4850.0,30.0,30.0,30.0,housewares
c27df507086d93624b884157a75f45e6,1.0,710.0,20.0,14.0,17.0,housewares
e254150e5ad257907453bd5520208c74,3.0,300.0,40.0,5.0,40.0,housewares
4cce2fad3d2dec6f82510d2521aebdd3,1.0,1100.0,20.0,25.0,25.0,housewares
68076570f98ff29f0b1a09085bd85037,1.0,400.0,16.0,17.0,12.0,housewares
cbd27a4cfb94137cd08a4fda812d686b,2.0,50.0,26.0,4.0,19.0,housewares
02623b0e4e6b951aefb23575de1f3886,1.0,1600.0,25.0,10.0,20.0,housewares
d95f03455f14fd566743964beef46ff0,4.0,9800.0,31.0,61.0,31.0,housewares
d07c0177e489e871713b83a518446ac7,1.0,1750.0,30.0,30.0,30.0,housewares
8d1e9f9f3d7126c5ccdfb50c10c8e444,8.0,2500.0,50.0,11.0,24.0,housewares
e0bb3159111d86828b5caef8725ff055,1.0,2500.0,30.0,6.0,30.0,housewares
478cf0d317ccab62d1483a637de8df14,1.0,530.0,17.0,15.0,19.0,housewares
d7eb9229e8b6c34f6d8333caf9533f69,3.0,2800.0,20.0,60.0,20.0,housewares
7239a6e2e573d13f4a62f90868e40264,3.0,800.0,21.0,7.0,21.0,housewares
cd3f4942e46362adc32589ff1a90e3dc,1.0,4050.0,26.0,26.0,26.0,housewares
d498e8a880bdf3d26e2b9b3e92c4f424,1.0,2350.0,16.0,20.0,11.0,housewares
bb611cf1352bf9b347e0a3ea5e70fc46,1.0,5100.0,34.0,51.0,34.0,housewares
233284251960ee2c45f3bc9e68731630,1.0,1600.0,25.0,11.0,21.0,housewares
3e6f2d0265ff6265eb639a8d3027f5a3,1.0,1283.0,33.0,22.0,32.0,housewares
d97f2d7642b06661e99578b3455f5d58,4.0,350.0,17.0,12.0,12.0,housewares
6711154203fd685dabc8bf121fb9fde4,4.0,2075.0,46.0,14.0,26.0,housewares
ac59913424838af366eb7b8cd73a4bcc,3.0,6900.0,37.0,30.0,30.0,housewares
5b72869222be7f5cc7329bf74f01f6bc,2.0,700.0,31.0,14.0,31.0,housewares
87805e636e977dafc7329bb3c4a383d6,1.0,525.0,18.0,22.0,16.0,housewares
b250756c5f34998033b1811801686a0c,2.0,1840.0,90.0,4.0,43.0,housewares
ede30543a08093f6211aae6c721fddc3,1.0,350.0,22.0,10.0,16.0,housewares
c664fefd1535d526b427ea18dab22bd3,2.0,650.0,25.0,16.0,17.0,housewares
a7216be504e1ff211b67479ab193a552,3.0,5200.0,50.0,23.0,27.0,housewares
3631b85819ccd66432f8e4b5fb568cf2,3.0,150.0,16.0,9.0,11.0,housewares
c224f464aeeb2c6af33f0682a181efa7,1.0,12600.0,16.0,2.0,11.0,housewares
b891c682fc2f37ea421cd3bf2f4fcd00,4.0,450.0,16.0,25.0,11.0,housewares
6ac3978babf6ca76087369391bb6ce5a,2.0,1683.0,25.0,22.0,22.0,housewares
3c839ed874f2e0444a38bfc8daf5ad5e,4.0,9550.0,29.0,66.0,29.0,housewares
9fd8c99aa3c0ce6aa140bc8cce4ce462,1.0,1250.0,23.0,26.0,20.0,housewares
e919bdbe0314f5cef7d86707f9d89c1e,1.0,675.0,18.0,21.0,16.0,housewares
7abbaef823e4f46c3658df45933a06ae,2.0,1600.0,30.0,30.0,30.0,housewares
140864d89d0171d33aa847a99fbb1787,1.0,1205.0,31.0,15.0,23.0,housewares
2794308672e65bc5a970a627ddb9b0f1,1.0,500.0,105.0,19.0,13.0,housewares
33a8f9ff2a9a41c0c49a24d12e106151,4.0,350.0,20.0,8.0,13.0,housewares
4338d9da0d2fabd85d1f0adb30b2789d,1.0,250.0,20.0,13.0,16.0,housewares
2fa0dd76935b81bb4fe9cc959138758d,5.0,200.0,30.0,10.0,20.0,housewares
1dddcf66e6d46f1b94005221d92c6eca,1.0,5550.0,38.0,14.0,14.0,housewares
84ec53de4608c94e064a22e2840807d2,1.0,1400.0,30.0,30.0,30.0,housewares
28ac6d1bba15836f62a2a4a561aa89fb,2.0,900.0,45.0,10.0,38.0,housewares
1e2d91422457309faff377cfb67db149,2.0,6250.0,48.0,30.0,32.0,housewares
c571ff0670b81b663ed2dd31338c5ad5,1.0,500.0,16.0,18.0,17.0,housewares
dd995c28b8042ed14cdc71daf16dc2cf,3.0,950.0,27.0,14.0,18.0,housewares
1e303cde4e3a92980a46ccb221a22e11,1.0,2700.0,42.0,14.0,12.0,housewares
dd2f30521d540d49a7f2b94cbc99a4d1,1.0,1150.0,19.0,22.0,19.0,housewares
d00f6c52d2730de05fb409f09ab6e732,1.0,2150.0,30.0,19.0,25.0,housewares
a62b367ed54e81983ba07fdb06d405fb,1.0,1750.0,16.0,31.0,12.0,housewares
57fd9b6a2704d7c8c9c82380c2e60f83,1.0,1400.0,30.0,30.0,30.0,housewares
f72f94500a6463e91cc9ad3a4fa04234,1.0,275.0,18.0,18.0,30.0,housewares
08c63555bbee955cad9c6a9feab9e9d4,1.0,11350.0,43.0,35.0,34.0,housewares
f8abc2230f8edcb57a082b6ef696e481,1.0,2200.0,16.0,21.0,11.0,housewares
4040bd73d3a2de25d369512db5aad42a,4.0,1400.0,32.0,14.0,28.0,housewares
9f7878d3613e4e7f43b8a4860267a8d3,1.0,1150.0,103.0,4.0,34.0,housewares
e84bf31698e5842d605c5aa9cfc8b02a,1.0,1150.0,25.0,25.0,16.0,housewares
c888fc3b5c58172f23548aa2bb94a8d6,4.0,5375.0,29.0,31.0,41.0,housewares
67f95d5d22a25ae3c8c0651319c7d355,2.0,681.0,39.0,7.0,28.0,housewares
2b4042dfabc3fe9d3f16951a8e1a3b70,3.0,900.0,38.0,9.0,21.0,housewares
3379df99dfd26b916bb666847bedab3e,1.0,3250.0,35.0,55.0,25.0,housewares
cb6d69daafeddab34122e1de88e1274c,1.0,1850.0,25.0,21.0,21.0,housewares
a67862541af347668d69290d8951beeb,1.0,250.0,30.0,30.0,30.0,housewares
3a98258169bd8ad50f374ba4e8bf94e1,6.0,500.0,50.0,15.0,12.0,housewares
0d5837a2580f92e18e2d1b5f7fa70c2d,10.0,30000.0,60.0,70.0,60.0,housewares
cbecf0dca7a42c56c9ad9e20c74af1fd,2.0,1110.0,20.0,20.0,18.0,housewares
a224196b0b605fdffac1d9224f052ceb,1.0,1100.0,40.0,10.0,35.0,housewares
1c6cf85f4af5c2787a812d273b836c01,1.0,2300.0,44.0,8.0,32.0,housewares
437caf429e4e9beec15877117a13bb45,1.0,450.0,37.0,3.0,12.0,housewares
e06eb527f0a6ce904044687bd2faa582,2.0,800.0,46.0,10.0,35.0,housewares
34dfc6386b7550503bd2e582ef45d041,1.0,3900.0,81.0,7.0,50.0,housewares
708b3e08e966021acf10680d35ef9001,3.0,10000.0,61.0,31.0,31.0,housewares
34dcc2f0a890f961ee6252a1cd6ae3f2,7.0,30000.0,60.0,65.0,60.0,housewares
d76c9aa6123ceda9cd490fb2301c1cb4,1.0,2200.0,50.0,10.0,35.0,housewares
6a622dda60b04364ef5d8b59644b8afc,10.0,8600.0,36.0,25.0,35.0,housewares
0891f8ac9e3d7252ec5c162da0b0b86c,2.0,500.0,16.0,10.0,12.0,housewares
e4b6f030d5280d30656abaa4ee64ef81,1.0,5300.0,35.0,28.0,32.0,housewares
6a03d0111afb13361088ed0e23d9ac12,1.0,4850.0,16.0,35.0,35.0,housewares
ee188b2353254fc5117468bfab1e789f,1.0,750.0,16.0,26.0,11.0,housewares
8513feffb6292582dfa47ffb6f73fa35,6.0,6750.0,45.0,19.0,45.0,housewares
6a83dafadbcf4112388e8173860dd3b7,1.0,1245.0,58.0,12.0,60.0,housewares
d8ec16e6a36ef1ab1a9e68d57399a00e,1.0,2250.0,30.0,30.0,30.0,housewares
77218fc106572162d14c91c0e4bfbcca,4.0,700.0,20.0,20.0,20.0,housewares
1cd7f362c94c8a3a854103a8da2d8f43,1.0,1250.0,26.0,10.0,26.0,housewares
f528f03aa56d5cd1ed6b807599adcd9c,2.0,850.0,42.0,11.0,22.0,housewares
7fe3f176f02fbc85e3f9d24e0f34e860,5.0,400.0,27.0,8.0,12.0,housewares
7e607b94237290f5b1d1f69d5664f33f,2.0,1550.0,30.0,20.0,20.0,housewares
9798f14fd2be3c482aaff824a05ac605,3.0,3000.0,50.0,35.0,15.0,housewares
ce01123f60fc72dfaf1e9c525b0ba71d,2.0,2000.0,25.0,35.0,25.0,housewares
f522a110bd19cb7c8b5778828768f342,4.0,2600.0,50.0,10.0,30.0,housewares
63ddf5df9f36e2fb2fc11b3894222c31,1.0,600.0,26.0,14.0,14.0,housewares
d43c65f300c5cfaae005f1f954fc0b15,2.0,7450.0,23.0,80.0,12.0,housewares
2402257ef60c01379113638864b21035,4.0,7300.0,45.0,15.0,34.0,housewares
86b7e59b8c6473f95f439aa2d445d879,1.0,1700.0,33.0,12.0,33.0,housewares
48aacddd51c3196ea66bf15d9f131c6b,2.0,649.0,16.0,18.0,17.0,housewares
64fbadb8e3f6a0ac76c38ab230d661f9,1.0,11850.0,30.0,36.0,46.0,housewares
dbb4ce89c8ed5fb6fd901e2e51093179,3.0,2200.0,48.0,25.0,25.0,housewares
1a6c9da4039deae58c2b769f049ae121,2.0,2650.0,31.0,16.0,16.0,housewares
5ef85fbb12f3f0fef4e3f96985c092a0,1.0,1300.0,32.0,20.0,22.0,housewares
ee56c010c47882613d271e40703165f0,1.0,700.0,20.0,12.0,12.0,housewares
8fbcb15797c830eb81cb3368ffe4a851,3.0,750.0,34.0,8.0,30.0,housewares
4e0dbe365a79679e8072f9ce716d3f5d,7.0,6125.0,40.0,23.0,25.0,housewares
962fcda8dd2506e82cb237b3efb5ba5a,4.0,18150.0,50.0,50.0,41.0,housewares
e8de73291c6283e59972a8c25edf40be,5.0,400.0,18.0,4.0,12.0,housewares
b12ba6fb4716c6732dc00c5f84466dc8,4.0,11250.0,38.0,28.0,32.0,housewares
04566e1a1afa83470b25c2642706fc32,5.0,7800.0,33.0,35.0,33.0,housewares
385eab549097bb2081464eab661ba575,1.0,700.0,38.0,7.0,11.0,housewares
f9ebdbca177cfdb1be1ea462e9dacb82,4.0,800.0,23.0,10.0,23.0,housewares
750dcfda0a9788bba89c94bb82a322db,1.0,7350.0,25.0,62.0,25.0,housewares
3f65341957930c6c7cb9b880151dea7e,1.0,585.0,17.0,14.0,17.0,housewares
c2a7775e16b4ac0e1e9d78c9e8c9e825,1.0,350.0,21.0,21.0,15.0,housewares
266bc9a69487d12f125e4af1b5da3d32,1.0,6800.0,40.0,19.0,35.0,housewares
24d1e0447bc0f9b43af49837d0a4efd8,1.0,1150.0,16.0,30.0,12.0,housewares
ee9bbf77fd02094848375de9fe61807c,3.0,1000.0,23.0,13.0,23.0,housewares
5b7c32f42abb2937624d6a8452edae3b,2.0,1550.0,45.0,10.0,35.0,housewares
0c7dc9fcaa503c2df26419c747b39fd0,5.0,8350.0,40.0,28.0,40.0,housewares
66fc767a58575873dad11a4c717727dc,5.0,1550.0,35.0,14.0,27.0,housewares
f9f6774998bd81c81d3ee6fe9f7e9368,1.0,24850.0,50.0,60.0,40.0,housewares
02934e6f6fe473ea19f3e42b9deb9b59,3.0,435.0,16.0,35.0,11.0,housewares
3a0a670620f51d9287a85a9d81474dc0,3.0,1250.0,32.0,18.0,32.0,housewares
d277575e1037433ac436acc7b8ec4ecb,3.0,600.0,20.0,16.0,16.0,housewares
94dc79036088835c91a1608825b3207d,1.0,17050.0,44.0,44.0,25.0,housewares
566d84921b4311ddfda6ea8b04a2678f,3.0,500.0,20.0,15.0,15.0,housewares
c3f7eb8e0fbdf18288a87f5f2f1c0501,1.0,2200.0,30.0,40.0,30.0,housewares
888c70e66e6ead36f2269484a6813212,1.0,1100.0,16.0,26.0,12.0,housewares
1f67ce45ef6e16a7f2f56674dabd5f40,3.0,700.0,16.0,12.0,12.0,housewares
cfc9c664a619052e66f93ce4c67bbbd5,1.0,350.0,30.0,5.0,20.0,housewares
74abbd4c45937617ba2dd47ec1f7b581,3.0,490.0,19.0,15.0,15.0,housewares
22f799df8d5495f40f6ed3cc8b18b712,4.0,700.0,27.0,9.0,19.0,housewares
75cd6bf033fa32fbdb357d28b65798b1,1.0,1000.0,16.0,30.0,27.0,housewares
708281087dc97b0e50baa8891e741d8f,1.0,1000.0,21.0,23.0,20.0,housewares
8a69fc3b5330f7b77ca1a290dfafb133,1.0,1600.0,20.0,29.0,37.0,housewares
baba1ceb37487865e4b4b2589292d258,1.0,24400.0,44.0,93.0,30.0,housewares
1b5b6bd531d2e0b1650bbabac62fa352,1.0,7900.0,62.0,28.0,28.0,housewares
e9b03e53bc8b774eeaebb8ffe5990483,1.0,8050.0,22.0,52.0,42.0,housewares
eb2dc4f9478b65dc24f0f770d6bf3eb6,2.0,500.0,36.0,4.0,28.0,housewares
aa829330d8c41c82f96b3252043c6791,1.0,2700.0,37.0,18.0,28.0,housewares
2d7a8b0a6a788d4dfaf9094bf36254c9,4.0,10050.0,45.0,15.0,30.0,housewares
f5631d616c09c9460e248cb5d27909b0,1.0,3350.0,34.0,12.0,26.0,housewares
e9a69340883a438c3f91739d14d3a56d,5.0,3000.0,33.0,12.0,34.0,housewares
3d4609bbecb3db49babe621f46b1b8fb,3.0,300.0,25.0,10.0,15.0,housewares
108f543335771c62fd62bef0dfc035bb,1.0,1350.0,30.0,30.0,30.0,housewares
13900a14a66366f79faa0ff07fe354ef,1.0,1150.0,23.0,30.0,23.0,housewares
ba3a1ee42fbee80933b0d24a275827f0,3.0,15250.0,80.0,20.0,33.0,housewares
137463a11feed96cfc9fbdd97d4e2403,1.0,250.0,16.0,2.0,11.0,housewares
6919241018b4c410a2e1e4f7fd9ff224,1.0,650.0,28.0,11.0,19.0,housewares
aeb4d384616f8c5017174084bf6c0ac6,5.0,3900.0,20.0,15.0,30.0,housewares
4039be757013ccb66cb41d683261dece,1.0,3000.0,85.0,10.0,50.0,housewares
06016387c52742ed3e0a128e0ffb6b47,1.0,7650.0,23.0,8.0,13.0,housewares
98f867248b7d5c7262dea39dfe1d74bb,1.0,10900.0,43.0,35.0,38.0,housewares
b2775a101dfacb48184ed1c1cb4a278b,4.0,5950.0,40.0,40.0,40.0,housewares
967ec52b0c55fe9ccde964df30cef64e,4.0,500.0,19.0,12.0,12.0,housewares
48c4ce43e9ae76b92039ed23beaca543,3.0,350.0,20.0,12.0,12.0,housewares
932a7e18ea9bb845420c70707362e0f7,2.0,200.0,28.0,29.0,19.0,housewares
839321c2db7b3b3eaff4944c3b052ecd,1.0,1291.0,23.0,23.0,20.0,housewares
c8d117f618f6ab7f02274705025bdbda,1.0,1000.0,25.0,32.0,25.0,housewares
11b906b2a09fb80668f4478dd3f9c324,1.0,750.0,16.0,30.0,11.0,housewares
021d39ee869e87d5288f4e731df4a90e,4.0,10350.0,102.0,15.0,40.0,housewares
ff40459ce8252a72f01615a9aca8b877,1.0,1300.0,16.0,31.0,29.0,housewares
1e61aac3bf6242ac8330c5e7a2d98d3e,4.0,400.0,20.0,11.0,11.0,housewares
eefc086ab9cdb9fbf8e27f2541049e3b,1.0,20150.0,55.0,29.0,28.0,housewares
e05fc6d940189fe74d87ba8091afbdb6,1.0,1000.0,31.0,13.0,13.0,housewares
21025aea6e634ed0ab9709a4fa5fb69c,5.0,450.0,20.0,15.0,15.0,housewares
ea17b2137544a3b0a3eaf107887472d9,3.0,1500.0,17.0,20.0,17.0,housewares
6f1ba20b6411eca7f07ac5cf26381d80,1.0,8700.0,36.0,44.0,27.0,housewares
3514eab1c90b91adfa20380eb471816a,1.0,4000.0,50.0,12.0,35.0,housewares
4353ed67630d4924986005ed5d058c44,4.0,316.0,19.0,14.0,18.0,housewares
3b4a72dd3f5ecc82d97d6a54725952ec,2.0,10150.0,41.0,56.0,26.0,housewares
e0008615ba33119a5e115eb63bd3e29c,1.0,13900.0,40.0,40.0,40.0,housewares
32fc01a89995915738a923b16bb5a2a1,1.0,600.0,38.0,15.0,29.0,housewares
a89e5c817a0c1fd1487d78cba0714a4d,1.0,1400.0,16.0,16.0,16.0,housewares
142edaf86e4eb5d0f928534667ab63f7,1.0,1300.0,30.0,30.0,30.0,housewares
2e7980421ad7946eab8a71b637955704,1.0,2300.0,59.0,9.0,42.0,housewares
b6264435ec20a635b17b56fb4ce65bc0,1.0,500.0,16.0,25.0,14.0,housewares
33b9801fec06f14bb7d33af01769bb3f,1.0,700.0,60.0,8.0,20.0,housewares
5716717fcac28d7783b530d6678cecca,1.0,1000.0,25.0,15.0,20.0,housewares
f5b952758d88a5995ae5c8208a63b913,1.0,3750.0,45.0,25.0,20.0,housewares
0b8eaa48559710f4dd234b9c7918dd43,1.0,2000.0,25.0,65.0,25.0,housewares
addf53f490d0af749ce30a53568479e9,5.0,1100.0,25.0,23.0,25.0,housewares
1cac29154057b66c1cfcb6ff58e2fdbf,2.0,1200.0,29.0,33.0,29.0,housewares
7a272663a1f95d11561f03ec3e76c141,5.0,1300.0,28.0,20.0,28.0,housewares
52e8a106f98ffb19f0efe15cbbe115f5,2.0,500.0,20.0,20.0,20.0,housewares
cdbda59a8f5cbd6a8020e6e2289b9960,1.0,300.0,25.0,15.0,20.0,housewares
bd2128c3d2188ccb151b12d129ee264a,4.0,1700.0,35.0,15.0,29.0,housewares
d2797d29d3fe4ed73ad93ecbca2ce7c8,2.0,1300.0,20.0,25.0,20.0,housewares
759c85bda80286f647f1f71b847c6457,2.0,450.0,24.0,7.0,12.0,housewares
a851e7dc032482e1670b2b0720ec44a1,1.0,1600.0,42.0,5.0,32.0,housewares
2988acfdcc0351677a6a53f4f51b24cf,1.0,1200.0,25.0,32.0,25.0,housewares
d8aead84c0ff5356cacb9ac841ec3a5f,2.0,600.0,39.0,21.0,11.0,housewares
44c06ea2624ec11360ccb3267b46d528,1.0,1400.0,35.0,12.0,12.0,housewares
73c4efa86252b055fd99142e4c718043,1.0,2813.0,19.0,28.0,24.0,housewares
b0141fc41043ae23a16677f3a7e282b3,3.0,10900.0,68.0,30.0,32.0,housewares
8218c41b07f96e9465fdc0931fb81faf,1.0,1100.0,25.0,25.0,35.0,housewares
31fd02b02c33827cbde22902cf80338c,2.0,200.0,26.0,3.0,21.0,housewares
c50d3caa214edb26f1000f949b5e46e4,3.0,800.0,40.0,15.0,20.0,housewares
7df167607566e25a712e446b80e7081d,3.0,625.0,53.0,21.0,16.0,housewares
3591b4602bb8316dd178c98a97c29454,2.0,1650.0,35.0,30.0,15.0,housewares
8af8282e0fc19e99f70830c67f51b415,2.0,1150.0,30.0,19.0,29.0,housewares
468d6fdab42957c139bf99947659098e,1.0,7850.0,55.0,21.0,60.0,housewares
416c4340800aa9bce887e000e96390a9,1.0,6050.0,30.0,30.0,40.0,housewares
8dbda6c822af5f5d051491f845a96276,2.0,2200.0,18.0,31.0,19.0,housewares
c7c4e24200f7071aecf4a052fadb9473,1.0,1100.0,21.0,34.0,34.0,housewares
0a079e8cdc5ac7cd10e60923a7889546,1.0,500.0,25.0,15.0,20.0,housewares
7a5d0e89d069c89b2112e9da539343c2,2.0,2250.0,22.0,22.0,22.0,housewares
495f9290868e1bde785d3c372608ad54,3.0,5250.0,62.0,5.0,32.0,housewares
e4ac25e3b504e9dea6a4a06b82256951,1.0,1575.0,39.0,32.0,44.0,housewares
bf271f3f6ac5e62b4235e39ef187e80e,4.0,450.0,35.0,20.0,20.0,housewares
17f95aad17a906d34d051b58f2488943,1.0,350.0,22.0,20.0,27.0,housewares
e9728f36e661801abf1730782e00a0f3,3.0,350.0,32.0,5.0,22.0,housewares
fe0caf78250528cec991a2462326f574,1.0,1900.0,26.0,26.0,25.0,housewares
a285f1c6ce025a045e87b7cf90df1a1a,1.0,800.0,25.0,22.0,22.0,housewares
64473a39b66923a81252bb7150b63663,3.0,525.0,67.0,15.0,14.0,housewares
5d0b0b39cb1a1afc63583475015c43ee,1.0,2000.0,23.0,13.0,23.0,housewares
8d991c2f0c5075b7a88c07d1453ac80f,6.0,250.0,16.0,12.0,12.0,housewares
e449c89deefdb41bb888e3cc5f59ef46,1.0,600.0,20.0,23.0,18.0,housewares
7320ebe51211feb87fcabba5e645353a,1.0,400.0,23.0,22.0,15.0,housewares
f893b82f0fc3ba3686ca2d65eaed5a00,1.0,500.0,25.0,15.0,20.0,housewares
e91f88846bc20e4ae032b9bacecaa625,3.0,425.0,23.0,23.0,23.0,housewares
a547aeb39f6f0fef5699c4417e90b0d6,2.0,3700.0,30.0,40.0,40.0,housewares
286095c794e49a9fe92fd5082c1360b1,7.0,400.0,16.0,12.0,12.0,housewares
1de0af19bfefbea493eb82ef59bb2433,1.0,18800.0,65.0,35.0,38.0,housewares
6f66ef344e1db8560c3d036ee214f355,4.0,2100.0,50.0,4.0,35.0,housewares
5a6e53c3b4e8684b13388d6aa4afdf12,2.0,200.0,19.0,9.0,12.0,housewares
4e713bc697d239a8d8e01cb5209cd89b,1.0,2500.0,40.0,25.0,30.0,housewares
7fcf94eac206f052689149415c84663e,1.0,350.0,20.0,9.0,17.0,housewares
0e13a44cd53f64403d91654786b6adcf,1.0,620.0,26.0,24.0,28.0,housewares
ca16f79f5392d53aa17b906d345d2e7c,12.0,11450.0,35.0,55.0,35.0,housewares
4047f50df2141e2ab6c747b16b6a7bf6,3.0,30000.0,90.0,30.0,80.0,housewares
b61befc73bfdefaa0acb8c376f125eed,1.0,350.0,25.0,18.0,18.0,housewares
a7d06b7704b157e36c45b898fa555dd5,3.0,450.0,21.0,12.0,12.0,housewares
e947043dd2e144a9039d6b8841200c9b,1.0,5000.0,40.0,40.0,40.0,housewares
e2a874b1b8340b4038172b1925afd914,2.0,4700.0,35.0,16.0,25.0,housewares
86df1e9a07c3d463f6a6c3f776051e9d,1.0,1550.0,30.0,6.0,30.0,housewares
33caaf7b2444ac27388cc2908a0413b4,2.0,1197.0,24.0,36.0,29.0,housewares
ea74c867ca62f47d2c6bb8f14bdd34df,5.0,1450.0,20.0,66.0,20.0,housewares
ddac8798e257a6963618501954448fd9,5.0,875.0,21.0,14.0,13.0,housewares
256a9c364b75753b97bee410c9491ad8,1.0,25250.0,68.0,66.0,66.0,housewares
10c0e80fdc9bcd975fe45e75af61b256,1.0,5475.0,26.0,37.0,40.0,housewares
2b849e71ada03a262ef4338a7abd8b79,6.0,1700.0,20.0,10.0,14.0,housewares
74c5ce32712cad35780e4da885dff757,1.0,825.0,27.0,18.0,20.0,housewares
fad824f446c61e0e6e1e8644c17a9f59,2.0,700.0,30.0,30.0,40.0,housewares
c6a988c762b18da642d772a1f1ddb782,1.0,600.0,30.0,30.0,20.0,housewares
d320834f42a07dcc3cf09805bc8c7001,1.0,7875.0,60.0,31.0,31.0,housewares
928e52a9ad53a294fdcc91bcf59d1751,6.0,1600.0,20.0,60.0,20.0,housewares
8fbd0b7f20c851cff57ffa74ebac3ec2,1.0,550.0,34.0,20.0,25.0,housewares
60b84165fc418389757838f274b728e6,1.0,13000.0,30.0,32.0,30.0,housewares
00ffe57f0110d73fd84d162252b2c784,1.0,16000.0,16.0,2.0,11.0,housewares
46f920b1c8a089ebc671e32f5353cf01,8.0,250.0,30.0,11.0,20.0,housewares
03e1c946c0ddfc58724ff262aef08dff,1.0,550.0,16.0,22.0,12.0,housewares
24c9dc6efe88a1c3e794968ab1dd2a38,1.0,800.0,30.0,15.0,25.0,housewares
1c27515baa5bece76d41e2353efcdd8e,1.0,900.0,71.0,13.0,11.0,housewares
f4e71b15e74938b15ecb9d15874ba227,1.0,150.0,18.0,18.0,18.0,housewares
b70722d88b1dddd6ecbb159db90faf61,3.0,250.0,25.0,15.0,25.0,housewares
0130c4375ccbe30dbfa676abd076a056,3.0,1038.0,40.0,36.0,13.0,housewares
9064f7e4f4d596604b5df8265fdcc8e1,5.0,200.0,18.0,4.0,12.0,housewares
ed739dfa91e2c770354726fe0bf9cc72,6.0,250.0,22.0,5.0,14.0,housewares
3b7d1b901fe011eddf729f636ed0f861,3.0,15400.0,49.0,39.0,17.0,housewares
06f18114503e7543d81252fd61a53df8,1.0,1250.0,22.0,24.0,24.0,housewares
af71eaa0649e29ecc95cf394f03f76be,1.0,1800.0,30.0,20.0,30.0,housewares
7eb96ea641252f20b26fd6878d009a1d,6.0,350.0,21.0,9.0,13.0,housewares
f9549e7746c357cc4228720985abbab2,5.0,10250.0,43.0,43.0,37.0,housewares
41f6fd456756328fcd5fe7c04bf8e335,1.0,250.0,28.0,6.0,12.0,housewares
8e382dedd9ae71943f9a70f6725b748f,1.0,650.0,20.0,12.0,43.0,housewares
e116e213716b7b91f8a320c37939ed17,1.0,250.0,25.0,10.0,15.0,housewares
86f0b0b5933fa905e9c2184449cfb634,1.0,800.0,68.0,5.0,14.0,housewares
776c13784f928afbe46070ae0151cf01,2.0,350.0,30.0,11.0,17.0,housewares
61d01171a3784bab50137290350e5332,4.0,500.0,25.0,15.0,15.0,housewares
b06d5dec7517b66a8142338d38bf9c69,3.0,8150.0,33.0,23.0,22.0,housewares
56677610baf20ec5c96361f374b46153,4.0,440.0,17.0,14.0,14.0,housewares
96b8d103618f7027896ce54a576b9f41,1.0,725.0,16.0,38.0,25.0,housewares
15360bd9d521956ac6fe8b4b8d6fe08c,1.0,1200.0,30.0,21.0,26.0,housewares
a5a0e71a81ae65aa335e71c06261e260,3.0,705.0,34.0,22.0,28.0,housewares
d4dccae17c83ffbaafc50d763503e9eb,1.0,3070.0,32.0,11.0,29.0,housewares
7d49a5410d8c53d37ad9167e32e65e1c,1.0,2350.0,40.0,10.0,35.0,housewares
3713c1ed7f99a240189778a1ef65d6d8,1.0,205.0,21.0,15.0,16.0,housewares
19732aba12eb262beb9140786ec093ce,1.0,9250.0,40.0,29.0,40.0,housewares
73932133f40320ca7c542cba422a6461,8.0,650.0,16.0,16.0,16.0,housewares
361d8cb449a8b6a7c58b4a0c8ef23888,2.0,700.0,23.0,8.0,15.0,housewares
22efa53845d9cebeb7e16978645797ad,7.0,441.0,16.0,16.0,12.0,housewares
bca0f349419cdf328a4fd6be5e99aa63,1.0,8300.0,50.0,30.0,33.0,housewares
1ca44bcd8ec3cca1bc2080d3c63c16b8,2.0,550.0,20.0,20.0,20.0,housewares
7b684ac132685356b4aac29a21abb803,3.0,600.0,24.0,12.0,15.0,housewares
da7e1b2f8c91cbf61a22b55e8cd49bcd,1.0,2300.0,50.0,22.0,24.0,housewares
b2f15c23f560da3b247e1090d9d12be7,4.0,200.0,16.0,6.0,12.0,housewares
21fd3b391a97c2fedab9d0efdd183a93,2.0,2650.0,53.0,15.0,13.0,housewares
46805be02f14add01c364b5ca18959ec,3.0,1500.0,25.0,35.0,25.0,housewares
29ed7e120478b8a6ab3aeb253c6c7220,1.0,242.0,25.0,8.0,12.0,housewares
85ec69dc21ef2674bd946f3a6adc01b3,4.0,1500.0,32.0,5.0,25.0,housewares
e9cb5c8cc2d24f0967c0725cb73c2536,1.0,1300.0,30.0,30.0,30.0,housewares
2e646100c09716fb079573d7ee979c19,3.0,300.0,40.0,5.0,40.0,housewares
a9ccb9dca11ae8ca804b47417d0411f2,1.0,8600.0,45.0,35.0,35.0,housewares
6943351f36278481ceb06a2e182a03d7,6.0,7800.0,45.0,20.0,45.0,housewares
1b06001e6b541c7e43a5a0339129a3ea,2.0,1400.0,30.0,15.0,20.0,housewares
9c7c72948a0e56fdaa07985b71dffe18,5.0,150.0,18.0,4.0,12.0,housewares
b520b78a494cbd6e36d7a1c64cdffe0b,1.0,2467.0,38.0,15.0,24.0,housewares
b72a070441e70976c37e27df8a2a664e,2.0,1050.0,53.0,5.0,13.0,housewares
ee97db3ef647a016f3bb7376f8a3ffcd,4.0,200.0,18.0,8.0,14.0,housewares
7d222dee34c6ec0f7562241d7e16d7c2,3.0,600.0,28.0,4.0,36.0,housewares
0dc157babdb4785891879bc375256724,2.0,950.0,25.0,23.0,25.0,housewares
5d229e90894c7754249b4f15b550bbc6,1.0,625.0,23.0,23.0,33.0,housewares
24d95adbf4d5909e2353d0256eb3ab4f,1.0,800.0,30.0,15.0,25.0,housewares
79d5da4087dedefe5ef7086bf68e6408,1.0,1150.0,41.0,20.0,27.0,housewares
b46df49597c48fda458171cd058059c4,2.0,2000.0,32.0,31.0,26.0,housewares
468f9e86ce85d599b7f48ddab25f1b42,1.0,1750.0,30.0,30.0,30.0,housewares
beefd66ae7d857b9c50868bb14473a86,2.0,2900.0,19.0,54.0,28.0,housewares
3d13b6c4a341d28974fbf776957250b0,1.0,1000.0,25.0,25.0,25.0,housewares
49cb84851ad1487be5bf70a42bb954dd,3.0,400.0,16.0,2.0,11.0,housewares
3a002b488f85e2b30838e413c9241f18,1.0,400.0,25.0,15.0,20.0,housewares
c985e917daf44dfe2779833209017098,1.0,200.0,19.0,5.0,25.0,housewares
546ec29050b44fb370bb27656052faae,5.0,1400.0,25.0,30.0,25.0,housewares
62e4ff589b6e84c797971a89d7e55eea,3.0,1200.0,25.0,25.0,25.0,housewares
bc83bb240a0c72948a58aba146de3fda,6.0,300.0,30.0,15.0,20.0,housewares
5e859617339eaa62e0e154eaea05447b,4.0,5400.0,45.0,16.0,35.0,housewares
01b25153516d822621a92f9ce0b03e17,3.0,650.0,18.0,20.0,17.0,housewares
78f03f51ef7a8e468dfe807ab205c9e5,1.0,850.0,20.0,20.0,20.0,housewares
f0e9e463279266cdbe14661227cab9e5,2.0,6000.0,74.0,25.0,36.0,housewares
35b85b6e9fb3bec1fb60fc7ed4204101,1.0,1500.0,36.0,15.0,16.0,housewares
7b25acee1c4b91200a7e8e31bb977a06,1.0,1675.0,35.0,16.0,35.0,housewares
0c104d5a094ca1ba910a793cae5b620e,4.0,2100.0,39.0,13.0,31.0,housewares
53f8db8f4a6f6392208198646fd6de63,3.0,95.0,29.0,32.0,11.0,housewares
7176cc4ccfa22cda4b0e01080c8d96ed,3.0,2250.0,50.0,3.0,30.0,housewares
cf80841caa87eafb37a258ac3fcbfb73,1.0,700.0,51.0,13.0,11.0,housewares
8e36ace5bdfeb2a75f873fcd490a6511,1.0,18800.0,35.0,92.0,35.0,housewares
36e5949d5ebec0e432fa58f5f3e65a54,1.0,600.0,25.0,15.0,20.0,housewares
37d0fe92df113ffff0dd68d39a6e05b7,1.0,6600.0,32.0,36.0,32.0,housewares
a22308fa06c519ecab4687f713c225a9,1.0,400.0,38.0,17.0,27.0,housewares
d0c700eaeaa117724b74c5a327f945ce,1.0,1350.0,52.0,14.0,41.0,housewares
00250175f79f584c14ab5cecd80553cd,2.0,750.0,30.0,5.0,35.0,housewares
50a507147f39a8d8ad52ee1982e20673,1.0,250.0,19.0,2.0,11.0,housewares
5d983d66e379e5200d979878175c7af4,2.0,900.0,21.0,21.0,21.0,housewares
edc5fb7cd23cfd91367038801fd55ec9,1.0,450.0,86.0,3.0,16.0,housewares
22036f187132350920aea5aa0bb01935,4.0,500.0,25.0,12.0,25.0,housewares
2e95d18044fc8d40fe4771de8022bcc7,1.0,10483.0,66.0,66.0,56.0,housewares
5dbaf8ef0c4601f557af3cb8cb7a1a7a,1.0,200.0,16.0,10.0,15.0,housewares
add1fea8b7d998995db3a2ecbf410a54,1.0,400.0,24.0,15.0,15.0,housewares
fa9cc1dfd86d0877d43101973bf26eee,1.0,10200.0,56.0,30.0,34.0,housewares
ebea98c5fc701994cfef24664f1e3708,1.0,300.0,30.0,2.0,13.0,housewares
15b11b38d792e5d8189446d9131d0fb4,3.0,2350.0,48.0,10.0,39.0,housewares
8daced7e1565e80fd1b57d24ff973a61,1.0,2700.0,35.0,35.0,20.0,housewares
ef97d55b00fb23b5e69607f999112696,4.0,285.0,19.0,14.0,11.0,housewares
154358528b8fd5995d0d80abd3f4f08a,1.0,3800.0,35.0,28.0,32.0,housewares
e25331bf25687974d6fc419b3bd576dd,2.0,350.0,20.0,15.0,15.0,housewares
8a1c109f0d2621c441b0ba6846a75890,4.0,3900.0,57.0,8.0,35.0,housewares
a9a7a63a3f3c6ddc6aba7b37fa85caf4,3.0,800.0,17.0,21.0,11.0,housewares
ca3ae2f2ee017fcd028b593acf4b4392,5.0,500.0,20.0,12.0,15.0,housewares
6c037f9ff2d13c4236a23910ca598f42,2.0,1350.0,40.0,25.0,22.0,housewares
48f45fb4d7e27353b8abef59be38b65e,2.0,1200.0,27.0,10.0,20.0,housewares
c04dab58e6ce58a92c23cd60c7e130ba,2.0,2700.0,87.0,10.0,30.0,housewares
af3741580aab9876533f1c3e08aca7bb,1.0,5950.0,44.0,2.0,26.0,housewares
48c5608bfb241a35beb7a00d960cd27f,1.0,700.0,29.0,13.0,13.0,housewares
5ee76866fa61481c966c02a129dfac08,1.0,717.0,18.0,19.0,15.0,housewares
6ce335b97b0cc8e73bbade08a44a23dd,1.0,10200.0,30.0,30.0,40.0,housewares
f51b19ef254228e5bba027d355208c4e,1.0,550.0,40.0,10.0,30.0,housewares
ed81ccd0bc6bf90922a03bd003d66db0,3.0,350.0,30.0,5.0,35.0,housewares
683d1efd7b8fb9bbe7e78c7436f27248,1.0,1000.0,33.0,25.0,24.0,housewares
a52dba3d501f168fc53246f8f8798249,3.0,350.0,31.0,10.0,13.0,housewares
57c2280ea5af7f10ebfc01a5c47b8041,5.0,500.0,22.0,22.0,22.0,housewares
633a2a64a6478966e0b6805ea708de58,3.0,550.0,25.0,15.0,15.0,housewares
c4b2187a1d2bd1543f27ba3f12e56952,3.0,550.0,18.0,16.0,16.0,housewares
c65f71634a9d0de5b4a1d7dbb6d3ae01,3.0,500.0,35.0,15.0,20.0,housewares
371fa349d92646bbeea5873df0bcdc5a,1.0,490.0,20.0,18.0,16.0,housewares
49b92145c5462c320ff0b22ea9e240f3,1.0,450.0,16.0,20.0,15.0,housewares
92d2d88b37a70060bd536b8790d9edaa,5.0,5250.0,50.0,20.0,40.0,housewares
ce2115f0b32d5168c2e27abfe350a7a1,3.0,400.0,25.0,25.0,25.0,housewares
f7ffa4d2418f29ea48467e55f3a770c2,1.0,7225.0,77.0,36.0,34.0,housewares
b6e352d888ba31d8999af279cd63aa24,2.0,1225.0,27.0,26.0,26.0,housewares
3d3e0f4d3b75d0fbc4f002c231db1ad1,1.0,500.0,16.0,26.0,11.0,housewares
625218e2e2b4668a47d08911e0def1a4,3.0,1200.0,29.0,33.0,29.0,housewares
2b25ef4ad1788c0699dff628cdbbfbd0,1.0,525.0,24.0,10.0,24.0,housewares
3fadfe202fc3ad333cdd51870f1ddb03,3.0,3250.0,24.0,30.0,24.0,housewares
03613e666b3919a3e807eac45a8f2731,1.0,5400.0,36.0,15.0,29.0,housewares
604113da032d8f3ab9b435726790da30,1.0,14325.0,33.0,72.0,44.0,housewares
8e1446d14972eb9ba34dd6273315f419,4.0,300.0,16.0,9.0,11.0,housewares
64361cf847b7ebbd89d37266c947356c,1.0,1900.0,26.0,26.0,25.0,housewares
3cd567828508afb8dc38c1eaa13df9ac,1.0,550.0,16.0,26.0,11.0,housewares
f74979233a273e0afadf48e39d0c45a4,1.0,1450.0,65.0,5.0,35.0,housewares
34399bd4587bcbde51fe12d9a872b49a,1.0,4075.0,30.0,26.0,30.0,housewares
0e8c1dc0559f4a9a4a9066dc8c56755c,1.0,50.0,16.0,29.0,11.0,housewares
6391ff716e6d0271c58f47a692998cf7,1.0,550.0,20.0,20.0,20.0,housewares
2bb89ed11ac138ade0f53d74665abbec,1.0,150.0,27.0,13.0,13.0,housewares
1c4e2aab2f3631a70816d1765ced8ea8,2.0,9900.0,31.0,61.0,31.0,housewares
a157e6178c6f7a8355999fa9cb3d136e,1.0,900.0,25.0,32.0,25.0,housewares
08e2111445e8c886145ce42fbe261085,1.0,750.0,20.0,20.0,20.0,housewares
dab15c80f123fdf15d847ef8e8804f33,2.0,250.0,33.0,5.0,20.0,housewares
78976d6eae26536628ef574944bc7b0f,1.0,24800.0,34.0,96.0,34.0,housewares
44afebe5ba695261a126f43a4b29d814,1.0,2963.0,45.0,33.0,32.0,housewares
bb567c6c488b2d8b3baa6172d625c98c,2.0,700.0,30.0,10.0,25.0,housewares
964093075b6885bfcc6520dd216e4d8f,4.0,250.0,24.0,5.0,11.0,housewares
6d8df074fad8f0315c8226b43f71a084,4.0,9600.0,60.0,30.0,50.0,housewares
8d0752a2c0a7f50b10e7eaff59289272,3.0,650.0,30.0,10.0,20.0,housewares
d3669f49f9303d54bb780e7401365366,6.0,13800.0,30.0,104.0,30.0,housewares
293547a991162d7b32c55a8482cccf1c,2.0,350.0,30.0,12.0,12.0,housewares
2891311ed5a25e23aaaf5b12db9a8f83,2.0,450.0,16.0,12.0,12.0,housewares
5a17789f1d9b487c6f42da9212059dcf,1.0,275.0,17.0,19.0,11.0,housewares
d2169b4ca33cf18e5cf73716179912c8,1.0,700.0,16.0,23.0,11.0,housewares
f4389fea64847825b7aa2884528b5d22,7.0,950.0,30.0,12.0,30.0,housewares
ef39cf023d189c27d7387a44e89e0c17,2.0,50.0,22.0,15.0,12.0,housewares
b4bc9f5c59d29ba89f37dcfa9ea53cc1,1.0,2100.0,50.0,11.0,50.0,housewares
e01d7d6a1fbdf0aae35d34fa66766399,1.0,250.0,30.0,20.0,20.0,housewares
cdba44bccdafa757b44f7f41b70f4e23,1.0,5100.0,34.0,31.0,24.0,housewares
22acbb4638c65fd0e689a35f11cda340,2.0,800.0,19.0,13.0,17.0,housewares
8b50a72d52d7a91fb19d19fbe069e2f2,1.0,250.0,20.0,8.0,13.0,housewares
222efa72a47277d611b8b38d71149afd,1.0,300.0,16.0,12.0,20.0,housewares
8ab5b652aa203b172a243df4c604ef97,1.0,200.0,22.0,22.0,22.0,housewares
5ec12176d76d4837e3d1cf1b480daaa6,3.0,300.0,23.0,20.0,23.0,housewares
e247b2897e35481b4fd5c1bf7ace0f4e,3.0,200.0,31.0,6.0,33.0,housewares
f3bdb4d3d673cd7bb48636be1d431c0f,1.0,10325.0,56.0,23.0,31.0,housewares
c03538c4936ed498a78ab92db5105f46,3.0,100.0,16.0,27.0,12.0,housewares
829bf203f2226753874fe84c6b8c5a1d,1.0,635.0,27.0,23.0,20.0,housewares
ae6b739ab6e9d7991fb2ddd70f9c0b6b,1.0,1200.0,30.0,30.0,30.0,housewares
92dc38393e62d366ae080808b222ccae,1.0,1050.0,30.0,20.0,20.0,housewares
63eb97106bfe47fe857edcf78f3e3e08,1.0,1300.0,16.0,18.0,11.0,housewares
0f6aa686ebf2fa68554cc24d4d29db5a,2.0,10450.0,80.0,15.0,33.0,housewares
2804f6c4f96a5c917461534b63faf357,3.0,1000.0,38.0,4.0,25.0,housewares
fa1502bd3e809ced8365f6fff5777b97,1.0,10300.0,26.0,30.0,30.0,housewares
e182a4a7b0d3ed72d987ffade7df87f4,1.0,500.0,16.0,30.0,40.0,housewares
b6475dae3a2796ed87cabc7b8e8debcf,1.0,250.0,35.0,13.0,19.0,housewares
be366ad5a4e888927261891882fc8aed,1.0,500.0,16.0,12.0,15.0,housewares
30a07db50b0a899b488772fc68e07a1f,1.0,600.0,37.0,13.0,37.0,housewares
b0523598b83f87d4f722cc77faf17cf6,1.0,5950.0,33.0,40.0,33.0,housewares
b1cc9c0c7fcad668f2e9b7a5978fd890,1.0,1450.0,50.0,5.0,50.0,housewares
d09bfa2eabe21270b5c8e164e39e5aef,5.0,800.0,30.0,25.0,20.0,housewares
c9d1849f97b6fe404378805a105d64ec,7.0,600.0,27.0,13.0,27.0,housewares
43158180e30b3c0c252049265370d7b1,9.0,9660.0,31.0,37.0,25.0,housewares
d1fc0dff48c9a776491905b01509cf67,1.0,450.0,17.0,14.0,19.0,housewares
e304baa7e35c6643dc6a3d39bcebe78f,2.0,300.0,25.0,10.0,16.0,housewares
867901d7e8488fb97f1fb538c09d476e,3.0,6750.0,35.0,26.0,25.0,housewares
c9c17daba4c29b78df3b2b268528c713,1.0,5250.0,40.0,11.0,23.0,housewares
c7aa6e6a39fc78bf4285e9ec06823bd4,1.0,1350.0,25.0,10.0,20.0,housewares
a4bc24bcb44abb54f2f6214991dcdab0,2.0,1450.0,37.0,11.0,32.0,housewares
bdc32991fd65235de59b26e8992e9b03,3.0,1475.0,24.0,26.0,26.0,housewares
56be1c4161cca988cfebc66dc35b4feb,2.0,2000.0,41.0,20.0,27.0,housewares
9dfb2984ab775b6175202b9e9e678641,3.0,750.0,16.0,16.0,16.0,housewares
506d34b59d14e8b54ca767f075417db3,3.0,600.0,18.0,11.0,25.0,housewares
4f022f25583cfbf04bcd98995aee6a66,4.0,13850.0,50.0,17.0,50.0,housewares
d1c2619dd30b8bc3c63f18ca9692660a,2.0,2600.0,24.0,19.0,24.0,housewares
a5e242d7d26774906928c7c4aa3916bd,1.0,75.0,11.0,23.0,11.0,housewares
907215e5a3f79b3afa2d846c6209760e,4.0,1205.0,35.0,9.0,35.0,housewares
06944e4b10483df8e37fe55990a0ba15,1.0,550.0,42.0,11.0,23.0,housewares
011c2759ca1a29c74ecd8bfa48d0ac14,2.0,450.0,20.0,10.0,20.0,housewares
9da6103ec4dd99a41f398b561ddf8876,1.0,1600.0,48.0,48.0,33.0,housewares
a2a61ecd4e916c3ff787c137d23957bb,1.0,3100.0,30.0,40.0,40.0,housewares
d59435f889321f310e2e71bdb3bd466a,1.0,900.0,30.0,30.0,30.0,housewares
318026bb905cd235b62c2f2f4eace780,1.0,900.0,35.0,32.0,12.0,housewares
0b5c6dd6ca91fd2a318e99749b0ea57d,3.0,700.0,30.0,5.0,25.0,housewares
9c1f0d2a5ac55e11b4b90416a5b34223,2.0,1500.0,35.0,15.0,35.0,housewares
f9cbe8bae385034b464b9e22491ff68a,2.0,1000.0,20.0,15.0,18.0,housewares
5a3f2f6e363dcc2277ba8df88f3a078c,1.0,10700.0,26.0,87.0,48.0,housewares
9093f710f0faaffe81ccb9dd1845ac9e,1.0,363.0,60.0,6.0,11.0,housewares
0587bd8ea43108a16104b1430c15b283,4.0,9950.0,31.0,61.0,31.0,housewares
9faf2a1491be3cd2faa18a0853a336a1,1.0,1100.0,16.0,30.0,11.0,housewares
1166bc797ddf5fb009c376d133f61204,3.0,1100.0,36.0,20.0,20.0,housewares
43f1e9b31236ad9ef63197b36bf00dbc,1.0,100.0,22.0,6.0,11.0,housewares
1f343ac0c965c5088a9d3c0c65c30f67,1.0,750.0,55.0,8.0,23.0,housewares
c32b7bfeed5a912b80e7e1fd8df8c95f,5.0,200.0,18.0,4.0,12.0,housewares
60963bbf9e011d8eec21c515ff623fba,1.0,900.0,25.0,9.0,23.0,housewares
b6bcda8f7c2501c62c8dc56a89da666e,2.0,600.0,20.0,10.0,13.0,housewares
9060e916ed476d0269ad330786a201ee,8.0,3000.0,57.0,22.0,20.0,housewares
7f0c80d54ee3b7b11646f4eb9a087d69,1.0,9800.0,40.0,40.0,50.0,housewares
ec57a06e82b65a87a440f8b31b987993,1.0,1350.0,30.0,30.0,30.0,housewares
87290188bdd2822babc1331bb6bca5e2,4.0,1900.0,24.0,21.0,15.0,housewares
8b27cbcf8e5472830ab6ec2bd7a6b867,1.0,2600.0,62.0,42.0,13.0,housewares
e8c111b515e74b1cbbad7b86099bf637,1.0,600.0,55.0,18.0,37.0,housewares
88e59749c8b39fd1a9b7458147e0dc62,2.0,4100.0,55.0,16.0,30.0,housewares
1d93a1a9ef04cca09f4737fc380e0d6e,1.0,1400.0,16.0,16.0,16.0,housewares
6b22a245ff94909f84cf46bd266aaa60,1.0,4750.0,22.0,22.0,22.0,housewares
c829cd4f5382dfc97d9cb71af8619e79,4.0,3975.0,41.0,31.0,31.0,housewares
776b3debbda0734131d6046fca2cd957,1.0,800.0,24.0,14.0,24.0,housewares
0e1fa2aadc04afbf8fb30200aeba06a2,4.0,2000.0,100.0,28.0,20.0,housewares
5d096ee78b3150e1dcab797e13884824,1.0,1600.0,25.0,25.0,25.0,housewares
8684bd8f93b4f4038d07188a23811e93,2.0,5925.0,35.0,23.0,23.0,housewares
9b7f6da9aa9f1e413a63bec7924fdd38,1.0,350.0,35.0,20.0,35.0,housewares
658fc236815a88341f858edcdb0ec78a,2.0,1500.0,32.0,15.0,32.0,housewares
a2cc1ca6628697fcdaa51066d6aa3014,4.0,1600.0,16.0,27.0,40.0,housewares
37bc5c7b7dca15cfcbe282fb0dd0bab3,1.0,500.0,25.0,25.0,25.0,housewares
64711ecc1a5700b2ca5fca7eafab7f3e,1.0,14250.0,50.0,42.0,41.0,housewares
5f0968068096bd1129c543f3fb59604b,5.0,2000.0,40.0,12.0,40.0,housewares
04f9876e5833ccf6df7934aaebd19faf,1.0,1400.0,24.0,7.0,12.0,housewares
fb338b6903065759031dcb1d6cf7cac9,1.0,2300.0,67.0,44.0,13.0,housewares
26a6aaf337b078349b5ec749be2e7a5e,3.0,1100.0,23.0,12.0,17.0,housewares
435a1672279b4287778328c7dc80c040,1.0,13800.0,43.0,67.0,27.0,housewares
146f7b7f77ccadc63494db1aaad2bc7f,1.0,4088.0,40.0,23.0,25.0,housewares
5421431a9abfbdac3006e7aa925c0213,1.0,700.0,21.0,10.0,17.0,housewares
65650c84064ff1a79e4a05988f4c3e9f,4.0,975.0,23.0,25.0,23.0,housewares
81e3122f0151871654b6048a47b1565e,6.0,650.0,25.0,20.0,25.0,housewares
5d2d01b64b76916f0cbe74e407041187,1.0,350.0,25.0,25.0,25.0,housewares
4ef061c259138e88ac20204e453f201c,1.0,750.0,55.0,6.0,35.0,housewares
b2fb9a4023836f0368a7979f189de258,1.0,3750.0,32.0,12.0,32.0,housewares
610ab592e0d325dee460ae2c00f1a85c,1.0,1350.0,16.0,26.0,11.0,housewares
a925b7e3c4b81decf87f5e1f381da50b,2.0,13250.0,66.0,19.0,40.0,housewares
d274714b715480aa8ca7fca7d2524233,2.0,1590.0,38.0,20.0,23.0,housewares
5315eb668c882a11354fcd9c4d27e254,6.0,450.0,30.0,15.0,15.0,housewares
03a22dc9d5b99f07ca366f91aa7f7e4b,1.0,700.0,30.0,30.0,30.0,housewares
076e36bd0e2aebb35184d08c8e0f032b,1.0,1950.0,30.0,20.0,20.0,housewares
3207053643b68f43eed19750c0ad8157,2.0,500.0,33.0,12.0,18.0,housewares
e7ce29342574abe2fbf171df97fdb092,1.0,1100.0,30.0,10.0,30.0,housewares
83caf799100f6f9418e0eb2950b757af,8.0,200.0,40.0,2.0,30.0,housewares
d38b73f9519632415b56acb83abc77fa,3.0,1900.0,47.0,11.0,25.0,housewares
fa39c60599eb6573020f07a1b4dd38cf,1.0,1183.0,38.0,18.0,26.0,housewares
88df382f03741abc6fdd118e927b19b9,1.0,1600.0,25.0,40.0,25.0,housewares
1d691d8ace0e9d0e00de0569faf0ae04,1.0,192.0,18.0,15.0,15.0,housewares
7b1e7c6b876bd8bf7a39ba061c1323ac,1.0,3800.0,45.0,20.0,35.0,housewares
bd144d5290d032a564563d75e98be4e8,1.0,875.0,21.0,21.0,21.0,housewares
fb927c44d15e24c578f85a862576fd88,1.0,2200.0,30.0,30.0,30.0,housewares
7ff5f712c2c3e11035668702e6748204,1.0,130.0,17.0,16.0,16.0,housewares
740c2a837de513cc020ad90c1a6cb779,1.0,1600.0,23.0,13.0,23.0,housewares
74fb740804bb486f4ba27a0241b4e6e8,3.0,2350.0,25.0,20.0,25.0,housewares
3c5b70965b3d63c66a18dd46881a58c9,6.0,700.0,19.0,16.0,16.0,housewares
521a361808bedd9fffb32181e501e09b,3.0,1200.0,20.0,25.0,20.0,housewares
c22eb1f87996d0da0b60271a9806cd59,2.0,1575.0,57.0,9.0,23.0,housewares
cb43d652e4e00474e1c20377a68a165a,1.0,1050.0,20.0,60.0,20.0,housewares
c5ac6d71e1684e3e768495f047b33379,1.0,7500.0,30.0,30.0,30.0,housewares
eb38a7604070a2b8465101ed53cba72b,1.0,550.0,30.0,11.0,11.0,housewares
70c1bce00b24bfd21332f7f8ebe2217f,1.0,200.0,18.0,10.0,12.0,housewares
f7f9a91ba39234c9bb9c7b159806f4d9,5.0,800.0,21.0,19.0,19.0,housewares
8683af6cf14f1bf2426f390ba500a980,6.0,450.0,28.0,11.0,15.0,housewares
78cee0468912540c91a02760c91481fd,3.0,550.0,18.0,15.0,15.0,housewares
1121a43969b79e65010c2a5cdd0dcb6c,1.0,11489.0,42.0,67.0,42.0,housewares
447a4fbd4c6995b5779d96127eff23d2,1.0,1300.0,29.0,14.0,25.0,housewares
70c6bcc1ade2c8284d07bddfe37dcfee,1.0,2000.0,25.0,60.0,25.0,housewares
cfdc07d05c8c2c2ca22d746294ba0d3a,1.0,14900.0,40.0,25.0,40.0,housewares
ddee1b747d9681ef016a78e77937e950,3.0,1350.0,37.0,10.0,31.0,housewares
d02e5b014cc50a42a3ede0b3dc1fc63e,1.0,1100.0,19.0,22.0,19.0,housewares
9a4b54310a69c82a6773791c9099e109,1.0,250.0,34.0,5.0,27.0,housewares
0fe81ae548bfaebcb1efcb38208efa1c,1.0,1000.0,37.0,11.0,34.0,housewares
8b9c29dd9e59bded956555ded6c68a54,1.0,1850.0,41.0,20.0,25.0,housewares
ccf72249cc35d9121279de015c5657fc,2.0,1100.0,60.0,12.0,30.0,housewares
87fe3060b63fb773ce7cc144ec313824,1.0,350.0,22.0,10.0,18.0,housewares
cb04681b1a0dc519c3184cae771a2cdf,3.0,850.0,25.0,15.0,36.0,housewares
5d686bbd116b2de2ea1a4e1056501240,3.0,300.0,40.0,5.0,40.0,housewares
5991a1ee2f6e00dd22dccb1550e20f64,1.0,175.0,25.0,8.0,19.0,housewares
8273821fd2a32fbbc77ad8b743b2a1b9,4.0,7550.0,50.0,15.0,40.0,housewares
63880b203cc3bae1fd0520242cdbedd1,1.0,550.0,26.0,9.0,11.0,housewares
6bdaa623c65ac1bc506629741929963e,1.0,2600.0,45.0,37.0,16.0,housewares
ebb132e52ceaa1001756409f1dd0750a,2.0,950.0,17.0,19.0,20.0,housewares
a2bd7f16312b272bf77b7e1464ef7638,2.0,1100.0,50.0,15.0,20.0,housewares
15be8ab92cd1c32b16ff30292ef39991,3.0,8200.0,45.0,2.0,45.0,housewares
f3ce47ccf98da2906f6b8b1387618e07,1.0,10250.0,35.0,50.0,35.0,housewares
f688535e8e2f269c27dfb305d8e6ffbd,5.0,1383.0,25.0,12.0,20.0,housewares
1cc7dc76718ffa96d0826a78498c9fbe,1.0,13600.0,56.0,32.0,32.0,housewares
f8e4c6a9bf1c1277191c445474b61778,10.0,600.0,28.0,17.0,28.0,housewares
940d38f0ef286bd93612fcdc91dd38ed,1.0,4300.0,30.0,30.0,30.0,housewares
e4176515d2055eb7771645c597f8b40c,1.0,500.0,16.0,2.0,11.0,housewares
c1b94ad68c3ff2b989d6df457a0d657a,6.0,1650.0,22.0,45.0,22.0,housewares
1ac5b02a81e28c27713b7229144a773e,1.0,1750.0,20.0,20.0,20.0,housewares
eaee6d611cea1d76f3fe3a49d567b59c,1.0,700.0,26.0,22.0,21.0,housewares
f7de1b16a0e8b8c65d0f3761e89d5f2a,1.0,1650.0,40.0,30.0,30.0,housewares
e2efd37edf851a99f9707f165ef0fb13,2.0,13750.0,36.0,63.0,42.0,housewares
bf80c13f7780ca810d1b1ac4f3e79ecc,1.0,100.0,16.0,11.0,11.0,housewares
e76a885142c73e17342e450b79b46d40,4.0,17100.0,49.0,39.0,17.0,housewares
591822285d4ea5a75c3afd6f075771dd,2.0,375.0,18.0,20.0,16.0,housewares
26cf9f56d8cf027de8e9127676a3f161,3.0,1200.0,17.0,22.0,17.0,housewares
cfdea8fdeffa0be98a7e7d3e1dd71dcd,1.0,15600.0,104.0,10.0,43.0,housewares
59fc88d07b8100b80600e42f3e5ac79d,1.0,1350.0,30.0,8.0,22.0,housewares
0af4dce351fbee7db329f93260f68142,2.0,20000.0,52.0,52.0,35.0,housewares
a35f680fc19e06d3f9524a3ad7be2b06,5.0,630.0,16.0,14.0,30.0,housewares
7106c154629bd37158aaf49448c3c1e6,1.0,600.0,16.0,27.0,12.0,housewares
4b24b35ca762a17e416dfcd4f647c28b,1.0,1400.0,25.0,35.0,25.0,housewares
fdf9ec5852bb18d630e683e3c796972d,1.0,1434.0,37.0,12.0,32.0,housewares
ce70f38a331fdfa7ff89181756f091eb,6.0,4650.0,25.0,25.0,25.0,housewares
236a76559b9033d23ad0c58935317672,1.0,550.0,20.0,20.0,20.0,housewares
07e1dae59ffce9e47d0f529361d492f6,2.0,14900.0,45.0,75.0,29.0,housewares
b7c82520f8817fc72f7f5ac962035260,3.0,50.0,25.0,25.0,25.0,housewares
93a99b40878c0d888fa4f44459fcac05,1.0,200.0,28.0,2.0,11.0,housewares
a4d286543a67e29c930c99cbd7a55a8f,1.0,700.0,28.0,19.0,26.0,housewares
b5e87f53476b0084bd9ff8ae015fe05b,2.0,2200.0,46.0,9.0,32.0,housewares
0269bdfd3a4f3d384753cbadc1d742be,1.0,350.0,17.0,28.0,11.0,housewares
93e27ca75901cf1b9d641cd11dd9f6e5,2.0,500.0,35.0,35.0,15.0,housewares
198ed1dd26d075dc1e52e1909fc07938,3.0,2300.0,35.0,24.0,28.0,housewares
fe220782f267bca8c056308cba6c8807,7.0,1200.0,35.0,19.0,25.0,housewares
a3e5b0b8f8e66aba2fe28eb565d3ac97,1.0,173.0,16.0,9.0,12.0,housewares
2dcf691e28ea9a873a06b98750fccc73,3.0,600.0,30.0,15.0,20.0,housewares
62892a47bea324c325a4556b66baef9d,2.0,3973.0,47.0,30.0,31.0,housewares
b05ec8d9cabec69e637318ebba813a09,4.0,2100.0,53.0,25.0,20.0,housewares
26ec5d5716487af6ccbe85d4e01bc7f0,1.0,4750.0,78.0,53.0,12.0,housewares
d83cba631d40af7f65eeac52132ee096,1.0,450.0,16.0,12.0,16.0,housewares
ffbc83054b3741a8d67fc59d9cf9d42d,3.0,800.0,16.0,16.0,15.0,housewares
01ea398598302b06869909ac5bfa5bcf,1.0,5000.0,35.0,28.0,32.0,housewares
5994a2fdff4b0f9ca4376c4226adb442,4.0,8300.0,102.0,14.0,34.0,housewares
e36d6f9698990032f410888ab17c2d87,4.0,1900.0,28.0,20.0,28.0,housewares
fbd4031ddbc3d02b95834b62769d3ad0,2.0,10050.0,37.0,61.0,26.0,housewares
a90d217d7252f0035732f1cf802151e9,4.0,1500.0,24.0,5.0,13.0,housewares
0ca0e1d4e4c7a404e472d27c0c19c3f5,1.0,650.0,25.0,25.0,25.0,housewares
62e456c867c6e980b926b96362a76468,1.0,700.0,27.0,6.0,32.0,housewares
c82a4bcc05f054e3084e20df4ee969cf,4.0,550.0,27.0,8.0,27.0,housewares
adf67f81126a8ec9e0968dadbb49083f,4.0,150.0,16.0,14.0,11.0,housewares
d34efb58e1930773fcde9b951892b1b1,1.0,1050.0,22.0,26.0,22.0,housewares
95ddb6784d69952b116fd5bb2408b788,1.0,1600.0,34.0,27.0,23.0,housewares
e9ece5b909d4feee55f77a610b262367,2.0,27800.0,80.0,40.0,40.0,housewares
7f2b84e06353dbec6da66923271c98aa,1.0,550.0,16.0,25.0,11.0,housewares
88ff969d40429ca9a43c4e09620d6101,2.0,1000.0,30.0,5.0,30.0,housewares
41e0c51896d728080432ffa1de66e992,1.0,400.0,30.0,40.0,30.0,housewares
4fad4b56635e58d6f0534f39b5614512,1.0,1850.0,43.0,48.0,48.0,housewares
9fbfc0d1a475bb65f9c0e39bb927a99a,1.0,4450.0,16.0,29.0,23.0,housewares
d926e6d3f3a790d09e925e886eb8031a,2.0,800.0,16.0,25.0,16.0,housewares
f71a8f28bdda01d104586e674b4303de,1.0,550.0,17.0,27.0,17.0,housewares
815d8a47625751d186ae410a78cb58bc,2.0,1450.0,20.0,30.0,20.0,housewares
9b02b650be0a39d8590be7d35be443f9,4.0,1200.0,25.0,12.0,25.0,housewares
d487ef7eb97ef91db077d19473d6e5d4,1.0,12000.0,40.0,30.0,40.0,housewares
0cb3a271c0da633b811ac57f0c63d48d,2.0,2850.0,16.0,33.0,12.0,housewares
36b9f40522d1eee3f0240111792fac18,3.0,650.0,16.0,15.0,12.0,housewares
a5c6bb44f99a90b26c7871fd02d0b0e0,2.0,8100.0,16.0,20.0,16.0,housewares
82d81ab45858ba32dffde40acc8b3062,1.0,700.0,60.0,11.0,11.0,housewares
4b96786612ebe7463132fce2c4dca136,3.0,10750.0,31.0,61.0,31.0,housewares
bf379ee1c9b696f70f97027e92279497,1.0,900.0,45.0,25.0,20.0,housewares
03feb64db1d0ea0aaad178536a2d0640,1.0,3100.0,30.0,40.0,30.0,housewares
30b1231ba07a2b463b2197fd37716be6,3.0,900.0,19.0,14.0,16.0,housewares
cad04bbd56e9e1392a586f51477a7e3b,2.0,550.0,60.0,10.0,15.0,housewares
90973fe7cdce864c5345cb2eebdfa666,1.0,1400.0,20.0,14.0,20.0,housewares
7237404d77298a92c6f0af9184bdbafd,1.0,5150.0,30.0,30.0,30.0,housewares
d7ae40734de8ff910e5e84034b1e94f3,1.0,345.0,13.0,14.0,15.0,housewares
fbb4594a7d9aff5d02ae898ee494b935,2.0,1250.0,16.0,35.0,22.0,housewares
102977ffbec43473f129d2e77b019475,1.0,1138.0,35.0,28.0,24.0,housewares
6789e81c62b672bf413759d22ecacaf7,1.0,383.0,17.0,13.0,14.0,housewares
f6a4cf51bd4911bee9e0308879e005fd,2.0,200.0,16.0,30.0,11.0,housewares
c0b4f7401d69d6cf3de3b96e0f2ead2e,4.0,450.0,16.0,20.0,15.0,housewares
3439529926df110506c6752e8f16d358,2.0,1190.0,38.0,20.0,22.0,housewares
ada916969296efb7a3f68cced80f60b8,1.0,950.0,23.0,26.0,20.0,housewares
4f6a3ad213467dd649e0538e97395a57,1.0,1600.0,25.0,16.0,16.0,housewares
27da9ff5303d900602623ce3b731e0bf,1.0,4100.0,63.0,25.0,23.0,housewares
fc64f94fa41c3384cce3defbe89db72f,5.0,450.0,20.0,11.0,11.0,housewares
d66d9dba1b0d3aab8f3b6b02e4cd3f8e,1.0,23100.0,33.0,70.0,44.0,housewares
ce4958776b3721723edac6bd9a05e833,4.0,5100.0,50.0,20.0,30.0,housewares
dacde5ab7bf7b2163220279b65389393,1.0,400.0,20.0,15.0,16.0,housewares
6d5dc5358e4ea12ef2c8058d7773c0a1,1.0,2050.0,38.0,7.0,26.0,housewares
1747048d975dfb4b55bc232200ccc53f,1.0,9400.0,59.0,43.0,43.0,housewares
6db72cc3d861dbea370e6959aa850b8c,2.0,340.0,30.0,6.0,11.0,housewares
f7b39dca4a425dcfd4a8b0b0aac4b7c0,4.0,600.0,18.0,19.0,18.0,housewares
8043608c406d413f7f645257cdc33f73,2.0,1350.0,26.0,5.0,32.0,housewares
831dceec53695bea375b42e2c602e913,1.0,790.0,17.0,14.0,20.0,housewares
d6897f1dfdc99bbbdfda785158793d45,1.0,390.0,24.0,20.0,24.0,housewares
d144b22a69d676d4a756e2da50ec9487,3.0,800.0,20.0,30.0,20.0,housewares
c63232ceb5c57348893f48cc65f2f110,1.0,3657.0,43.0,44.0,34.0,housewares
9d0e4c40f96d84fbf6beb84671fb149d,1.0,4050.0,22.0,37.0,37.0,housewares
78fb3aacfbed6d74a9ae27f69ffd6ee8,2.0,731.0,16.0,15.0,13.0,housewares
40c6502218c2b8ae624cd1576aac13c1,4.0,550.0,17.0,15.0,15.0,housewares
060109450b2f49e4d5c4fdfd3d8ebc34,3.0,450.0,18.0,8.0,13.0,housewares
0e9083f06ff39f2cfe1ba2c8f589f591,5.0,7900.0,45.0,20.0,45.0,housewares
1cee481bc2bde9c49bba35c615d52e78,2.0,550.0,16.0,10.0,12.0,housewares
45f7c48e7ead07eb1afd9aebfe6de326,1.0,3100.0,48.0,38.0,11.0,housewares
9c9abca7bb3490596a89a513233cb033,2.0,650.0,38.0,16.0,38.0,housewares
289b15aefdff679d218b286e195e8f22,3.0,500.0,16.0,10.0,11.0,housewares
6291f9025c6b863241bb80ebafa4434e,3.0,200.0,30.0,5.0,20.0,housewares
66babee723bbc5f12d8f113b7abe6d21,5.0,400.0,18.0,4.0,12.0,housewares
0d2c4fbee7db55f38a730f4dd40a9f81,2.0,250.0,17.0,10.0,14.0,housewares
f71050e65776861c8c3ec7a2d2b0194c,1.0,3050.0,30.0,30.0,30.0,housewares
0b94c4b0f19b2fa4eaaa3dd2cbee42bc,1.0,550.0,25.0,4.0,18.0,housewares
9dc84f981b67da8644c8d5983c83c2a8,2.0,1100.0,35.0,10.0,11.0,housewares
4cf208eb95726ebefc2567bebba903bf,7.0,1105.0,34.0,47.0,14.0,housewares
6070b7a31286e70e682b07423492f35c,1.0,1900.0,35.0,44.0,35.0,housewares
12ae2f8641058da5952d2eedfde9d018,2.0,9100.0,30.0,30.0,30.0,housewares
7aa6e062307255430c735f98b847578e,1.0,100.0,16.0,2.0,11.0,housewares
af2808733a159ce5dfb2db7ec510f8d4,1.0,1425.0,27.0,19.0,17.0,housewares
07778ad3984dfbcc6b9dfd8b8595ba7b,3.0,400.0,20.0,28.0,18.0,housewares
de20fea8f26ba09202b61d3e5ea8bbc5,1.0,1815.0,23.0,23.0,16.0,housewares
c4e37559b6608454ca8661bb6f3190fd,1.0,2000.0,75.0,7.0,50.0,housewares
a11998d0de02ca907c060119dabe8ead,2.0,12050.0,22.0,65.0,40.0,housewares
3d82497d58f46e57e5fdb6cd68a03a2b,6.0,525.0,18.0,8.0,14.0,housewares
c1af5ce247fd5fd18c52ba645c3c87b6,3.0,350.0,17.0,16.0,17.0,housewares
5e3e2d54c975cf95b62c112c4d1d935d,1.0,300.0,35.0,13.0,22.0,housewares
a4d28309950a3658ecbe8ee7395bac12,5.0,1050.0,30.0,12.0,30.0,housewares
7efd6fed8c0563a28c70b4eef35ba25d,2.0,600.0,16.0,12.0,12.0,housewares
c29000fbd43fc3693f8ad048b2e511d2,1.0,1800.0,25.0,40.0,25.0,housewares
f7f59e6186e10983a061ac7bdb3494d6,1.0,3700.0,32.0,22.0,46.0,housewares
734a3078bba2d8bf0113b808a86dc7bc,2.0,350.0,16.0,16.0,16.0,housewares
c20a3f598c16d77249da67e81caa8317,4.0,575.0,16.0,18.0,12.0,housewares
ed1e39b938c6cc6867d8f5fd408ce319,6.0,650.0,16.0,20.0,30.0,housewares
c853cdc7ab9eab59b04f753cd9a2f27b,1.0,400.0,18.0,19.0,14.0,housewares
99025f5f3c5b28d7598894c93f120308,2.0,3800.0,39.0,6.0,30.0,housewares
f4b9c879eda44418e4df17af2723d04d,1.0,400.0,17.0,14.0,13.0,housewares
226be9996759442f90f73b7d24c6baff,3.0,1950.0,16.0,105.0,14.0,housewares
63a02e48edbe315a16efcd9c9a389785,1.0,800.0,30.0,40.0,30.0,housewares
7753469de7e5148e75172503ebf82f1c,1.0,1500.0,66.0,6.0,39.0,housewares
018e4943e4cc9ed099f6fc1a7b65b07d,2.0,300.0,19.0,12.0,12.0,housewares
161ccc972b7b25a5e2d43376b8b333c5,1.0,600.0,23.0,23.0,20.0,housewares
d81d3da04eaeaf9608d87763815d7885,5.0,4750.0,61.0,12.0,38.0,housewares
8ddbf2c953e42ed2a627c4ac08706bc2,3.0,5150.0,20.0,30.0,30.0,housewares
c9341fe3a3cf071d813a92b6b012efde,1.0,700.0,17.0,9.0,17.0,housewares
4cfda9c405b4bc926663d2c0d1ddc832,4.0,700.0,20.0,15.0,20.0,housewares
9592ea6bf88d20db726179927bbefeb2,2.0,800.0,40.0,15.0,25.0,housewares
004636c889c7c3dad6631f136b7fa082,1.0,550.0,30.0,10.0,25.0,housewares
29781581fb82fe2389560a3a5331d0ee,1.0,150.0,25.0,24.0,25.0,housewares
bf4ff42133c7bced3bda24a521a5e12f,5.0,11550.0,45.0,28.0,45.0,housewares
7d4293d63939e17d3b331866cae7735f,1.0,2700.0,30.0,20.0,30.0,housewares
100260bf9206d859dc8db128c8c5afc9,3.0,300.0,21.0,10.0,18.0,housewares
ca86ba8060f4ced18a06aabd5449028c,1.0,800.0,38.0,20.0,16.0,housewares
d34761aaa1f96394cd795fd65e9b68e2,3.0,200.0,30.0,5.0,30.0,housewares
b52ae0bad7fdf62bcb3ed59fdd259705,1.0,17900.0,42.0,58.0,33.0,housewares
abe322c6be89693af3c42ba847966166,1.0,22450.0,43.0,68.0,41.0,housewares
f0973383ec656ea00297313758897094,1.0,5800.0,25.0,95.0,25.0,housewares
f5059e551244b19994cd977bf5853bda,3.0,2250.0,50.0,3.0,30.0,housewares
9cf02957cdf023b6b8dfebede6c64755,1.0,500.0,16.0,25.0,12.0,housewares
906b864d4d4058844e5187d9fb4109a3,1.0,1600.0,30.0,35.0,30.0,housewares
77f374d14bd53f0ed5f29613363973b2,3.0,300.0,16.0,16.0,16.0,housewares
071b6fda0410cc12642f1083210f6703,1.0,1400.0,20.0,26.0,20.0,housewares
6fcabf3ae89dbc8a1c2b13d3d311bc35,1.0,600.0,21.0,21.0,16.0,housewares
1a3f8351b158ae2a59427830a660eb0a,1.0,600.0,16.0,30.0,11.0,housewares
cfce05163d94540468fd6c92c62fa5db,1.0,8161.0,50.0,34.0,36.0,housewares
1cb60c9b90bc722828facc251de1cf94,1.0,9350.0,40.0,35.0,40.0,housewares
6f86fa71a6aa21f45e317590aacd0c3f,4.0,400.0,24.0,10.0,15.0,housewares
2546d567ebfae0f9bc59addbaa2a16c7,4.0,11250.0,60.0,20.0,50.0,housewares
7af69c11f2613a1f1fa6c519fd358b49,1.0,345.0,17.0,20.0,19.0,housewares
00929aaa7751a77220db9caa1ae6d3ab,2.0,2800.0,50.0,35.0,15.0,housewares
28dfc4b48aa78bae6d69b43b2742774d,1.0,5438.0,30.0,39.0,25.0,housewares
4b05791ca096d2b0b87fd292dbd751a1,5.0,200.0,18.0,4.0,12.0,housewares
30674190b5af4d3b447868dff7f6ac61,5.0,6750.0,33.0,35.0,34.0,housewares
e058b9425edee1d43de03b07e83cd8c9,3.0,650.0,16.0,15.0,12.0,housewares
aa968acdefd6d319d1f19bdc5c04670d,1.0,17200.0,32.0,37.0,32.0,housewares
cf9255e77d3ca4b5d560e28b2b5185c6,2.0,100.0,21.0,9.0,13.0,housewares
4c841517250c8eeafc917a63bc78acae,1.0,650.0,45.0,13.0,30.0,housewares
0dc3bdb1240958ec9be2c91cba5bcc57,1.0,250.0,20.0,9.0,12.0,housewares
64ec83de8f0026319c8829351e3d6e23,2.0,500.0,20.0,16.0,20.0,housewares
a2a91fe6d8762e0371abd964cef88ec6,3.0,300.0,25.0,10.0,23.0,housewares
2701fc4808fcb783d1347510b8b16698,1.0,1800.0,23.0,14.0,23.0,housewares
fa3a067994b6fd52b6ce674ee19a5bdf,2.0,2200.0,89.0,5.0,20.0,housewares
4a3fcddb44d39ff3d8d97e01a7dd8bd1,3.0,1050.0,35.0,18.0,35.0,housewares
70c045e016db654c9c8fd04c4ce334c1,1.0,1300.0,30.0,30.0,30.0,housewares
9ef3514cbcbf73d8b7d294036f99737f,3.0,1650.0,69.0,10.0,40.0,housewares
d3d2f358e7e92dbbbc0a37d0b7435253,1.0,2400.0,34.0,31.0,24.0,housewares
905a4d693124aa4be9299d68ee7ebd91,1.0,2550.0,58.0,43.0,25.0,housewares
9e56753b5a372958503c899615659254,1.0,1000.0,38.0,39.0,38.0,housewares
bdf89d6a5ed033f3e4fb1266fc445f81,1.0,1225.0,20.0,17.0,15.0,housewares
c36bf06e0eb9da82511d954d8f25114c,5.0,300.0,30.0,11.0,20.0,housewares
ce4564d6cb17bf0139f4a0860565c338,1.0,1300.0,38.0,27.0,16.0,housewares
8213da1c8eae3aa3fa5c70d87fc1581c,1.0,550.0,16.0,32.0,11.0,housewares
a7ae89769bab33a607946e0fb4a9c7c9,1.0,3300.0,36.0,15.0,29.0,housewares
4749c60e1d85abdf15d45092c5a2cde2,3.0,1400.0,27.0,21.0,21.0,housewares
a877b6c534fc8a71968d0c24877651e9,1.0,350.0,19.0,20.0,19.0,housewares
f3fddc967610429e8ee3cf2d089817bf,1.0,150.0,18.0,9.0,16.0,housewares
387e781bdd254dd8821e6194af0fa8d7,1.0,9950.0,47.0,20.0,60.0,housewares
3509901ff64b893ac034805e4ebc7dd6,1.0,16950.0,43.0,68.0,41.0,housewares
345f6c48d7dd28adc3242eafba3592ce,1.0,825.0,26.0,15.0,22.0,housewares
5477e4aa56c945c4c90faca63a98cb7a,3.0,700.0,16.0,14.0,14.0,housewares
4e52d603138fe095d25d2c44eb9f7c42,2.0,950.0,41.0,7.0,22.0,housewares
ea8b738ef7a9baaf574870d6041ebf52,1.0,200.0,30.0,40.0,30.0,housewares
f8b8f8501a0656a7ad4c52d3982b2f2e,1.0,1050.0,25.0,25.0,35.0,housewares
f582884ed8bb76a4b6317b8c9e966d98,1.0,1950.0,43.0,10.0,33.0,housewares
b91e21bfc2c8edfe31dda8ab56cc8791,6.0,5050.0,36.0,33.0,26.0,housewares
9d40080a29872ddbfe64f036de4ccdd1,1.0,1350.0,40.0,19.0,24.0,housewares
140568dfbaaf1a45e378cb87a346c91e,1.0,1100.0,17.0,39.0,32.0,housewares
ecf11081ba69df87eeaa46e5c3de564e,2.0,900.0,16.0,33.0,14.0,housewares
ff5bdcc63751127e726cb69cff0cb5de,2.0,2150.0,41.0,20.0,27.0,housewares
31aaae9f2af6869bff6b8cbbaf195e65,1.0,1300.0,22.0,36.0,22.0,housewares
7945bb528c42095fccdf46321742afce,1.0,775.0,44.0,3.0,34.0,housewares
138059a996d59a87553da752d48cc130,3.0,400.0,36.0,2.0,46.0,housewares
0a311a14cbefde1a7b83f0b7ed99c422,4.0,375.0,18.0,9.0,12.0,housewares
310b993294194cea025dcc9c23637b62,2.0,8650.0,80.0,15.0,33.0,housewares
a233e06dacf6de1293acf72ab6e9fe52,4.0,3750.0,41.0,26.0,20.0,housewares
8145324c201f9a26420e555a504a8c9d,1.0,300.0,35.0,5.0,11.0,housewares
966df4b1e05f53d4048170d49bc650a6,1.0,3000.0,45.0,13.0,25.0,housewares
de20d958de7cf841ac6558a6d467a13c,1.0,2450.0,72.0,47.0,13.0,housewares
0581c05e8e3c0d17ea0ef8904419ec00,1.0,1250.0,30.0,30.0,30.0,housewares
72ba1b1e37ca92467fe787728625c76a,4.0,4050.0,22.0,51.0,22.0,housewares
88e2fc6c65d64b3edbf2cade16ea82d9,1.0,6850.0,30.0,30.0,30.0,housewares
af8acb9fc1592c0d00bf5b8a3d43e8e9,1.0,4550.0,30.0,28.0,28.0,housewares
b45cf16d3053d517e0ac445498e4915b,9.0,14100.0,38.0,34.0,34.0,housewares
f487b1c4ef5ac6ad6d09b6f1426fb6f0,1.0,1600.0,37.0,14.0,31.0,housewares
49f57e8347e394d0ddfcc1c8acaf9b2d,1.0,4100.0,32.0,75.0,32.0,housewares
24c002cf6aa7f3c184a964064e2a2e5c,4.0,3000.0,22.0,51.0,22.0,housewares
b17110b2eaee2f703cc79fca95fd624e,1.0,550.0,16.0,22.0,11.0,housewares
a027d4d9a0ffc6b3c2cf45636b044078,1.0,200.0,25.0,10.0,12.0,housewares
44b6d6f40d9b822201e81c9d5cb5b937,2.0,1025.0,20.0,11.0,11.0,housewares
8cf22b2cc9465d64474a09853b62f5b2,2.0,3250.0,50.0,10.0,60.0,housewares
03c94210a8223f2f0c811f6783fe3d22,1.0,3450.0,32.0,25.0,26.0,housewares
5ed1d686373e3b3a2ddd9a4ce44f3fb2,1.0,500.0,21.0,10.0,17.0,housewares
864bcc07e87ab81710031595fff68671,1.0,300.0,30.0,2.0,16.0,housewares
970694629024df557d9b71b3088a488d,3.0,2850.0,50.0,3.0,30.0,housewares
a5f51ebc52e3337c55235f2e9d3e3acc,4.0,493.0,20.0,16.0,16.0,housewares
6aa2fc145b174e24db03a714aca32103,1.0,350.0,30.0,20.0,20.0,housewares
e91803613f8e6488d2042a797a6ea40b,1.0,50.0,20.0,5.0,20.0,housewares
0e53d55e7f56c386b4545fb0e9f4dc6f,1.0,4200.0,38.0,38.0,38.0,housewares
e3e8e08714c40e0101bd225f06bf4fef,3.0,600.0,17.0,7.0,12.0,housewares
5b36015bf5fe27bac862d0b8f109ddfd,2.0,1900.0,100.0,3.0,15.0,housewares
563ca93c70b8dbcd7c3738b349a033b1,3.0,700.0,16.0,15.0,12.0,housewares
214182ef6dd2635420e172166e7ee047,1.0,650.0,16.0,17.0,11.0,housewares
3c3b94d8e966e0a258d6baaa41549199,3.0,8200.0,35.0,40.0,35.0,housewares
f494b6e2b8bd806b45b117992c959a8a,5.0,1250.0,30.0,14.0,28.0,housewares
9019140ff0a590950d16c4e5ae5427f6,1.0,475.0,20.0,20.0,20.0,housewares
056193fc88b3f131fae751356896b168,1.0,8950.0,40.0,30.0,40.0,housewares
ce4748dc1d048c720beb91fd9af46968,2.0,2150.0,47.0,23.0,27.0,housewares
5804729aafca1ebee7b26895d830586e,4.0,9850.0,31.0,61.0,31.0,housewares
4e5bbc386fa77265275c4bb8c0d65be0,1.0,400.0,18.0,18.0,14.0,housewares
5b4c8d91d1870633efdb893f7b2bb44d,1.0,3500.0,35.0,24.0,25.0,housewares
c50acd762180950385dcac913067fd44,1.0,1700.0,30.0,30.0,30.0,housewares
375e5a8fcf452959ad89ad40ea2839aa,1.0,200.0,22.0,13.0,23.0,housewares
d1e422d44f28b10c3899b6f494142de0,6.0,350.0,30.0,11.0,20.0,housewares
a3cd9517ebf5a50dca25acce54f3b171,4.0,30000.0,75.0,58.0,65.0,housewares
5e48cea2e7cec25464ae5de34e700e68,1.0,1300.0,30.0,30.0,30.0,housewares
0e304ecd0adea545759479c04134c8a1,3.0,750.0,34.0,8.0,30.0,housewares
1b3634881407099b50ee5bca1026ef25,1.0,700.0,16.0,38.0,33.0,housewares
bf3024b979e260a941c418cc5771fff2,1.0,800.0,26.0,21.0,21.0,housewares
9c7140bb02241a5835bc69ab9ed3732c,3.0,500.0,20.0,10.0,18.0,housewares
574597aaf385996112490308e37399ce,1.0,4800.0,22.0,63.0,22.0,housewares
803668f063859a1f96b67b83b71e86ef,1.0,1800.0,55.0,10.0,38.0,housewares
0d87a475cd933bc600f92e0b346e9c0c,1.0,275.0,27.0,15.0,27.0,housewares
2abe986592541f0d9448fe0af86903ee,4.0,300.0,16.0,2.0,11.0,housewares
8db17861b9c5d161d08b81e8f9f4a4be,2.0,6500.0,40.0,30.0,30.0,housewares
a7c9b5877966d71112d9a1b392fef8d1,2.0,1250.0,29.0,12.0,26.0,housewares
d51f9e208b88e49c98f6a55649d5df35,2.0,1200.0,21.0,21.0,21.0,housewares
66f559d2cc74e31ad7e9c7db447aa4f5,1.0,4500.0,68.0,53.0,11.0,housewares
7b5dc46fb60be9d57911ae41dd5639ff,1.0,5800.0,42.0,28.0,33.0,housewares
082c3f21a0fc7a07cd303552d8b6ddae,2.0,13900.0,42.0,44.0,43.0,housewares
9e75c1e76e60e7ddab5d73da0e216234,1.0,1600.0,25.0,25.0,25.0,housewares
e16045eef2ff02ee2a6469e167958bb0,2.0,900.0,71.0,13.0,11.0,housewares
2dcde6124179442bfb486378988545db,1.0,700.0,16.0,11.0,19.0,housewares
b22be29b1a6f923436642bb5fe433071,3.0,600.0,25.0,10.0,25.0,housewares
5bb4f7ac197ab2d099e968a3d3810915,1.0,450.0,30.0,30.0,30.0,housewares
183e7a71baadb34370dd394795163dd7,4.0,7900.0,42.0,50.0,23.0,housewares
9389eab000375a2774d1b51cdeef90e1,10.0,18525.0,55.0,57.0,39.0,housewares
d8a5b759acaff49096bf67c33d9a9372,1.0,550.0,19.0,18.0,17.0,housewares
ebf14501e5f29450814532d3ddc8a75f,1.0,1000.0,24.0,24.0,24.0,housewares
6eca85eeeb222dea025ec02b288a09a8,2.0,850.0,30.0,15.0,20.0,housewares
ea4cc93c84021f3d58e6afb54300c82a,2.0,450.0,30.0,30.0,17.0,housewares
d5b0a56754200d402145e8527baed7d1,1.0,1500.0,32.0,30.0,24.0,housewares
2413f6964f7f31846df61faa3e0518ca,1.0,250.0,20.0,8.0,25.0,housewares
cf2f4b488fc5808e6c78366a0b73b4a8,4.0,15100.0,51.0,39.0,35.0,housewares
4f5459b07e4a3e0897228ccfe3aa474d,5.0,1850.0,20.0,12.0,16.0,housewares
aa7cf4b09293dffac3b67cf2fb9730a2,1.0,1100.0,27.0,28.0,21.0,housewares
732c1b4a64547db8a6aa780bba696cea,1.0,200.0,25.0,10.0,15.0,housewares
179bb56045bec397c52ef3c8183dabb6,3.0,300.0,30.0,7.0,30.0,housewares
fbf7215badcb7ebd5b322b71a0733fb8,2.0,5534.0,73.0,16.0,45.0,housewares
ba2b57d0310d7cf65e8538089a9e72f4,1.0,800.0,16.0,13.0,12.0,housewares
b00ac0753288344fef1ce8c5ac37f89d,2.0,1900.0,40.0,14.0,35.0,housewares
8e4a6078c62896ce6e1bde5d53762578,1.0,3200.0,42.0,12.0,17.0,housewares
d3d090c53e5d9ce8cc671f26eec8e2e8,2.0,300.0,16.0,8.0,11.0,housewares
9b53e2487de4651c1610938e71957638,3.0,367.0,24.0,24.0,24.0,housewares
9c711b24a6ec15a6cf438a0fa80d25d1,1.0,850.0,21.0,34.0,34.0,housewares
d23d89e8971b610d32ca194a212ae44b,1.0,1050.0,24.0,28.0,39.0,housewares
1122726437ec94b92705d85be11b4019,3.0,650.0,16.0,10.0,11.0,housewares
95561023115b71f8bbb280afc56b7bed,1.0,2650.0,39.0,17.0,39.0,housewares
209f9d016dbdb12e4fdbf57e5827fd9c,1.0,13050.0,40.0,40.0,40.0,housewares
e35b86603770bdb3faef7f1dac64aca0,4.0,3600.0,19.0,34.0,28.0,housewares
ebad22047e14d0c85c898f3ea796030d,1.0,200.0,16.0,4.0,11.0,housewares
31a89a7044c5b133cf646404a4e86022,6.0,2200.0,54.0,25.0,25.0,housewares
b0edba4fd6456eab5a6b6201caf7b323,5.0,4400.0,25.0,7.0,25.0,housewares
064c975d37d3c646bd94d94c6e16f37e,1.0,200.0,38.0,21.0,14.0,housewares
e189bc4d676ede235d3380dd1cae2a31,1.0,600.0,16.0,25.0,12.0,housewares
d26580768894ea0cdc9f19dc672956c2,3.0,3950.0,42.0,14.0,22.0,housewares
1a0e58ba2d1b44924d3d7184ae40e575,6.0,600.0,18.0,4.0,12.0,housewares
28bdd20184e553872bab0ae75bbcaecf,1.0,450.0,16.0,28.0,12.0,housewares
3fc18e3aefe7b9346bd15de863fa0365,1.0,2850.0,30.0,30.0,30.0,housewares
6fa89bbdedf820511d87d6e983c06655,3.0,650.0,22.0,41.0,31.0,housewares
5e18248fc768bdb7fc69fd012068d109,4.0,600.0,16.0,6.0,20.0,housewares
e3b997f50d2aa487a92ed84d4125b590,6.0,400.0,30.0,20.0,30.0,housewares
51edddbbc47a477259e672bd291feed6,1.0,450.0,16.0,26.0,11.0,housewares
5a1d320fa650ea18706613a0dfc3ad0a,1.0,12150.0,104.0,35.0,30.0,housewares
6e649da572cb3e7bd20ef7203d43829c,1.0,2250.0,45.0,21.0,26.0,housewares
2852bc2e54973155081dc04bff585ac4,1.0,350.0,16.0,10.0,15.0,housewares
63509853c8fbc63605d354a4ca4f689b,1.0,7900.0,25.0,60.0,25.0,housewares
82498e96fa34d0975dc61a765a65d523,1.0,10450.0,30.0,15.0,25.0,housewares
11db6c59cf27f88135b79aee6c3f86cb,3.0,8950.0,28.0,41.0,49.0,housewares
47a67549d9b00310453dec1c3902e391,2.0,600.0,30.0,15.0,20.0,housewares
f85f1a739343e5f5912d2ba0f2b7e614,1.0,1750.0,35.0,5.0,25.0,housewares
05e896ddcd2490d4185badce5f9b45e4,1.0,9500.0,60.0,17.0,55.0,housewares
186d7d472f062ca6ef30689faa935d2e,1.0,250.0,25.0,25.0,25.0,housewares
1c02c66278df52e0e945f9cdcd9259ac,3.0,129.0,29.0,20.0,16.0,housewares
1053d2f1df34b526957673f25a1b50e3,1.0,275.0,16.0,13.0,14.0,housewares
37ca6352680ac8ebfdd9bbc581df8375,4.0,5750.0,20.0,30.0,15.0,housewares
c9793dc710a46a74473907034c12567a,2.0,1828.0,24.0,24.0,22.0,housewares
3b741ffc8fcc3a055eaec6d4832dd925,1.0,1850.0,19.0,20.0,16.0,housewares
fc17dfdde3d4bd5a186b417704775d06,1.0,13450.0,54.0,35.0,45.0,housewares
c13753983dc6a777c5e17ebf6db9fceb,1.0,900.0,26.0,20.0,25.0,housewares
8200643735a2f7985f5545b3163b3442,2.0,6050.0,40.0,20.0,45.0,housewares
a35c14eaa384acf7aabbbec3bd76fae6,2.0,850.0,28.0,12.0,22.0,housewares
8c7e3cb4c1ac38e45ec6320c4dbbcb3b,1.0,1100.0,37.0,13.0,37.0,housewares
de1eee6c50298db6028af08bd88a702a,1.0,1100.0,25.0,12.0,35.0,housewares
5f2641478d7b5ffbfcf1f2b5cdff4709,3.0,1950.0,102.0,8.0,11.0,housewares
3ec743336067ca17a9d2b1599d8a7cae,4.0,400.0,20.0,10.0,30.0,housewares
d05cc9afc85771f597cf4bc9d8f12546,2.0,450.0,40.0,15.0,13.0,housewares
95ad87ed6306ec8b44eb069ad236bb3c,1.0,1050.0,33.0,20.0,26.0,housewares
2cce627260aeb5a7d459a788e458bd5d,1.0,217.0,22.0,25.0,24.0,housewares
d1f7e2982b329124bb9fe26a05633dfc,3.0,200.0,20.0,10.0,12.0,housewares
d06c584396da88115d470852e17a4aa1,1.0,1250.0,21.0,21.0,15.0,housewares
245baefabc49c30568e720610780fa9b,1.0,6370.0,45.0,28.0,40.0,housewares
f3bbbaabf3ce091b88d2511c1a29796c,4.0,350.0,18.0,8.0,11.0,housewares
bd94ffbca2eff2c87f0ef59c000db3f6,1.0,2500.0,45.0,10.0,33.0,housewares
53ed6847ec6f35987f6d60335263f21c,1.0,8250.0,25.0,62.0,25.0,housewares
fadde2aec26938dd22add77b290d279d,1.0,4400.0,24.0,28.0,39.0,housewares
2d1a9ea0989c21fc3903ab08be09a4f0,1.0,850.0,22.0,50.0,22.0,housewares
c8327011b01e4666db6770ebb8a86fa9,3.0,9950.0,31.0,61.0,31.0,housewares
2f99595908b6d745c8fbcf4518699aed,4.0,650.0,96.0,10.0,16.0,housewares
e84512060d6d75aeeadbe0ccc70e076b,3.0,600.0,26.0,16.0,15.0,housewares
dea3de7c4e7aa375d564fa2ddb7099b7,5.0,200.0,18.0,4.0,12.0,housewares
f0250235b98c5e46d27e7fda8f1892c2,2.0,400.0,25.0,16.0,20.0,housewares
af4328f3b25c46d425187cffe0858540,1.0,500.0,30.0,30.0,30.0,housewares
a9d9db064d4afd4458eb3e139fe29167,1.0,600.0,16.0,25.0,12.0,housewares
d7e446a8f36339b1a9d059d1237159c1,1.0,12050.0,40.0,40.0,45.0,housewares
f9146f84a0ad9aa621d8c51735f5610d,1.0,700.0,47.0,27.0,32.0,housewares
3c078c878d44c18bb8c02acc54ae25e5,6.0,300.0,17.0,28.0,11.0,housewares
cf72ea5c0b07fa8213ced10ed9182597,5.0,3950.0,16.0,27.0,46.0,housewares
04e90f954f5fde312ce378b26ddfad13,1.0,7600.0,49.0,40.0,40.0,housewares
977fbe809f12dd0f62698fb90d671b67,1.0,13950.0,40.0,70.0,40.0,housewares
2b2e55ad3e118ae57401cf2b747ca428,1.0,500.0,18.0,7.0,18.0,housewares
ed47a454f5fbb920098724ccf04f86de,3.0,350.0,16.0,10.0,13.0,housewares
15650c1f25dd6e567eb1188df1c1a411,2.0,600.0,25.0,10.0,11.0,housewares
f20b79bd0939728b29d409062c5c486b,1.0,1000.0,20.0,20.0,20.0,housewares
a7dd53b475b0f522ba49897fdf33199e,1.0,1625.0,53.0,30.0,31.0,housewares
6cda4e34e42ceee3bc219010c1333577,1.0,500.0,17.0,13.0,13.0,housewares
188c2b55dbae7df073f4f4a24e232ce9,1.0,800.0,30.0,30.0,20.0,housewares
9f70acf998b0bd14652234075a19d358,1.0,1400.0,38.0,5.0,21.0,housewares
2514ff519f69595934371404ff50911d,4.0,445.0,19.0,12.0,12.0,housewares
9b31e696365ea4d66a169a1767538f2a,1.0,800.0,16.0,16.0,16.0,housewares
6c09be1fc42a113b2f3e558d7df2f133,2.0,200.0,23.0,7.0,15.0,housewares
279c4f688c1562c5f221f139179389c9,1.0,350.0,40.0,10.0,14.0,housewares
c32788bc915b1ce4316822a1b7c4ec91,2.0,2000.0,28.0,60.0,28.0,housewares
b13b41e7467cf4ec18fceb0c4b0e6220,1.0,1450.0,58.0,12.0,43.0,housewares
952a2fb95f913c10c33c1e509c7b8d9a,1.0,133.0,35.0,11.0,32.0,housewares
aa8dbe0ebad6906e9253479e1027185e,1.0,850.0,25.0,5.0,20.0,housewares
efa9bf5559d026b9872259f29b7304dc,1.0,8850.0,61.0,15.0,58.0,housewares
e8858707cf7f1edb99f79d50b42717d8,3.0,200.0,21.0,8.0,15.0,housewares
20a5aefe5c61d9047acc46a0970e4908,1.0,775.0,19.0,26.0,17.0,housewares
306599a052830af3cfebe42ee7a79dde,1.0,1250.0,30.0,30.0,30.0,housewares
d5766f73a7ac018222201ecba2b79018,2.0,350.0,26.0,9.0,19.0,housewares
34ca28e1d0a2055f325d4275bad02073,7.0,3300.0,32.0,29.0,51.0,housewares
26d7caa7e5b0fd27401cea553f5fce36,1.0,200.0,26.0,3.0,21.0,housewares
ee3d41c81fc9573f585d13bd61ce58f6,1.0,1500.0,25.0,40.0,25.0,housewares
6edaba24cba3dd6d13058f286c80915e,1.0,850.0,16.0,30.0,11.0,housewares
bb3c156467b262f4c99996ded3351eee,1.0,700.0,26.0,17.0,21.0,housewares
7b64009f7a8f64bb448a5e1ec3a4fd04,3.0,1300.0,22.0,22.0,22.0,housewares
79f9bb25cea215b868332aac0125c4f0,1.0,1100.0,27.0,24.0,27.0,housewares
d68be217281ba1c20f23f94781f29ba4,3.0,300.0,40.0,5.0,30.0,housewares
261dc97192b478e60fd1318cd0650618,2.0,1200.0,36.0,15.0,22.0,housewares
e07c8b5e1f3d869bd921dc22a889e2e0,3.0,880.0,26.0,28.0,26.0,housewares
03a8d0921d804ba08d3da40064a4e281,1.0,600.0,16.0,25.0,13.0,housewares
c8ff3d9fa791c9b40a3c54a5da2394f2,9.0,6600.0,46.0,31.0,37.0,housewares
5bd3ba44eb990450377a2cd863821cca,5.0,4755.0,43.0,40.0,31.0,housewares
dc77c9e552aae599c974af32f5a0512e,1.0,200.0,38.0,18.0,27.0,housewares
220a2b9dd1e9990876de0ac999e1a33c,3.0,895.0,10.0,15.0,14.0,housewares
441bf12dfcffc687efcdc235669c55dc,1.0,300.0,22.0,12.0,18.0,housewares
d372821d2eaba9c81a3d5fcc302c2f78,4.0,19950.0,43.0,43.0,43.0,housewares
e329dc4f7ae6fac352da9bd20e3b11e0,4.0,2850.0,30.0,32.0,28.0,housewares
76c94f57e12befc7be10fd22e96ab0c6,4.0,450.0,19.0,13.0,17.0,housewares
bf6e9b07b37b073afbd4420d91518a9b,1.0,1300.0,30.0,30.0,30.0,housewares
25a1d9b4eeca995f38b898c7ab6288ef,3.0,617.0,17.0,14.0,15.0,housewares
cac52d956eff0cacf32f4b0f0f3aac5c,1.0,450.0,25.0,25.0,25.0,housewares
588ea3decc0d8e1d19ce6160c5b0da1b,10.0,1350.0,43.0,18.0,18.0,housewares
c1dfd7dc17df380ed269d0fc905f6e22,2.0,600.0,16.0,16.0,16.0,housewares
038467f26869173dd87434ae02199a40,3.0,500.0,18.0,21.0,20.0,housewares
c8e7965a98acecf61c4cebbaf5c08c53,1.0,2450.0,40.0,38.0,16.0,housewares
ef153414d98782a711939e8fa3dc89ea,3.0,950.0,30.0,20.0,35.0,housewares
faec279ddbbce3de75d2adf10f612a5e,2.0,2600.0,50.0,30.0,32.0,housewares
eac611ce220f095680e35c1c1124bcb3,1.0,700.0,30.0,15.0,20.0,housewares
a338a81aed052e88a9ee732e3e45042b,1.0,12450.0,31.0,60.0,31.0,housewares
4cb1a2850af275025f76f015e0cc79cf,1.0,1300.0,25.0,40.0,25.0,housewares
576604f94c1358b5113eba7ad6b6724d,5.0,150.0,18.0,8.0,14.0,housewares
30048c2138eb22aebd13d31c07ba226b,2.0,5636.0,40.0,27.0,31.0,housewares
b8da1249f4cdc93cdc88d9b16cb32506,2.0,2100.0,30.0,25.0,30.0,housewares
bb32b03270ad3f5a8aa9474d354119ab,2.0,500.0,30.0,20.0,30.0,housewares
073a5dfc26cb33ef440b2e0aa29343a8,4.0,300.0,19.0,12.0,12.0,housewares
306dcbc0bb646b50b3d86c6803558347,5.0,2000.0,45.0,12.0,45.0,housewares
d14c053e6b7bb2e2f819b1b4926f6159,1.0,1307.0,41.0,19.0,28.0,housewares
ea825f519217acda066b1f5cc7ba06b3,5.0,300.0,45.0,15.0,23.0,housewares
5ad486e80218c20810521ec57ae5475e,2.0,1450.0,25.0,12.0,35.0,housewares
f175de424f961785861228372285f0be,1.0,700.0,20.0,20.0,20.0,housewares
55aec8e90307dc2a7233549837c12299,1.0,11450.0,41.0,26.0,41.0,housewares
b1599324bbd2fda5befde0d69a9028a2,7.0,550.0,18.0,13.0,14.0,housewares
519f998a3890d844a5f27a99c69d2c6a,1.0,1045.0,39.0,16.0,38.0,housewares
77c458f1c9de09a6b4dcda767ec6dae0,1.0,1850.0,27.0,12.0,20.0,housewares
4525c06a9be3578a113250b8dec95353,1.0,4200.0,37.0,15.0,37.0,housewares
c1568069089eb4c961506f6198bdc9f9,6.0,550.0,30.0,15.0,15.0,housewares
3201f8224f0692ac79dac9d193ef539d,1.0,200.0,26.0,4.0,19.0,housewares
a4f283ca7a807cf3ff056abf3ca9a621,1.0,250.0,20.0,10.0,15.0,housewares
1d11e9991beabfd8071f2bfb73444500,3.0,750.0,16.0,2.0,11.0,housewares
36df104745cb6dd332bd1eff627af709,3.0,493.0,22.0,6.0,22.0,housewares
0c5b17c1b54fc1dc48752ddb8caab6fc,5.0,1000.0,16.0,8.0,14.0,housewares
e87ddc08b32806b6d8f28986f012e6a8,4.0,500.0,16.0,16.0,12.0,housewares
f0e62aeebadb31681187c9548d8aae40,1.0,400.0,39.0,11.0,11.0,housewares
0091d85023824de2d33252310c952307,4.0,450.0,16.0,24.0,11.0,housewares
c04817dbf62ce91069b03b151fb6b40e,1.0,500.0,28.0,9.0,18.0,housewares
c625ae2c17fb3590976b5822c1505126,1.0,2000.0,32.0,32.0,32.0,housewares
176e81d05865d1cf72d45caf8023268d,1.0,150.0,25.0,10.0,20.0,housewares
a6f609450e3980d2e6065b4a98eb02da,3.0,500.0,30.0,11.0,20.0,housewares
97f1396a5a1f7c07ba51784efdec44b8,8.0,1400.0,43.0,18.0,18.0,housewares
b0517edd4454b9c2537f65826f500a2f,2.0,250.0,30.0,10.0,20.0,housewares
bdb4be6ce2f7f2b5be0a16088028c7fc,1.0,3100.0,45.0,28.0,26.0,housewares
5e655ad6a29335c852b7829a5e340c80,1.0,800.0,16.0,16.0,16.0,housewares
9c66292a0367d1a85842e4b302acca69,4.0,500.0,20.0,12.0,12.0,housewares
28e5475b2d4d01acccf9a5a0c0a9adbb,1.0,1193.0,33.0,20.0,20.0,housewares
70c9d38055bb316285aa937715c2e82d,1.0,1285.0,46.0,10.0,30.0,housewares
8b5067273486aae7949e25b20c24b173,2.0,350.0,40.0,10.0,15.0,housewares
b36e7193e7cc82714005b7aba1deb3c5,1.0,600.0,42.0,5.0,30.0,housewares
adf9f866f766f402a19e34b5be2bec09,3.0,4300.0,50.0,30.0,53.0,housewares
47ac4dcdb04867daeaad647d224389e4,1.0,3250.0,23.0,5.0,23.0,housewares
5b8f7ebec7ae66255b5091a6efc2689e,2.0,400.0,25.0,16.0,16.0,housewares
29e322a868c120531516ca05238032f2,1.0,900.0,27.0,22.0,27.0,housewares
1ec8a5b7b30228bf933cb71d7be5ccb7,1.0,21400.0,90.0,30.0,60.0,housewares
a45af86c4a7948f5fabbb5b0132475cd,3.0,300.0,40.0,5.0,40.0,housewares
697bc524f3fdfaef7c92b56e8cc16aef,3.0,10000.0,79.0,15.0,47.0,housewares
9270f3b77242cf44ed272b9c1c0f8653,1.0,10900.0,40.0,43.0,40.0,housewares
3ce8dd82296006f1d916291f561c9d36,1.0,600.0,37.0,37.0,37.0,housewares
9754ea6652dc3e06be088797f85f4ee5,4.0,400.0,18.0,20.0,20.0,housewares
c847f8a786c8a1a4ba04f7c3626cbd55,5.0,6800.0,44.0,16.0,44.0,housewares
6b9d88f0b36f59a30d29fd2f77afb645,2.0,2100.0,48.0,26.0,28.0,housewares
5173e870df52b09d6b76f88504a1991d,3.0,250.0,22.0,2.0,11.0,housewares
7fb7c9580222a2af9eb7a95a6ce85fc5,1.0,825.0,52.0,18.0,74.0,housewares
c24296567cc15dfc3744439670716c4d,5.0,375.0,18.0,13.0,16.0,housewares
fe7f10e5c9d36a294333b0c35ccc24ad,4.0,1150.0,30.0,25.0,20.0,housewares
985d0e44eb77bf7ea235ed88dbec3936,5.0,3900.0,35.0,20.0,35.0,housewares
727017cd91a0361b8ae4cfcff15e9682,1.0,1200.0,19.0,22.0,19.0,housewares
03826ede2cac52b3011b58cfd58c84f9,3.0,6900.0,70.0,15.0,33.0,housewares
6503fb999235a191e5256051244c627c,1.0,1800.0,30.0,30.0,30.0,housewares
365cdbd29e4a18a4e258fc40c6fc746c,1.0,7700.0,35.0,41.0,43.0,housewares
ef13685a6d6c37cf49a2f951deac1c87,2.0,1500.0,91.0,78.0,18.0,housewares
d88a09e1deacfdf7d5f5a7baa73055ce,1.0,1000.0,30.0,40.0,30.0,housewares
aa4c5e610242fdfd79969a9577dfe112,1.0,5300.0,30.0,35.0,30.0,housewares
589748084a98b7543d93feaf89c442e8,4.0,9950.0,31.0,61.0,31.0,housewares
58e8a50e5d8d31362600e27bb4cddc29,1.0,600.0,33.0,18.0,24.0,housewares
610a37c2cc32f63b7dfdafef64e5069f,1.0,1400.0,25.0,32.0,25.0,housewares
3b37da20f1b1b8d79065208761003a69,4.0,250.0,20.0,18.0,20.0,housewares
7e7e1af4ab49963c6e1245b2dbd8f492,3.0,1250.0,38.0,10.0,24.0,housewares
b6c9cd6e3f66939d3156d1def59b7639,3.0,1750.0,48.0,9.0,38.0,housewares
5aadf21c27e505224812c9b055031c73,1.0,600.0,16.0,23.0,11.0,housewares
08958eb11767450566d8328f3f1b63b0,7.0,850.0,16.0,20.0,30.0,housewares
c4a1c4638fa9e2e4861d141d6e0259e7,6.0,50.0,53.0,8.0,27.0,housewares
6274a0ea8a8aef3110f12c9a12897680,3.0,300.0,40.0,5.0,40.0,housewares
d7522f4bc0a993667ec6491b9e1b86e3,4.0,1450.0,20.0,20.0,20.0,housewares
11dcc970f7a5581e1bf777b6da3f7096,2.0,1038.0,41.0,22.0,28.0,housewares
4fb75e72740ecb238efad0fbea708f3a,2.0,238.0,24.0,15.0,18.0,housewares
64693ed5472651f9ea64d52a689d9ea0,2.0,6700.0,40.0,25.0,40.0,housewares
32fcefdea166b8a08f869ab8e6e29086,1.0,6700.0,40.0,40.0,40.0,housewares
6548c9763cc930450fb8b73c3353812f,4.0,600.0,19.0,12.0,12.0,housewares
f0424e66b65e73c95273f64fa036f3f5,2.0,8600.0,38.0,28.0,32.0,housewares
acf962a85a6f611c28a60519a4ae46e5,3.0,1200.0,34.0,15.0,34.0,housewares
09f28cb5f7c4be97ab03652e641c7843,1.0,600.0,16.0,26.0,11.0,housewares
b0759d549c07bcc21fffd7ac9f3958a6,3.0,1275.0,29.0,5.0,26.0,housewares
5691dd4a53d260fffdfff8bb0b24d626,5.0,1650.0,24.0,21.0,19.0,housewares
d4a3b5aa064bf44e74f1e71862bea22a,1.0,100.0,21.0,9.0,13.0,housewares
6917f21a7df770ef60ec45dd4714abaf,4.0,8050.0,55.0,35.0,25.0,housewares
ba5da398a4dc7a375349e2d32896a3bb,1.0,1100.0,30.0,30.0,30.0,housewares
27e90baf9d996277a5299e5d828be218,4.0,7900.0,29.0,44.0,29.0,housewares
2f5e485bacfeb554bec55cd497c9bc51,3.0,236.0,23.0,14.0,16.0,housewares
1d974de82e60d653a2d1cc79984dcec8,5.0,1650.0,37.0,17.0,34.0,housewares
570509b6d981370031c1f839592a1be0,2.0,4006.0,45.0,24.0,30.0,housewares
9541c4d8ef396401c096f381c3d6aa64,1.0,500.0,30.0,15.0,25.0,housewares
62995b7e571f5760017991632bbfd311,1.0,500.0,16.0,25.0,12.0,housewares
6bd4c564d1f96b0db5d02d376b4daed6,5.0,5350.0,36.0,22.0,36.0,housewares
2a7835ac39ba7753ece75242d290f044,3.0,750.0,60.0,6.0,12.0,housewares
0eb2c19991a9a90d3536addc877e36a6,5.0,1900.0,30.0,15.0,15.0,housewares
3b4c2252c7918d2d7756dfbc7d5842de,1.0,950.0,16.0,30.0,27.0,housewares
04162d7f092b675a184e76e91fd521d4,1.0,400.0,16.0,10.0,14.0,housewares
81761c6b742a57257960263f51adcb8e,1.0,8350.0,35.0,34.0,34.0,housewares
26459570e7be02e4861603614f8043c3,3.0,4500.0,27.0,47.0,27.0,housewares
98b60cfeeb9f910672c471ffc94541c2,1.0,2100.0,42.0,22.0,28.0,housewares
84676380ed30810651646aee76522f90,4.0,500.0,35.0,14.0,15.0,housewares
c784aabc6d8366b8fd85eaf9631cf96f,4.0,200.0,22.0,7.0,15.0,housewares
c8bcb1f3775756d1cf29af0e65f4fb47,2.0,2400.0,102.0,20.0,31.0,housewares
521a25c115e204f7024656cd8b05aeb4,2.0,2250.0,40.0,35.0,14.0,housewares
6e81e19eefa7a8f9d1b9d141d2afad8b,1.0,900.0,60.0,10.0,13.0,housewares
de17feec1983829fec4bc58cadaa43f3,2.0,1100.0,32.0,14.0,32.0,housewares
dac245c10d9ccd0f3dd3b14f4b7c4b7f,2.0,150.0,30.0,18.0,18.0,housewares
cc7e60cc41c667212b37102362120438,1.0,8350.0,53.0,24.0,33.0,housewares
56f96b94cbba67352e072d40e4e02167,1.0,150.0,16.0,20.0,11.0,housewares
40057bb8798f91bc5835fe774b8b4c36,2.0,800.0,25.0,8.0,15.0,housewares
c6bf4cdc2fc9ca1189d18f026d95af07,5.0,5250.0,81.0,13.0,31.0,housewares
3cb0ece3f5f0b8121a53635c9f783aa5,2.0,500.0,30.0,11.0,20.0,housewares
573ecac44bc00133b12d7d80ed8f3fa1,1.0,650.0,30.0,8.0,23.0,housewares
8719507b451f0290b7a707f076458264,6.0,300.0,50.0,20.0,20.0,housewares
e3a0ab4fb3aeeae8ac7be823142befa2,2.0,550.0,38.0,5.0,24.0,housewares
0c6f417a4037ab082ea5fe9a4e7da299,1.0,20000.0,43.0,78.0,41.0,housewares
0a1902453c06a6bb74a24a4fc60d1611,5.0,200.0,18.0,4.0,12.0,housewares
f353779abb6114db5f8f79fbad12e375,2.0,4000.0,46.0,9.0,32.0,housewares
f6b0f3b6a88401ac556cd65f80cfbc86,1.0,1250.0,25.0,14.0,25.0,housewares
6cdedcaa72a7ac7fd354bc71adb02ddf,5.0,5350.0,54.0,18.0,35.0,housewares
df42f27d852d49828f9f9fcbf29820d3,1.0,2100.0,30.0,40.0,30.0,housewares
fb4dc3571e0698692224020b5b1b672a,1.0,400.0,16.0,13.0,11.0,housewares
4e53856aa75b2748ac1a83f3adbd9474,1.0,250.0,25.0,18.0,18.0,housewares
fa38811cc82d393bddb9ad0b9ad96e2a,1.0,8050.0,30.0,40.0,40.0,housewares
078cec63541a67851b9057468288f722,4.0,200.0,16.0,20.0,16.0,housewares
5626784aa282f14f7314c4a01355d91f,1.0,7600.0,47.0,4.0,27.0,housewares
af65cebb32799378a21748dbd0620df3,1.0,1200.0,44.0,5.0,34.0,housewares
79380e4f154e94ac435d6d1e7ce413cd,1.0,4200.0,62.0,30.0,25.0,housewares
ecf9484703bdfb9cfcc1ac9c2084b567,5.0,11400.0,45.0,19.0,45.0,housewares
948b143a942ee5c521acea82547b623a,3.0,700.0,35.0,25.0,25.0,housewares
aef98ce647739e381bae28e004c63235,4.0,200.0,22.0,7.0,15.0,housewares
a3b68fbd8f68d8fdff1dd36cf1336b6b,7.0,2000.0,25.0,30.0,25.0,housewares
7762d533895097b6e2f2b64ef66b2ec9,1.0,7300.0,50.0,25.0,50.0,housewares
8a8d870b168dfa470a5f28efab92145d,3.0,2650.0,26.0,20.0,20.0,housewares
cfa14c9ef22bd6c41e20df06de9dfa76,2.0,9950.0,61.0,31.0,31.0,housewares
00ba6d766f0b1d7b78a5ce3e1e033263,1.0,7850.0,28.0,62.0,28.0,housewares
20415eb4f2c37838abe474b4d601da86,5.0,7000.0,45.0,19.0,45.0,housewares
641a45900528e8324c4848dda4e0a3fa,1.0,250.0,30.0,30.0,30.0,housewares
3a239046c442012dbbd86a4823bfe490,1.0,300.0,17.0,10.0,11.0,housewares
937a43407f2cf75f612cef2795160860,1.0,16500.0,38.0,65.0,45.0,housewares
2d9ff06c8870a518f5f6909774e140fb,3.0,950.0,25.0,10.0,36.0,housewares
b644708366a941f6e8db3bdf92f82421,1.0,1600.0,16.0,30.0,12.0,housewares
1a44ee797acd13dc4585b03de4f8e112,2.0,1750.0,47.0,7.0,33.0,housewares
2c446ef2d2415f2c802a41573824282d,1.0,1000.0,24.0,15.0,24.0,housewares
4183c824f5d60e348c536af8155f4e8e,1.0,10975.0,46.0,46.0,45.0,housewares
f4351f9cf9973a12b18474a9c44238a5,2.0,1600.0,16.0,35.0,25.0,housewares
72146711a2b027f714feab6d05476b25,1.0,6275.0,38.0,30.0,35.0,housewares
2dcd39f15943e045ea8db6296cac9b7a,8.0,750.0,33.0,11.0,33.0,housewares
562970ce0462981e1699d50878a10450,9.0,375.0,28.0,11.0,15.0,housewares
d96d21e61b8ba376ac95aa33861f9575,1.0,850.0,16.0,24.0,11.0,housewares
0d9374142ba86a7c22357ea192bcfde6,3.0,1275.0,27.0,26.0,27.0,housewares
a8d44734cde6fbd2f5c32818da67b97a,3.0,250.0,17.0,6.0,12.0,housewares
b59fc0a170a01469b1a02ebbc6e6fb81,5.0,650.0,16.0,5.0,13.0,housewares
259bd66612b61aa4e82ce3cde9272bbc,5.0,250.0,16.0,4.0,11.0,housewares
5dbd7cc557840defa81a4a99590b215e,1.0,2575.0,29.0,28.0,28.0,housewares
165160698dfc8156898999e0be8c4b27,1.0,1300.0,30.0,40.0,30.0,housewares
dcd0ac7b3f622ad8b043dda410f0c3dc,2.0,150.0,23.0,7.0,15.0,housewares
2d9b49aa7510c59fca0cca0e1dc0e0ca,1.0,1550.0,25.0,10.0,20.0,housewares
e939ce2e0cc01186dee365b969f86064,5.0,1500.0,29.0,12.0,26.0,housewares
ffc88104d219c1b767d566fd93653dd2,2.0,675.0,33.0,9.0,32.0,housewares
03137dc3af3dc8138e070c4536407618,5.0,625.0,30.0,12.0,25.0,housewares
d7d4469347b566ef611163dc0b9cee2c,6.0,1200.0,20.0,35.0,20.0,housewares
82b73150f90f4fef92913e35b9984bb7,3.0,2200.0,48.0,25.0,25.0,housewares
af33555ebc3047e394e7b0074772aaec,2.0,288.0,20.0,13.0,17.0,housewares
f68db1bd8309b0f83c38d83717b390a8,5.0,700.0,16.0,17.0,16.0,housewares
87b92e06b320e803d334ac23966c80b1,5.0,15000.0,35.0,30.0,25.0,housewares
95e257171227c7187fa4cb6361baa1ad,4.0,300.0,20.0,28.0,11.0,housewares
abef8cc12c6428d93526f5bd0f76dd0c,2.0,350.0,24.0,29.0,16.0,housewares
8f40f0b0018b8f6fd449c4c0713e3118,4.0,2900.0,53.0,15.0,13.0,housewares
090d6db6ad440d35cef0726b5a8bec14,1.0,7300.0,53.0,33.0,33.0,housewares
e15746c8f73cb5e9d74ae01533fa02a5,1.0,6550.0,32.0,20.0,21.0,housewares
4b8d79cb593470e80e954ca41d7e3fd2,1.0,2200.0,26.0,20.0,26.0,housewares
98ef57aa2a72c64d8b7b53a64b6b6584,1.0,500.0,37.0,3.0,11.0,housewares
b8762d562d810c2f8d7ad7e9c12957be,1.0,350.0,20.0,45.0,20.0,housewares
a88f259a7833d566eb11c414d2011dc0,2.0,500.0,20.0,20.0,20.0,housewares
1fd3bb291e0dba9d6081eb914303993b,2.0,350.0,30.0,30.0,30.0,housewares
81825b8f118d301ef4933de64545b307,2.0,10100.0,31.0,61.0,31.0,housewares
e5be5333cb5acab251c28955c22b9fbd,3.0,1050.0,25.0,10.0,36.0,housewares
0ad9bbfebaadb488b2fe87504b871c88,2.0,800.0,26.0,15.0,16.0,housewares
3fd371205bcc8fd75d0711e30ee46ebf,2.0,200.0,16.0,4.0,11.0,housewares
427a9f5e8a9d47c60adc5ae34e2657d2,1.0,700.0,60.0,10.0,13.0,housewares
982a0a294a593c7489a1a0a616b5e7c6,1.0,880.0,16.0,25.0,23.0,housewares
a888ac66042ddd2f1ecb410941c0db49,2.0,2000.0,25.0,5.0,25.0,housewares
83777748fe8142e20372f7edc51991ca,2.0,300.0,16.0,16.0,16.0,housewares
6f5795735ab2c629b22669fe889b7903,7.0,5950.0,50.0,29.0,29.0,housewares
c400ab88cf8df22f426e5f205bd0a755,4.0,2000.0,16.0,16.0,16.0,housewares
cd98dfe8c9e4a7e14da489ba34f3a845,3.0,300.0,40.0,5.0,40.0,housewares
79355354c83d32c3d44a80e6cbca1b8b,7.0,1050.0,30.0,12.0,30.0,housewares
c43bdc444e037ff4f6c4c6e307063572,1.0,30000.0,60.0,46.0,43.0,housewares
0ddc12518a71c5561e6c1054f3816a3e,1.0,600.0,25.0,15.0,20.0,housewares
8e62a6c85ba7c71b607e8e7fdcefe109,4.0,550.0,16.0,8.0,11.0,housewares
06acd3480e6a1afb023ad0eb8cdeecca,1.0,500.0,26.0,22.0,21.0,housewares
8a9e6069daf723d19d2f3644f30a0045,1.0,4650.0,52.0,20.0,38.0,housewares
3da76d120922f2c5c94b3ec02db563c9,5.0,4100.0,31.0,31.0,29.0,housewares
e8c389b93037dc27ba9eb2b1270ad55c,1.0,9750.0,30.0,48.0,27.0,housewares
ebf994c2e4f532cfcdd500a64af8b69a,6.0,700.0,28.0,20.0,28.0,housewares
7595cd7f319221fe4153dfd0db083582,2.0,1000.0,70.0,10.0,15.0,housewares
5f09b4a957ee45628820bf10056a1041,1.0,900.0,43.0,4.0,15.0,housewares
21d63115435202a00f15d5e4803ce982,1.0,1500.0,40.0,30.0,30.0,housewares
88e87ec91352824cfaf3fb1bdcfe0508,1.0,1053.0,43.0,35.0,26.0,housewares
e6c6f1449d623d6f5d534e64064b8dd3,1.0,250.0,18.0,11.0,13.0,housewares
31f2e4933e944d9fec681a639581accf,2.0,1720.0,30.0,19.0,13.0,housewares
8bfcd04b543971c83e16de0ab446407d,5.0,150.0,17.0,19.0,14.0,housewares
96ce4ff64224301c9da1dd92fa9551fa,1.0,19050.0,43.0,79.0,41.0,housewares
363447257ff5d59bda202c8fd1e2c53e,3.0,400.0,24.0,15.0,15.0,housewares
01bacce2c74317ed2524bcaabae2e9d4,2.0,1000.0,38.0,39.0,38.0,housewares
9c338bc8b9621f8401b46dbd8392ffbb,3.0,12800.0,63.0,37.0,29.0,housewares
015dfd6612249811b2e147c1f3be048f,4.0,300.0,17.0,28.0,11.0,housewares
c7208c176705ee9e839f9ada9401d4c6,2.0,350.0,34.0,12.0,16.0,housewares
b1c565d4fde909a6a6a318c1442b0288,2.0,150.0,25.0,20.0,35.0,housewares
1720f85e4a07f5701170d6c4e0acdb02,4.0,600.0,16.0,14.0,14.0,housewares
a5c0a72789779d4debc2f72204111cb0,4.0,3100.0,40.0,40.0,40.0,housewares
ed8ba7857b8c1dd66da5bf95ecd166a4,12.0,23600.0,40.0,65.0,40.0,housewares
1df2d3dd3744189ada2f2053d70039ae,1.0,800.0,20.0,35.0,25.0,housewares
9613dd0d7c6c50922dbbda403223381c,2.0,1200.0,25.0,25.0,25.0,housewares
0bea71972d0b439ab810f57a803344e2,1.0,16800.0,30.0,60.0,50.0,housewares
1f689385c7b14e8d5c593a1045c82776,1.0,750.0,21.0,7.0,11.0,housewares
ff85ff517698c3fe8b200afddda7fb3a,1.0,1200.0,30.0,30.0,30.0,housewares
8f211599d0cde9d8551a6984d758e1f4,3.0,12800.0,58.0,22.0,54.0,housewares
f20d17c5697e45b09853253384f0c583,3.0,700.0,25.0,5.0,19.0,housewares
bf7504ae9c74df62ecc385f05300fe09,1.0,6183.0,30.0,27.0,23.0,housewares
be021417a6acb56b9b50d3fd2714baa8,6.0,14300.0,38.0,34.0,34.0,housewares
2d4910ed534d58d6b37408bb5bd46c0f,2.0,13100.0,80.0,20.0,33.0,housewares
205204e979a44d5dca4251324f853a46,4.0,950.0,21.0,28.0,21.0,housewares
7ec65ab95b82f48104a89d8765718663,1.0,1200.0,18.0,27.0,18.0,housewares
dca96fdb8b183f1ea4e5eeb9d3e6163b,4.0,600.0,23.0,10.0,14.0,housewares
af4d2eba32e1b183e1934671e7683d20,3.0,200.0,25.0,16.0,19.0,housewares
ce9b5e2f3503d1142f9c9866db452633,5.0,1800.0,30.0,50.0,30.0,housewares
8cb6f92f3b07d35afd093ae66a4dc768,3.0,400.0,16.0,16.0,16.0,housewares
48390200e49b570705afb0bf9442ee5e,7.0,1050.0,16.0,20.0,30.0,housewares
773089b6d8197748b1b173e39dd38ab6,1.0,600.0,16.0,25.0,16.0,housewares
48e146e09757f4c6bc13be2f96dd0ec5,1.0,313.0,21.0,16.0,12.0,housewares
a3010804ffeb7111c30565419ff2824b,4.0,750.0,20.0,20.0,20.0,housewares
8e96fac79d538140a7b4adfa383f1ce3,1.0,500.0,19.0,2.0,11.0,housewares
8ae935cab2de3f74f4960de6ee604f90,1.0,350.0,25.0,15.0,25.0,housewares
96f96ac6ce04504599e212a3d826361e,1.0,3700.0,43.0,13.0,33.0,housewares
230907d5dd938f510eefba95ef295da8,1.0,2400.0,25.0,25.0,30.0,housewares
1aaeaa2c5da72dcc8358011100dc5a26,2.0,400.0,18.0,2.0,18.0,housewares
d988bf06995466b3a640731ec564b85b,1.0,1500.0,16.0,30.0,12.0,housewares
9a323a3355e6ba35ac589411268a34e5,6.0,1750.0,28.0,20.0,28.0,housewares
dde4ee07394921042ef5e8267cba1cbe,2.0,75.0,36.0,4.0,23.0,housewares
acdf5181c8a73074065f3a2faed9530f,2.0,750.0,54.0,8.0,23.0,housewares
08834f7365a6bc07d7049b7f4e95f8e8,4.0,2425.0,26.0,26.0,21.0,housewares
1c29e0998c641090dccdd718d8d2ce61,1.0,10100.0,19.0,48.0,27.0,housewares
18aee3ce70a5fc870a85f59f409c91f9,1.0,2100.0,25.0,60.0,25.0,housewares
fa28f114992077c601cdb9810c5108a4,1.0,2500.0,33.0,31.0,23.0,housewares
918bc9631b98fd39f5c52c9d11cc0597,1.0,13250.0,43.0,67.0,27.0,housewares
a39dac35775c3a863b0b7b6d72e839ca,4.0,550.0,16.0,5.0,12.0,housewares
9ed0c78e13f71131885275746cc69687,1.0,14550.0,43.0,62.0,41.0,housewares
15c2f1db81672725401439acc4872622,2.0,2500.0,48.0,10.0,35.0,housewares
51918218f3716b668803406ba6a2318c,1.0,2700.0,24.0,39.0,29.0,housewares
bdfa3ba07ef80b018f8102da22d908d1,1.0,750.0,16.0,26.0,11.0,housewares
c6dd67cc1a32588ce8498afdb3c07b20,1.0,800.0,16.0,25.0,11.0,housewares
3f40225200e08615f10f2e6641d16899,1.0,500.0,32.0,9.0,15.0,housewares
a97c27ea59cd231856af01eceb977ac9,1.0,1500.0,45.0,45.0,45.0,housewares
36e11e6e23d31fb19391c75b1ed80a9a,2.0,7700.0,54.0,32.0,45.0,housewares
53465a6b8b3c6d85fd7810aab30b5992,1.0,2000.0,43.0,30.0,32.0,housewares
6f657bbc44514ab511c65b891301208d,1.0,1250.0,22.0,36.0,22.0,housewares
7e9c3f9252da175be7ab4e3131819ab0,1.0,8150.0,66.0,20.0,35.0,housewares
cd489785324bc65510f5a0ea2382f1d3,1.0,5300.0,30.0,35.0,30.0,housewares
833963db6b40227a1f9a69133c7e41ce,1.0,450.0,25.0,16.0,16.0,housewares
82291b3a952e46978d916dc09dfecc2d,2.0,850.0,38.0,20.0,26.0,housewares
a880fc1c1a8af0fbd7f9bf9b4e51870f,2.0,900.0,30.0,25.0,25.0,housewares
2404548f978ba4db35f2a430dba36b1b,1.0,1650.0,16.0,30.0,12.0,housewares
bac454a7993cf166c5bcfddba6462a02,2.0,10300.0,40.0,40.0,20.0,housewares
aa96d291abe7cd0000c25e34bc8ed316,1.0,250.0,16.0,2.0,11.0,housewares
013fef6ee8c8f3ff998e8f0a950a0495,1.0,150.0,35.0,16.0,16.0,housewares
75b317dc3a4d186a05953668cb82ec66,4.0,375.0,32.0,43.0,34.0,housewares
7c55ea4aea1acf1ce11440010f5aa298,7.0,9900.0,60.0,50.0,20.0,housewares
59b51733f8b660874abf04e987218962,1.0,8550.0,25.0,65.0,25.0,housewares
8618f5bddf94cc09ba92024471fc86b2,1.0,3100.0,65.0,5.0,65.0,housewares
5d6be475f90ab9e808b8484a41bce57a,1.0,400.0,20.0,16.0,16.0,housewares
2bfc998cf625e54b2c6447bfc7c18cb4,2.0,3650.0,61.0,11.0,38.0,housewares
0795fbcdc1ae9c0d7106b8018ad341a8,1.0,300.0,16.0,17.0,12.0,housewares
33489f0140308d65c48a7659b05bdba1,1.0,500.0,32.0,16.0,22.0,housewares
866698de88814bef4b451bd37459723c,1.0,1300.0,30.0,30.0,30.0,housewares
a573ca6c2020041316ed95965ae0887f,5.0,400.0,16.0,8.0,11.0,housewares
497aaad8194759cfad63465c1b810286,3.0,5450.0,40.0,15.0,35.0,housewares
561cea7963070b5a99b20b962862a0e1,2.0,450.0,35.0,15.0,13.0,housewares
fa0125a234fa85a755371fa0ea37361a,1.0,800.0,17.0,28.0,11.0,housewares
0d8c593f5408c0e5d59f850bb0a7b499,2.0,28250.0,90.0,60.0,33.0,housewares
d1eb048cceb0bd37ada007e53afe32d3,3.0,250.0,16.0,25.0,15.0,housewares
20eab4e586b92282d6975f9236968340,2.0,630.0,18.0,25.0,18.0,housewares
24376321a0e7d0debc7a632cd4c9dda3,1.0,900.0,40.0,8.0,18.0,housewares
d1ef79e3e0e25f9376eeff5d1197ff4f,1.0,1500.0,30.0,60.0,30.0,housewares
573988dcf1e82347556918fb29a19a87,3.0,10500.0,38.0,57.0,42.0,housewares
fdd209e106931a894807cb3a076e8752,2.0,2100.0,48.0,25.0,25.0,housewares
b91acff8b390a54505696f51260827a8,2.0,6200.0,45.0,31.0,23.0,housewares
59cc9bf51239539d04a9d9f0a526f20d,2.0,700.0,21.0,21.0,21.0,housewares
047c9a28e0da299843d9f67d99959442,4.0,3000.0,33.0,30.0,34.0,housewares
028da1c319c010397ad1ea42db816d23,1.0,1200.0,29.0,21.0,27.0,housewares
d20f41d8b70e59cb4c63d68b1dcfc0a4,4.0,500.0,16.0,11.0,12.0,housewares
bec2975b905c2d5a70fd97abf8c894e3,2.0,9550.0,40.0,45.0,38.0,housewares
bb549d441943088b73b5c0281dbc7ba7,1.0,6200.0,41.0,30.0,30.0,housewares
32e18e89237933ebdaaebd78a27e7fa1,1.0,1400.0,26.0,41.0,26.0,housewares
4de8fa229df333cfcf136e6ad0b85f1a,2.0,850.0,22.0,22.0,22.0,housewares
28aebfb5b6fe5a18dfa14aff20868f5b,2.0,550.0,16.0,20.0,16.0,housewares
6a31191d5ac5852b0478f6e245ac5b02,2.0,1250.0,28.0,21.0,29.0,housewares
cd1615dec63f54ce1d2f0b4ad00d741b,3.0,2100.0,32.0,15.0,22.0,housewares
ef928092a3fdfd856fe65902aff46e46,2.0,2775.0,28.0,26.0,26.0,housewares
d42c1eec0891869c034f031ec9b81ecc,1.0,5900.0,25.0,60.0,25.0,housewares
c89796b4dc35a085daa9770ed28ad589,2.0,515.0,18.0,17.0,16.0,housewares
0259ef48d9c5f59c3b31147c52db801d,1.0,3650.0,37.0,25.0,30.0,housewares
d2e2039bfa892fff14da3e244787b6b5,1.0,1200.0,30.0,30.0,30.0,housewares
9348fe8a0886b99d1c5d33c28fb0aa48,1.0,1150.0,30.0,30.0,30.0,housewares
87716aafd7c6269cddb3403f85e4102e,2.0,515.0,39.0,11.0,25.0,housewares
d291c64bd499a6f147bffd4f5328b7aa,5.0,250.0,15.0,17.0,21.0,housewares
f21f412e0f365a657f34ec9e2c124353,5.0,400.0,17.0,10.0,17.0,housewares
887dba291adc295b57b5778ebc8b4060,1.0,1150.0,16.0,30.0,20.0,housewares
89cbc14f2460e2001f74f8e667194eb7,1.0,225.0,18.0,16.0,46.0,housewares
34bf36c866a9166fa14dda71be4fb95c,1.0,2750.0,30.0,20.0,30.0,housewares
35c4bd936587a3b496e5f865b551de1a,1.0,1850.0,30.0,30.0,30.0,housewares
f548f7c6223594379d2301a187f3a9e2,2.0,9350.0,70.0,15.0,33.0,housewares
540de93b2ffb859f65596855505ad7a1,1.0,200.0,25.0,10.0,20.0,housewares
1d6494a42302dba967b0c3a9c655d1a5,1.0,1800.0,30.0,30.0,30.0,housewares
3bdc89e963c6651b8af38ede485cc82b,1.0,25850.0,38.0,79.0,49.0,housewares
90dda54c56237884d05cd6102eb0ab25,1.0,1900.0,36.0,35.0,29.0,housewares
ac7e981115ad47f0e051f1b8b97e73b1,2.0,500.0,30.0,30.0,30.0,housewares
a5be9e212231c53bd9a2dee5824e7355,1.0,150.0,34.0,15.0,16.0,housewares
83687a882cce476f1370f11f7c758b80,1.0,600.0,16.0,25.0,12.0,housewares
eaf60d77a44abeb7e9709d3305601029,1.0,2000.0,16.0,2.0,11.0,housewares
d25d3b1359378602e34e19ab2fab5c61,1.0,250.0,33.0,8.0,16.0,housewares
dc36af3783eb8d831f8dd8343434c977,3.0,200.0,17.0,6.0,12.0,housewares
9ed2b9f406ce635fb5615dd5d7527e8d,1.0,1050.0,30.0,30.0,30.0,housewares
e5c5d25996c6b96d444799a8a9aac0f9,5.0,450.0,20.0,10.0,20.0,housewares
9d967d813d8be59b6b5b21dc823155b4,3.0,9900.0,40.0,30.0,35.0,housewares
157b4fa7c877c7b9fb762623e9c81c86,1.0,4500.0,70.0,15.0,15.0,housewares
461a85909a0075c82f74d0221f6991c9,3.0,8450.0,35.0,35.0,35.0,housewares
d0a672bae47ae7c26b8e1e2ec152edcf,1.0,6513.0,64.0,37.0,38.0,housewares
abda62f854cffdc94184e6bccadc2286,4.0,800.0,27.0,22.0,27.0,housewares
4a613da687465cbb56070936889199f8,4.0,875.0,29.0,24.0,25.0,housewares
4ab868f52a587c20645ef2e209b67336,1.0,2500.0,16.0,20.0,11.0,housewares
4664618690073e2ceb889d9d8c465a93,6.0,250.0,35.0,6.0,12.0,housewares
2cf9ec82c2ca858baedfb2c2e5c06b6f,1.0,100.0,21.0,9.0,13.0,housewares
480e6d74b9b908faec73816883591ee4,2.0,550.0,21.0,22.0,24.0,housewares
1e48680e5b09c356f91b5c7ee948d013,3.0,900.0,48.0,23.0,24.0,housewares
c5897f6f2d995196dbb40542439da9b9,4.0,1000.0,17.0,30.0,17.0,housewares
9db0afe3dcd2942f8bef6f7195b9a2e1,4.0,9850.0,29.0,66.0,29.0,housewares
d01aecb36866fc591c820b48afabb32d,4.0,11650.0,54.0,20.0,54.0,housewares
1078e04ece7f1498a5ea393bf9c4eb98,1.0,1000.0,28.0,8.0,37.0,housewares
0573b564a90d2d9f9c460eb963da8c33,3.0,23700.0,69.0,39.0,17.0,housewares
29bedbfbe73ea473396306b4f0c010ec,1.0,7600.0,55.0,33.0,40.0,housewares
1555b29b27754088e380f27d81d0311a,2.0,650.0,35.0,20.0,30.0,housewares
b0ea6f97e1aecad7903455638ece5a26,3.0,400.0,16.0,20.0,15.0,housewares
8e5df2342ebb6cbf946991fd829a2c37,3.0,282.0,22.0,13.0,15.0,housewares
e06506f28cebdffaab496680a2ed3a3e,6.0,368.0,20.0,12.0,13.0,housewares
19652da3a9b3cf78255f933ad658ed72,2.0,400.0,22.0,7.0,15.0,housewares
f45fb880d81ab0eb6ffc1f6f3edc3f59,1.0,450.0,20.0,10.0,20.0,housewares
f9e110c72727fb5733e1a7e6a7a230c5,5.0,625.0,18.0,16.0,16.0,housewares
38d3d8beb882d46c0ecbd12cf224753f,5.0,1000.0,45.0,16.0,16.0,housewares
ea9394ab60edfa4cca87947a938e8046,1.0,2010.0,32.0,75.0,32.0,housewares
451f60a1af05c5bef8d9e93fe847f6bc,1.0,525.0,29.0,17.0,19.0,housewares
f5131289ca7eab9700015f6e8bfa8e41,3.0,500.0,25.0,6.0,20.0,housewares
a9008cd162e8e98ef1a087a797df2fd9,1.0,2025.0,30.0,24.0,24.0,housewares
8e34d37d0547fe71f31302e48464eb73,1.0,2000.0,30.0,40.0,30.0,housewares
83dc3ac4a306a4d891b211d29ed774db,4.0,1000.0,30.0,15.0,20.0,housewares
f32ccb00285b3be848ab904c4c0d1980,3.0,10250.0,27.0,57.0,36.0,housewares
20531b0644a0719b8d506c4db3c56609,3.0,10050.0,31.0,61.0,31.0,housewares
e6511545563a2c1c2c48f9e2b150b650,1.0,850.0,35.0,15.0,25.0,housewares
d104587c550fe86cd47e55d8f1b3ca72,3.0,16500.0,60.0,45.0,40.0,housewares
ef294607deabb11f3a073420257ab579,1.0,8900.0,19.0,48.0,27.0,housewares
36eed9a4d7d8e8ef649fa2371ec6eacf,2.0,1700.0,35.0,10.0,35.0,housewares
38f3677364ecf032090b33915b155161,2.0,9950.0,31.0,61.0,31.0,housewares
c8e7c2ef329fcda4a233e7e2f8bb8b7d,1.0,200.0,16.0,12.0,11.0,housewares
7cf805b1d0c5c1c84ae24c34beec0958,5.0,1050.0,35.0,14.0,17.0,housewares
72d92666be363eeed3cb22ad05964887,1.0,4267.0,47.0,23.0,31.0,housewares
b7387e83ca44d99d804ba967c492219d,1.0,700.0,23.0,23.0,23.0,housewares
f9458859aae2e130bf04630fac14d225,5.0,450.0,40.0,15.0,20.0,housewares
7b453aa3584d61c1268d77ba6fd5956b,2.0,3300.0,50.0,30.0,30.0,housewares
3d8ecfb459a62c886e330583bdbb3acd,3.0,1700.0,40.0,3.0,30.0,housewares
b0c61d992e2adf05e5281a2d7f524a1f,4.0,200.0,20.0,10.0,15.0,housewares
b9aad83bfbc546d2e4e7a7fa8e15bc9c,1.0,9900.0,40.0,20.0,30.0,housewares
cf262d646b27e22488de0494b5d08da0,13.0,1900.0,27.0,23.0,35.0,housewares
2229e1a49998dfdfb513683e0e378ae8,3.0,1000.0,26.0,20.0,24.0,housewares
cbb19a48b2e1af46505ef400e9245c48,1.0,550.0,16.0,23.0,11.0,housewares
58f2eb98f8755091c439e30d48aa9b46,4.0,1550.0,37.0,25.0,25.0,housewares
c4ee4437696f1885d323b41852fedc8c,5.0,300.0,30.0,11.0,18.0,housewares
b437cddf092e72ecc426822140bff540,4.0,4100.0,52.0,5.0,32.0,housewares
9dac5ef9b28fa12041a57562d24f6171,1.0,21700.0,105.0,20.0,30.0,housewares
d4b8175e3b3d281f616cc44f9e6e0993,4.0,600.0,16.0,13.0,23.0,housewares
b33259c62ad031007e573f29deed2e8c,2.0,600.0,38.0,90.0,23.0,housewares
aca11cfc608a458947b3038e5e70312f,2.0,700.0,25.0,15.0,60.0,housewares
08c1754fd6455e4c70a6521f4ed66819,1.0,3800.0,50.0,21.0,37.0,housewares
b549313e552081e225fc4ae72509ff31,1.0,18650.0,66.0,45.0,41.0,housewares
953439fbf9090e2362532905d89b991f,2.0,8750.0,35.0,15.0,35.0,housewares
eb973cc4544c2ff1016bcaf981ca1f18,5.0,600.0,24.0,6.0,16.0,housewares
1e6742b4c9ab3675bfe578670f264ce2,1.0,950.0,30.0,30.0,30.0,housewares
8c2f7d1e586af9f4ecd42ffa5ffc4216,3.0,6200.0,31.0,38.0,28.0,housewares
4ae3d2e3c9f7168ba872b2bd4686d816,1.0,700.0,16.0,45.0,11.0,housewares
952547036d7de7ce635a81704cd290cd,3.0,3300.0,60.0,50.0,60.0,housewares
a7d2c99f1d0e7ddfbce06d48f12b61a2,1.0,10100.0,40.0,20.0,30.0,housewares
a0cfac9273b59efabf0a7d047382c450,5.0,20600.0,50.0,50.0,50.0,housewares
507e1658812a4451005d2ff5a09ccd6d,2.0,1500.0,60.0,15.0,20.0,housewares
699137c5776fc87ea4dcde1ab40a3e0a,4.0,500.0,16.0,19.0,11.0,housewares
7ef399e57cdf7ead307d018f4f82102b,2.0,450.0,20.0,10.0,20.0,housewares
3c9f96101518a345e28a86181196b45a,3.0,750.0,28.0,4.0,36.0,housewares
8156795e2a2cba07750ff2fa3ad6e373,1.0,200.0,30.0,20.0,20.0,housewares
939f381cb93cce99ebe5219b9470e774,1.0,1650.0,38.0,26.0,26.0,housewares
dca43bf1f5d44f76105f0633b7fd7ea1,1.0,1200.0,18.0,28.0,18.0,housewares
ed08ea04c92f5f434c2362f7310fb328,2.0,100.0,28.0,17.0,11.0,housewares
59536eeb13a52ef81966f81b91fb481e,1.0,550.0,16.0,25.0,12.0,housewares
fa05881d3eb7ffec2322b507ed3ccc6b,5.0,225.0,31.0,13.0,28.0,housewares
12760bcacfaaf1457bc36e601e26dc79,3.0,200.0,30.0,10.0,15.0,housewares
b5e817c8734e44169acf6f9ad2445826,1.0,1500.0,24.0,20.0,22.0,housewares
6df27920464e957f2b897ce928f1b556,2.0,1600.0,30.0,40.0,30.0,housewares
1f868693b3708b4337dee9bac46c837a,1.0,2100.0,30.0,30.0,30.0,housewares
122b789eb8e7e8d7a9eccec675d4a48e,2.0,2225.0,16.0,30.0,13.0,housewares
9b7852df1a77c9a80cf5151803db4282,1.0,1250.0,32.0,18.0,24.0,housewares
357a9e8a4b691ffbb0f855b23d490c4e,2.0,390.0,23.0,14.0,17.0,housewares
c44343d9d6d3551e161f3c72bfcbfc3b,3.0,1050.0,20.0,15.0,20.0,housewares
667b61f3396804596ee56677af687d3c,7.0,10950.0,67.0,20.0,49.0,housewares
7fa9cd17cea7ecbac9778cc86b7f9033,2.0,300.0,20.0,25.0,20.0,housewares
8ea469fda50c1d63e15ccdeb9afe170d,4.0,1550.0,30.0,15.0,30.0,housewares
df4742649bd28492e5e306d2742cdfcb,3.0,4550.0,30.0,15.0,46.0,housewares
8b0db3fb68c6d4b494281666287e4c72,1.0,250.0,45.0,15.0,20.0,housewares
d8f2a339e6fa69ebf411e198b618e979,1.0,7300.0,51.0,24.0,28.0,housewares
0fb3fae6c3a74bc9fd48a66d0be5f378,2.0,22050.0,70.0,35.0,51.0,housewares
4e6a8880f494b097db7cf4866e0209d8,1.0,1275.0,29.0,21.0,29.0,housewares
bfc275f6de912665e4dcd8da32f43c10,4.0,900.0,35.0,15.0,24.0,housewares
13a58c8c026b664e412003b4cbdc30a3,1.0,600.0,16.0,25.0,12.0,housewares
c34a95f3587a27afcfdc7b4ba554ce37,1.0,50.0,16.0,16.0,16.0,housewares
f4ebaa462d32c66438985245a9deb62d,4.0,3300.0,21.0,34.0,34.0,housewares
77626943dadc1bafb9625f65d98724e3,1.0,20100.0,43.0,79.0,41.0,housewares
389ccdc358e8e98aff57a6ed3e038547,1.0,11500.0,20.0,50.0,28.0,housewares
ee7b75ae9c945d4775460a67051036db,1.0,775.0,23.0,21.0,17.0,housewares
a10eacab1edd5f1c174e6f278030edbe,1.0,8200.0,40.0,40.0,40.0,housewares
0799c9e16e4079d23e53f91ccdf0d8bf,1.0,515.0,17.0,14.0,19.0,housewares
7fd769d8502843f5c3f074785f9cfd61,3.0,800.0,16.0,12.0,11.0,housewares
8f067bbefef28a44846f69f9727378f5,2.0,300.0,22.0,9.0,15.0,housewares
41e4e4c8ab0ec1fcde0df5679749a3e4,2.0,400.0,30.0,30.0,11.0,housewares
24eae5a7a99621256603637358c6f10f,1.0,18800.0,35.0,92.0,35.0,housewares
530eb6b4be420f6e65606de479d62278,4.0,2150.0,21.0,34.0,34.0,housewares
1162c818d0d0f9f4887164cd636bd760,2.0,1150.0,50.0,10.0,35.0,housewares
53a49e6f80917f8d611ec74ccf84c157,1.0,20450.0,43.0,79.0,41.0,housewares
f6eba18c85e97922a606efd9b6455890,3.0,850.0,25.0,11.0,18.0,housewares
5977232d42fd3aaa6789e1f50933661b,1.0,3100.0,30.0,30.0,18.0,housewares
a5e07b2dd7b9c8e7c970e9a2fbb5932e,1.0,185.0,20.0,15.0,15.0,housewares
6cb77fe886eb23d371dcce2d429612a7,1.0,1450.0,33.0,31.0,26.0,housewares
23cb417be12fb9557a815962aedefff5,5.0,200.0,30.0,20.0,20.0,housewares
7506dc43a0aaa509475b7522abfdee9f,1.0,650.0,20.0,10.0,15.0,housewares
5ddab10d5e0a23acb99acf56b62b3276,8.0,450.0,30.0,20.0,11.0,housewares
11ea7ef0494533fd1015c7140874cf0e,1.0,850.0,43.0,5.0,24.0,housewares
28f2e74ecd7f12eab02ca9b3c2bd9c5f,1.0,1100.0,16.0,20.0,26.0,housewares
441d3f638e532d223ae9a0661abb6de6,4.0,300.0,21.0,7.0,15.0,housewares
5696d05d2286b4256e0bd99df47919e7,3.0,2850.0,67.0,7.0,31.0,housewares
fac6b6ac6697b0e439e1dc0203b1ec53,1.0,3200.0,16.0,10.0,16.0,housewares
277e5a33059abc0cda00fa1db8a8dc2e,1.0,5380.0,37.0,31.0,35.0,housewares
f921da19d229dad9bf3a94e86e7f7f32,2.0,5250.0,30.0,30.0,20.0,housewares
3362ef5324870dec8f228bc39f93245b,1.0,1100.0,24.0,28.0,39.0,housewares
358f9c828a6dc15064ce2b9acdf38bf9,2.0,700.0,18.0,40.0,18.0,housewares
17383e180cbea9ef103d90a72754cd54,1.0,30000.0,32.0,75.0,32.0,housewares
4720b3e7d949046722aaa29eb7c29d9f,3.0,300.0,16.0,16.0,16.0,housewares
15b97877de8d9061b450f77805b0f95d,1.0,150.0,18.0,9.0,12.0,housewares
b6479253a96bba2404fe3273ef520eae,3.0,12100.0,80.0,20.0,33.0,housewares
c77780d5086829345e6632976fb648a0,2.0,850.0,21.0,21.0,21.0,housewares
0ab80f38a21093b448518f68efe82c24,3.0,200.0,16.0,4.0,11.0,housewares
79386b418cae9b5319945ad13608496d,1.0,1500.0,30.0,30.0,30.0,housewares
fdff6fbfaeefd11afe77be6f416e9c4e,1.0,500.0,16.0,26.0,11.0,housewares
6e4eaf17356be84be6194640c5908c91,1.0,8000.0,40.0,40.0,40.0,housewares
1ed581dc2a08b818ca4a5a45f563e06b,1.0,300.0,25.0,2.0,17.0,housewares
2216232cbfdfdc984d20cd53acb7aba8,2.0,6800.0,40.0,40.0,20.0,housewares
b7d9db2a8c7f078de2c61f891dc89907,3.0,750.0,30.0,15.0,15.0,housewares
236e1b991bd45b40f2f732a22d39f6cc,1.0,450.0,29.0,29.0,29.0,housewares
7471782b37dda2ca2b2b22d69be1b316,1.0,1178.0,27.0,22.0,17.0,housewares
3a840a54907a1cb180954630cda7928f,2.0,500.0,16.0,16.0,11.0,housewares
51f7f55fd98ebe9e84ecea4511e72358,2.0,2450.0,16.0,5.0,11.0,housewares
f8b624d4e475bb8d1bddf1b65c6a64f6,1.0,2841.0,40.0,23.0,26.0,housewares
19944bc70a13c9b62e18a2bc7e913bb6,6.0,400.0,30.0,15.0,15.0,housewares
ab8b1558bc47d266f0ae41ea420aaa27,1.0,800.0,30.0,30.0,30.0,housewares
1ecbc86db1d81121dcf8790e2fa31ddd,3.0,200.0,16.0,10.0,14.0,housewares
713ac8acf21beae2f7d24437b632c14b,3.0,400.0,31.0,3.0,11.0,housewares
6449ec897c9c3c3bcd296df559f6e746,1.0,1850.0,30.0,30.0,30.0,housewares
9dab18e1ef58157820b023749d339b29,2.0,183.0,20.0,9.0,15.0,housewares
f4571941ecc923d35a0293d2c0122c46,3.0,400.0,19.0,11.0,11.0,housewares
60142008404f92c16972d1cb6dd0e3c8,1.0,2000.0,16.0,20.0,11.0,housewares
4a2103f59fe65c15afb3cdcd24a7ff70,3.0,750.0,24.0,16.0,16.0,housewares
0eee5c8d0dc71aeb3fcead3dd83abc07,2.0,2100.0,48.0,25.0,25.0,housewares
8c8eb9eb2e47ade1a343cd00f81cbd52,6.0,1500.0,28.0,20.0,28.0,housewares
785c2986ce8232a718aaad761ac2a321,1.0,2950.0,35.0,30.0,30.0,housewares
7caccd530df9239c2740f03418b4c128,4.0,200.0,16.0,16.0,14.0,housewares
70c7b93c42de2f3b28534c09b69a9537,1.0,12800.0,35.0,48.0,40.0,housewares
0e6fa23228936f89de3fa23d8fe80a23,2.0,2550.0,16.0,30.0,72.0,housewares
8d441ff01f66c805926620ee776aa2be,1.0,800.0,16.0,16.0,16.0,housewares
94eecc7cef7bc0bb31e2c26526efdd0a,1.0,6050.0,35.0,12.0,55.0,housewares
41e153b95adc3c7f781b583292f312cd,3.0,600.0,16.0,15.0,12.0,housewares
29b18b99ca3c94cea05efa9e11465440,5.0,1150.0,35.0,15.0,20.0,housewares
7cdbfaf362a70dac1f854b7d8e18e4b2,1.0,8250.0,53.0,23.0,43.0,housewares
8d2b53933a7aae1c8bfc6391385dc069,1.0,150.0,16.0,10.0,16.0,housewares
35efb9f20785abb24313fa712efa8fdd,5.0,800.0,40.0,10.0,35.0,housewares
979c7bf658f39ff4d6459fe7c397bfea,4.0,1600.0,38.0,20.0,16.0,housewares
6f030babbca059aa3951ea26d5bbbe0d,1.0,1000.0,32.0,22.0,15.0,housewares
acc8648b140586ffaa6cce2905ff6872,1.0,400.0,26.0,12.0,20.0,housewares
b5661cf46c147805adc83695fb04f487,1.0,700.0,51.0,13.0,11.0,housewares
9e92e1d0e33230b26c551bca363f1c41,1.0,5450.0,20.0,30.0,15.0,housewares
68baff1f2dbcb2df8581897b10150905,2.0,19600.0,53.0,35.0,35.0,housewares
853ee0759242b6c1e8e1de5052df3fc4,8.0,150.0,30.0,10.0,20.0,housewares
23bc9eb1539ad6ea06090076ce1b93b4,2.0,5950.0,36.0,26.0,36.0,housewares
01bd9be7c04525d23a4a901b4abbf56c,1.0,8150.0,40.0,11.0,40.0,housewares
3c6435ca19d6b17c048cdde0abc55ba7,1.0,500.0,28.0,7.0,20.0,housewares
80d94e8b1c573406cd537684045cc87a,3.0,320.0,15.0,11.0,15.0,housewares
bf4aa8e63457632377b86424e38fb071,3.0,200.0,20.0,20.0,20.0,housewares
b462acd19b311a321ce9aa9eb22b2bac,3.0,5000.0,46.0,36.0,36.0,housewares
00d51a45854ebce28acda79f414388ee,1.0,225.0,16.0,4.0,14.0,housewares
555ac2c0671fd791fae84d6eeec2c1fc,1.0,1400.0,26.0,12.0,30.0,housewares
bd82259f983e75ce84126405bf32205c,1.0,475.0,19.0,25.0,25.0,housewares
a5db577b646be1ddbfdcf6dddeaf91ea,4.0,12600.0,40.0,40.0,50.0,housewares
9d91da41ef1f568f2a03332a42ca5fa8,1.0,13600.0,35.0,100.0,35.0,housewares
61ea03fa426c7d0c074eb8a7c8e03a99,1.0,300.0,42.0,5.0,29.0,housewares
7d54806a8bae9f24cbd6c2125d463ace,1.0,700.0,22.0,13.0,13.0,housewares
ffe0fc4e02c3559643ac063fa5cf9d07,3.0,1525.0,23.0,13.0,14.0,housewares
f5d9f6be389c406755cbe9f20954dd9a,1.0,200.0,37.0,3.0,11.0,housewares
65cc6f2cc545241fa4b7d11d6fe1d3e5,1.0,850.0,45.0,20.0,45.0,housewares
a95b1b0d6999743b294c57dd455afe83,3.0,475.0,38.0,12.0,24.0,housewares
21937020c7e5f15e9ec26ebb88d3c26d,6.0,600.0,19.0,16.0,16.0,housewares
ac1ad58efc1ebf66bfadc09f29bdedc0,1.0,550.0,16.0,25.0,12.0,housewares
d7390b274771229d1ee9a0fe3734d19a,3.0,1417.0,36.0,13.0,37.0,housewares
02db1469fdcd31a4fb670da6caec8bf6,2.0,700.0,16.0,10.0,12.0,housewares
b072088eb78d8d816d4c80cb1851a6f6,3.0,1900.0,38.0,19.0,35.0,housewares
2fec8bf6ad4d8e40874fbc3808f419cb,4.0,900.0,36.0,16.0,36.0,housewares
bd96fec69dd0aed055f782050c66512a,1.0,15400.0,54.0,54.0,39.0,housewares
830814a623453adb6e343fb0260e3810,1.0,7250.0,16.0,16.0,16.0,housewares
af8b63fb96b0dfa439aabd7baea07a23,1.0,8900.0,28.0,64.0,28.0,housewares
c15c05beb23ff0f89b50e98c810dbc03,1.0,950.0,45.0,20.0,25.0,housewares
4b15c9a92a5637d71143577edd7718b1,1.0,850.0,16.0,25.0,20.0,housewares
77d18bca68cddfecb729d68f30ea9580,1.0,400.0,25.0,35.0,25.0,housewares
724d8701e060e57764e2a0d4a4c0bb0d,1.0,200.0,24.0,12.0,30.0,housewares
dbf2cc639a05cc8c1583d46c2cc49c0f,2.0,975.0,29.0,19.0,26.0,housewares
ae2531af4f44882cd7daed3b429d8744,3.0,350.0,25.0,10.0,36.0,housewares
7052c556fc966a2321d570f3c5a8790f,1.0,9800.0,25.0,10.0,20.0,housewares
a1e247b4cedaed462f50049a633345da,3.0,700.0,23.0,23.0,20.0,housewares
d2e1eee81b5ff42f0f1f4693e1182349,1.0,550.0,17.0,28.0,11.0,housewares
fdbf9f9491572857107621c9e0c5d59c,4.0,305.0,68.0,10.0,19.0,housewares
045bb60690dbae4f06160b45556463a1,1.0,1200.0,80.0,16.0,16.0,housewares
f7739485622f3dccbf3c8755adfd76af,1.0,300.0,18.0,9.0,12.0,housewares
ddfaa1c2e19f82a47043c5f5ee1376d1,5.0,5700.0,54.0,18.0,35.0,housewares
76af9e7b28825784063eef745c2bb63a,1.0,2500.0,33.0,15.0,24.0,housewares
09e90effb944a6866b1d4b058a15f70c,1.0,350.0,20.0,30.0,16.0,housewares
471494e1cf6517d6187de96db848eb29,6.0,1850.0,39.0,23.0,33.0,housewares
d6771ada82143b0a04ba2cf7690bfcc7,3.0,963.0,17.0,15.0,15.0,housewares
d4ed9e130fbb1aca77ea64f08f1b20cc,4.0,300.0,16.0,4.0,11.0,housewares
af6ab2d196af959df0ce35fc5ea50278,1.0,850.0,16.0,17.0,16.0,housewares
672cd55beec76a54b88a865280fd9e5a,1.0,100.0,17.0,3.0,11.0,housewares
8cca198a4bdcb5fbce4800ea1e089bec,1.0,350.0,17.0,22.0,22.0,housewares
3ff490445b099b53cba94a2dab6f814d,1.0,1800.0,31.0,35.0,30.0,housewares
ac850a749748b386d598124ae34ba1b0,4.0,24200.0,40.0,90.0,60.0,housewares
3744370c8a357a29dbaccc9011605f60,1.0,2500.0,40.0,41.0,28.0,housewares
91d48f051858be85a524d623648cdf0d,1.0,950.0,22.0,2.0,20.0,housewares
ff95ac47246ef13e48712ea1ff8df0d9,1.0,5300.0,30.0,35.0,30.0,housewares
ba85af910c6f4624929eaf3879d72321,6.0,600.0,18.0,4.0,12.0,housewares
bea7ea61efe95658dcd899eea73f919c,4.0,700.0,28.0,22.0,28.0,housewares
18259c4bc4c6431e6106fa20c6666d26,1.0,1000.0,21.0,16.0,14.0,housewares
af893b2efa430418d774a852e7870601,3.0,1550.0,29.0,17.0,23.0,housewares
439c095fb7491d1eafaba9c336f74247,2.0,2000.0,30.0,104.0,30.0,housewares
30d55419015a4d9c2ca68586923d5a9f,3.0,300.0,21.0,16.0,15.0,housewares
39295d6c2311ab7091b5fc95bb51bbe7,7.0,1150.0,36.0,13.0,14.0,housewares
6a1234a3847f4ef3090a02a8b07fa42f,2.0,200.0,25.0,10.0,20.0,housewares
1b90a8c5fe7ad2ec9351f03282b30075,2.0,1000.0,30.0,15.0,25.0,housewares
68b9af8698585855f2503727e150d453,1.0,400.0,18.0,20.0,11.0,housewares
d088332df74647f2fa0a24d226b5d784,2.0,300.0,28.0,8.0,14.0,housewares
db35a562fb6ba63e19fa42a15349dc04,1.0,500.0,23.0,11.0,23.0,housewares
b6ce5c915b4f82100adb532bc6c9395a,3.0,350.0,25.0,20.0,20.0,housewares
43979b70f75394b51866db74a0b9ce7d,1.0,350.0,54.0,27.0,39.0,housewares
f9421e9d9b4689dd804adbdb8c712d39,2.0,6050.0,38.0,30.0,38.0,housewares
e255eb3c42d6fbb54d63d32e4095de49,1.0,100.0,21.0,9.0,13.0,housewares
a5887cc02e8b2ee7e724408a38187ac9,1.0,250.0,25.0,7.0,11.0,housewares
8545c123b6133483604696b62b081e92,1.0,2200.0,30.0,20.0,30.0,housewares
7533f71ddaf9a5c117a12977cbaee1d3,3.0,275.0,24.0,21.0,15.0,housewares
9d364fec2ac9a80f64bae58b5c034832,4.0,4900.0,60.0,15.0,36.0,housewares
591efcfda8812f90d99a864afde3917f,1.0,850.0,30.0,5.0,30.0,housewares
91c8b0b45d889119f8dd2a0294282ee6,1.0,600.0,16.0,25.0,12.0,housewares
83ddda548094ac28ff6290b22b843f99,1.0,1000.0,16.0,16.0,16.0,housewares
0ba59273939ff2679f761fcdb05cd74c,2.0,500.0,17.0,28.0,11.0,housewares
149e60a7a51b85a834c055f8025ae3e5,4.0,600.0,16.0,18.0,11.0,housewares
8e5bf6185743f64468d6023af118208a,1.0,600.0,30.0,15.0,20.0,housewares
c009a10ab0adcf9eb04acb847783e38c,1.0,10000.0,34.0,52.0,34.0,housewares
5f2ace2fddff857d247fa4f6ec591474,4.0,400.0,24.0,8.0,11.0,housewares
74bb93f0c5192fc10b1c78acf5d7b21a,10.0,650.0,28.0,17.0,28.0,housewares
1b6cecc37e5cf78922520ccb14860e63,1.0,5100.0,40.0,25.0,35.0,housewares
3ecb405a579723d0b1b5161dd32daf28,2.0,257.0,21.0,27.0,16.0,housewares
2d7cd0c78354e447e9c2a37e1e287417,4.0,9900.0,105.0,12.0,40.0,housewares
b33eafe0578ff59c3c9c0853a365e3b6,2.0,2000.0,48.0,10.0,37.0,housewares
03233a6dca60544336766af227f78f09,1.0,1700.0,16.0,40.0,38.0,housewares
ac11c132793524428ef353a3e4956ed9,1.0,19300.0,42.0,90.0,42.0,housewares
0a8364a63342dab8877bc3e5eb7cff6c,1.0,6050.0,30.0,40.0,30.0,housewares
d2dd851308d9f2baca67043df303d36a,3.0,300.0,16.0,40.0,11.0,housewares
5742ee1a5d941486111ab986f6611735,1.0,1875.0,43.0,45.0,40.0,housewares
525d023cea7235fd59133983cc5269bf,1.0,1750.0,32.0,18.0,24.0,housewares
7eb2e1637a623d3491843dff3bad4836,1.0,11300.0,32.0,75.0,32.0,housewares
bcee6fd62c36b571fc4522eb3aa7138b,1.0,5900.0,35.0,13.0,55.0,housewares
894d3a43c12eefa5d5bf7e9d68520b68,1.0,2400.0,34.0,13.0,26.0,housewares
fcfe8ebda270478afa5867ec5e46e7be,3.0,385.0,26.0,20.0,23.0,housewares
3ece0f08943c87ee3e0f6bfb045250f3,1.0,9100.0,38.0,28.0,33.0,housewares
d9440686faf90019c12440cb9c783e4d,1.0,1375.0,20.0,15.0,21.0,housewares
5b15ec157adf95b76075f045c18ba7c0,2.0,450.0,25.0,14.0,18.0,housewares
4e298ec3bbc50cd5ae9f4b8ab064fa5b,5.0,1450.0,24.0,35.0,25.0,housewares
8da00e3b81d03ddb331afbb120621c92,1.0,750.0,23.0,19.0,21.0,housewares
84a415b540127f35a8c3be2a73428cfb,2.0,1100.0,76.0,18.0,13.0,housewares
4407eca265d6d9f1b07ba452caa12844,1.0,1000.0,25.0,6.0,20.0,housewares
b5c2e3185fe0e385c9b5f1a0a4397930,1.0,180.0,19.0,13.0,14.0,housewares
4d37f97b66676ec519d18a3aa6d70ca9,1.0,850.0,45.0,11.0,20.0,housewares
0935f6cccc192ab670cdaa08c2b574d4,1.0,4220.0,48.0,52.0,38.0,housewares
9799c69682bf50ba578e6b9c9886b607,2.0,13050.0,61.0,21.0,61.0,housewares
42e3fe954b8179e5a4fb431d40662419,8.0,2738.0,32.0,20.0,21.0,housewares
5fa991da1a11c022322b1e732d9f5d6d,2.0,650.0,40.0,11.0,26.0,housewares
e0b0974d4a06e6bd75b1412858f39da3,10.0,2900.0,37.0,4.0,31.0,housewares
7e45ec6dc0a748b0a621654d23bfa768,1.0,3175.0,62.0,20.0,42.0,housewares
66e9fb73e349cba44b29951e558a6780,1.0,500.0,16.0,18.0,16.0,housewares
76bc323604f948b202f4b159ac3ef4ee,3.0,16850.0,35.0,40.0,35.0,housewares
d0d9ae9cac6217cb49b4f19ce50b8e22,2.0,4300.0,30.0,15.0,30.0,housewares
3ad8e457f7b866ce68d3a3ebb8ff4e94,2.0,750.0,25.0,20.0,19.0,housewares
1f8e37053267b9ea6ef0fbb02cbdce80,1.0,6250.0,30.0,30.0,30.0,housewares
954a60156f936f1a76e99a5445228e0c,4.0,725.0,29.0,15.0,23.0,housewares
46a280e88b01f31141fbe4db92370286,1.0,2050.0,30.0,30.0,30.0,housewares
4f687412e6805c3cfc9e0c5ec2f841e0,1.0,1150.0,40.0,10.0,35.0,housewares
783cd1a4f11758a775c8ad18fac940f7,1.0,679.0,31.0,8.0,22.0,housewares
2f5a77b383b92f864e510f156de82337,2.0,500.0,19.0,12.0,12.0,housewares
1c6771d60124b84ada98e8f67ba111db,1.0,300.0,25.0,25.0,25.0,housewares
8cdb9ebdf8dcdd09f8495eec1851b0ae,1.0,860.0,17.0,24.0,17.0,housewares
c68f9e141cfb0fab09c77f4d566a6fcf,4.0,6900.0,46.0,26.0,48.0,housewares
76be7b20bf23f866fd105deee7b205c6,1.0,600.0,25.0,20.0,22.0,housewares
135679c12dc580ad4a0c87b494a46942,2.0,600.0,25.0,15.0,37.0,housewares
5a3320037d5922a7708647c81ecc1f15,5.0,4900.0,36.0,22.0,36.0,housewares
5d08ef63cf250136d1e5d2ba85656a8c,4.0,19200.0,63.0,42.0,41.0,housewares
15416967b480fca6c3ceac3335e57c36,2.0,7850.0,30.0,60.0,30.0,housewares
f98d3e02315756bfd7a525732ffbb6fb,1.0,2850.0,48.0,13.0,28.0,housewares
002ec297b1b00fb9dde7ee6ac24b6771,3.0,150.0,20.0,10.0,15.0,housewares
a8bbc727dab9a74b3c61447e6b788ab4,1.0,433.0,20.0,9.0,14.0,housewares
2113a6ce0fd2c2cbe118360bad4ac445,4.0,650.0,17.0,17.0,13.0,housewares
42a2c92a0979a949ca4ea89ec5c7b934,1.0,7000.0,26.0,47.0,27.0,housewares
674be5e777bdff41cf05194fa4e8b64d,1.0,2350.0,27.0,21.0,23.0,housewares
738fa9197979d98c792ba9e0e7dea3be,4.0,350.0,27.0,10.0,27.0,housewares
8eb7b31149dc92903e213c9896443440,3.0,525.0,30.0,9.0,30.0,housewares
83bfae859f4a37b048a3abcecb17c506,5.0,9400.0,40.0,28.0,40.0,housewares
1db70fdb375b2b564c24eeb1b60c440e,3.0,9950.0,31.0,61.0,31.0,housewares
ccc5c960fc0146040ab6f6f6af7216d3,2.0,950.0,17.0,22.0,17.0,housewares
30e6ca43e35febc39b93e1445a98670d,1.0,300.0,28.0,10.0,18.0,housewares
ba0aeab8fee0bfc98bb3bfbc321e6d9d,1.0,8600.0,35.0,35.0,35.0,housewares
f157fd58a4c0909428c6a06675bdde11,1.0,1150.0,30.0,30.0,30.0,housewares
0dcc0fb8b17c8d0b86e3f07c78492194,1.0,1100.0,18.0,9.0,16.0,housewares
78b003db341f835b585e8190ccf4e29b,3.0,700.0,40.0,15.0,20.0,housewares
4c5f70248102ed45620167bb6f80d2ef,1.0,350.0,31.0,11.0,13.0,housewares
47e7c7fb5d7ab1b726e49c74693a0e69,3.0,400.0,26.0,12.0,12.0,housewares
05eabe04aa341d8960d07f9b398d7a3f,1.0,6600.0,35.0,45.0,45.0,housewares
4c973b1f6f4357bcdcd7598abe7912bc,6.0,23950.0,66.0,23.0,51.0,housewares
ac73a545907ecae37cf969833e3a7959,4.0,800.0,20.0,15.0,25.0,housewares
04e1e16bdb6952a60aa9c37334dc8eb3,2.0,600.0,23.0,16.0,23.0,housewares
46737a24b6230ab90d6df497df0a2b43,2.0,2467.0,38.0,39.0,29.0,housewares
d7360b45460f36f3135dcc40c8f51748,3.0,650.0,18.0,14.0,27.0,housewares
05ad2310de31ddb8bc7f976b6fe02db7,7.0,750.0,30.0,12.0,30.0,housewares
e25503c7eef89bea2baa2f73beb8883b,1.0,2140.0,18.0,26.0,19.0,housewares
44be579342e8ba8bbe3d0448d126afea,3.0,550.0,20.0,35.0,20.0,housewares
dff088846d1141979916ce5c7a4c1d52,5.0,7800.0,38.0,28.0,33.0,housewares
ed7f66fbbc819ef7aa1894d2c34065f1,1.0,1200.0,20.0,15.0,20.0,housewares
6f839f07a99db4be8139241589b7a3c4,3.0,1000.0,19.0,24.0,18.0,housewares
891fb188da14116c09b14fcff8fb1a03,4.0,200.0,16.0,11.0,11.0,housewares
7b0b29f15f991acef8bc026b8a0c1190,3.0,800.0,17.0,20.0,11.0,housewares
0f2550707d4df66cbd9937420497ee8b,1.0,500.0,30.0,30.0,30.0,housewares
c49acb6b0fe4c9b3a24f56c87d176f8e,1.0,650.0,42.0,11.0,25.0,housewares
42b09cad481a278155d0207fbbaa845a,1.0,1000.0,16.0,14.0,14.0,housewares
aa3cf7c656b2a190d0baa54c3be0aed8,4.0,800.0,20.0,12.0,20.0,housewares
0e07d90e3275adffecb3d6928d104d09,4.0,501.0,21.0,18.0,12.0,housewares
ed1d57799b8b974641a1acb3fd994016,3.0,2700.0,41.0,36.0,31.0,housewares
081476f0ad46b45e23bbd0f3d1d4dd98,2.0,175.0,16.0,12.0,12.0,housewares
adc48fd26eea311ca6856b58dfc3ca21,1.0,350.0,16.0,25.0,11.0,housewares
c5022a81e27ac841cc3f6bc9ee47c5c8,1.0,3000.0,40.0,5.0,46.0,housewares
5a9f5760be273f3c7994beec0dbee655,1.0,850.0,36.0,20.0,20.0,housewares
b204c5ce3709a53db7964aa290f4c4fc,1.0,7100.0,36.0,35.0,34.0,housewares
e4ef515e041ce5062868aacf106df8b3,1.0,10100.0,32.0,75.0,32.0,housewares
976ab58229e6de519476891f498084b7,4.0,1550.0,30.0,20.0,29.0,housewares
79aeb59afda7d969a311da02c2426ab3,2.0,8500.0,60.0,27.0,30.0,housewares
8fc803c7d0a99a53798c7896a7c1e93c,3.0,2600.0,40.0,21.0,25.0,housewares
a80f456f25c5adc5c42db3a682880367,3.0,9800.0,61.0,31.0,31.0,housewares
6b5d792112275a0262356e64e098025f,3.0,500.0,35.0,15.0,26.0,housewares
9e2ce829b01f3d1a0a9d5ddf7ee21864,4.0,1300.0,32.0,12.0,32.0,housewares
27402b1a6e60c1b7b6a5a133ee7d03a9,1.0,2250.0,47.0,15.0,35.0,housewares
0a27ed1c4807a2257f67ab0cbf3cfaf4,3.0,125.0,28.0,9.0,18.0,housewares
afb15fee5bec1513522c09551222b3ea,1.0,1100.0,18.0,28.0,18.0,housewares
c64e61e6d88bf8fa713a521843aa0e2f,5.0,700.0,20.0,15.0,28.0,housewares
b18fa799c2e098abdceb194c359938f6,1.0,1450.0,30.0,30.0,30.0,housewares
ebb7ccdb2a728a4188759bfa3cbd1fc0,3.0,1300.0,20.0,15.0,20.0,housewares
b64f2210138a8d97888314420d066b5e,7.0,1800.0,30.0,6.0,40.0,housewares
5f24a2c5fe04fac8072d899fffa77540,1.0,934.0,28.0,27.0,17.0,housewares
70bf4f61950297cf24e18a9b84c3208a,1.0,400.0,16.0,10.0,14.0,housewares
44493ebe02de3fd58d529f40fd2944d1,5.0,600.0,30.0,6.0,20.0,housewares
29c5f56bdaf7929e981f654f1a2f79ec,4.0,700.0,18.0,18.0,18.0,housewares
c4e71b64511b959455e2107fe7859020,2.0,200.0,18.0,15.0,15.0,housewares
41d3672d4792049fa1779bb35283ed13,1.0,200.0,38.0,5.0,11.0,musical_instruments
cf55509ea8edaaac1d28fdb16e48fc22,3.0,250.0,17.0,7.0,17.0,musical_instruments
2734390ee304b0f4817b3c233094fc16,3.0,16200.0,55.0,40.0,40.0,musical_instruments
de984954e2e130136bcf8988bc973d90,1.0,1000.0,56.0,9.0,22.0,musical_instruments
f092eaa771e3dca0bfeca32b5c9d5669,3.0,3350.0,30.0,30.0,30.0,musical_instruments
a2f4e28e50f60566eeb99f842ffc0fd9,1.0,5850.0,40.0,9.0,105.0,musical_instruments
0fa0bd7ef862a1a28d6cd9701fc97f6c,1.0,400.0,19.0,11.0,19.0,musical_instruments
4b232d5c1ec0ae0d9cc9529b97d75984,3.0,200.0,16.0,12.0,20.0,musical_instruments
c3f538a01c95c92ddb8055bcfc6f4bd0,3.0,350.0,17.0,7.0,11.0,musical_instruments
672f4e03ae047fc417a8921d6c1ed73e,1.0,700.0,38.0,4.0,30.0,musical_instruments
ba58dd885694fa6a278aa4217365680a,1.0,9100.0,55.0,25.0,35.0,musical_instruments
1af8902c3a99c03308ce1a8d05dc7d52,8.0,5650.0,50.0,15.0,45.0,musical_instruments
4241ea8d0ec9cd6574d86fd72d1dc2af,6.0,350.0,16.0,4.0,20.0,musical_instruments
0fd681f9cda34792a6404631648ac5f3,2.0,300.0,30.0,7.0,30.0,musical_instruments
fc470dc1924bf42ce34d83187505dbe4,1.0,150.0,20.0,7.0,15.0,musical_instruments
562cc818d2fced5e90afc6c220636bff,3.0,3250.0,66.0,17.0,36.0,musical_instruments
fb931f000171a7ce4963df2a8bbfe82a,1.0,550.0,30.0,10.0,20.0,musical_instruments
9163c7e81fd68452472912c4cde810aa,2.0,300.0,16.0,5.0,20.0,musical_instruments
7bdb28a55646012fb3348058d629d9bc,3.0,2750.0,103.0,12.0,17.0,musical_instruments
5a6f7431b52d1c349ddfe94dc43ae35a,3.0,8200.0,90.0,15.0,60.0,musical_instruments
46dfa5ce1033bc249800f9e496749051,8.0,1050.0,50.0,20.0,40.0,musical_instruments
dd99b3c94bf585d3a13a018e9eeed07f,3.0,573.0,23.0,11.0,17.0,musical_instruments
abf460fbe81f4b2741cd059df2925fff,1.0,183.0,29.0,6.0,11.0,musical_instruments
6d7bc0518cc2406af3d486526806d50e,1.0,383.0,35.0,7.0,14.0,musical_instruments
16734715511e4a408f9b534c748032f2,1.0,800.0,24.0,7.0,15.0,musical_instruments
0cd1e5169a1ba33d42fc9f76345a4504,4.0,700.0,17.0,8.0,12.0,musical_instruments
40df4be4429553e18755913ac3cfeac5,3.0,1450.0,32.0,14.0,27.0,musical_instruments
9d1b18c0f7c3a2519bac1d098f945278,5.0,1200.0,28.0,11.0,26.0,musical_instruments
c44f25ecf77c3fdd779c0fcac33aef1f,10.0,1400.0,50.0,18.0,45.0,musical_instruments
fe06d596708c590bf178cdb82aa7d48d,5.0,850.0,26.0,4.0,22.0,musical_instruments
5b276c5a1bbe9381dd336487c3b0dea1,8.0,1650.0,52.0,5.0,47.0,musical_instruments
a0b14f5ef88242a8cec43b93f9d0fd6f,5.0,550.0,16.0,6.0,12.0,musical_instruments
79e42c4fa2bde6e0c828d23c4fb7df35,4.0,900.0,42.0,8.0,40.0,musical_instruments
8a9405a507847ccf7d53141b2b16909d,6.0,1900.0,35.0,15.0,20.0,musical_instruments
5919b992cefc81ed9074411c99401add,2.0,550.0,17.0,7.0,12.0,musical_instruments
c8e85f0e77fc6b81698e9ea2269988fd,4.0,14100.0,61.0,58.0,24.0,musical_instruments
c02a30b665557ab97c1b79c9aaaeafd4,1.0,2138.0,71.0,13.0,47.0,musical_instruments
88e45c0f0947e8b8e17cd93e8112be5e,2.0,7450.0,40.0,40.0,40.0,musical_instruments
b7a89537c40b1f5a18b5ba75dbb91cbe,1.0,594.0,20.0,15.0,16.0,musical_instruments
738da8ddda2e593acfdc53c2d1520dfa,9.0,8350.0,105.0,12.0,45.0,musical_instruments
34c58a18b4dcac5fd8d96e8e08b738ed,1.0,11083.0,83.0,41.0,33.0,musical_instruments
4011494d902f1075a502ffe9432186b3,1.0,650.0,20.0,20.0,20.0,musical_instruments
f77f18b15df7b13a76cac068e285eb78,1.0,350.0,27.0,6.0,20.0,musical_instruments
930715d24c2f9780fac2a78636094fd3,3.0,700.0,20.0,12.0,14.0,musical_instruments
5b94462ef9789d7944ba155fed57d178,3.0,250.0,16.0,9.0,11.0,musical_instruments
4a266296cc64880551c3efad9739fb2e,2.0,3750.0,18.0,30.0,27.0,musical_instruments
2d9048864a2855dc2235f380db5c1ec1,1.0,150.0,18.0,3.0,15.0,musical_instruments
d26fcc1c248f5f9f8340e6061bf1f2b5,10.0,1400.0,55.0,18.0,45.0,musical_instruments
e10c5041c0752194622a7a7016d8c9b5,1.0,14200.0,105.0,16.0,40.0,musical_instruments
43dc48e22acc762c474367d2cead5d3c,1.0,350.0,30.0,20.0,30.0,musical_instruments
d35dccc8b673b41ed414984b463b17b4,1.0,200.0,40.0,5.0,11.0,musical_instruments
27a0edbc33200d89dfc1276a729dd5d4,4.0,567.0,31.0,7.0,23.0,musical_instruments
cd6e125f1385d66bd4d682a54f64750d,1.0,1400.0,31.0,50.0,31.0,musical_instruments
ce169d5f9421a6f21e41a7bf54d0b98e,1.0,500.0,30.0,20.0,30.0,musical_instruments
ef854c7d98d5eba672287b0a9d37075b,8.0,18600.0,100.0,15.0,50.0,musical_instruments
fd7d2e006bf144655148da8077bd8d4f,5.0,200.0,16.0,30.0,16.0,musical_instruments
7b10697c2c3686763958e2c55e8fe2b9,1.0,2750.0,103.0,12.0,17.0,musical_instruments
ac55865c931b6e828892c10b73887af4,2.0,3750.0,18.0,30.0,29.0,musical_instruments
a0245537bc3dfec325899fcd716f70cc,5.0,6600.0,30.0,30.0,30.0,musical_instruments
a0baf68f73515bb20254e024f0cae124,8.0,10000.0,50.0,26.0,46.0,musical_instruments
09a37f198e0277139a41558113e4ca9b,1.0,950.0,22.0,9.0,57.0,musical_instruments
38021cef829efa264df6f9d21c4df6e9,1.0,250.0,24.0,10.0,11.0,musical_instruments
6c8dfcd9be1c04a1b4f98bb6c283a6aa,1.0,289.0,37.0,12.0,13.0,musical_instruments
88c676304d4d4f0eaafc6ca88308f83b,1.0,3300.0,20.0,20.0,20.0,musical_instruments
6cc0a02127c60fc252540ccd8487763a,1.0,1500.0,31.0,4.0,15.0,musical_instruments
fdfb90feb49d2b41b8283a8ec6e95590,1.0,11600.0,45.0,20.0,100.0,musical_instruments
d23a564a7cd43e5169246cc8d2c8c5db,1.0,600.0,16.0,3.0,11.0,musical_instruments
35d6a7880150d5dacc9ad0c9a9cfb233,5.0,725.0,28.0,8.0,23.0,musical_instruments
37b57a225c7a1f044857d1dde7d18750,9.0,1300.0,42.0,8.0,38.0,musical_instruments
c5d5fed9e3002dc5313d874d7f9a0ff0,3.0,6050.0,60.0,15.0,40.0,musical_instruments
5aabb9c72866bc1b6aff2fb42852be3b,5.0,900.0,54.0,7.0,54.0,musical_instruments
f24bb438da3185d5fd5a19e4d7433827,4.0,2900.0,47.0,9.0,47.0,musical_instruments
b0b727747746e677a470d0948bb68520,3.0,2900.0,53.0,11.0,31.0,musical_instruments
2c1a4c9437bc5311d6ea858485992ca8,6.0,1300.0,36.0,10.0,26.0,musical_instruments
ac5b8f2f2dde997ff8819a6845ae15f0,2.0,15100.0,45.0,20.0,100.0,musical_instruments
1d1fc8a85e598b6b83a558fbd354443d,1.0,6575.0,39.0,24.0,34.0,musical_instruments
45c4df3befb383b0102121f980c20f82,4.0,3300.0,44.0,10.0,32.0,musical_instruments
24860e2899527a4e30b81c693206e916,5.0,1350.0,38.0,7.0,29.0,musical_instruments
3663ccbce96bbbea6b1b38558b5356a0,2.0,7050.0,66.0,17.0,36.0,musical_instruments
68f3adaef1620e7b0c4c7cd9f78d7ed0,2.0,1203.0,30.0,10.0,16.0,musical_instruments
23836079685669ea7e1edeb5ea8bfaf7,2.0,7050.0,66.0,17.0,36.0,musical_instruments
453b0d78c257bdb2b47099a6a1c22040,1.0,750.0,22.0,9.0,57.0,musical_instruments
7e79042d2bfd50df12f3a4bfff5c43b4,9.0,900.0,16.0,6.0,26.0,musical_instruments
8d7372d1b5ad8302fee4eed7f8bb4d84,1.0,900.0,19.0,19.0,14.0,musical_instruments
ba90d9569ff1f3add3d6bc10532688f9,6.0,750.0,29.0,16.0,14.0,musical_instruments
521682cf03ee68298c76c63ebd8a2f0f,2.0,125.0,16.0,3.0,12.0,musical_instruments
3c025396e63ff6925a3b68781e8b3456,3.0,100.0,16.0,9.0,11.0,musical_instruments
75a320dd19d196149ee1514926d97bff,4.0,400.0,16.0,8.0,12.0,musical_instruments
24d746a5965b583493871d11f75b1068,1.0,1000.0,40.0,40.0,30.0,musical_instruments
8814548104f71bb92ca911ffbe3fcfca,1.0,1850.0,25.0,10.0,30.0,musical_instruments
cfc37213adcf7bc0a35084f70a312b13,2.0,990.0,30.0,9.0,13.0,musical_instruments
7f35208cf2cbd412f79d6bc95efcbcb1,3.0,5400.0,40.0,24.0,29.0,musical_instruments
78b1ff38b417d7d3c58c33f386512040,1.0,300.0,18.0,7.0,11.0,musical_instruments
92f68ab4731b0172739a91b91fef076b,2.0,3700.0,20.0,20.0,20.0,musical_instruments
0c6fc9b9317a68d1cda098c063914b72,3.0,3100.0,38.0,99.0,14.0,musical_instruments
ca4636eb45d6d3d09bf140125705038b,1.0,13900.0,40.0,40.0,40.0,musical_instruments
f8b5807c6dfdce709e2872a820c1c7b1,4.0,650.0,26.0,10.0,22.0,musical_instruments
eae2dd85f947bc3cd623a4443bc91111,5.0,800.0,26.0,15.0,22.0,musical_instruments
22c051b01971f34702857840a0e03fab,1.0,950.0,22.0,9.0,57.0,musical_instruments
30e94ff4a3c0019755fd01e2a9c35d4a,1.0,200.0,16.0,4.0,11.0,musical_instruments
8d4e92265a16e69a1e1d76e67e46d72f,5.0,30000.0,80.0,75.0,36.0,musical_instruments
ba55945d930e34e802e5dd2e5cffdcc8,5.0,2375.0,48.0,14.0,25.0,musical_instruments
be6d51a5cb1162496a37597c412538df,2.0,2000.0,40.0,5.0,39.0,musical_instruments
5183344b5357029cfd88c7f511ed876d,6.0,4125.0,33.0,13.0,16.0,musical_instruments
16c4e87b98a9370a9cbc3a4658a3f45b,1.0,18000.0,105.0,30.0,40.0,musical_instruments
08a60a2b8d7362c5da1b6bc61f7d1191,10.0,5400.0,50.0,17.0,38.0,musical_instruments
124ce940a0950f162eecf1c7f3db5a53,1.0,200.0,16.0,9.0,11.0,musical_instruments
58e3dad74a022a8e41571be503143e5b,5.0,2500.0,44.0,10.0,32.0,musical_instruments
29a6e18f17f36ac05a93d24c2c0e7146,1.0,300.0,17.0,5.0,13.0,musical_instruments
6b8cf2f4f294dd4b50037f061f230fba,3.0,250.0,16.0,16.0,11.0,musical_instruments
cdea4f41e1d54465e44bbe45a31fc69b,1.0,50.0,16.0,2.0,12.0,musical_instruments
d69e906470f99256b16bee14a0268fd1,3.0,150.0,17.0,17.0,14.0,musical_instruments
d5ae57e54de86eef671f21694b080cb8,2.0,9500.0,50.0,50.0,50.0,musical_instruments
083d6108def7421be9778dd0ecd11fa6,1.0,2000.0,35.0,10.0,82.0,musical_instruments
6e893462529821f68777de295cd56d70,5.0,600.0,16.0,30.0,16.0,musical_instruments
99827651c1fea2d9068fbc77cd96a43f,1.0,1300.0,35.0,25.0,35.0,musical_instruments
78a727ba961fe7561d533e153bf04088,7.0,9270.0,103.0,31.0,26.0,musical_instruments
e7be84ea9462aac5e2b0b08eb35ba7f1,1.0,100.0,60.0,16.0,11.0,musical_instruments
c4989935ece6a2e0c0c148ede45f640e,3.0,600.0,16.0,16.0,16.0,musical_instruments
0ed3993c767ad11a9d285e1a6caa2eff,1.0,13900.0,40.0,40.0,40.0,musical_instruments
6672a09b75e37e87703b1d4f221029e7,5.0,200.0,16.0,16.0,16.0,musical_instruments
6e5903fa584754f29471f356634b6334,5.0,150.0,16.0,2.0,11.0,musical_instruments
c935bc1beb7be8accee684358fb0d47f,5.0,5350.0,47.0,23.0,25.0,musical_instruments
e7248872169a7ab67e20c182aaf17976,1.0,5000.0,35.0,9.0,103.0,musical_instruments
b50c1fbe8dd681b1e2cfb1a0484abac9,1.0,11800.0,36.0,23.0,64.0,musical_instruments
3f217ac180c743ff2e4b047d4f205d52,1.0,200.0,16.0,9.0,11.0,musical_instruments
e82ca7be7d1b57da564dd48fbde08f2d,5.0,1300.0,53.0,19.0,20.0,musical_instruments
2d6540e715ca18c58c4aafd86c172aa1,6.0,3050.0,50.0,20.0,20.0,musical_instruments
ec246911ea63f94a11fc8d78c270153f,1.0,600.0,16.0,24.0,22.0,musical_instruments
1fac2e6b0fdfb2e529fc9960c5270aeb,1.0,700.0,20.0,20.0,20.0,musical_instruments
4877b4c3caeccd2568f623a099d1d1f4,3.0,1750.0,27.0,13.0,25.0,musical_instruments
ccdb0e2f5fada241364ea94cfaa2332a,2.0,700.0,16.0,7.0,30.0,musical_instruments
450dacaafbbed8ba05e3ea722ec893d9,1.0,100.0,17.0,8.0,13.0,musical_instruments
e10793be4658322d3d7e4c9910199f93,1.0,5000.0,50.0,50.0,50.0,musical_instruments
164e1fc9dbbb8ec54611e3eaa25ef263,1.0,2000.0,35.0,10.0,82.0,musical_instruments
d1a943978e5d919d1ab662b07c810dae,4.0,2900.0,21.0,10.0,26.0,musical_instruments
a5bbc554f75cf4afa2cd56791015ec27,6.0,800.0,30.0,20.0,25.0,musical_instruments
e844770f85faafda86f20911fcf607b5,1.0,7350.0,70.0,20.0,30.0,musical_instruments
3248ca0065f209c49450baf404c47795,1.0,500.0,25.0,5.0,12.0,musical_instruments
713995c5e8e2dd40bfbe5a2eccd45356,2.0,4900.0,18.0,30.0,29.0,musical_instruments
db71a8783ee43c3bb7ac7fe8f0cf9e6b,1.0,1350.0,35.0,25.0,35.0,musical_instruments
70d7a4737a91965066483a5b0d26a19e,1.0,2423.0,36.0,17.0,22.0,musical_instruments
d79868fbfc500d54ebab71dca6ebe5b2,2.0,2200.0,25.0,12.0,16.0,musical_instruments
253aede415ef331d1262ffc3a411224d,3.0,700.0,18.0,6.0,13.0,musical_instruments
b25286ea1d4431a1f33b67a706e0f97d,1.0,1100.0,30.0,20.0,20.0,musical_instruments
a934477935383c309a1c492e6c0e025c,1.0,10700.0,40.0,40.0,40.0,musical_instruments
11491792277842adf3f5bac76ae3dbf5,5.0,100.0,16.0,16.0,16.0,musical_instruments
05ed196725fbeca4876c2181780d89bb,2.0,1400.0,30.0,30.0,30.0,musical_instruments
873c256958122a0b04f65c23f8bc2329,1.0,250.0,16.0,11.0,16.0,musical_instruments
9492dac42243571c7f7807ea23691a33,1.0,190.0,28.0,7.0,13.0,musical_instruments
72cb4380c5a90c64048cafdf60d31f88,1.0,500.0,19.0,16.0,16.0,musical_instruments
ea45888166c303ff6ffc0abfcb52822f,2.0,18950.0,16.0,26.0,28.0,musical_instruments
13b39e2e8f2621e6645afa77a459f3f6,1.0,350.0,16.0,5.0,16.0,musical_instruments
c4332b2ff3cde1b0c62f5b9c8ae84bdc,5.0,1650.0,30.0,20.0,15.0,musical_instruments
92157883fe5bfd9c6967c8738c03d590,1.0,3000.0,105.0,16.0,40.0,musical_instruments
315274d6751133f612a67ccfa00c0522,2.0,350.0,17.0,7.0,11.0,musical_instruments
10e7b44b01fc53988df2b73395cec6fb,3.0,650.0,70.0,12.0,25.0,musical_instruments
344e500a6d4d2085337b9e81c0b9c9de,1.0,200.0,22.0,10.0,15.0,musical_instruments
03fbf722447bf7fb4a99aff40b8ede7a,2.0,7550.0,37.0,23.0,38.0,musical_instruments
aa8d767a6316127a012fc3d16b84dc7f,4.0,500.0,40.0,8.0,23.0,musical_instruments
d9e4756491e0521cc3d0925d9d2bd0d9,3.0,25000.0,70.0,75.0,36.0,musical_instruments
7374fc6499912f1f91f7cc2bbddb0869,2.0,1925.0,21.0,18.0,15.0,musical_instruments
9048cbd294fe0c1a3ec8c8248bc2cadd,9.0,7500.0,55.0,18.0,45.0,musical_instruments
66fb81c8c95a92236d7858a4303dc0a4,3.0,250.0,16.0,6.0,11.0,musical_instruments
09661a3f29765eeafd2f05d7ad22310f,6.0,6250.0,99.0,28.0,36.0,musical_instruments
818430a64bb4e935b35f1f4da32612eb,8.0,500.0,30.0,15.0,30.0,musical_instruments
1fb5f3130b9f5c67e7dc57e0f5df6e6d,5.0,1850.0,54.0,16.0,11.0,musical_instruments
d86d15924d5a9ca159de4d8cd09263ae,1.0,1650.0,30.0,30.0,30.0,musical_instruments
3d2c44374ee42b3003a470f3e937a2ea,2.0,300.0,16.0,6.0,12.0,musical_instruments
ec19e3e263015b28be410ab8b92e1462,1.0,750.0,16.0,16.0,16.0,musical_instruments
db05baa32930ca5fbdb515b0ff8fba0d,1.0,8225.0,40.0,19.0,36.0,musical_instruments
18e42e8f475cb44f5fd91fa354ba1a76,1.0,900.0,17.0,5.0,17.0,musical_instruments
ca8abbdcac2d082a56ff54df35aec76a,1.0,3000.0,105.0,15.0,40.0,musical_instruments
87349b9aa1037e754a70957639f42f4d,1.0,400.0,30.0,10.0,20.0,musical_instruments
bc93408e78c053eb887fb66c4453f5c1,2.0,950.0,20.0,3.0,20.0,musical_instruments
1649163ed6805e0d648900a0b2c0fe4d,2.0,3600.0,18.0,30.0,29.0,musical_instruments
72b88dcc0910a3d1db986870c1515029,2.0,250.0,25.0,9.0,20.0,musical_instruments
b0c657fb8995510c4729dcb9739226c8,1.0,4150.0,20.0,20.0,20.0,musical_instruments
1bad1f17e229af04d11a788ed2b3553f,1.0,30000.0,60.0,60.0,60.0,musical_instruments
75cf9878e249e24c03d9db274cba65f4,1.0,5300.0,48.0,15.0,40.0,musical_instruments
0c11029e1f747d21ae2f131082236d7d,4.0,5050.0,70.0,40.0,40.0,musical_instruments
fc5062f483f32b6e7d6e4a38c402d56c,1.0,10700.0,40.0,40.0,40.0,musical_instruments
6f11a80f755a253700b454b4c6ac1cd5,2.0,1150.0,26.0,13.0,22.0,musical_instruments
62c5626fd6b954f27d1766e3f967e549,1.0,350.0,20.0,8.0,20.0,musical_instruments
ace41a29560020355b6681108d2c4812,1.0,150.0,17.0,3.0,12.0,musical_instruments
16b36661fe58157f31bb0c63492d5878,2.0,200.0,16.0,9.0,11.0,musical_instruments
948330c196b6b9a13386fa192380e3df,1.0,5150.0,48.0,24.0,26.0,musical_instruments
dc48747539ed723e73d007b18fa5f45f,1.0,300.0,104.0,4.0,20.0,musical_instruments
d6c0cf7f61cc2a5daa3a86d91d00497e,4.0,500.0,27.0,7.0,22.0,musical_instruments
77c0fc0c22b0e79a703aa61068b7bc7a,5.0,2500.0,44.0,10.0,32.0,musical_instruments
95d0a941f616c390aec42628850b99a9,9.0,2500.0,55.0,13.0,35.0,musical_instruments
25179680ecacb54a036e9cdd27459da3,4.0,8450.0,78.0,19.0,49.0,musical_instruments
978d5e0e71961b77d26485b13155f16f,7.0,2550.0,17.0,27.0,17.0,musical_instruments
67371c87cd852c73a336fc6ca6c66537,4.0,500.0,35.0,5.0,30.0,musical_instruments
d38b4ba2e81db02dbcee8ded3880121c,3.0,500.0,56.0,11.0,20.0,musical_instruments
aec710f01b389f7277acf17f5fa20094,3.0,200.0,16.0,16.0,16.0,musical_instruments
bbc74a748306b105fb908c780551457a,4.0,700.0,16.0,5.0,11.0,musical_instruments
888e11f9e6f882701220d1139c58d462,1.0,200.0,16.0,5.0,11.0,musical_instruments
cb428376d66b5e216d2ef9f3b27fc172,2.0,5000.0,45.0,14.0,105.0,musical_instruments
22052cf3cf96687b8469406f71bafb62,3.0,4700.0,40.0,24.0,29.0,musical_instruments
0cdaad368fc9c18b0e7c3328f79f341b,6.0,8600.0,39.0,15.0,57.0,musical_instruments
c1cb3679d3aa242bb9094aa69ea47c42,1.0,4000.0,25.0,15.0,60.0,musical_instruments
a7c9291d7a571ba9436c10f79ca25655,4.0,1050.0,38.0,7.0,29.0,musical_instruments
860ad475cebc2e85e852042dad735be0,1.0,214.0,15.0,7.0,13.0,musical_instruments
37e7030d6095e672ebf05e2133b1a1bf,2.0,600.0,24.0,5.0,20.0,musical_instruments
9176f023a7370b05745941b7c43c779f,1.0,3600.0,70.0,20.0,30.0,musical_instruments
b5ebab9fa4b5f2771ec47a5d6139f3ff,2.0,3600.0,36.0,10.0,23.0,musical_instruments
5d8c8b26726d0c5f8e2b47813a80dd89,1.0,15100.0,48.0,28.0,58.0,musical_instruments
650e39eebfbf781051ea573d02d0342a,7.0,16000.0,25.0,87.0,56.0,musical_instruments
3b17f6528c9e2a01b2f75f844a60ddae,1.0,5000.0,40.0,9.0,105.0,musical_instruments
718194d9c10c770347b81e6dedb5cc61,5.0,1350.0,17.0,22.0,22.0,musical_instruments
bc3df33d80a595ba6d8bfe2212182bee,5.0,800.0,23.0,7.0,22.0,musical_instruments
cc82434eb4afd2f81d3c2525e54cbfce,6.0,400.0,22.0,8.0,11.0,musical_instruments
8e2de8820f8133bf82200eea7d9a5b8f,2.0,450.0,17.0,5.0,17.0,musical_instruments
eb9a3adbcce4a03f2ea0394ec01a58ad,1.0,50.0,16.0,7.0,11.0,musical_instruments
ec8514b52ebb78103c68fddbb2d9f0a8,6.0,400.0,16.0,30.0,16.0,musical_instruments
f915422d1dfcaad46759f41c28790158,3.0,400.0,19.0,9.0,13.0,musical_instruments
8b91b9d3fea3a20b5ab4ffa874fdb062,4.0,7600.0,30.0,30.0,30.0,musical_instruments
2d72cf7f8c3240028550efb165045073,4.0,300.0,25.0,4.0,20.0,musical_instruments
563c0dd33258d3c44d1b9967cc148341,4.0,500.0,16.0,8.0,12.0,musical_instruments
50dc647b3482fe19d838513cf88482ad,3.0,11900.0,105.0,15.0,45.0,musical_instruments
16ff579c7dd128062ca085e13094fbe0,2.0,125.0,17.0,3.0,12.0,musical_instruments
bfe7e7ae5f1ec626a4a85d98712bbbb9,2.0,1450.0,20.0,15.0,90.0,musical_instruments
7697c75660a647dda82cac88c20a77b9,1.0,733.0,19.0,17.0,18.0,musical_instruments
3eb6b55ec8635498193d4fc3d264e6a3,6.0,9550.0,66.0,20.0,45.0,musical_instruments
c4a75a5c2477e9b73590c227e72052b8,9.0,800.0,45.0,5.0,38.0,musical_instruments
8fc237f3709cf31cbe92dca0083b5681,1.0,200.0,16.0,16.0,11.0,musical_instruments
c8e167a128928bf9c4e5ab674e78d2c2,1.0,2525.0,29.0,9.0,30.0,musical_instruments
9d6a788ceee3a2c4ef57a459d5a202eb,2.0,13600.0,47.0,38.0,35.0,musical_instruments
94fe5d8bb49bb5643b837cfb59ec8d62,1.0,300.0,16.0,16.0,11.0,musical_instruments
b23b10e4282fc95fb2db440d4dded066,1.0,400.0,20.0,7.0,20.0,musical_instruments
a625eeaaa7459df8a537881cacf79762,1.0,300.0,16.0,16.0,11.0,musical_instruments
a8cbbc135053b18c499ae6a0b278b50d,3.0,60.0,16.0,6.0,16.0,musical_instruments
2856b9cb722cb91f23867a5345b6e0d5,1.0,10400.0,28.0,48.0,48.0,musical_instruments
b5285354b7300aa056db9c3b73e50cd0,1.0,625.0,17.0,17.0,17.0,musical_instruments
2b3b11d70c32fbfc8e850fb68985a000,3.0,1965.0,51.0,44.0,11.0,musical_instruments
a518b1448de7b8fe202c6bebf15fe842,2.0,500.0,60.0,16.0,11.0,musical_instruments
43ff57afb3419cc422d1daccbbb877b7,2.0,17550.0,45.0,20.0,100.0,musical_instruments
778f8850980a158eafa6e7555c085ea1,5.0,500.0,24.0,10.0,14.0,musical_instruments
2a4d7197cdde9396e685ed950985ae2f,1.0,600.0,33.0,4.0,24.0,musical_instruments
c19965667589410161de452ee07d33af,1.0,1350.0,67.0,10.0,20.0,musical_instruments
388404eabf1c32aa6fc51105ce5220d7,2.0,300.0,17.0,7.0,11.0,musical_instruments
fa9adbf599801a9b1f081da9bf514fb1,2.0,15150.0,45.0,20.0,100.0,musical_instruments
a29c670cb6c4fb685d04410dbbd6d5b2,1.0,275.0,18.0,4.0,18.0,musical_instruments
d1023459eada86bf4bb6804656cc4643,1.0,9850.0,30.0,15.0,100.0,musical_instruments
70c8514ff2a8f44c4339c9d4e17c21e9,4.0,4000.0,45.0,20.0,100.0,musical_instruments
199a837d1162e5158f5ad3f96e35c01d,2.0,575.0,20.0,10.0,13.0,musical_instruments
4da918a160c19da9bfdf9945d18006ec,2.0,5600.0,30.0,62.0,45.0,musical_instruments
daedfe59a6361c55ad715b446161f981,4.0,850.0,42.0,8.0,40.0,musical_instruments
4f1a7a45b6d43fa7e4958e013923d9e5,2.0,617.0,31.0,9.0,31.0,musical_instruments
bd6eb9532e448ca538cec41d0b9dc228,1.0,1100.0,90.0,20.0,40.0,musical_instruments
ede91e87b28599f661c5322ac25b663a,1.0,5750.0,30.0,15.0,100.0,musical_instruments
69d3ff4f45d52d69e4b06760e0e154e2,1.0,1250.0,26.0,6.0,26.0,musical_instruments
47b49b876c60eafde72f0e1c602f386d,1.0,350.0,16.0,16.0,16.0,musical_instruments
50063fba038aabf31446889396187973,2.0,1050.0,30.0,30.0,30.0,musical_instruments
d1833b7b959fa2d25e6d970bda08f59e,2.0,5400.0,21.0,39.0,41.0,musical_instruments
05a9ab81472f6bdcd910cb49b636c5b5,5.0,250.0,16.0,9.0,11.0,musical_instruments
f0fad8c5dfa2549bff0ca38e82823cf5,1.0,767.0,17.0,7.0,12.0,musical_instruments
240160e0aa04afdf29718fc68f92a47b,8.0,7900.0,70.0,15.0,45.0,musical_instruments
8fd88178b111d5d12b4a85be4ea8bf4c,5.0,150.0,16.0,16.0,16.0,musical_instruments
711b99e1af05365d2ef959b073af08c4,1.0,2150.0,50.0,20.0,30.0,musical_instruments
ef226f256d9c1986ee2d02ff216b15c3,5.0,1500.0,30.0,10.0,25.0,musical_instruments
fdc3af4045c7316cadde9fda3c335932,3.0,300.0,32.0,3.0,16.0,musical_instruments
6147f365b989950e8622a89e573d913e,1.0,1150.0,21.0,13.0,21.0,musical_instruments
44e086c4a977f37a888627b43880586c,1.0,600.0,20.0,20.0,20.0,musical_instruments
ef9f731f8f63f85ea53e94df375baf54,2.0,9250.0,45.0,20.0,100.0,musical_instruments
72973442f7f31108993a1f26f325f717,1.0,5300.0,30.0,30.0,30.0,musical_instruments
a1beef8f3992dbd4cd8726796aa69c53,3.0,3550.0,71.0,34.0,22.0,musical_instruments
6d4b221ea1d6cce7090d574cfa6185ef,5.0,350.0,30.0,3.0,14.0,musical_instruments
865444ecac22985b455244843197e147,3.0,12300.0,54.0,28.0,44.0,musical_instruments
b353757638aa1d936e2e3b3940dc695b,4.0,483.0,31.0,6.0,23.0,musical_instruments
b8c472a596396ccddbade7d6900f8aa1,3.0,707.0,23.0,19.0,16.0,musical_instruments
46ca9515def9ceb56e338c86ca765ba1,3.0,450.0,27.0,27.0,27.0,musical_instruments
4f9172df8e9ae60aa90c14fb36afbcbb,1.0,1450.0,31.0,11.0,24.0,musical_instruments
26c574b434aeee44ae054dcb540f2ebe,2.0,1350.0,30.0,9.0,15.0,musical_instruments
3c139df1bbfd2c48c110bc9ca5d8c133,2.0,9050.0,50.0,50.0,50.0,musical_instruments
59c6d60f81179f563785a48de25532b9,2.0,100.0,52.0,4.0,52.0,musical_instruments
17a019676883dce326999c11a46a14f0,4.0,150.0,16.0,4.0,14.0,musical_instruments
7e5016a3b76fe1070b6a82c5daf25455,1.0,300.0,40.0,5.0,11.0,musical_instruments
0412ec72192f1d85e92047c0773434ec,2.0,15400.0,45.0,20.0,100.0,musical_instruments
1bfe10e822dedba7190af59828c822d7,3.0,9150.0,50.0,50.0,50.0,musical_instruments
0b77c056067fc19c57c6518c8bdeed0e,2.0,425.0,27.0,9.0,23.0,musical_instruments
d87ee5661dc46c5bc7bc19780f6f8360,1.0,100.0,20.0,20.0,20.0,musical_instruments
d82b7dd1b80c3f47c767cbae71a9b3e3,1.0,350.0,36.0,3.0,11.0,musical_instruments
521ff66814fcd02e8ac29259c4feacb6,5.0,5450.0,101.0,14.0,49.0,musical_instruments
663d6ef343ce527b3548d6a255f89eb8,3.0,450.0,62.0,9.0,23.0,musical_instruments
fccd4d9159e9566d6c8708ffd6af7aa4,2.0,333.0,20.0,17.0,13.0,musical_instruments
b906473f6ad88809cd95a1e7e77cd91f,10.0,7050.0,55.0,17.0,45.0,musical_instruments
0ac0d30f666402b0d004e26c5e57eb0f,9.0,14050.0,50.0,32.0,46.0,musical_instruments
732bd381ad09e530fe0a5f457d81becb,4.0,18350.0,70.0,24.0,44.0,cool_stuff
7a8dac4aaa16bc642e4df33adcf03303,2.0,11750.0,18.0,40.0,79.0,cool_stuff
5f504b3a1c75b73d6151be81eb05bdc9,3.0,15350.0,47.0,40.0,47.0,cool_stuff
b5cfb1d3c5e435a7a52227e08f220ee7,2.0,1300.0,36.0,16.0,24.0,cool_stuff
fdeb34a9f03fea7c3937dd62d1d0287e,1.0,1100.0,30.0,20.0,23.0,cool_stuff
575c38b4c88fc7b35ef22fc8312bfe1b,3.0,1200.0,44.0,20.0,20.0,cool_stuff
bcd58b852a3b0152b6b384c4e4474ba2,2.0,1400.0,25.0,20.0,20.0,cool_stuff
701ff123e9085dcc9c2f833efded6374,5.0,10664.0,61.0,63.0,35.0,cool_stuff
4e7f36f28c51e114a343625b628dd429,1.0,400.0,24.0,16.0,14.0,cool_stuff
78119fbfa709d07b86f5ccf15043c6d6,2.0,586.0,18.0,11.0,13.0,cool_stuff
6c3fc3c928cf7d57418923ffea326d9a,3.0,800.0,42.0,25.0,15.0,cool_stuff
ef6aa884e3493fd38cc8ee47d8d79d10,1.0,150.0,16.0,7.0,12.0,cool_stuff
93719014f156d3fa9e0511cd0ab96315,7.0,1150.0,28.0,10.0,25.0,cool_stuff
f86faff2fff9d021e363dc81bfd16930,1.0,900.0,25.0,10.0,25.0,cool_stuff
603751cec205d947f27ef1ab32b7fb26,3.0,700.0,20.0,20.0,20.0,cool_stuff
1a986b4015f20a3c26d8573a46dcf65e,1.0,300.0,34.0,5.0,27.0,cool_stuff
d806210810eb8942d0ea5b17967bb1c4,1.0,1635.0,23.0,30.0,17.0,cool_stuff
37c8b2425c9c0455491b06ad8671c224,4.0,198.0,17.0,9.0,15.0,cool_stuff
984a3b9f9bb4c8feb319da951212696e,1.0,50.0,40.0,30.0,50.0,cool_stuff
84db874a1a2d895b0eece26cc9bb3dd3,2.0,1250.0,36.0,16.0,24.0,cool_stuff
0de11423be68ad641c9be1135450074c,6.0,7000.0,22.0,52.0,27.0,cool_stuff
c8149a123a4dccdd873b3de1e7867bba,1.0,250.0,16.0,12.0,11.0,cool_stuff
5657897eec3381c5a9aaf19be83f16e2,2.0,500.0,19.0,17.0,25.0,cool_stuff
73c15f15e628e4ec389e0ed1cec48b15,5.0,12400.0,35.0,35.0,50.0,cool_stuff
914a1be6110e7ce3289dbf55ec0d9704,1.0,2050.0,42.0,25.0,15.0,cool_stuff
17d4764518c5a017b128060439d1559f,3.0,1000.0,35.0,28.0,16.0,cool_stuff
af5dce27d2097e3cbfeb25ad9eac092c,1.0,1650.0,33.0,44.0,19.0,cool_stuff
dd1b2eb34840957a13204dd3dbc588bd,1.0,175.0,30.0,20.0,25.0,cool_stuff
6b1b29dd58c0342e04f9063e070bd6ac,1.0,2250.0,34.0,52.0,30.0,cool_stuff
b8fd372c103037c02e9898f76ba0ab4c,3.0,130.0,100.0,25.0,35.0,cool_stuff
353f9040451759cc7153da959db1e531,2.0,18600.0,38.0,74.0,38.0,cool_stuff
c76ce8f19e21cfc8226f0551ed5da750,1.0,1800.0,42.0,25.0,15.0,cool_stuff
9d358fd2a77935cffa32834b50cfb21e,1.0,1200.0,42.0,25.0,15.0,cool_stuff
9739d07ec835e1c66eedb9a6df402bd5,5.0,900.0,43.0,21.0,26.0,cool_stuff
1cd4e06e315c38b1a4a3268caa41fcd8,1.0,800.0,26.0,15.0,20.0,cool_stuff
8934769521d632e65c27992662f05673,3.0,200.0,17.0,4.0,13.0,cool_stuff
50f1880f1989251727fbbfe8c0a346a6,2.0,1450.0,42.0,25.0,15.0,cool_stuff
6e1b14d3cbb5fb3a2c00351007127dfd,1.0,1625.0,44.0,24.0,32.0,cool_stuff
884b444b6ef19272ab3adf358afcc921,1.0,10600.0,57.0,34.0,37.0,cool_stuff
2944c269bc95271a46f4c63f07149b0a,3.0,275.0,16.0,16.0,13.0,cool_stuff
bc2d6310e5cbd60facb2f9c8d9471597,2.0,7100.0,36.0,47.0,32.0,cool_stuff
77e56e1e099429aab02aa75e36831eac,2.0,20600.0,53.0,45.0,53.0,cool_stuff
81c891c541361f1108fe9e2a645324d9,3.0,13900.0,34.0,93.0,34.0,cool_stuff
d7afbba2a75a596c3a917abe0efd5f5a,3.0,600.0,42.0,25.0,15.0,cool_stuff
a1013e8a0647368039fc1a2f7cd5e516,1.0,876.0,24.0,23.0,21.0,cool_stuff
601a360bd2a916ecef0e88de72a6531a,1.0,1600.0,42.0,25.0,15.0,cool_stuff
bfc59c5d8a26d129f82fbc5207fcd676,1.0,2000.0,35.0,44.0,19.0,cool_stuff
729834518009d0ecf002340e2b9e34df,3.0,1400.0,18.0,9.0,27.0,cool_stuff
c15d29dd019b316a74a82f67c69e2865,2.0,250.0,16.0,13.0,16.0,cool_stuff
c04e948c6900ce99ac47d89b3b6d70cd,2.0,30000.0,70.0,37.0,70.0,cool_stuff
f5c0451a8329bdf130172a733eb5d60e,1.0,1700.0,33.0,44.0,19.0,cool_stuff
c77abc8a8f4b7b1aa8a9bcdb48fdcf3a,1.0,1400.0,40.0,40.0,30.0,cool_stuff
436c8d57ff8d4aa254318e9bd9b48c83,6.0,530.0,30.0,9.0,14.0,cool_stuff
ef6fb97da4e206dd38306ba55b9d5cbe,2.0,700.0,30.0,22.0,16.0,cool_stuff
4f3192a28c9da057319996e1502dc216,1.0,4317.0,30.0,40.0,28.0,cool_stuff
d911283e9e087d5526ee83bb5150544d,1.0,1700.0,33.0,44.0,19.0,cool_stuff
8d8109048bbf6f0369b1522029f92a19,1.0,250.0,22.0,23.0,16.0,cool_stuff
f83c9874b5b5044ea58fef1be68c1ea8,6.0,5200.0,63.0,2.0,79.0,cool_stuff
cfd652b39b87b4e06cf4ea106a32db47,1.0,1250.0,42.0,25.0,15.0,cool_stuff
c4761af5e6a2183cc23c77a8d16f9d09,7.0,23000.0,60.0,42.0,57.0,cool_stuff
1a64be9825a124a4b43d1e19bac03a44,2.0,600.0,32.0,4.0,29.0,cool_stuff
094fbff68f8c7fd768277bcfa984b4e1,1.0,600.0,32.0,4.0,29.0,cool_stuff
51556be67b1fe2eea3c13273a659009c,1.0,900.0,30.0,13.0,30.0,cool_stuff
c3e4f757b86c42e1a598380332bc9e88,3.0,4500.0,30.0,30.0,30.0,cool_stuff
9cfb95272c4cd1e98619d3bdea888a7c,1.0,1700.0,42.0,25.0,15.0,cool_stuff
e672fbe634ad07cce9d85f412becb2c0,1.0,1400.0,42.0,25.0,15.0,cool_stuff
3685c687db4b3d2da5085d23b408e93a,1.0,300.0,25.0,10.0,20.0,cool_stuff
3e28c005e07e71dc007d1f88295ba270,3.0,900.0,20.0,28.0,20.0,cool_stuff
b47796afaf2c2ed23e1fe1c000ee33ac,1.0,700.0,27.0,29.0,22.0,cool_stuff
3dabf82e264128dda5088dc804e09cc8,4.0,450.0,30.0,9.0,30.0,cool_stuff
17984012f01e836fad7cb9224c211baf,4.0,300.0,21.0,12.0,12.0,cool_stuff
86ef5f987ea9ab69c0231cbff16ce546,5.0,300.0,28.0,6.0,13.0,cool_stuff
b11cfc408f43a71b16c2288e79172244,4.0,300.0,16.0,11.0,11.0,cool_stuff
3997a6da5a88930a92998ccbf98adf32,2.0,9300.0,44.0,21.0,38.0,cool_stuff
d35d1fa56f3c5a2777f5542a84a085dd,2.0,5288.0,32.0,26.0,45.0,cool_stuff
c398a8dcde62548d51bb291753330209,1.0,10800.0,80.0,50.0,22.0,cool_stuff
dde07b9fedc0682cc6acbd81d92ffe22,1.0,500.0,20.0,20.0,30.0,cool_stuff
5ed9eaf534f6936b51d0b6c5e4d5c2e9,3.0,600.0,20.0,20.0,21.0,cool_stuff
eee02ac99af9217137a2ef5eaad20376,2.0,500.0,60.0,16.0,11.0,cool_stuff
af8533a77adce26dca87480c4c5c9af4,3.0,550.0,17.0,7.0,23.0,cool_stuff
989fd236458b9c0410bc6e1cf23cde4d,4.0,1700.0,25.0,26.0,83.0,cool_stuff
eefc25bf3b54c979499864b77267ee2f,1.0,2300.0,42.0,25.0,15.0,cool_stuff
0c7f7adec80b0c8ee4b9703490bbb13b,1.0,3400.0,28.0,24.0,14.0,cool_stuff
21b8d4953c15b92f2f965c89dc35f5ad,1.0,2600.0,34.0,20.0,34.0,cool_stuff
b3e40ff639c185b9d726b4b19c17e6cd,1.0,2150.0,42.0,25.0,15.0,cool_stuff
74c355c68504e6c4fbd038441ad49ff0,1.0,300.0,16.0,5.0,16.0,cool_stuff
78680f078476e5a28ec2c145ee75347a,1.0,1100.0,30.0,12.0,16.0,cool_stuff
67837a6bc3074b80f6fe8efc4740d37e,4.0,882.0,28.0,14.0,19.0,cool_stuff
679bb6cbef77322da2a4719b6d7d0a96,1.0,600.0,25.0,37.0,36.0,cool_stuff
7c3cbbd1a99a73b3dd683eb7c0570801,1.0,1400.0,42.0,25.0,15.0,cool_stuff
02a93c4e95263ca545e9f46ca2b59833,6.0,1700.0,65.0,25.0,25.0,cool_stuff
332b3e10a1e54aa72c52f41221eb53ab,1.0,1800.0,27.0,12.0,21.0,cool_stuff
119cfca51257edda1acecb4b8576ec48,3.0,600.0,16.0,14.0,15.0,cool_stuff
b357dcb28df5d58381e1c9d6541f8064,6.0,250.0,16.0,3.0,11.0,cool_stuff
144266e1585320d057797a369596bb8b,2.0,1925.0,30.0,32.0,27.0,cool_stuff
6eefea74d72822573892405c674918e6,5.0,21900.0,105.0,31.0,31.0,cool_stuff
85df978207ed4024ea16570dbb64fd6e,2.0,100.0,20.0,6.0,15.0,cool_stuff
11c3ff6555092bf425ea842a023a7809,1.0,1650.0,23.0,68.0,25.0,cool_stuff
e3a3f867448d4e54c737944db7122dbd,1.0,1100.0,42.0,25.0,15.0,cool_stuff
5eaec7fd1d19f063638a519d473cb200,1.0,200.0,20.0,5.0,15.0,cool_stuff
59f42de833f91d27e377bf831fa9c1e0,4.0,13400.0,52.0,44.0,27.0,cool_stuff
34e83bed8d615779f4ed501e7033fc60,1.0,100.0,16.0,15.0,11.0,cool_stuff
a62f968b257e3759b2ec9bf2c71358b0,1.0,2250.0,42.0,25.0,15.0,cool_stuff
c5736c891e81c20ebc49de62980c1136,4.0,500.0,27.0,5.0,27.0,cool_stuff
8efcb24ccca088a16dab13882f1c45e0,1.0,300.0,26.0,5.0,21.0,cool_stuff
2ac5c215e10e7251979c895510de4121,2.0,200.0,23.0,15.0,15.0,cool_stuff
fb00f51d564e36645bf7eab56ce5fd43,1.0,2035.0,27.0,13.0,15.0,cool_stuff
8899e549604c83a99da5fd3ec51d955d,4.0,200.0,30.0,20.0,40.0,cool_stuff
dab9c91ff81f632aff81bb4cb671cd18,2.0,3175.0,30.0,28.0,33.0,cool_stuff
2267f81f3634e3fdd5d27151ddad3c26,3.0,9650.0,86.0,8.0,40.0,cool_stuff
4d3e81b2dfb45a73759982d63e532e94,1.0,200.0,30.0,5.0,30.0,cool_stuff
a34ffdd8795ad14708ab74aaba226ec0,4.0,10700.0,104.0,23.0,27.0,cool_stuff
1da3e4356495511914d62ce5385f7122,2.0,350.0,18.0,16.0,16.0,cool_stuff
ec5a5cf28e0fbef0c5391157203ab8ce,4.0,188.0,16.0,9.0,14.0,cool_stuff
fcc27d197f2e7be2b9a8ecedfd1a1730,1.0,2000.0,33.0,44.0,19.0,cool_stuff
70a9f1d2c0e23019d6b8db85a81e69c8,1.0,2500.0,42.0,25.0,15.0,cool_stuff
5fdf539153cefe3f3fd8589c6c22f191,3.0,1700.0,28.0,36.0,27.0,cool_stuff
d9cbadc2f61272c79987920607db84f1,4.0,975.0,20.0,14.0,16.0,cool_stuff
2ca49532371b32e19b3db0809a52ab25,1.0,1200.0,42.0,25.0,15.0,cool_stuff
231b36f9858956ff85f4e71640188ca1,1.0,1300.0,42.0,25.0,15.0,cool_stuff
6c951a66dffc261311c2acc0bf0ff2fe,4.0,500.0,55.0,15.0,45.0,cool_stuff
041022915a950ec95b761b690ddb6b24,3.0,1450.0,62.0,15.0,32.0,cool_stuff
9592cd0b739cc57871c3aecffe15436a,6.0,450.0,34.0,15.0,17.0,cool_stuff
4bf205e4dc4e2c6b258e1ec0e2be9367,3.0,797.0,17.0,16.0,14.0,cool_stuff
052516c377ebbc53a39f053af1db08b4,2.0,450.0,16.0,12.0,22.0,cool_stuff
b8dcc8fb99a94c2a9329e491f71bb120,1.0,420.0,26.0,12.0,21.0,cool_stuff
5612648da3c29f5f0236f13c99bed154,3.0,800.0,16.0,7.0,12.0,cool_stuff
0e1b67828c6d682c600b49872507d1ae,3.0,1450.0,20.0,30.0,20.0,cool_stuff
20a64c9ab614812a2634ebbd69bb4a02,3.0,550.0,100.0,6.0,50.0,cool_stuff
d65b6607952f9e0d705b1cbdc92ac027,4.0,500.0,27.0,10.0,15.0,cool_stuff
a0c8114ed9f3ecd1a0394e3987b87613,2.0,8100.0,45.0,24.0,39.0,cool_stuff
057df564fda79ad8fa5e1928dfbe3e8c,1.0,300.0,25.0,10.0,20.0,cool_stuff
53a19e181057f10a84c7b2cb539c722a,2.0,900.0,30.0,45.0,15.0,cool_stuff
abb9d7140478c19fd773dc14e8071abd,1.0,200.0,20.0,13.0,20.0,cool_stuff
ee842d53183c77c2d2897172a82c40fc,1.0,500.0,16.0,7.0,13.0,cool_stuff
53ae5df71df97b2b9abee97ce1e1b8f1,3.0,850.0,22.0,22.0,22.0,cool_stuff
098c8d862a494bb5926e558a87687768,1.0,2000.0,45.0,30.0,20.0,cool_stuff
1efd84ba20d23186f576a37baf64ae9d,1.0,200.0,18.0,12.0,16.0,cool_stuff
ef0e165d773ec293c5aeb5470a08b183,1.0,2250.0,16.0,40.0,16.0,cool_stuff
f264c1d9b20b5e4a340254d0405e613b,1.0,1050.0,42.0,25.0,15.0,cool_stuff
9cd9443e9002f8be88682ef102d771c1,5.0,2250.0,50.0,30.0,30.0,cool_stuff
3e0da944edda889e1287894ad28d9ed0,1.0,6800.0,53.0,20.0,33.0,cool_stuff
bb191b58fe5bc5a220db96fd387655c2,6.0,7300.0,79.0,5.0,63.0,cool_stuff
d412d78a36f204c033b6ec60d874bc75,1.0,5600.0,25.0,37.0,36.0,cool_stuff
65dfa5d20f4beb1a0f6aad75c004434f,2.0,8450.0,45.0,24.0,39.0,cool_stuff
13e64813e400c6b383297c388eb38688,1.0,2000.0,33.0,44.0,19.0,cool_stuff
ff8f6ec909e03ac8d9f6d82a10031c0c,2.0,1600.0,60.0,5.0,36.0,cool_stuff
87e6cf7eb3e4996b725323a1d704fb8b,1.0,1000.0,16.0,19.0,15.0,cool_stuff
5ad2c4859aad6ecebd816a300d34f326,1.0,1650.0,33.0,44.0,19.0,cool_stuff
e0c47a145f4748e4d7a418502d65aa35,1.0,19500.0,71.0,76.0,50.0,cool_stuff
c6dd917a0be2a704582055949915ab32,1.0,1200.0,42.0,25.0,15.0,cool_stuff
cf42d2701c959607c1875764e88c7266,1.0,517.0,25.0,18.0,22.0,cool_stuff
a3ccb9eeebc476c5a34811bedb6188b3,1.0,423.0,24.0,13.0,16.0,cool_stuff
00126f27c813603687e6ce486d909d01,1.0,700.0,25.0,5.0,15.0,cool_stuff
19239f99ecca2c266c57cdce121a6727,1.0,850.0,31.0,20.0,32.0,cool_stuff
c88b4c14d55eb0c9706f83e3e01cd091,2.0,538.0,29.0,13.0,21.0,cool_stuff
1c3122302b284dc602555cee331847da,2.0,4950.0,48.0,46.0,15.0,cool_stuff
80082b84965c79abbdc447a717c22f57,2.0,150.0,20.0,6.0,15.0,cool_stuff
fe7185e8ca6be33b48072c4ba1b6056d,1.0,750.0,42.0,25.0,15.0,cool_stuff
ee2a647f1a4639468bc1f9fa3de2263e,1.0,2100.0,99.0,5.0,47.0,cool_stuff
c8f47078677998140708abd3c0aa15ec,1.0,2850.0,42.0,25.0,15.0,cool_stuff
147df4d924f569e480fbd77099707f08,6.0,14100.0,46.0,33.0,27.0,cool_stuff
325a813db2664ef1b239883869847f4b,2.0,1800.0,51.0,15.0,32.0,cool_stuff
5c1edf5ddada2c189588fd0a21130e36,1.0,1330.0,28.0,31.0,21.0,cool_stuff
2531bf4f54beb9037615a37b8a9754c7,3.0,575.0,23.0,16.0,18.0,cool_stuff
4148d4f36653927e8641a9d6afbfc5e2,3.0,700.0,16.0,2.0,11.0,cool_stuff
7a5c07212703b5f01ee199d29a29a587,4.0,350.0,16.0,11.0,11.0,cool_stuff
7977b70dccf5fb91ef5787ea38c36c45,4.0,3250.0,30.0,25.0,25.0,cool_stuff
7c91038b7370c2ea3343e1472be3e97c,4.0,200.0,17.0,9.0,14.0,cool_stuff
857d73e07effc672f1427fd2581d6cb3,2.0,600.0,32.0,4.0,29.0,cool_stuff
65841ad29fc48cd40902e03da7511e05,4.0,7750.0,58.0,33.0,61.0,cool_stuff
8370d380081c2d0956d4d134e445854f,3.0,200.0,18.0,8.0,13.0,cool_stuff
485aa17cb179a6624fb0c9e12cc639d1,3.0,900.0,18.0,9.0,27.0,cool_stuff
26baeb9025380946e10f3f86d808e24d,1.0,287.0,25.0,10.0,21.0,cool_stuff
4d88bf79cfba786c4f220da5869dbd0b,3.0,3533.0,37.0,53.0,44.0,cool_stuff
ee989d719be581430137d2f4e043711f,4.0,350.0,20.0,5.0,20.0,cool_stuff
1a4f338579cef9360aa407e3d97b4c89,2.0,200.0,17.0,17.0,14.0,cool_stuff
f7285f0b3043d966ede4c21886b49a38,1.0,3300.0,33.0,44.0,19.0,cool_stuff
271dc7b756644a368e87e48c2d38c590,3.0,900.0,23.0,41.0,16.0,cool_stuff
9234cd3c6bd121932ef77a39d6d87893,4.0,200.0,17.0,7.0,17.0,cool_stuff
f89594c3583443e5e0d464e97284835d,2.0,400.0,18.0,14.0,14.0,cool_stuff
3b3c3503539e7f917eb57a8d4bfa69f0,5.0,9350.0,50.0,28.0,40.0,cool_stuff
ef2fb3a493929907466587fecb5611e2,1.0,567.0,35.0,27.0,17.0,cool_stuff
1957efa6b2babcb8552b5f3072108d41,4.0,15300.0,43.0,40.0,40.0,cool_stuff
e572ef4db3ee1a8e900245a31184783a,3.0,1500.0,23.0,15.0,15.0,cool_stuff
dbbaf4c939ff935365a67aee70c9b42a,1.0,1033.0,28.0,16.0,17.0,cool_stuff
cbe952607a2215211502095c631ea179,3.0,700.0,47.0,8.0,30.0,cool_stuff
eaa26a34984cbfedc19b1e45f09f3c9a,2.0,422.0,18.0,12.0,15.0,cool_stuff
0a10747b677a2f5efd58f827f072f27f,2.0,900.0,20.0,15.0,15.0,cool_stuff
b6ae63c5f2b226331d069831d5b1f570,3.0,1800.0,44.0,29.0,26.0,cool_stuff
ca3d7d7b66676d1731e2fe13b5243c43,1.0,1700.0,28.0,36.0,27.0,cool_stuff
002af88741ba70c7b5cf4e4a0ad7ef85,3.0,600.0,40.0,30.0,40.0,cool_stuff
99e51ed7faea9cbf65fc7bb4ea396cd0,1.0,2600.0,37.0,39.0,28.0,cool_stuff
dc879e9d6b20db101d5822d992f48415,3.0,850.0,22.0,22.0,22.0,cool_stuff
2b9496ed8ff2f7b2003258b94a58772b,1.0,1400.0,42.0,25.0,15.0,cool_stuff
a5a7c5c2be6edf0b10ce28ba5c6b4a69,1.0,2000.0,33.0,44.0,19.0,cool_stuff
1b335291af6aa51e69afcce777570b9d,1.0,1250.0,30.0,15.0,30.0,cool_stuff
3263644ec99e2ccf8b31612ba4f28b5c,1.0,800.0,30.0,25.0,35.0,cool_stuff
b2a11c072dedfc137aa2393bb4a2c8ea,2.0,650.0,22.0,15.0,22.0,cool_stuff
c16a725515f575d16a399f36c3e64399,2.0,13075.0,79.0,43.0,35.0,cool_stuff
ad7c531c2001111873dcfed9d8317439,1.0,1000.0,42.0,25.0,15.0,cool_stuff
a0450529bd974ebeaf93b1731184396a,3.0,900.0,18.0,9.0,27.0,cool_stuff
daa46fa57a171867a99dcc8a71ec21cd,1.0,1400.0,42.0,25.0,15.0,cool_stuff
163365b4428bf91ee261186233e5f796,3.0,3350.0,24.0,30.0,21.0,cool_stuff
d7d5562fce331ad958ca6f57057b3526,1.0,700.0,42.0,25.0,15.0,cool_stuff
5f7403b0168eeb77bd69d462d1150222,3.0,1400.0,30.0,30.0,25.0,cool_stuff
4a69baa66a13d1adeb41cfe3bc0c27be,2.0,500.0,45.0,8.0,49.0,cool_stuff
fcffe8b68efdfe24c139e44753dc505e,1.0,2600.0,42.0,25.0,15.0,cool_stuff
bddc970a859e17f3f60f337ff8d72dfa,2.0,268.0,12.0,9.0,19.0,cool_stuff
652698dafbccac29d78c7ba70dceef10,1.0,300.0,16.0,19.0,15.0,cool_stuff
2684982519a1eb5b0501094ae96f6cd7,2.0,761.0,30.0,15.0,20.0,cool_stuff
5e56d835ab5e03badf5a23368f777341,2.0,500.0,16.0,3.0,20.0,cool_stuff
75840050584f39e359b995495e33f997,1.0,1650.0,33.0,44.0,19.0,cool_stuff
42ec84ace63b58b8c5a7ba7be01d5fb8,10.0,2550.0,24.0,23.0,27.0,cool_stuff
0c5801458e74f9b6c23b44c331426e30,6.0,1850.0,18.0,23.0,26.0,cool_stuff
0db608cb372db7e5f00b9f8c572b6ff6,1.0,2300.0,33.0,44.0,19.0,cool_stuff
aac347ae582fb6041aa2ee59b68a813a,3.0,2500.0,53.0,63.0,15.0,cool_stuff
6171e0ffb665e527d521c2435e065644,3.0,400.0,16.0,19.0,15.0,cool_stuff
34b9bda637e469b293f081fc33d7a094,1.0,1050.0,36.0,16.0,24.0,cool_stuff
5272e64de887c95d7a1c9c64886b90f5,1.0,1700.0,20.0,20.0,40.0,cool_stuff
b60aae43af64142e8dafff9888b64c85,1.0,2250.0,42.0,25.0,15.0,cool_stuff
418d480693f2f01e9cf4568db0346d28,1.0,1950.0,33.0,44.0,19.0,cool_stuff
86133a7d6682fcb51debce06e6514f93,1.0,5000.0,40.0,27.0,37.0,cool_stuff
2adfbd64f2dd14f2dac6afe783311859,7.0,1900.0,87.0,8.0,11.0,cool_stuff
c1eee16d856657ad280936810ef3d080,1.0,113.0,22.0,8.0,17.0,cool_stuff
8f12be3216052dac466d43ff8af3ef04,2.0,450.0,16.0,12.0,22.0,cool_stuff
4142011fdc688f90a55e3101fcd43e2b,1.0,203.0,15.0,15.0,14.0,cool_stuff
4a37fea9a17c3cb688dc22802a698a80,4.0,1400.0,30.0,4.0,30.0,cool_stuff
ea5650a1a8c12b9348a0cefff6fb1d24,1.0,750.0,42.0,25.0,15.0,cool_stuff
74706845a60b5ad457b7fa501aca8b93,6.0,11000.0,40.0,40.0,40.0,cool_stuff
00c1e6d55fe174bfbb179257255e49bb,1.0,187.0,17.0,13.0,14.0,cool_stuff
0d94e21c8156ffa3dcb77cb1d456ef80,2.0,50.0,61.0,61.0,61.0,cool_stuff
7f253218cda162fcc215fd4e0768b00c,1.0,2000.0,28.0,19.0,21.0,cool_stuff
96530fd162c17a87b70830cc5fb0f45c,2.0,200.0,24.0,4.0,18.0,cool_stuff
ddebc97ddf43a9787d1ee7012e394ccc,3.0,2300.0,22.0,29.0,16.0,cool_stuff
6a984aca8806747c09165b7767a3204e,1.0,16900.0,39.0,62.0,34.0,cool_stuff
0daaaee8a33938591e1d5b980e65046e,1.0,550.0,22.0,6.0,22.0,cool_stuff
5328338cfaa16ba10561cd970c73ca11,1.0,1950.0,33.0,44.0,19.0,cool_stuff
8f79239910bb0bf15488ef9abd9e6593,1.0,1650.0,35.0,44.0,19.0,cool_stuff
2e6f6402bc35ad6283ce8da1035d9971,6.0,217.0,20.0,16.0,18.0,cool_stuff
acdf83e7694c8eec22e6b19bc59f4e60,1.0,200.0,14.0,13.0,12.0,cool_stuff
8634ba98d69440265e955814c3e4cde1,8.0,400.0,17.0,9.0,12.0,cool_stuff
f8dfab2c2740b7381e94ef1af03739b6,1.0,9500.0,52.0,44.0,27.0,cool_stuff
0233dd6f06e23c705ab76dc3ab165837,3.0,100.0,20.0,16.0,16.0,cool_stuff
f516645f81debe9cff9416a20662dc43,1.0,125.0,16.0,17.0,16.0,cool_stuff
d36d9ea1497c1e294498cc39df08a687,1.0,200.0,16.0,20.0,20.0,cool_stuff
769083fbf5eb9f3f132a633cc9809388,4.0,8333.0,59.0,31.0,75.0,cool_stuff
70aaba5ccf6aac45a3a7917f3a79c7e4,2.0,1400.0,25.0,21.0,21.0,cool_stuff
e07fbd0969dcddca941b8c4adec498b1,1.0,200.0,16.0,3.0,13.0,cool_stuff
e09b95d6c02bf2a7831c8edc25c57843,2.0,943.0,24.0,16.0,29.0,cool_stuff
af144ed65466a16118af719a57053c95,1.0,1815.0,29.0,21.0,23.0,cool_stuff
cabdfd59b47b4a3135145f38590da2bd,4.0,1900.0,96.0,5.0,45.0,cool_stuff
39ed04888dcd79849e94036dfdb3b4aa,1.0,2500.0,50.0,8.0,36.0,cool_stuff
e340207acac912600273ffd7ea058780,1.0,600.0,35.0,6.0,35.0,cool_stuff
4413a608a42bd21bbf9d5abbd58c249a,1.0,2350.0,16.0,40.0,16.0,cool_stuff
448cbeba9628acd8b5b8bd6c8a5018a0,4.0,200.0,25.0,6.0,16.0,cool_stuff
db13a5fbc4bf2465d9c83b80aeb0697c,1.0,2000.0,40.0,24.0,30.0,cool_stuff
6d6b0f6705c1acf1128ecf19d57d5444,7.0,50.0,16.0,5.0,11.0,cool_stuff
8108bd323f83c37e82b2f8ff9263da19,1.0,2000.0,35.0,45.0,19.0,cool_stuff
ffa1ce7f2a287ca5e369673bd77d43de,1.0,1000.0,29.0,14.0,14.0,cool_stuff
3471ed8114d798dfbb0ed5f85349f695,2.0,5100.0,13.0,76.0,41.0,cool_stuff
49d903c17a37b3c53641d530c31f039b,4.0,900.0,34.0,10.0,27.0,cool_stuff
4fb651ace30be388c0e95f48f3308e5a,1.0,2725.0,43.0,50.0,28.0,cool_stuff
ff81cd23251a357a120054397a01849f,4.0,700.0,34.0,10.0,27.0,cool_stuff
6169cdc0468023121be6baa425e3bc6f,1.0,1250.0,40.0,40.0,30.0,cool_stuff
1ff0bca5b9068c1855e89ec8a9bb6382,1.0,3200.0,48.0,19.0,19.0,cool_stuff
2691bad4b1d8eb94ea5f2ccbbd582fca,1.0,550.0,16.0,2.0,11.0,cool_stuff
af3ec22cce878225aae6d9eb6c7a78eb,1.0,1600.0,40.0,24.0,30.0,cool_stuff
8b5a6c234469d41bbd08bffea91feb3e,1.0,600.0,40.0,5.0,30.0,cool_stuff
9b5020f2bc3043b993be2559c465e380,4.0,450.0,30.0,6.0,30.0,cool_stuff
bbc3a3f2596e849548463e3a46d833f0,2.0,1150.0,36.0,16.0,24.0,cool_stuff
01593b27eef404f592e6a3f1174493bf,1.0,2000.0,50.0,40.0,30.0,cool_stuff
4acecc563402664291309d5f9d5cafc7,1.0,900.0,40.0,40.0,30.0,cool_stuff
1e771d5cef909641314a6b1544656a8d,1.0,1400.0,40.0,40.0,30.0,cool_stuff
4ee8c9943111595b7dfc4d9031854a21,1.0,2100.0,42.0,25.0,15.0,cool_stuff
4c2c252ccca76d23a1ebdb3aa61e69d6,1.0,2000.0,42.0,25.0,15.0,cool_stuff
23bb156d1ade824158d1b0c799f9a641,5.0,1000.0,50.0,20.0,20.0,cool_stuff
1168ebbaa08c1f416c8c880dd470171c,1.0,1100.0,42.0,25.0,15.0,cool_stuff
11ad873e7f5b2a8fe696997ba983e2d1,5.0,16100.0,82.0,77.0,15.0,cool_stuff
16ec3cff48acf77c13de21217bcc8af0,5.0,3463.0,59.0,27.0,32.0,cool_stuff
2e7c89106453cfffae2446ab3f7c31a5,2.0,1500.0,42.0,25.0,15.0,cool_stuff
f69c0a81b54c02376872d8bab620c55c,1.0,5700.0,33.0,44.0,19.0,cool_stuff
efdd9c83779dc22fdcbfdce64ffef671,1.0,178.0,17.0,9.0,13.0,cool_stuff
06e8f81c88ce9a6b0dd0d279769f9f68,1.0,1300.0,42.0,25.0,15.0,cool_stuff
49dbea290802d8ca27cfebececcaa1a2,1.0,1350.0,42.0,25.0,15.0,cool_stuff
bd43ce19089eb3d0631afdc559a57b3e,4.0,7900.0,79.0,3.0,63.0,cool_stuff
3b762a9e09456347d19b0e824ddf033a,3.0,2200.0,99.0,5.0,47.0,cool_stuff
589f959f5ff55283c59dd9b27bb1ba78,4.0,300.0,25.0,5.0,25.0,cool_stuff
dcd590f679e692420391bbd2c7ae22e2,1.0,333.0,19.0,11.0,15.0,cool_stuff
db6612711588e8be758dc6cb66d031d2,4.0,250.0,18.0,7.0,14.0,cool_stuff
8ba12b254c2fbb3c2dda9bf44da89d18,1.0,3000.0,82.0,82.0,13.0,cool_stuff
7bf085cb634a5038e227ea40490c3beb,7.0,8200.0,58.0,17.0,48.0,cool_stuff
2bc88b31190908684ebece09e5358592,1.0,1650.0,33.0,44.0,19.0,cool_stuff
f713c90e84b1bf2e157637d63fe09a68,2.0,200.0,16.0,11.0,11.0,cool_stuff
e66c00a9093ec6803dc123140914b5e5,5.0,700.0,25.0,25.0,25.0,cool_stuff
aced2206d8778eefdbef4de3c38ae916,1.0,1550.0,30.0,30.0,16.0,cool_stuff
2916f36c18811cafe280f15b803be0eb,2.0,1200.0,20.0,30.0,25.0,cool_stuff
9257d3f01cd400076c63470f92434c7e,3.0,500.0,16.0,11.0,11.0,cool_stuff
d3c395bcfed8dcf4539f11fbc4094527,3.0,2650.0,30.0,40.0,28.0,cool_stuff
fbe581b34ee461c334f769e1422eb1de,1.0,1650.0,33.0,44.0,19.0,cool_stuff
5aa94fb8e895c82912cf9b8bea8fdff5,1.0,9500.0,31.0,80.0,54.0,cool_stuff
860d51f23d7ca3111d26ee05bf1aa355,5.0,250.0,24.0,15.0,16.0,cool_stuff
50fcba527cde578e212f114ba5cfdfef,1.0,1000.0,42.0,25.0,15.0,cool_stuff
cc041329dc20f1f8c48eb9861c6084dd,4.0,2100.0,62.0,80.0,12.0,cool_stuff
4f94048af0c7f18f55a5ea8d09d88ef3,1.0,2350.0,42.0,25.0,15.0,cool_stuff
88fd73c5f2f64f47bec495c5137929ea,4.0,600.0,16.0,18.0,25.0,cool_stuff
1b11571a0535a643bb18db34b84b7334,3.0,550.0,21.0,15.0,25.0,cool_stuff
dc881ef926ca402063ea142afc83874c,4.0,2100.0,23.0,40.0,16.0,cool_stuff
cf8f54285cd7068ecc0f6956d1dc311b,2.0,450.0,16.0,5.0,21.0,cool_stuff
70e0c10acc3dd72e17f2136ddb027317,4.0,200.0,30.0,20.0,40.0,cool_stuff
a7caf970fe61b23afec3d2d0ba545eb8,2.0,800.0,34.0,10.0,22.0,cool_stuff
0f1685e5c1430054df6d76621c2a0f8c,4.0,100.0,17.0,6.0,20.0,cool_stuff
0176bf7839ab4e611dc01cdc3ef6f4e4,1.0,1600.0,33.0,44.0,19.0,cool_stuff
2cc7c90e4f016e696c34e817f09e658f,3.0,1000.0,41.0,30.0,30.0,cool_stuff
517d4955ffcf9fbd2bb0beb193c81a42,6.0,900.0,45.0,15.0,16.0,cool_stuff
122bedead6e7541d311e6e0ab3cf248f,1.0,1200.0,24.0,9.0,17.0,cool_stuff
c2bcdb759a32342591497db4153af052,10.0,700.0,16.0,8.0,13.0,cool_stuff
6d9bbcfa5f0e5aeef4157f4e6b0047c3,1.0,2200.0,50.0,5.0,50.0,cool_stuff
d485889158fd6345611d5a386a0b77d2,5.0,3500.0,52.0,7.0,55.0,cool_stuff
a69f9b04d1e45bb3ee9f544c91a23b29,3.0,800.0,16.0,16.0,16.0,cool_stuff
94c6d48c2462a85429fcc3b6bde00c4a,2.0,14700.0,42.0,55.0,38.0,cool_stuff
8064566a6062566058808b3815d7defa,1.0,2100.0,40.0,30.0,20.0,cool_stuff
49c5279cc2c4e8ee09dd2871bed03114,1.0,10750.0,60.0,34.0,31.0,cool_stuff
f9182a0ca4e95b38186deff41198a333,5.0,2900.0,50.0,20.0,20.0,cool_stuff
551ae6a7d21ef0eea7b844dac0cc9de8,4.0,3700.0,27.0,43.0,22.0,cool_stuff
f3ef6902655917c2db06698cc2d765a0,2.0,50.0,20.0,6.0,15.0,cool_stuff
02357c69f595e004b50ba115b3f88d63,6.0,4000.0,43.0,35.0,18.0,cool_stuff
846145e9b8d412bd1c9bb478a52ab4a0,2.0,200.0,16.0,8.0,14.0,cool_stuff
31c50827b6b5d0f51d61c8b2aa98f6e6,2.0,1500.0,40.0,40.0,30.0,cool_stuff
c43ab4269cbf91b373263db4c2973cad,4.0,650.0,33.0,18.0,27.0,cool_stuff
089a01980b4c58c4183de3b75bd42363,4.0,2650.0,36.0,14.0,30.0,cool_stuff
0b5c0e5478b0b0746d05377b732a13f3,2.0,22600.0,55.0,81.0,31.0,cool_stuff
cc3fa983a53e9876a42790033f06a9ad,1.0,6730.0,34.0,28.0,29.0,cool_stuff
9ae144079d83bd6ffb2d30284c7c518c,1.0,500.0,16.0,19.0,15.0,cool_stuff
4808d0f726c21019e47863e21427cb48,2.0,4925.0,42.0,37.0,37.0,cool_stuff
72406be6f45ec18d2d8b21bfb7a9ecf4,2.0,450.0,18.0,15.0,14.0,cool_stuff
ee943329330e459c7ef1508e2d308412,2.0,2985.0,23.0,27.0,20.0,cool_stuff
79896466715d0179d8e5c8a84e5f0a18,6.0,1400.0,22.0,29.0,13.0,cool_stuff
165f86fe8b799a708a20ee4ba125c289,1.0,2425.0,29.0,30.0,19.0,cool_stuff
b87be755b7af193bb1ddf878a7d2966f,2.0,15800.0,70.0,36.0,48.0,cool_stuff
3d2e66b60f9f7e21c0dd52fced636d22,1.0,30000.0,48.0,75.0,61.0,cool_stuff
cfba4923dc05bdeee56a049ae75d078a,1.0,1419.0,29.0,12.0,14.0,cool_stuff
69bfbc73c85e0c111060d84260d5fd64,1.0,10300.0,80.0,40.0,36.0,cool_stuff
cc47c0863559499f01b4cad750929d10,1.0,2050.0,40.0,40.0,30.0,cool_stuff
dad27486af34282fef3bef995d0fda7b,1.0,2050.0,42.0,25.0,15.0,cool_stuff
f1d0ef439f9f2246803f89f1005ff709,2.0,3833.0,18.0,35.0,18.0,cool_stuff
e1901d5d99ca951543717ea5d1940a36,1.0,500.0,31.0,7.0,27.0,cool_stuff
94f49b07158ceba23362f72f24e04962,1.0,2200.0,42.0,25.0,15.0,cool_stuff
ee6cf0274e75706751ecd4cd5e353db6,4.0,24400.0,71.0,68.0,24.0,cool_stuff
4ae6bbbe40edd8689f356e7d822c6dd3,1.0,1900.0,30.0,13.0,30.0,cool_stuff
0a9e2c135ec43f84cc6c583695531d68,2.0,50.0,20.0,6.0,15.0,cool_stuff
9123002e53f822415107f07e5dcf199f,3.0,625.0,30.0,19.0,22.0,cool_stuff
5008f57a319af1670091cd1d64656910,3.0,3600.0,20.0,30.0,20.0,cool_stuff
8a330ba3cd34d650c45bce0fc21771ac,2.0,2400.0,32.0,25.0,39.0,cool_stuff
fe6a9515d655fa7936b8a7c841039f34,3.0,5650.0,73.0,73.0,20.0,cool_stuff
420575f8e2c456d57fd9ea8fe99090f9,1.0,2367.0,52.0,23.0,28.0,cool_stuff
fe4dece0c663ba4f1f9f2d04d3b93a97,1.0,200.0,16.0,12.0,11.0,cool_stuff
3560cb23f7a6760dc967498e22caa460,1.0,2100.0,41.0,32.0,15.0,cool_stuff
ffa4027b0effa4df0d5f5a9ce2788b6d,4.0,2100.0,34.0,39.0,51.0,cool_stuff
3a7c9b0413d7b9cc7f4a18318fc5afb3,2.0,1500.0,50.0,40.0,30.0,cool_stuff
86d2c13e1ce5c85177a6e7729892b501,2.0,5400.0,52.0,44.0,27.0,cool_stuff
9d72e48d483b01cd07024793995aa30b,1.0,1700.0,33.0,44.0,19.0,cool_stuff
492bcf01a7a40c8fe5c720574dc786b3,4.0,700.0,22.0,6.0,18.0,cool_stuff
7f7da198305ad62091daf841ed6acc6e,2.0,450.0,22.0,12.0,22.0,cool_stuff
b82c087ce7b4aa8d1d1e7241b0cd666a,1.0,2000.0,28.0,36.0,27.0,cool_stuff
5038cd913f549498c7e7251739050b0e,3.0,100.0,16.0,3.0,23.0,cool_stuff
d6ae8069e4a78b1dc1bfafc891a5c164,1.0,1650.0,35.0,46.0,21.0,cool_stuff
4f288e27579d68e616d2712ad669f99e,1.0,383.0,17.0,9.0,13.0,cool_stuff
ccc4bd1600ccbb62e417409efc8301c2,1.0,250.0,28.0,20.0,16.0,cool_stuff
9b1e33523029f6bde0a3fbe99d793cf4,2.0,83.0,22.0,10.0,16.0,cool_stuff
fad9c24cf8c042a01ea0f381957f9ea5,4.0,500.0,16.0,6.0,16.0,cool_stuff
665fa52751d42dabaebad0435662fe13,1.0,525.0,15.0,29.0,33.0,cool_stuff
d812e997fd9190feab9f82b6af7e20de,4.0,550.0,16.0,14.0,20.0,cool_stuff
f1406be72e14f545ee346b742bf92bd3,1.0,5417.0,35.0,42.0,30.0,cool_stuff
8c4456c061013adccb1ba4cbce2d0365,1.0,1925.0,30.0,33.0,28.0,cool_stuff
7dd64fcc372f5d6ea016d697d6db75f7,1.0,800.0,16.0,23.0,15.0,cool_stuff
25253e832959ada92f27f703995719d2,2.0,700.0,16.0,16.0,16.0,cool_stuff
9da950e8c8c482441f1b93955b21c827,1.0,5200.0,37.0,20.0,34.0,cool_stuff
94d0a616574879b4edcd299f6b9e4dad,1.0,1000.0,40.0,40.0,30.0,cool_stuff
d4fc5ba3bc5d9e1a43cff83f4c454184,5.0,250.0,23.0,8.0,19.0,cool_stuff
1cbc78e4a21eb9d14fcc229e482a6418,2.0,493.0,30.0,20.0,16.0,cool_stuff
387f6bcd327b1e561b822dc4a2b313d6,1.0,2250.0,30.0,33.0,28.0,cool_stuff
f03230fa1c067f43e1e56560adec9775,1.0,500.0,16.0,19.0,15.0,cool_stuff
d58e6a832075e2743bc96d14b2ef91d3,1.0,500.0,20.0,20.0,15.0,cool_stuff
7d1fc7d682f6a5c8e47437e3540f4415,3.0,3400.0,37.0,27.0,22.0,cool_stuff
44c982f1949c28d2024991bcbdc76656,1.0,5350.0,40.0,20.0,40.0,cool_stuff
76bb142328fba1ac3a1e2ba033171d94,2.0,400.0,17.0,8.0,26.0,cool_stuff
b423d0e69f19a48cd48305328b8e3f02,1.0,300.0,19.0,12.0,16.0,cool_stuff
ae8465400218e5aa54535b74d9138416,2.0,1200.0,35.0,25.0,25.0,cool_stuff
9386012b71cfdcc82a3fe58df7e8c0c5,2.0,3350.0,45.0,25.0,18.0,cool_stuff
31639956e7fac87ecfd9d608040638bd,1.0,5150.0,90.0,4.0,42.0,cool_stuff
829874309190054ac199e75205ad6b33,4.0,100.0,16.0,16.0,16.0,cool_stuff
b3466bdd3b91a3c8ba3f2dbe7f9e0b4f,1.0,850.0,20.0,20.0,20.0,cool_stuff
1c30d57d1e1e0184594217845937b8e0,2.0,400.0,25.0,30.0,16.0,cool_stuff
fa08007a5f2571aab6bdad71881ee0d8,4.0,850.0,27.0,20.0,25.0,cool_stuff
0e529ceb74fce926f8cec35f6cb23986,2.0,1350.0,36.0,16.0,24.0,cool_stuff
716a15647e7f7cfa2f875d657dae4c03,3.0,625.0,18.0,14.0,16.0,cool_stuff
4ebb87ba41ca446326804d0e7f8dcc93,1.0,1500.0,42.0,25.0,15.0,cool_stuff
3f01901509b345951cfe27f5cea17e40,1.0,1250.0,42.0,25.0,15.0,cool_stuff
9f7fa43dfe21e43d37d65a6f2369c6ed,2.0,400.0,21.0,16.0,16.0,cool_stuff
a2d0bc51c6731d860c169cc9f18b2b7a,2.0,1350.0,36.0,16.0,24.0,cool_stuff
d5f1e6bf4f37a9e1eb16ee83df2137fa,1.0,3600.0,25.0,24.0,24.0,cool_stuff
f087f4a84fd8713553be68ac8964a70e,2.0,3890.0,52.0,22.0,21.0,cool_stuff
82bbea2a39c7d1745ad49a2479460e75,2.0,3050.0,62.0,30.0,26.0,cool_stuff
7e645d977215580aa17b5b84063cdf24,2.0,425.0,24.0,17.0,21.0,cool_stuff
f2f80444318155ff4846edcb98aa8697,1.0,3100.0,35.0,35.0,35.0,cool_stuff
6113c803231ccd88d4f0d30cb9b3edec,2.0,400.0,60.0,16.0,11.0,cool_stuff
19600534553df3c5578890657d824296,1.0,20600.0,30.0,80.0,51.0,cool_stuff
3929458059a1c837b0d37c96b1e3f30a,8.0,1600.0,42.0,14.0,27.0,cool_stuff
86513cbf63bb505ec42c62b661324672,2.0,1500.0,40.0,30.0,20.0,cool_stuff
8ab2bfb191a18b11427454a8419d01bc,2.0,975.0,22.0,24.0,36.0,cool_stuff
2eb8c6f513599fd67149f8f9cd8e2ea5,1.0,1400.0,40.0,40.0,30.0,cool_stuff
9831e59284189574c8b3dde0265e5230,1.0,2050.0,35.0,45.0,19.0,cool_stuff
983fb87b74395e82bbe509cf694296ce,6.0,400.0,18.0,7.0,11.0,cool_stuff
21c00997a28e1efcdd07c8a67f26d4ce,1.0,8150.0,45.0,24.0,39.0,cool_stuff
c79afda00334ce1f3f34aaa13edfd5cb,1.0,3075.0,23.0,23.0,29.0,cool_stuff
2bf5f3d61f1d45798de07f4edf31dbb5,3.0,11100.0,52.0,44.0,27.0,cool_stuff
725cbfcaff95a4d43742fdf13cf43c75,2.0,1850.0,34.0,5.0,34.0,cool_stuff
eccad33f3402b33fb855de9a980c5b8b,2.0,2100.0,99.0,5.0,47.0,cool_stuff
99ce9f06fbb85fb4f451c6a0691e69a4,1.0,658.0,17.0,15.0,15.0,cool_stuff
429de6049b45a9fcb96aff1603f55d3c,2.0,150.0,16.0,13.0,21.0,cool_stuff
23a0496bb472d6854617a7cc173ff21e,1.0,1950.0,42.0,25.0,15.0,cool_stuff
69bad3501e439434005e16bfcb98968e,1.0,2000.0,33.0,44.0,19.0,cool_stuff
06bb6e704f99920f51dbbb0559187d98,1.0,700.0,21.0,18.0,23.0,cool_stuff
d9dc092dbac81302d24f47d21c716365,1.0,2800.0,49.0,39.0,17.0,cool_stuff
edfbb2566914ddd223d3bd6fa1e9693c,4.0,750.0,20.0,8.0,13.0,cool_stuff
071b82cad6de748755bb587ff3feec2e,2.0,4700.0,42.0,25.0,15.0,cool_stuff
532940f97b6fcd27c471b66bb2a30e64,3.0,500.0,43.0,30.0,33.0,cool_stuff
edd633de6667d87ad7e3f83d2e0e382c,2.0,3585.0,26.0,44.0,25.0,cool_stuff
3a58b2c6aa002adafb77ac772f768975,1.0,1200.0,32.0,15.0,15.0,cool_stuff
69f07c49379a0c4bd660dd794a72f02a,10.0,925.0,20.0,41.0,15.0,cool_stuff
7220c6a818067f0a916279b9a207f299,1.0,2000.0,35.0,44.0,19.0,cool_stuff
4a5cc900bb2910a2b8dec20cebf1c0fb,5.0,18500.0,63.0,63.0,55.0,cool_stuff
7b717060aa783eb7f23a747a3a733dd7,2.0,500.0,16.0,12.0,22.0,cool_stuff
a57878a3c4874b342d09d163ae63e596,3.0,773.0,37.0,24.0,19.0,cool_stuff
bb0d5e6aed6ddf6c6ca1bd5e448bc106,5.0,900.0,16.0,8.0,13.0,cool_stuff
d738e1dea9fdf4c28741fde625c0d500,1.0,1400.0,40.0,40.0,30.0,cool_stuff
cedc314dea647b3337f14e20c6fe1234,2.0,600.0,25.0,8.0,22.0,cool_stuff
1998a489d7fafcff255f51e7ebb38068,3.0,10800.0,44.0,21.0,38.0,cool_stuff
efa8552bedf9407db4b7b26dd5a84d88,3.0,650.0,20.0,20.0,21.0,cool_stuff
210feb9ae3b060d29ec884aac60e5f10,1.0,1050.0,37.0,22.0,26.0,cool_stuff
32a5dd316c0a5ff63e2bdbb820bc1506,4.0,100.0,16.0,7.0,11.0,cool_stuff
a893bc71728f68147175c1535d952357,2.0,1285.0,30.0,20.0,26.0,cool_stuff
cce5fb9f7c1ec276edfcf70741b519bb,2.0,1735.0,39.0,23.0,25.0,cool_stuff
db2d715ce06590efca91eb47b8452d97,1.0,2000.0,28.0,36.0,27.0,cool_stuff
6004f0ea115c80b51e2f0e434233c0ca,1.0,2225.0,30.0,33.0,28.0,cool_stuff
e4e48eb0d37d47a169208324e8e4d6ba,1.0,200.0,16.0,16.0,16.0,cool_stuff
ee649ca4e5cd395d0b2ad35f3f6b7d4b,4.0,942.0,29.0,26.0,13.0,cool_stuff
11fd9d7ba552e1d28872e008acf1e050,3.0,10225.0,19.0,11.0,11.0,cool_stuff
9faadcbfeed012c5a26f8cda328af7f7,1.0,1000.0,22.0,12.0,24.0,cool_stuff
d84339772d824505b7f19e647f373ec3,1.0,325.0,19.0,2.0,19.0,cool_stuff
18d87751433e4198e697c51bbbb66003,3.0,100.0,17.0,6.0,20.0,cool_stuff
708cf9598cc7a8ed22f6f060d3ab547c,1.0,2000.0,23.0,14.0,16.0,cool_stuff
93cbda98bb66aaaae2ab0a7789dfc87b,1.0,4100.0,30.0,40.0,30.0,cool_stuff
99a9a8fc2d8c8a57d46b5a50536f544b,3.0,800.0,36.0,24.0,16.0,cool_stuff
95d4fd03b0b54ae5c0202828f41bef12,1.0,1758.0,35.0,25.0,25.0,cool_stuff
5a24564e1fe7c08ef367b0151564ceae,1.0,1400.0,16.0,86.0,60.0,cool_stuff
2e910736c31392d46841f315e9511405,1.0,1100.0,50.0,40.0,30.0,cool_stuff
29427de7f8a9ee983d9dbc51cec569b4,1.0,4475.0,44.0,24.0,31.0,cool_stuff
6d30e5e702df2b8719d9c6be1bdf425b,4.0,25000.0,27.0,23.0,105.0,cool_stuff
15f17270133dfedc0e1064782a60e374,3.0,6000.0,52.0,44.0,27.0,cool_stuff
c37123a4ab536f2b55e1164f5759318a,4.0,150.0,17.0,8.0,17.0,cool_stuff
03b58043df5d7424df7eac2be2511c51,2.0,1650.0,30.0,4.0,30.0,cool_stuff
85f2efd301728b2f8f012f776d932fa2,2.0,400.0,47.0,3.0,37.0,cool_stuff
28ce57ecf4afba85e6020ec0209cada9,2.0,5650.0,73.0,73.0,20.0,cool_stuff
aef5dacb8cffba210a6e307dd01e4923,2.0,1150.0,36.0,16.0,24.0,cool_stuff
14e95770921ccb6caef2e6134c182d78,1.0,1850.0,42.0,25.0,15.0,cool_stuff
c98b240226f68cdb71a1b4b24d5f3843,2.0,800.0,19.0,11.0,12.0,cool_stuff
20b4ef73ecadd46e16830ece8483b656,5.0,1850.0,29.0,12.0,56.0,cool_stuff
da2d3c0905cbb6888fc1ca9a18f38ba3,1.0,1400.0,42.0,25.0,15.0,cool_stuff
3a0a3519bcf5912cff87d401e007c5db,1.0,5600.0,25.0,37.0,36.0,cool_stuff
9295e6204ae4b6e0948ab60d4ee304f7,1.0,1000.0,42.0,25.0,15.0,cool_stuff
542b3d80712d51eefe3a3cd1c5f4e8fe,1.0,400.0,30.0,30.0,40.0,cool_stuff
b52af48deef5c1fb35c99248a5269973,1.0,15300.0,98.0,32.0,28.0,cool_stuff
9593c9f08aa51804674aae0eca66dd0d,3.0,700.0,26.0,16.0,34.0,cool_stuff
b5a3bb1341d217322573b76c03d7b81e,1.0,1650.0,33.0,44.0,19.0,cool_stuff
7a670a2551a3ac07c9152f8078eee043,4.0,300.0,16.0,16.0,16.0,cool_stuff
8c1a8cf9502b112acc0012cf14de7c0b,1.0,1400.0,42.0,25.0,15.0,cool_stuff
4247f66c2a8c9b3f147d74bff1ac79fd,2.0,592.0,23.0,14.0,14.0,cool_stuff
7c20caef078d055077dcf2c8a6f49b46,3.0,2300.0,30.0,20.0,30.0,cool_stuff
edc044b1d3b518153d2b3b2c811ff0e2,2.0,2200.0,62.0,7.0,35.0,cool_stuff
20090bcd0d43eb49feb63d53d387780b,10.0,300.0,17.0,17.0,20.0,cool_stuff
31945c8811d04df20bf86224210b4084,5.0,900.0,40.0,17.0,18.0,cool_stuff
884186aaa2ba70b64827a86966f583bd,1.0,1185.0,26.0,26.0,33.0,cool_stuff
59d8532a95091840b5c93184e2f4fdca,5.0,650.0,36.0,16.0,11.0,cool_stuff
723ab68453652dae58066eda82a8547e,1.0,2000.0,33.0,44.0,19.0,cool_stuff
232f608487cd2ed6669631eb468f2ed0,2.0,900.0,20.0,20.0,20.0,cool_stuff
bea6df30df5a4d9e7edb50d44857dd54,2.0,2000.0,20.0,46.0,13.0,cool_stuff
039e946aff78252a2e83b8fa1adf837d,4.0,2100.0,44.0,16.0,42.0,cool_stuff
893a6dd696a6d0d57792987e0df04371,1.0,6050.0,50.0,40.0,18.0,cool_stuff
d12a5178024ccefb3582170a9ab45a0d,4.0,3288.0,25.0,45.0,25.0,cool_stuff
5ae2f57d379f89f995f9444cdb6d5c60,2.0,133.0,16.0,9.0,13.0,cool_stuff
52690beab08122aee391378fbf246a58,3.0,650.0,16.0,7.0,12.0,cool_stuff
86133a2151bd98a3ed2ad758709e6d1b,6.0,1750.0,20.0,8.0,14.0,cool_stuff
600add16084eeeead5c56279ccef0d7e,5.0,700.0,25.0,20.0,15.0,cool_stuff
66a0a6e02b7f543e5b021ce361f267d4,1.0,1500.0,50.0,40.0,30.0,cool_stuff
da37b1e69fd193ddbdb8721c9079656b,3.0,2050.0,70.0,15.0,25.0,cool_stuff
686c91d509cb70a2148ac3ecbb8a4f75,1.0,2100.0,42.0,25.0,15.0,cool_stuff
2c2a7e84b8ea741adf739c11dd78ee1a,1.0,300.0,16.0,16.0,16.0,cool_stuff
30f008a4231a62a5e3dd80b718b3498b,2.0,500.0,39.0,8.0,29.0,cool_stuff
55c241d4a5f20682cdeaec642cb06fa8,1.0,1400.0,20.0,30.0,20.0,cool_stuff
01d15932271068f9fd1f369b8449cac1,5.0,4900.0,78.0,2.0,62.0,cool_stuff
de62b43aa8f2f2becaa227a4132b2aef,3.0,2238.0,38.0,31.0,29.0,cool_stuff
e7f85e7f0203b7b95cc1b4c21b4b070c,1.0,5575.0,60.0,22.0,47.0,cool_stuff
892832da5b05b0f54578e1f14f193c22,1.0,1000.0,33.0,44.0,19.0,cool_stuff
62c4a44b3b77e0ccc706446ca23833b1,1.0,450.0,32.0,7.0,32.0,cool_stuff
b07701d2414b447f7bf1b9b6a2c76b5d,2.0,200.0,22.0,23.0,16.0,cool_stuff
393ea9b030c3a8f7c14958a0b13dfc46,1.0,2100.0,40.0,30.0,20.0,cool_stuff
8a7ad449048d596dc042ad6dfe5e8386,2.0,800.0,26.0,22.0,33.0,cool_stuff
2de4aa76a72feaca51fc8f83ae037c7e,1.0,5600.0,25.0,37.0,36.0,cool_stuff
35488a9242f4aa7f9f5c3580f1243512,1.0,200.0,16.0,16.0,16.0,cool_stuff
dd921ea0fc303f89bafabba4aec57744,1.0,2050.0,42.0,25.0,15.0,cool_stuff
9abc4291d7bc21602d442fbfcef85b15,2.0,275.0,41.0,20.0,23.0,cool_stuff
31a550e5405c2f75ecd052b2106f1330,2.0,8100.0,36.0,47.0,32.0,cool_stuff
f81cb4720a94848a6c7627ae0473bcd3,3.0,700.0,55.0,15.0,45.0,cool_stuff
8a9efe06f7135fd2dfc7b84b30144bda,2.0,225.0,20.0,10.0,16.0,cool_stuff
e193bec343dfdd0f91d03a073c1ae3aa,1.0,11250.0,29.0,98.0,33.0,cool_stuff
1a38458ed0e1d16259ef2a8c30ef91c6,1.0,900.0,40.0,40.0,30.0,cool_stuff
0112c32bab2fb9a2147b92cdd5f1d3e7,4.0,800.0,33.0,15.0,30.0,cool_stuff
07d145a7ffd47e821d4e7cbd3697a102,3.0,400.0,32.0,19.0,39.0,cool_stuff
002552c0663708129c0019cc97552d7d,1.0,355.0,22.0,16.0,12.0,cool_stuff
70f1b82f8f17830b01c2ff30ef958548,1.0,15200.0,60.0,50.0,39.0,cool_stuff
b7351032045cba592a6d97b36f5fd8e3,1.0,525.0,23.0,9.0,18.0,cool_stuff
3954b1f7435552939dd7fdc5cbfea1e4,2.0,1300.0,25.0,10.0,26.0,cool_stuff
7debf51321d3b0d0ff82144280816fe1,1.0,450.0,36.0,6.0,26.0,cool_stuff
b825640a6e030d36a45c34eed447a07a,1.0,100.0,20.0,10.0,15.0,cool_stuff
ff92322b0148cca0038e11e0d34f6f62,2.0,7100.0,70.0,2.0,23.0,cool_stuff
947638090b86dc69c90b29261178a338,3.0,217.0,20.0,10.0,15.0,cool_stuff
a05500f6eff123c76e965ea224c06c3d,3.0,500.0,25.0,30.0,20.0,cool_stuff
05833dad7f04a1b2991641771bfe6d9f,5.0,600.0,16.0,23.0,11.0,cool_stuff
f4fb1fcc46bdd61b314fe0292175e5db,1.0,850.0,33.0,44.0,19.0,cool_stuff
bef13288a0f8b26d763411ced1dfa268,2.0,350.0,20.0,30.0,40.0,cool_stuff
f8cc518b0812bb0ee889350296f284e4,1.0,700.0,16.0,2.0,11.0,cool_stuff
08056d78bb75ed3ace107c72c16ec511,1.0,1011.0,24.0,23.0,22.0,cool_stuff
aa995bbfcf2da055bed670f7282f90d8,1.0,1000.0,42.0,25.0,15.0,cool_stuff
1020d163f03db957860905e9bfdfd414,3.0,10300.0,52.0,44.0,27.0,cool_stuff
33041fc111e526d9dd16e06678ff5eeb,3.0,950.0,35.0,8.0,29.0,cool_stuff
c6e513054b982283c1cbbb2a45d02d83,5.0,300.0,18.0,7.0,12.0,cool_stuff
3354a4e684f5e7199f9407db70ccd92b,3.0,1200.0,42.0,25.0,15.0,cool_stuff
721714268dc4249ffee6e1f88458ff16,2.0,1000.0,20.0,10.0,15.0,cool_stuff
b76da58c750b3f050191dc0d87e6029e,1.0,300.0,16.0,16.0,16.0,cool_stuff
07fe9ffbb84b9d22610d79efb16e81a7,1.0,50.0,23.0,15.0,15.0,cool_stuff
b4bcc9155de9c60e343ecbff22b86dc8,4.0,393.0,17.0,7.0,14.0,cool_stuff
30883824e23864dee3988e68eaeddb21,1.0,1650.0,33.0,44.0,19.0,cool_stuff
629cd04871a85607710a2bc120766c0d,3.0,3042.0,37.0,15.0,43.0,cool_stuff
6e1e8b68a310487ba64941be76e630ba,2.0,400.0,19.0,5.0,19.0,cool_stuff
e239c84103769e871ad1c08f6d05c808,3.0,350.0,45.0,5.0,35.0,cool_stuff
28eb0810de6fcd773c77f246f2291b14,1.0,6700.0,57.0,10.0,17.0,cool_stuff
88774687a8883c2c512e37de090bc725,3.0,7900.0,44.0,21.0,38.0,cool_stuff
3787e7ea150c3a54578d3f58b133f9bf,5.0,900.0,40.0,17.0,18.0,cool_stuff
3cf8d433fe3db3e76fcbf8197ad40b5b,2.0,11700.0,35.0,20.0,35.0,cool_stuff
ecde2a586c71d84ed72298305dee1a31,1.0,2200.0,42.0,25.0,15.0,cool_stuff
739312eddb4431af9a760e797da4d869,1.0,90.0,15.0,11.0,12.0,cool_stuff
8096dd79187d317b844454d6e6d9039a,1.0,900.0,25.0,7.0,12.0,cool_stuff
2de5ba5ce28a5db125376077071370fd,4.0,14425.0,29.0,29.0,42.0,cool_stuff
54d9ac713e253fa1fae9c8003b011c2a,8.0,1867.0,36.0,6.0,36.0,cool_stuff
1a3c44587dd8d3db5f2447078bc50d75,1.0,300.0,24.0,12.0,17.0,cool_stuff
f20e2a3811156fe0a12b4cd5c3638195,2.0,200.0,16.0,11.0,11.0,cool_stuff
0d0325657335ef73f845233387b378ae,1.0,500.0,16.0,19.0,15.0,cool_stuff
8b143abcb9481c99c2fbf0adbc987f54,1.0,200.0,20.0,20.0,20.0,cool_stuff
108dfaacffadeceb87032609d340722c,1.0,800.0,35.0,15.0,30.0,cool_stuff
1015bdc42b2ec0548e728cdc0ad72380,4.0,7150.0,17.0,8.0,32.0,cool_stuff
e05f6c9ef4c09b0023547314e07c5d64,1.0,1450.0,42.0,25.0,15.0,cool_stuff
d722e6d632fdc8f3ba9375c599087ab3,1.0,600.0,22.0,14.0,19.0,cool_stuff
4178e16324fd0c9a8e18463caf390cc6,1.0,11600.0,65.0,19.0,47.0,cool_stuff
252641aa4855aef622089db60c4ad90a,2.0,100.0,16.0,16.0,16.0,cool_stuff
96c71a33864212d98d1df6c9b7e701ba,1.0,2000.0,62.0,20.0,40.0,cool_stuff
637383c817a76910656fca6dac7ee7a9,6.0,200.0,16.0,3.0,11.0,cool_stuff
05237facc08e138d9cec4742f145cc00,3.0,533.0,23.0,21.0,21.0,cool_stuff
e095c986136fd680308f08bc98f20a53,2.0,300.0,17.0,26.0,12.0,cool_stuff
b1331b26eebb4fb40f0423a73018e1fc,1.0,700.0,18.0,35.0,20.0,cool_stuff
283ede5fd5aed76f9b6163d057098554,1.0,1050.0,40.0,30.0,20.0,cool_stuff
28e84464cd1bbb430b6394a555573df8,1.0,2000.0,35.0,45.0,19.0,cool_stuff
b9e247fc923da7d723c2545b76efe01e,1.0,300.0,25.0,10.0,15.0,cool_stuff
7d839fe5a5adb44e9de8e8358e031a76,1.0,1825.0,43.0,28.0,28.0,cool_stuff
4a9bd3957391943f2cf8a75a915c4b8a,1.0,2800.0,40.0,30.0,20.0,cool_stuff
cba669f99ae8cbeae619bfc757c4e894,5.0,1850.0,40.0,22.0,28.0,cool_stuff
ca87480e3217597bea91c94423cb30b7,5.0,450.0,16.0,10.0,13.0,cool_stuff
ab50aa8d9af0addb7f96149c8b8cee86,1.0,30000.0,54.0,84.0,62.0,cool_stuff
0e87ff05afa3ddd73b7920ff4587e0a4,1.0,1650.0,33.0,44.0,19.0,cool_stuff
fef7934cc233ee5b1dc13094d98a1465,1.0,5200.0,25.0,35.0,55.0,cool_stuff
58498763fb69f0f0bd09bad43b2ee3f4,4.0,2800.0,16.0,34.0,48.0,cool_stuff
0ee57e62251a7e435b7a3142c1f6aaf4,3.0,200.0,27.0,8.0,22.0,cool_stuff
67a1dead9b9555dec71ee0a4dd82e155,2.0,700.0,16.0,10.0,20.0,cool_stuff
75c2b393dc9df6fae25297250ebd290c,1.0,533.0,31.0,14.0,27.0,cool_stuff
5094d0cb28a3e400d90c21c6df262856,5.0,800.0,47.0,5.0,20.0,cool_stuff
45804253761d5c941dda4383a2b35e8d,1.0,1300.0,24.0,10.0,23.0,cool_stuff
e68a5a5626c4b1bfc5ca78202f898300,1.0,2100.0,42.0,25.0,15.0,cool_stuff
be18d31877c33d94beb6e354401dc7e8,6.0,10250.0,48.0,19.0,19.0,cool_stuff
2576da05088cd972479bd9072e0e84a2,1.0,950.0,40.0,40.0,30.0,cool_stuff
a060f64556f311d428c3589617d2db14,1.0,300.0,16.0,6.0,12.0,cool_stuff
4aab09f985ad828b2733c0c0defc7911,4.0,2900.0,44.0,16.0,42.0,cool_stuff
12803e6c48756086227e39a8a2d2026b,3.0,12000.0,24.0,25.0,31.0,cool_stuff
c2bd6687fd8abe764233efb9c4a3c27d,1.0,700.0,32.0,32.0,16.0,cool_stuff
715a41d0a95641fda38167ad49142b7c,3.0,825.0,39.0,18.0,38.0,cool_stuff
250a5d56eaa9f1bb1a998ddb0a10a2f9,2.0,1000.0,16.0,19.0,15.0,cool_stuff
d24c7932a5182750c209db9a91d209a0,2.0,4950.0,18.0,32.0,18.0,cool_stuff
df3a82b424a1bb351c314547f6644066,2.0,200.0,20.0,10.0,20.0,cool_stuff
3385a47f5a1309eb44c03904a027faf2,1.0,2800.0,42.0,25.0,15.0,cool_stuff
4279d87e5f7172daa2836d7122d10829,3.0,13800.0,50.0,20.0,40.0,cool_stuff
32b168004f17c743f16bcf5bab0de982,1.0,5250.0,40.0,20.0,40.0,cool_stuff
3ae1230d17a23cd85318a2b902269d72,1.0,363.0,18.0,16.0,17.0,cool_stuff
b8ed1dd103e32cc29c222145bc5c74ec,4.0,6600.0,50.0,16.0,60.0,cool_stuff
59617a7c706291d0b7df5b380aa3e583,1.0,400.0,19.0,14.0,15.0,cool_stuff
b7ebdc826d0220dc16c813b9682d63dd,3.0,7200.0,53.0,15.0,53.0,cool_stuff
fa4e84908e2dca7e8d5c267baa88cfbb,7.0,1850.0,28.0,10.0,25.0,cool_stuff
3c863457e83bc6cbf703702c610c5d3a,1.0,1000.0,40.0,40.0,30.0,cool_stuff
1778cf7281a461e29e202a848bcb2a77,3.0,1525.0,15.0,11.0,15.0,cool_stuff
3b30fb3ac17cda9e7e5b5112c692f665,1.0,2400.0,62.0,7.0,35.0,cool_stuff
fda8e9e4aa94f525fc48f6777ff040ea,4.0,13800.0,24.0,58.0,15.0,cool_stuff
efdc6e0a04b68a8c329d485ab2bde52e,1.0,400.0,20.0,16.0,20.0,cool_stuff
55782ee5db5083e1e3bb2dbb054fdf49,2.0,5400.0,42.0,21.0,36.0,cool_stuff
94254892148eb9bf4087a3e0886f3f30,1.0,1000.0,42.0,25.0,15.0,cool_stuff
ee406bf28024d97771c4b1e8b7e8e219,1.0,1050.0,36.0,24.0,22.0,cool_stuff
6cc77f7f5a82f5afe9ededad3e9d9400,1.0,1783.0,35.0,7.0,35.0,cool_stuff
fff6177642830a9a94a0f2cba5e476d1,1.0,1400.0,42.0,25.0,15.0,cool_stuff
9b8bc17a236d09185c2101d0a02f8487,6.0,1250.0,31.0,16.0,23.0,cool_stuff
4244733e06e7ecb4970a6e2683c13e61,4.0,650.0,28.0,9.0,14.0,cool_stuff
c0cd5acdd53e22c35108d81c51a0c158,1.0,1300.0,20.0,20.0,40.0,cool_stuff
e074a9475a45986522446e523ec06686,1.0,4315.0,55.0,13.0,34.0,cool_stuff
b69eb25e3a4def8e9cddee18712e0c5e,5.0,7750.0,34.0,33.0,33.0,cool_stuff
5e485a77230bcac5c7506a77a9f71267,1.0,1400.0,45.0,30.0,20.0,cool_stuff
6845c32e0103ad1fa34cf6f9263249f6,4.0,1520.0,31.0,16.0,14.0,cool_stuff
980036ff323e235a27b7999d343a8990,9.0,600.0,16.0,9.0,11.0,cool_stuff
7958e96171ca669184bf4a085d7deec3,1.0,5250.0,19.0,37.0,20.0,cool_stuff
e19ed24240b0a59787d78d68f6dded7b,3.0,400.0,26.0,11.0,12.0,cool_stuff
68c923fddf7f83316b53252eaf830724,1.0,1000.0,42.0,25.0,15.0,cool_stuff
49e9e2a6f7eb17fbd54ff019b3e3e8d6,2.0,50.0,20.0,6.0,15.0,cool_stuff
195d8e91830247a20eee5eb4c4236294,3.0,1000.0,27.0,22.0,39.0,cool_stuff
246d85d18978e56d249ebaf657bb44bc,1.0,1650.0,42.0,25.0,15.0,cool_stuff
7c21d2794fad14d186b2bcd9b07a8298,1.0,1000.0,42.0,25.0,15.0,cool_stuff
9858707a4804bd5fe5027290870c37cf,2.0,10450.0,49.0,21.0,49.0,cool_stuff
20ece3dbcbffb5f6589a6f0cebb485fc,4.0,150.0,16.0,16.0,16.0,cool_stuff
cc971e0365873137b8bef2ebad633e6f,1.0,2400.0,42.0,25.0,15.0,cool_stuff
c48c077b8b116d8da988077363070d9b,4.0,767.0,29.0,11.0,23.0,cool_stuff
6b7739f782cb37f71cc80e8151ebd6ac,2.0,1300.0,40.0,30.0,30.0,cool_stuff
5970123d35d881c0df478289d6e2c8e9,1.0,900.0,25.0,10.0,25.0,cool_stuff
5a419dbf24a8c9718fe522b81c69f61a,2.0,1800.0,34.0,5.0,34.0,cool_stuff
8a268b8b0057a96777235e93d20ff37c,2.0,400.0,20.0,10.0,20.0,cool_stuff
19d1f95608edf8246e8891c90d9b211a,4.0,1100.0,36.0,24.0,16.0,cool_stuff
8296481ad888f93f5dafcd25d65b09b8,2.0,1050.0,27.0,22.0,39.0,cool_stuff
fa11ecd35f999783e96ac500532d9d45,7.0,7150.0,79.0,5.0,63.0,cool_stuff
3db0b74faf0d26a6b252528659d6b849,1.0,12667.0,39.0,38.0,35.0,cool_stuff
a760ef0bb70c954d79e62ec6023d380c,1.0,1333.0,24.0,23.0,25.0,cool_stuff
83d55cbbf59542a0cb94f61387889254,3.0,400.0,30.0,30.0,15.0,cool_stuff
f175811ea0e0a865f56125dfbb04a8a6,1.0,1050.0,42.0,25.0,15.0,cool_stuff
6413f7a28e149a324c4a914000399fb2,1.0,975.0,37.0,31.0,17.0,cool_stuff
a475fdcc33516e3be47806479b670256,1.0,900.0,25.0,10.0,25.0,cool_stuff
74e48c5377480b7d048d7b294abc569b,13.0,300.0,21.0,12.0,12.0,cool_stuff
7f1a77bec0639e473392e91a504272a5,4.0,575.0,30.0,11.0,17.0,cool_stuff
53ecbdfce48c35f53f87609dee98b4b7,1.0,2768.0,26.0,29.0,13.0,cool_stuff
4a69bf67fa5c94b8e301ef9c94950755,2.0,500.0,16.0,12.0,22.0,cool_stuff
d56195ce7cef6e7273cf920072343459,1.0,2100.0,30.0,30.0,30.0,cool_stuff
7d854ab97c64ef9df2bbfaf332765786,4.0,4100.0,89.0,4.0,42.0,cool_stuff
3d74d787086b0e22ac320ae43b240aea,3.0,200.0,30.0,20.0,40.0,cool_stuff
62644f19deb898e43ebdcd29ff3d9361,1.0,900.0,28.0,20.0,20.0,cool_stuff
617a578b153fcf293811a090d2f0a02c,2.0,80.0,19.0,11.0,11.0,cool_stuff
a5bc15d5136b84537fb92bb7c06f6837,1.0,2200.0,45.0,15.0,35.0,cool_stuff
9f1c3e71d56894398a42b050b07f1baa,1.0,163.0,17.0,11.0,13.0,cool_stuff
b77ae16cc8f67cd1c0ec781d5bf4da2b,1.0,2050.0,42.0,25.0,15.0,cool_stuff
78018501054dd80dc909eee2f22ddbd4,1.0,1400.0,45.0,30.0,20.0,cool_stuff
d17fe0484ccf901623bfbcae6ab4aac8,2.0,500.0,71.0,2.0,13.0,cool_stuff
3dd6c9d499e7c311a29e08afe1fd8fc6,4.0,250.0,19.0,12.0,12.0,cool_stuff
ce8139ec854c7484df66f211738c0746,1.0,5350.0,40.0,20.0,40.0,cool_stuff
e60e632d39df1e129df5b7f0245716f7,3.0,1950.0,96.0,5.0,45.0,cool_stuff
bda1c22cb8008940e304b88e5eec3c29,1.0,600.0,25.0,37.0,36.0,cool_stuff
4283bfae8ccecf22edb4cc17084aeab0,1.0,175.0,15.0,15.0,11.0,cool_stuff
6a162a899a815ed15db1689e8efc976c,6.0,1550.0,20.0,50.0,20.0,cool_stuff
3f994ee4a0b20760d1b173aa65037c95,2.0,5700.0,42.0,21.0,36.0,cool_stuff
648c3051ce2eabd9b79e75f87fde75b6,1.0,700.0,30.0,30.0,30.0,cool_stuff
b4a5ed82bcc31e97e7f85548d92503bf,1.0,1400.0,45.0,30.0,20.0,cool_stuff
3e31fd1419cc4cd6adad1925e72e3a03,1.0,400.0,25.0,10.0,11.0,cool_stuff
1a00358b2af8b1c79f570a0e0ceb2208,3.0,833.0,17.0,12.0,16.0,cool_stuff
25f81026d0b5452fcb9dcf95a155c093,3.0,450.0,35.0,5.0,25.0,cool_stuff
e1717ed4c8d10ca8117e64019d6cb0d0,1.0,300.0,105.0,10.0,20.0,cool_stuff
367e3cfe13596a0efb512e235e40e754,3.0,1050.0,55.0,18.0,28.0,cool_stuff
bdf87352f874c6be145c3fc27775f561,1.0,1650.0,33.0,44.0,19.0,cool_stuff
9262b60f16a326c81c74275472fbe0ce,6.0,1550.0,35.0,47.0,48.0,cool_stuff
1d9c9e0532fb481c0f89c3b20cec62e6,3.0,900.0,20.0,23.0,27.0,cool_stuff
7f98b8ee9f858f69f6e73715c3fe8ed2,3.0,1800.0,28.0,36.0,27.0,cool_stuff
3123d203ca9657c774597d1d43b63da8,2.0,300.0,23.0,10.0,17.0,cool_stuff
c6d0daec0037d0ac4ee036ddff197b35,2.0,1800.0,34.0,4.0,34.0,cool_stuff
93d23871be3281f1b1ee4962ecfd791b,4.0,500.0,30.0,20.0,40.0,cool_stuff
1f08ab38da3a77a8e0bd17e63df35827,4.0,350.0,20.0,5.0,20.0,cool_stuff
990246075b83e422c5b4b9005578a8dd,2.0,450.0,16.0,12.0,22.0,cool_stuff
8317b177579dd27ff068b83205e2169b,1.0,400.0,18.0,12.0,14.0,cool_stuff
79113284d1b6ec3aca1382432d65b279,1.0,150.0,16.0,20.0,16.0,cool_stuff
6116878328502f42bbb8076639799b82,1.0,813.0,24.0,18.0,39.0,cool_stuff
055cf0b2191631209c21bde8d353c7f2,4.0,2600.0,30.0,10.0,20.0,cool_stuff
77e18e3ca8faefc4f9a5af55e6243892,2.0,600.0,25.0,25.0,25.0,cool_stuff
e526c01c04bb7ef5ba2773baffcc85e9,3.0,900.0,18.0,9.0,27.0,cool_stuff
3061ea0592ecce3a2d477f638b1cd282,1.0,300.0,16.0,11.0,16.0,cool_stuff
d5e448e00fb7c59b31e0f3e43c2de0d7,3.0,850.0,100.0,7.0,50.0,cool_stuff
51b67230668746c1fe164ca744db9624,1.0,1000.0,33.0,44.0,19.0,cool_stuff
439da204990600ea973a60cfb05fc71f,2.0,2375.0,16.0,15.0,65.0,cool_stuff
ccbfd10b578c52f55cb6f510a89f1030,1.0,900.0,25.0,37.0,36.0,cool_stuff
db0e75ba1fc6537d68f2676f3b67d07f,1.0,1900.0,42.0,25.0,15.0,cool_stuff
512a2828acd7219f400d5afabe362e51,1.0,1000.0,42.0,25.0,15.0,cool_stuff
c181ddb9a0403b7f2010870a988a61bd,1.0,1632.0,30.0,20.0,19.0,cool_stuff
e494f26669f3b5feca72555de4733bed,1.0,275.0,18.0,9.0,18.0,cool_stuff
e5a19f25b139394121110bbaab05087c,4.0,3250.0,35.0,23.0,21.0,cool_stuff
5c1548dadfd64a5fd07c57e378c170f9,4.0,200.0,16.0,17.0,11.0,cool_stuff
e59dd207c69d86e890febadc796d1078,1.0,125.0,16.0,12.0,12.0,cool_stuff
c9a5cd871df02fbd050ef58ef9a64510,2.0,585.0,21.0,20.0,19.0,cool_stuff
28c4296ec4b55832ec863a3282708d5c,2.0,200.0,18.0,5.0,21.0,cool_stuff
7aee02a2be46cc487c6c56c0c420075a,2.0,2867.0,38.0,14.0,37.0,cool_stuff
01422266d7a3131403364787ef9dab11,1.0,450.0,40.0,4.0,30.0,cool_stuff
a835dd882c7fb9015ed50ed25e4a1410,4.0,200.0,28.0,10.0,12.0,cool_stuff
ddceb6eef6af67e9fbbd4c148dbe5fd9,1.0,4650.0,37.0,20.0,34.0,cool_stuff
9ba0a80d7ee6698a4ff8af48e37ddcbb,2.0,400.0,25.0,15.0,24.0,cool_stuff
f7fa667a6b61aa22c87162434b71587b,2.0,600.0,60.0,16.0,20.0,cool_stuff
db34e1e6f14cc3755d9149fe8a1de9fd,1.0,1550.0,28.0,36.0,27.0,cool_stuff
3224c13472391d58f101518203e145f9,2.0,500.0,16.0,12.0,22.0,cool_stuff
717e96fd0fc2d06fe158982bce5e6a8f,1.0,1700.0,43.0,24.0,31.0,cool_stuff
a5c90160c3e379f7a99ea8052e6c5f9e,1.0,9200.0,75.0,50.0,22.0,cool_stuff
6b42b1f7dfb74bb23a01605fbedd5b85,2.0,1600.0,60.0,5.0,36.0,cool_stuff
9b9d1c4bd979b93c138044e032f99780,1.0,900.0,44.0,24.0,31.0,cool_stuff
9165e7a5f9ef266f66ca19a816cdc657,2.0,2300.0,53.0,40.0,22.0,cool_stuff
db12039c7ff4e850d48e0312fa9b3473,2.0,575.0,26.0,20.0,32.0,cool_stuff
08eee942c0bcf714dba09fc14206a0c9,2.0,200.0,32.0,3.0,23.0,cool_stuff
189863ada55d223aa579c28edd1e2353,1.0,200.0,16.0,10.0,20.0,cool_stuff
1b5517643ad053313be97cde689fa031,3.0,650.0,20.0,20.0,21.0,cool_stuff
ea2dff335f794fa9a17e0be77a73d34d,2.0,100.0,20.0,3.0,11.0,cool_stuff
edea00c530707ee2088b9f7178629f52,4.0,400.0,20.0,22.0,18.0,cool_stuff
b04876fe71f0ad771fcdf73ceff3bae2,2.0,200.0,16.0,5.0,11.0,cool_stuff
5e0d3b97fa004233902791dba775bfb6,2.0,4100.0,58.0,51.0,29.0,cool_stuff
0182796b487918d688ba48cf3a0d1bf4,1.0,2300.0,33.0,44.0,19.0,cool_stuff
282689e1e4c5d32efe135668c32b6722,4.0,6122.0,32.0,32.0,37.0,cool_stuff
eb0db7338f21fb5467875d41aaebe7b3,3.0,8100.0,24.0,58.0,15.0,cool_stuff
ed6fbe9d8190ee9110b95ce820fc9f02,1.0,500.0,25.0,37.0,36.0,cool_stuff
54e5939fcd9ae70ad0f59f612d6d29bd,4.0,550.0,27.0,10.0,15.0,cool_stuff
3594011e47b2648b3719447aa829a96d,2.0,1500.0,42.0,25.0,15.0,cool_stuff
c03d44fcdfabbabd5185c8eb60f77aea,2.0,500.0,27.0,10.0,15.0,cool_stuff
1ed724b5e4b638eeb4bd3487d88b8f28,1.0,265.0,24.0,9.0,17.0,cool_stuff
992febfbf97cf4180952fcc7954d139f,1.0,30000.0,95.0,45.0,55.0,cool_stuff
59003ff3120537147fec3f06e92cd920,3.0,400.0,20.0,16.0,19.0,cool_stuff
a7cd6d35867022e26457483b6c9a9466,3.0,400.0,30.0,5.0,30.0,cool_stuff
a34838639f948d8f0727b695c2895cac,1.0,14200.0,37.0,40.0,34.0,cool_stuff
4bf9cbdc54a2b6e26a7c00aead4fe01b,1.0,850.0,30.0,17.0,24.0,cool_stuff
4cf46fe8e4eb3de47d0b04d7ee87e7f2,7.0,2583.0,25.0,38.0,29.0,cool_stuff
4b7ddf18ef3c5205f6ec288dffcd7c55,2.0,500.0,16.0,12.0,22.0,cool_stuff
28e2f0b2af65c93f3b38636759d81d98,3.0,417.0,22.0,16.0,21.0,cool_stuff
3411fcf3ea2ecbf29a0b5ccb867c44ce,3.0,1008.0,40.0,16.0,39.0,cool_stuff
b476607319330ff5e387b50aa3ee909f,1.0,800.0,20.0,20.0,20.0,cool_stuff
14b4ba1b43773a92e0abe6dc500fe18b,1.0,850.0,23.0,18.0,33.0,cool_stuff
ff678388090fbae683a9a271480fb7f3,4.0,300.0,44.0,5.0,18.0,cool_stuff
102675e79534119994f7796d30f7fd6d,2.0,600.0,37.0,19.0,15.0,cool_stuff
8bc9dee0f2da0b7ad43095be7ad8414f,2.0,9200.0,64.0,35.0,35.0,cool_stuff
f3dd572f31692bb5b6ab21d2af0673b1,1.0,2550.0,35.0,28.0,22.0,cool_stuff
972373c479cecb6ce4715c729b27ec9c,2.0,1000.0,27.0,6.0,21.0,cool_stuff
47376be1404bbe927766e8a9011714cb,7.0,225.0,18.0,8.0,16.0,cool_stuff
1dbd121a455304b1f6f0b548e9cc23b2,3.0,100.0,16.0,6.0,11.0,cool_stuff
d7a42ef000dc154cf36fc531bab116c4,1.0,102.0,16.0,12.0,14.0,cool_stuff
19dcb307b859214c546c3726043e9c2f,3.0,725.0,31.0,23.0,25.0,cool_stuff
360b0e7b004a03e0e766981afc68c069,5.0,4500.0,52.0,44.0,27.0,cool_stuff
51d4c5626abb1963d3cba78871cce415,5.0,4400.0,40.0,36.0,30.0,cool_stuff
e7bc716e2ba2575a2f572b7a4bd281d6,1.0,2000.0,23.0,14.0,16.0,cool_stuff
728af3cd3c85437cc72784d472f8edc4,3.0,200.0,22.0,12.0,17.0,cool_stuff
802e849764db04b055b0cb2c12022d32,1.0,250.0,23.0,18.0,21.0,cool_stuff
8bad0b03a701f851b31594eb2eb758b8,2.0,300.0,23.0,14.0,28.0,cool_stuff
17d98fc630d23a628ec1130f8d69d1d2,3.0,3525.0,29.0,28.0,35.0,cool_stuff
ec02a5d380128f7a188e9ce8f3ddd832,2.0,2275.0,45.0,25.0,18.0,cool_stuff
21a3fd0dcc50f6c1dbd01c2faf1db393,7.0,6317.0,37.0,39.0,43.0,cool_stuff
3f869288a822d85504c7a423c9b473e3,1.0,1950.0,28.0,36.0,27.0,cool_stuff
a8344987570f9549914755223d975375,1.0,700.0,30.0,30.0,30.0,cool_stuff
fc5bf9e50dbfb45e7634bd8c045411c5,1.0,200.0,40.0,4.0,30.0,cool_stuff
fc0234a0ca2e8c140d56247254f8e618,3.0,1000.0,40.0,15.0,16.0,cool_stuff
aa2c2dd775bbdbfd93d8b8c36c6f55a4,2.0,8656.0,57.0,64.0,40.0,cool_stuff
e8ca14b6c60a3194f2353bbfe0287bbe,1.0,300.0,25.0,10.0,20.0,cool_stuff
8c31e10f98572eed00b427279e9ce0e6,7.0,23500.0,60.0,42.0,57.0,cool_stuff
f7f75f7339e0fd5af137094d59f44890,1.0,2000.0,28.0,36.0,27.0,cool_stuff
d950221a89e7555306dc5daef996e134,1.0,375.0,18.0,9.0,15.0,cool_stuff
f53a077215882abdadf48e4c84f81b80,3.0,2483.0,53.0,36.0,34.0,cool_stuff
aadd486ebe3c20e6e07fa2a40d557a00,1.0,1000.0,40.0,40.0,30.0,cool_stuff
80c57749d2f15bd7e9a1339d0ce883c4,2.0,1200.0,16.0,40.0,21.0,cool_stuff
abe6b1e401ce596ad0c493aeedb488a4,2.0,300.0,17.0,7.0,13.0,cool_stuff
9f539788ca1a54b65b430fb7b346a1e1,1.0,1400.0,40.0,40.0,30.0,cool_stuff
33403c26bd55e7f57cb5fe7ecca9de83,1.0,1843.0,25.0,25.0,32.0,cool_stuff
2291d090b69f60fc0ffd95ae394daa77,5.0,500.0,18.0,12.0,15.0,cool_stuff
97462c7ce5f69a26ace2c3c5da81a86b,5.0,200.0,17.0,7.0,12.0,cool_stuff
15dde66eab29d86c576343ead646ccd2,1.0,831.0,36.0,27.0,39.0,cool_stuff
a291cc846d74d97f01611894f983073b,1.0,600.0,22.0,6.0,22.0,cool_stuff
1ec5d3bb50a489c6ac8923101492c197,2.0,1550.0,61.0,31.0,21.0,cool_stuff
66b4cbf7d9a6926661daf377dab0d697,2.0,1500.0,42.0,25.0,15.0,cool_stuff
b137e6107ce304cd87ee01233582603d,1.0,1200.0,40.0,40.0,30.0,cool_stuff
8300e0e22bb50df7bc0bbe0b2b15997b,1.0,475.0,33.0,15.0,33.0,cool_stuff
cd96152f38323aa8177e3a72d6558518,1.0,1367.0,28.0,25.0,33.0,cool_stuff
ae7937db16790e94d48df1991877b508,3.0,400.0,16.0,10.0,12.0,cool_stuff
9ce4603565c839785b24a7e95e28f4eb,2.0,800.0,22.0,15.0,27.0,cool_stuff
2548af3e6e77a690cf3eb6368e9ab61e,2.0,900.0,40.0,8.0,40.0,furniture_decor
7bb6f29c2be57716194f96496660c7c2,2.0,600.0,68.0,11.0,13.0,furniture_decor
a0736b92e52f6cead290e30b578413b6,2.0,1700.0,100.0,7.0,15.0,furniture_decor
1c1890ba1779090cd54008a3c3302921,4.0,2550.0,29.0,24.0,45.0,furniture_decor
d03bd02af9fff4b98f1c972315e5e9ef,1.0,1800.0,40.0,10.0,30.0,furniture_decor
20e37962088a4061d3578def47a8648b,1.0,800.0,40.0,10.0,34.0,furniture_decor
680874c570dad71c0a2844cfbf417054,1.0,600.0,25.0,25.0,25.0,furniture_decor
8b3a9476f74f5297f7ff0ec6d95fe1ea,2.0,2050.0,49.0,13.0,41.0,furniture_decor
bbf920aa6ac72007a726e6f419156f8f,2.0,1300.0,25.0,16.0,25.0,furniture_decor
c3b7e4d83e530c27a8e6368296aece48,2.0,850.0,69.0,11.0,11.0,furniture_decor
7f34b85142d1ef9e077a0da9ada27385,3.0,2300.0,105.0,3.0,70.0,furniture_decor
af16005fca813272caf59c432153949e,2.0,800.0,53.0,8.0,20.0,furniture_decor
6ddc95e87149457c4c5177b0a474a9ba,3.0,150.0,35.0,2.0,25.0,furniture_decor
b2b3503e675abbc07e278151da072ed2,1.0,8500.0,75.0,25.0,55.0,furniture_decor
8efa775719397f78f79c8e5c7b0afbd4,1.0,1000.0,30.0,18.0,18.0,furniture_decor
c190c4fe582c5b7ffff586506de83f01,1.0,250.0,26.0,14.0,14.0,furniture_decor
55610b8b7d48294e69fc23f513dfbe98,3.0,400.0,16.0,20.0,16.0,furniture_decor
68bfdbfe84f03af17733b10362f10020,4.0,600.0,29.0,12.0,23.0,furniture_decor
4fe53f6c123977ffa0dda91a2962c9e8,1.0,300.0,40.0,10.0,27.0,furniture_decor
e4c0d69bafff0157f574aae9a147a8c1,1.0,300.0,35.0,10.0,25.0,furniture_decor
74f250adf8f41738ca96718232a41499,1.0,300.0,16.0,30.0,20.0,furniture_decor
1ce0e963805e3c170485768e8b09fe65,3.0,800.0,25.0,25.0,25.0,furniture_decor
a530b23a71594d0d986a30359e207762,2.0,1400.0,65.0,12.0,12.0,furniture_decor
3da6f3c6c1ac8c36ff45b1a493a44e82,2.0,3000.0,69.0,11.0,11.0,furniture_decor
26d114f0b4f14f5e3b3db0e211019777,2.0,17400.0,42.0,35.0,42.0,furniture_decor
3d1e658dd7dc71b44b125bdd18236fb3,3.0,350.0,68.0,8.0,13.0,furniture_decor
0d8c64a12c0e49b2515674c031b965a1,2.0,2200.0,20.0,20.0,20.0,furniture_decor
fa9cf28beaafe4f4bec59550f6c76481,3.0,400.0,35.0,6.0,15.0,furniture_decor
f72379337062680ca5a2b7b0275913d8,2.0,2050.0,30.0,22.0,18.0,furniture_decor
24f9f99148480cd31288ed4e7d962e15,1.0,850.0,69.0,11.0,11.0,furniture_decor
63f52009dc3ddb733394e80183aed0f0,3.0,700.0,35.0,7.0,27.0,furniture_decor
39fab2af0c4e38ee29c6b8e05c81f93a,1.0,250.0,20.0,6.0,11.0,furniture_decor
70c325280f670aee445babb3400cf804,1.0,250.0,35.0,5.0,25.0,furniture_decor
e3ace35fe59021565fa9989acfdf8f3a,2.0,1000.0,35.0,25.0,25.0,furniture_decor
f9f899bf492ac59cf645a6c93eb91e05,1.0,6267.0,36.0,40.0,36.0,furniture_decor
f0e14d7b2230a53543506024021cc3ef,2.0,3000.0,69.0,11.0,11.0,furniture_decor
1fd78e3ef5fc49eddd84e82c035b682c,3.0,2200.0,28.0,28.0,38.0,furniture_decor
6a23ae3187f1dac41b7210a8c7739d6b,1.0,750.0,20.0,35.0,20.0,furniture_decor
eae50b5c9a18c296b7fa904cf04406a5,1.0,300.0,35.0,10.0,25.0,furniture_decor
67085b88a68c08cfe73132310f0574f3,11.0,800.0,40.0,8.0,35.0,furniture_decor
2a763f02c6a7a8ab7c1be0460ff891d0,1.0,2500.0,35.0,9.0,25.0,furniture_decor
0eb8e03d4ef83152c4642b606b5bbdec,1.0,2900.0,40.0,10.0,35.0,furniture_decor
c244b71b9f393724eaf2792a96427931,1.0,400.0,17.0,8.0,17.0,furniture_decor
e619ceb6b2a4196772ddaa5c6e0368a7,1.0,400.0,16.0,30.0,20.0,furniture_decor
9ff668529410eefd5bca723acb4834c1,1.0,1800.0,30.0,6.0,20.0,furniture_decor
38650206798cd31f659906705a0eff70,1.0,1800.0,45.0,14.0,35.0,furniture_decor
457953cd3ce26e8f7c9037bfb9e19b14,2.0,1050.0,100.0,7.0,15.0,furniture_decor
dd7c7650c31d56afe11234bfd0a1e1ea,2.0,3000.0,69.0,11.0,11.0,furniture_decor
29c131c43e662b738339aafcc0ba00fc,1.0,600.0,17.0,17.0,17.0,furniture_decor
5ade9eaa68986ae388b9d6ba2aa185e8,4.0,5250.0,66.0,15.0,33.0,furniture_decor
606bfa78f6209099f25529bb1211522f,2.0,4000.0,52.0,6.0,52.0,furniture_decor
201ec8e4fb8456dd06265be68eb419a7,2.0,800.0,68.0,8.0,13.0,furniture_decor
d0f5d2822e06a19526cb384022af2a9a,1.0,2200.0,34.0,8.0,22.0,furniture_decor
a24b0a4730a6f5b13a3502fb5065a814,1.0,400.0,40.0,15.0,40.0,furniture_decor
9291234bfd76d396f56b5175d435dd84,1.0,200.0,27.0,10.0,12.0,furniture_decor
11970aff9a8cf29a520127d0d8100901,3.0,2550.0,105.0,3.0,70.0,furniture_decor
a22f707cfd269773138c3bf3a43f6180,3.0,7000.0,25.0,25.0,25.0,furniture_decor
693567e68c0e3d72dc3ae88159aeed6c,1.0,303.0,14.0,14.0,28.0,furniture_decor
ccf965dc2dedc243ce245610ffcc1e6b,2.0,250.0,20.0,20.0,20.0,furniture_decor
66f01f544ba693e1a1a7428caec79279,6.0,3300.0,19.0,7.0,16.0,furniture_decor
ace5d86cf1ac63cdb76f49e5cd23d2f8,1.0,600.0,30.0,4.0,20.0,furniture_decor
5c17022eddee34a164a87606a586dd8b,1.0,450.0,35.0,35.0,11.0,furniture_decor
4df4e2fa82369cf0ba8bb28833d44848,4.0,650.0,19.0,20.0,15.0,furniture_decor
614d9b959168fce3e0cbd0645acbb666,2.0,400.0,16.0,28.0,16.0,furniture_decor
c2c4115f38ec8f43e1052cf0735e289b,1.0,2300.0,40.0,10.0,30.0,furniture_decor
298f838b1798d952580d034bf84bd33a,1.0,300.0,20.0,30.0,20.0,furniture_decor
05e75e2ebb007f6cadbc9925311b014b,2.0,500.0,80.0,10.0,60.0,furniture_decor
1f8281d23bd0d53a9d2cea4bad53ca58,4.0,18200.0,40.0,60.0,40.0,furniture_decor
3651da23518f818b7da19d3ec6c69f5e,3.0,150.0,35.0,2.0,25.0,furniture_decor
b1fa0cf0885504d458c2a48e376ea087,2.0,1200.0,65.0,12.0,12.0,furniture_decor
d82bca823d7ea924fb38e011970205dd,2.0,600.0,65.0,11.0,11.0,furniture_decor
ac01b71ddb644fe8806e71a6030accf9,2.0,800.0,32.0,6.0,28.0,furniture_decor
c857b96593773e940454e76efa8eabb3,1.0,700.0,35.0,4.0,30.0,furniture_decor
d19284bf0893e07e80c26fe4ad33458e,4.0,2550.0,105.0,3.0,70.0,furniture_decor
8b41e0e27cc6de15e59de3853fcf51ce,3.0,800.0,24.0,11.0,17.0,furniture_decor
f3ff1b0df51e4b86a6dc168c8bfe7dc9,1.0,1650.0,45.0,15.0,35.0,furniture_decor
1a596515dcbe1a261f8dc0640ccb5149,1.0,600.0,30.0,10.0,20.0,furniture_decor
0a39e413aabaa89275742e9707f60f86,4.0,2000.0,28.0,18.0,38.0,furniture_decor
cabf8b8ae04dbb649a84f493660febbe,1.0,1200.0,35.0,9.0,25.0,furniture_decor
9474f3c0da0c4fd0bdf88cf6ac1b5d04,3.0,200.0,55.0,6.0,55.0,furniture_decor
edffab3eae08991a067c2c7664821661,1.0,300.0,16.0,6.0,11.0,furniture_decor
7552749c1a1124b5590d5b7206324daa,2.0,14300.0,49.0,42.0,42.0,furniture_decor
8ccac7e503c0ba1f7e7b3aafeae52cca,4.0,5500.0,32.0,32.0,32.0,furniture_decor
f71c0f4ee48321ba6b82205b2fc9e08f,4.0,975.0,35.0,25.0,21.0,furniture_decor
812f428f6757ab16c46cffc68f2e90c5,2.0,600.0,60.0,7.0,14.0,furniture_decor
4a625789888350aabb6b1acd0e8f9e39,1.0,1000.0,40.0,8.0,40.0,furniture_decor
cfe3de98710935b80905117b165e6799,1.0,1350.0,30.0,30.0,30.0,furniture_decor
3c07c4a8d970b0ffad8a97bd6b5e478c,3.0,2450.0,105.0,3.0,70.0,furniture_decor
b520bae2a8c9790cac40196cb2025283,5.0,200.0,16.0,5.0,20.0,furniture_decor
f97ad9066c718a6cef93dfcf253d3e0d,5.0,30000.0,61.0,70.0,65.0,furniture_decor
37b4783642fb927cc790934843b00b06,3.0,1000.0,16.0,19.0,29.0,furniture_decor
36696562bef043d7e07305d62baf5ca7,6.0,3800.0,42.0,16.0,26.0,furniture_decor
8e9ecca4227272deda7212e69c0d7429,1.0,680.0,33.0,4.0,33.0,furniture_decor
f74eb9bc847b5e5e906e5e214bb451b8,1.0,900.0,30.0,4.0,20.0,furniture_decor
16447aab914c7ecbeb5b7b7518ff3d94,1.0,150.0,25.0,5.0,20.0,furniture_decor
48619586c9a058ad8640a4e53185a9e0,1.0,700.0,20.0,20.0,20.0,furniture_decor
aae1c80508d794a69456c92a49968a2b,3.0,1550.0,69.0,11.0,11.0,furniture_decor
962a6951154f98f2c8e9a5b8b2bcf4a9,1.0,2550.0,30.0,35.0,30.0,furniture_decor
ea13d597910697c345c5e41c59512986,2.0,1700.0,69.0,20.0,53.0,furniture_decor
a6a5c394a9908ba4b34f50ce6bbb3465,2.0,400.0,69.0,11.0,11.0,furniture_decor
39fc0322ba2fdb70b5c3f6ff32baa4a5,1.0,1250.0,45.0,8.0,35.0,furniture_decor
c59f580bd1844c1f634ce410bda0a6ea,3.0,150.0,35.0,2.0,25.0,furniture_decor
ac8cd7b94039a681dafe6f7d664864e7,1.0,200.0,27.0,10.0,12.0,furniture_decor
d2f2c2b94c6ac44ece0bd0dd202c7939,4.0,1050.0,32.0,12.0,32.0,furniture_decor
24a961e01bbc88851232e60d5e2795a3,2.0,550.0,52.0,11.0,11.0,furniture_decor
3c1e966cd4d045453f5b6660ea644c23,2.0,500.0,65.0,11.0,11.0,furniture_decor
d92e9300399af3423de97225eec881b1,1.0,750.0,69.0,11.0,11.0,furniture_decor
41fa7e83aa499518d6e793a30a1ce242,1.0,250.0,35.0,5.0,20.0,furniture_decor
77922dd87928c2cf9225946dac2a27a7,1.0,650.0,25.0,25.0,25.0,furniture_decor
184e91de5d4a87f023bba45c3e258349,4.0,2750.0,105.0,3.0,70.0,furniture_decor
329c661807f085964b1877bfeca6ff73,9.0,3250.0,41.0,15.0,25.0,furniture_decor
c312a691cf0af01311be9671eb161a0a,4.0,450.0,16.0,21.0,16.0,furniture_decor
84d85a2f13ed52a5f07ce6d1497a397d,3.0,700.0,32.0,4.0,23.0,furniture_decor
9d395a6bc9dbad2dfe60c8c92d8df397,3.0,850.0,69.0,11.0,11.0,furniture_decor
20ed63974a9207895b4e56993e5a9a3c,2.0,5700.0,40.0,30.0,40.0,furniture_decor
9defd1ffa1cecec71bc4a269ee97938d,3.0,400.0,50.0,3.0,25.0,furniture_decor
fe1d68f123061329a6d3505c2b905566,1.0,150.0,35.0,10.0,25.0,furniture_decor
dbda643f8da1758793ef0dab19c18688,1.0,6950.0,50.0,10.0,70.0,furniture_decor
f26d0caaa778c717f696ce339dd7c927,1.0,7450.0,52.0,18.0,35.0,furniture_decor
9328c3a5c42ae7b32d53e419f9b93d66,1.0,500.0,30.0,3.0,19.0,furniture_decor
d1f1c64b5ad001769bb3a6f20994cdd1,1.0,7650.0,63.0,8.0,63.0,furniture_decor
97b5158053e671771fe7c85ec69ee043,1.0,21300.0,50.0,50.0,50.0,furniture_decor
5727b4e9463bfa0b43bf97397c4b7c44,1.0,2450.0,53.0,3.0,48.0,furniture_decor
01cf7c4cffff8db0a1cbe612bd2d50a4,1.0,800.0,40.0,5.0,11.0,furniture_decor
96f8ecb5e5705b3b726d7e3022622575,5.0,450.0,35.0,2.0,25.0,furniture_decor
48e82f62f499350869ac7529efd9fcbd,1.0,650.0,25.0,5.0,17.0,furniture_decor
a56fbff66c12c1ef311cac69e7f2d5fb,2.0,600.0,30.0,20.0,20.0,furniture_decor
4faca3ec2b35828a327cecd7fd0bc9b6,1.0,5450.0,30.0,36.0,30.0,furniture_decor
e3fa14bf3866f013d03fa0b76a9842ee,1.0,1400.0,50.0,25.0,25.0,furniture_decor
d22a5221a26ff421ad353360421f799a,1.0,250.0,20.0,10.0,15.0,furniture_decor
5d1d8ec5b31c5c359f10c4b23b819170,1.0,150.0,19.0,5.0,25.0,furniture_decor
1c059cb9cda165ab22821d43860ca347,1.0,2250.0,37.0,30.0,20.0,furniture_decor
93914ef5901d870afb5c7c9ac77a50a9,1.0,3775.0,38.0,18.0,32.0,furniture_decor
a90de1bc3dd63ed137d8e045774dc2ec,4.0,2800.0,69.0,11.0,11.0,furniture_decor
5194b89392be2982beeb37174bf7dcba,1.0,1600.0,55.0,10.0,30.0,furniture_decor
ffb2e8c1ddc7c3e590d2bc4c91de53e1,1.0,600.0,65.0,2.0,13.0,furniture_decor
4c8b28305f570899b6ded964ddd234a9,4.0,550.0,34.0,6.0,23.0,furniture_decor
3af4f5bb8b0616387fe23646fa94e256,1.0,11600.0,45.0,35.0,45.0,furniture_decor
9041a4cde4a900bc259d3b1b6847f6b1,1.0,8500.0,35.0,45.0,45.0,furniture_decor
48cff86e739b8e4dec45e95a05bb0d9b,2.0,14200.0,49.0,42.0,42.0,furniture_decor
f9ebcf80103354a6695bc743673fcacd,3.0,300.0,25.0,11.0,15.0,furniture_decor
5c15e8f223a8bf0d7858c403ddc1b0ed,1.0,650.0,45.0,15.0,35.0,furniture_decor
1393eeb2b27f82d3f8035ed8d4b3a5e2,3.0,950.0,64.0,6.0,11.0,furniture_decor
60349023b5385947aa3a395689868518,2.0,3000.0,69.0,11.0,11.0,furniture_decor
db7519522818a6db0f264d6b4a16c40e,2.0,400.0,19.0,10.0,16.0,furniture_decor
03d4233b9e3382adaed9e5c58626f1dc,1.0,200.0,35.0,10.0,20.0,furniture_decor
775bca2cd0c1c8165c893062195f9429,2.0,2400.0,19.0,7.0,16.0,furniture_decor
a4e61cf10d2c48246eb1f9cb56af1e79,2.0,300.0,52.0,3.0,35.0,furniture_decor
11fcf75cb0f15b4e28842db20b062850,2.0,800.0,80.0,10.0,60.0,furniture_decor
af8033e2e2919480bf64674af8dc453a,1.0,300.0,35.0,10.0,25.0,furniture_decor
ec87fe7c217a713732b71344bc43274b,1.0,2000.0,30.0,30.0,30.0,furniture_decor
0e35a413d832e63c5d46101b7c88de0f,1.0,400.0,32.0,5.0,22.0,furniture_decor
87b489e8ad10cd2b4e631cc1af34ff00,2.0,700.0,28.0,50.0,28.0,furniture_decor
a66505d5bdac1f7263e98e4eaaf996ea,2.0,467.0,47.0,4.0,35.0,furniture_decor
57210152ac995411cc3cbbaff91488a5,1.0,1250.0,23.0,8.0,8.0,furniture_decor
59dccecad0c81b2b36cec5f92e7fcf12,1.0,800.0,40.0,5.0,20.0,furniture_decor
8ba9596b8e1d12a239692a8243de14b9,3.0,7675.0,71.0,8.0,71.0,furniture_decor
8b6ec82b7089cbbb7d187eaa3c74275f,2.0,1350.0,69.0,11.0,11.0,furniture_decor
0797e47ffb3917b66fa62245a283bd9e,1.0,2000.0,28.0,38.0,11.0,furniture_decor
589b0d2d331830d60af52d28e80326f1,2.0,1500.0,55.0,15.0,42.0,furniture_decor
b90e522acbe2ea08ee4ce317a90e173c,3.0,6050.0,40.0,30.0,30.0,furniture_decor
2c82351074f92b0f7225437cea2b47c6,5.0,1150.0,16.0,33.0,33.0,furniture_decor
257726ef77c81150339893567c4de6cd,2.0,400.0,69.0,11.0,11.0,furniture_decor
4563095e06df1fa67de2eade86f4f01b,2.0,100.0,16.0,3.0,23.0,furniture_decor
d2f1cd931c7b76fefa93547cc1b4881b,1.0,850.0,40.0,5.0,11.0,furniture_decor
d37c7b44350fea9327f32f3e603f682b,1.0,900.0,40.0,2.0,30.0,furniture_decor
fb064510d22e52d7467fbf08243d2e3b,2.0,450.0,25.0,29.0,25.0,furniture_decor
817a6779721af586b76778eb4fdf98da,9.0,3450.0,41.0,15.0,25.0,furniture_decor
55cb480b28bdd6d8e71d83b3c8d67c75,1.0,600.0,25.0,25.0,11.0,furniture_decor
8e2e2894b4362d92a3682124ca8124e2,2.0,383.0,24.0,22.0,21.0,furniture_decor
158102fe543dbaeb84d87811bfe06d0d,1.0,300.0,16.0,30.0,20.0,furniture_decor
36eef04eb938af8bd108b4e2753b5a95,1.0,1600.0,24.0,27.0,39.0,furniture_decor
402e8d6a95c83da5c3cef16b795329b9,3.0,523.0,20.0,25.0,20.0,furniture_decor
ce3f1427f50a5326751f233ed59e1522,2.0,1000.0,22.0,10.0,22.0,furniture_decor
78efe838c04bbc568be034082200ac20,1.0,2500.0,40.0,10.0,30.0,furniture_decor
93e6c730cc84ef7cfdd20cdfb2269144,1.0,1600.0,53.0,8.0,11.0,furniture_decor
a8828da272eadaa78eed16beefd526fa,4.0,1300.0,65.0,3.0,45.0,furniture_decor
5cb1a29179d1883d7ab5424629fe67aa,3.0,1100.0,103.0,6.0,20.0,furniture_decor
347218313fef22ddc3bde07fd578b804,1.0,650.0,25.0,40.0,25.0,furniture_decor
b4b48db403b9792d92330c4a79262763,3.0,2600.0,105.0,3.0,70.0,furniture_decor
e1b844dd178aba2623a72a784398a1dd,7.0,1050.0,38.0,13.0,47.0,furniture_decor
e27477bc051dcfafd523c6064551bd25,1.0,5300.0,35.0,23.0,35.0,furniture_decor
ac58ccff47ad9387fe18c8cbe53b824d,2.0,600.0,30.0,15.0,15.0,furniture_decor
bad02bda4c5cc1c81501022f3b06101c,11.0,1100.0,30.0,31.0,30.0,furniture_decor
a695ab8413ea83619cde9b18292d6aa1,4.0,1700.0,23.0,7.0,23.0,furniture_decor
62509b4a04d6e50559ab943122e6a724,2.0,3500.0,40.0,14.0,35.0,furniture_decor
9ed8952ad5f3e3cf3f287392c1f350f8,1.0,300.0,22.0,2.0,32.0,furniture_decor
7b5d8be0e04080e4c8ee6a7ec2f1f597,1.0,650.0,20.0,35.0,20.0,furniture_decor
d7e2d29c1596c2eb1e6e0c85f27cc81f,5.0,1550.0,69.0,11.0,11.0,furniture_decor
89411fc3098e56bb679697117c2055af,1.0,1300.0,17.0,27.0,17.0,furniture_decor
96e9828efdbe86198b90841d0b39ca0c,2.0,800.0,30.0,14.0,13.0,furniture_decor
a5dfd9bdc6f4462aea09d20a26904f1b,1.0,12200.0,100.0,25.0,25.0,furniture_decor
24c5d76ef43ee1782af51114a121ca3d,1.0,1700.0,33.0,8.0,23.0,furniture_decor
672fd0a2af10376f9b997ec5cfa04ef7,2.0,900.0,80.0,10.0,60.0,furniture_decor
ae31f50b0dae2f0040da1aeb0f2ba4f7,4.0,350.0,22.0,6.0,15.0,furniture_decor
81dba264e2c91829b19c58fa6eb33072,2.0,400.0,69.0,11.0,11.0,furniture_decor
9e7b30aadfe27e354bd8252050eb94a1,4.0,6550.0,35.0,35.0,35.0,furniture_decor
67639b8cb7f4b8c431ed4c48a76866e0,1.0,2200.0,42.0,12.0,37.0,furniture_decor
236fdb1c273caaa9a7dbff8111e6a4e1,1.0,7450.0,52.0,18.0,35.0,furniture_decor
cdbcde669141ea6af7193857333db4ff,2.0,5550.0,45.0,30.0,45.0,furniture_decor
59038ff2ef33867691a60d4fe44ae544,4.0,7950.0,30.0,35.0,30.0,furniture_decor
f4cd030cd445192809e17afbdec67f56,3.0,150.0,35.0,2.0,25.0,furniture_decor
539025c69ca8d9160f0ae5190741ed74,4.0,1850.0,34.0,6.0,28.0,furniture_decor
13b347f712ed4697097275485483326c,1.0,5850.0,40.0,30.0,40.0,furniture_decor
01084e8138d03dc691daa19aa6c12471,4.0,1390.0,18.0,11.0,25.0,furniture_decor
e8df9b80f414e3e2d604977ac52932df,2.0,550.0,65.0,11.0,11.0,furniture_decor
517dd1c1cda3892f83d386dcf9a4e9b7,5.0,1750.0,35.0,10.0,35.0,furniture_decor
87ecdbf76c33c8f2dabc40eeb821dc6b,4.0,600.0,23.0,7.0,16.0,furniture_decor
c99666957e5d14717bd1d5ba0fd33f53,3.0,2500.0,105.0,3.0,70.0,furniture_decor
0f0d87a917b0f49861ef994dbc4daf08,1.0,10600.0,36.0,50.0,60.0,furniture_decor
ec3a3abf1c577856f4dafa59c126dccd,4.0,2400.0,105.0,3.0,70.0,furniture_decor
07c055536ebf10dfbb6c6db6dbfc36e5,1.0,600.0,30.0,3.0,20.0,furniture_decor
87838c210d9c925acac2619548950502,1.0,11450.0,45.0,35.0,45.0,furniture_decor
e1b7ea96e1ebb2524b943e22bf5e31b7,2.0,1150.0,30.0,6.0,32.0,furniture_decor
093be8c4566a25d70e577faa3539d7d3,3.0,6700.0,90.0,4.0,50.0,furniture_decor
8c2ace0ccc2dc2fef3d1b481eebb592a,3.0,2525.0,88.0,4.0,87.0,furniture_decor
e61f95fe83b531f0d8c152b6ad798eba,2.0,417.0,47.0,4.0,35.0,furniture_decor
3e315c0ee386121f7723905ea2c2f76e,1.0,1300.0,40.0,7.0,34.0,furniture_decor
43840498716c5a01802df8992c619267,1.0,200.0,16.0,16.0,16.0,furniture_decor
0ec63d4c614fff936b02b10d242bf955,3.0,1350.0,45.0,15.0,35.0,furniture_decor
1a6bdef0156314f8f852fe58564a31cb,1.0,100.0,40.0,2.0,30.0,furniture_decor
67f9d01bcd84e2229ba6f8a75b635b40,1.0,300.0,37.0,15.0,27.0,furniture_decor
25a600be07bdb3ee433243ba392924ea,2.0,350.0,68.0,8.0,13.0,furniture_decor
b0633125352f6e66818a7ca9afae94ea,1.0,550.0,24.0,26.0,24.0,furniture_decor
c1bc9defa33e2379fa66e43dd1875480,2.0,6000.0,60.0,30.0,35.0,furniture_decor
bb812a3e630d1d023c592cbc7b3bd7fa,2.0,3000.0,69.0,11.0,11.0,furniture_decor
7176644f1859de00c3d63b38ba606aee,1.0,900.0,35.0,10.0,35.0,furniture_decor
39e96bf755a2107369e9e9654476d831,1.0,2200.0,50.0,20.0,40.0,furniture_decor
e14717f9b1abbf7601efb99f26194d0f,1.0,1200.0,30.0,30.0,30.0,furniture_decor
13c270dd3d811877114b2a225436a79a,4.0,300.0,69.0,11.0,11.0,furniture_decor
cfe9e8e1f0400c8cc665d41722f34086,4.0,1500.0,35.0,40.0,35.0,furniture_decor
fe117e311878a71023889b7bb6a8f2c2,5.0,300.0,16.0,6.0,20.0,furniture_decor
d6783a6e939059f756562de164efc447,2.0,300.0,20.0,11.0,16.0,furniture_decor
ebe595e1317f86ea08bd4fbe8f92bc1b,2.0,1300.0,50.0,30.0,30.0,furniture_decor
35b265fd684b08f6f780239bf05a390b,6.0,1170.0,22.0,12.0,20.0,furniture_decor
c64fe38b4cd06cf7160d9505aa87b8c4,1.0,1200.0,34.0,8.0,22.0,furniture_decor
fb8e60e1a3c247d3a2e17f6986e71a40,1.0,3250.0,31.0,43.0,21.0,furniture_decor
dfd2ea8377fb2838a47488c5b37558f1,3.0,3100.0,36.0,14.0,26.0,furniture_decor
1a42ea14c75ffc04ad584513567457dc,1.0,6050.0,36.0,23.0,14.0,furniture_decor
12d4987d54a76e89154609f0314b0f2f,2.0,1500.0,38.0,7.0,28.0,furniture_decor
ace1e48f1eaabcd539235e93e361133b,3.0,400.0,25.0,5.0,17.0,furniture_decor
d4ad0f0b0c607df43752eaa46d2ebae3,2.0,1550.0,69.0,11.0,11.0,furniture_decor
f18b93fa1044028aa85eb5a0b3ac236a,5.0,1150.0,30.0,20.0,30.0,furniture_decor
d14782a9f0856f169ee3b60303efa262,1.0,500.0,55.0,6.0,11.0,furniture_decor
ed422fce524c3594fa48735099ec0d6a,1.0,5700.0,30.0,30.0,30.0,furniture_decor
747152211829957938862c1c57a30f16,2.0,1550.0,60.0,14.0,14.0,furniture_decor
3f9e3d09e34ab9b3235a0e9d584bba25,5.0,400.0,16.0,5.0,20.0,furniture_decor
6d092506d5b32a4d839e08c1983adaf8,4.0,400.0,50.0,3.0,25.0,furniture_decor
00e2784f846618842151d40ec730ece0,1.0,800.0,21.0,34.0,34.0,furniture_decor
eefbc932268cd0bdde377b3d8ecdacaa,4.0,7700.0,22.0,19.0,22.0,furniture_decor
c56bf3984c2d59f53233c4bd82e8a5d1,3.0,1500.0,53.0,8.0,11.0,furniture_decor
96277485af1fa20c328fa90e57754ead,3.0,600.0,16.0,5.0,20.0,furniture_decor
8f8e77fd044480226cd55c1ebb9df34a,2.0,350.0,16.0,16.0,22.0,furniture_decor
322083bacc83416f56c4110e0216c2e1,1.0,1050.0,20.0,35.0,20.0,furniture_decor
87b42927619008f877bfcdd5068e7edf,5.0,300.0,16.0,5.0,20.0,furniture_decor
6f1ccca9f878a413a495487eb649ab32,1.0,700.0,40.0,15.0,11.0,furniture_decor
d71dee111aab947d8d1216505f130d8e,1.0,5300.0,57.0,15.0,37.0,furniture_decor
37bd6327d499dd991f2da7681625bb3c,3.0,100.0,16.0,5.0,11.0,furniture_decor
3a8b4f569449a1671e0d172023030113,2.0,400.0,65.0,11.0,11.0,furniture_decor
ae81ec7bba7a30b0b609ecc9513699d4,4.0,700.0,22.0,12.0,15.0,furniture_decor
ff0253002f8f3b78103899fc6f6ba120,2.0,50.0,52.0,11.0,11.0,furniture_decor
d41a23bd2bc3ec10cfffc66c0611a290,2.0,1000.0,100.0,5.0,20.0,furniture_decor
2f13d1dc8b4e1d9d8027be50339546a9,1.0,2650.0,30.0,30.0,30.0,furniture_decor
36ca9a8843947771769143fd2ce148dc,2.0,1250.0,65.0,11.0,11.0,furniture_decor
3596313732572c949495070ab59bbb4f,7.0,3000.0,69.0,11.0,11.0,furniture_decor
428f11967f2d855633c7857078c16fd6,3.0,350.0,22.0,22.0,18.0,furniture_decor
e3e3c2fbbc1c7c16edf72ab9f70127d3,3.0,1400.0,69.0,11.0,11.0,furniture_decor
5a59edc52ccb88898efddbfc52f3cbaf,4.0,100.0,16.0,3.0,16.0,furniture_decor
71f0bc096460c175e49cb3826bc8761a,2.0,5700.0,20.0,30.0,20.0,furniture_decor
2109e8aeedbade2096a471740fb9e798,1.0,10150.0,45.0,30.0,45.0,furniture_decor
51239b9414a75bd33453d33d177475d5,2.0,333.0,52.0,5.0,37.0,furniture_decor
d27ad56cae0ec64023ccd98a9f4e2500,1.0,600.0,17.0,17.0,17.0,furniture_decor
15804bf9d24b0ff5a052ef9280ad6e63,3.0,7300.0,66.0,12.0,45.0,furniture_decor
78f3531b3a1bfef3513d4f344e0c88d0,1.0,2300.0,40.0,10.0,30.0,furniture_decor
c5edc6d6a54cbcc12367409391fdfc50,2.0,400.0,40.0,11.0,35.0,furniture_decor
82df2add69e03f9b165a7e46429c9484,3.0,2600.0,105.0,3.0,70.0,furniture_decor
6610913b9a847f8fc5f66f13dad12680,2.0,150.0,22.0,22.0,22.0,furniture_decor
09b0d15a8cc9a84e7af7e0225f67dc45,1.0,1400.0,20.0,20.0,20.0,furniture_decor
ac1789e492dcd698c5c10b97a671243a,2.0,300.0,35.0,35.0,15.0,furniture_decor
52ed6cbde6c5bee6f2ea166bf4c1d972,2.0,550.0,16.0,12.0,21.0,furniture_decor
b63b2afaf851b15bdec6e67c553c0ece,1.0,100.0,19.0,3.0,12.0,furniture_decor
92762f3fd2e9105edc850be0f5b3c51e,2.0,500.0,32.0,18.0,18.0,furniture_decor
ab3c88a070e61288a0f37d8ea38e7cbe,1.0,3450.0,30.0,35.0,30.0,furniture_decor
770c09cc394c3244d902afda4ea364bc,2.0,1500.0,30.0,25.0,25.0,furniture_decor
0ecb699933e1e9cc336bf7569ad72e84,2.0,600.0,30.0,15.0,15.0,furniture_decor
f8cd8a989b03ce1808d9d8d76668ea51,4.0,3000.0,70.0,15.0,15.0,furniture_decor
32c871f1791d0176b14c3081c3cf3e74,2.0,2000.0,11.0,11.0,52.0,furniture_decor
34d0ca9f9eb36d00ed5f2039c161ba8e,2.0,1350.0,69.0,11.0,11.0,furniture_decor
16ba44d9231d19fc57e0a4188d0ce1cf,1.0,303.0,25.0,2.0,17.0,furniture_decor
3aa3fb2fdb16c7383879e48a574fc8ab,3.0,11850.0,74.0,8.0,74.0,furniture_decor
0a96387463e89f518bec31ed12378aea,2.0,3400.0,30.0,40.0,40.0,furniture_decor
9e6b8ecc9fe47cf9c40c3709b67089e0,1.0,2500.0,47.0,21.0,41.0,furniture_decor
b94d8ea73a0921d4019e67239784e7f6,6.0,900.0,28.0,15.0,18.0,furniture_decor
c9af29e8a0c52866bb2c9f5f6344d9b2,2.0,650.0,69.0,11.0,11.0,furniture_decor
09c3a2ea33f044aebffecd6681e00133,1.0,1150.0,35.0,23.0,35.0,furniture_decor
fca62108387e25005784da2f551466a1,3.0,14600.0,84.0,8.0,84.0,furniture_decor
f1f90547cd55861d02c56010c10fa8a5,1.0,7500.0,47.0,37.0,38.0,furniture_decor
55cfb8318af6fe90dfacf0892abb2cee,2.0,1500.0,69.0,11.0,11.0,furniture_decor
f0059d6f29674e2ee22b3d3b4dc560f9,4.0,2750.0,69.0,11.0,11.0,furniture_decor
7f27a510cfe7b7c16bdba4e185dd7940,2.0,7400.0,45.0,45.0,45.0,furniture_decor
a0cf997ca06fc964e6c1f03d9a5e7752,6.0,1500.0,25.0,33.0,25.0,furniture_decor
f20a0bbd61ffeff9d684961e2d9a5be0,6.0,500.0,20.0,5.0,48.0,furniture_decor
a0ef8572cd061badd81ffc48dc04d1fa,1.0,2000.0,40.0,11.0,34.0,furniture_decor
b85fbb3b8e4ab010a2d49430298f65bc,1.0,800.0,25.0,25.0,25.0,furniture_decor
085481a1b9ec9eaa346ae0a39bd3c340,1.0,5070.0,56.0,38.0,48.0,furniture_decor
81a266bbf4c7aa3113db84e81ca899b8,2.0,1800.0,41.0,9.0,34.0,furniture_decor
2ac41de9b0580f84618e017249626a72,1.0,2700.0,47.0,10.0,35.0,furniture_decor
867c96d2bb67aba6500a4c509cf76072,3.0,2450.0,65.0,8.0,45.0,furniture_decor
032e8352e7d34cc2558d4ae22132866c,3.0,4450.0,105.0,5.0,69.0,furniture_decor
fc8e852906ed3985a6e1ea67eb1dfdf9,2.0,600.0,68.0,8.0,13.0,furniture_decor
101f391b9c83dc14c8f6147dcb70bfd3,1.0,6200.0,18.0,5.0,20.0,furniture_decor
f0f34793b31e7353a0d77fed40bdb196,2.0,25325.0,95.0,25.0,64.0,furniture_decor
bc527b3cbbc09017b7153bda2be5fad5,2.0,650.0,68.0,8.0,13.0,furniture_decor
0e56789eca7cb6089cbcb26cdae08012,3.0,200.0,35.0,2.0,25.0,furniture_decor
cdd68c0ef3e507db79631336cf9ec285,2.0,450.0,30.0,20.0,20.0,furniture_decor
20b7215f127656c56776983719ba603a,2.0,650.0,65.0,11.0,11.0,furniture_decor
6dadaa59ab994917024e4774316a840c,4.0,950.0,68.0,30.0,11.0,furniture_decor
b4ae18d0fc2d655133d1e1da2ec5c62d,2.0,867.0,52.0,6.0,42.0,furniture_decor
3c7c75671b25b927f05e68b233263e5f,2.0,600.0,52.0,11.0,11.0,furniture_decor
e5d6523f4cd63e1347ca8407deda4ba3,2.0,400.0,69.0,11.0,11.0,furniture_decor
6a1c65dbbecc1ece8c22856122a774ac,1.0,13650.0,45.0,35.0,45.0,furniture_decor
928c2c0fdf465581daac95380af04b3e,2.0,2300.0,33.0,12.0,33.0,furniture_decor
0e839be47c2dc028ca3d90e65732b14c,2.0,700.0,60.0,7.0,14.0,furniture_decor
ca9b2caa4f7ec65aeda5825e09dcf99c,2.0,600.0,68.0,8.0,13.0,furniture_decor
52d5dde0ddeb4e7544b584c92a38fef8,9.0,3400.0,41.0,15.0,25.0,furniture_decor
d4ad9721bda56413600c43c11006cb78,1.0,700.0,60.0,11.0,20.0,furniture_decor
d0a8e8165e8cb2572836fd8c3fbe1bcf,1.0,1700.0,80.0,20.0,20.0,furniture_decor
a8c575b4028403c1885a4bdceb27f439,1.0,1050.0,30.0,35.0,30.0,furniture_decor
cc3e0004237b0c02f8fd95f943e1cebf,1.0,350.0,17.0,26.0,17.0,furniture_decor
52801616f7cc110c31c559fa94cb8563,2.0,417.0,21.0,21.0,22.0,furniture_decor
5bb73292c4b9cd1145fbb03e66d59d84,2.0,600.0,20.0,60.0,20.0,furniture_decor
2c65cb7e002dd5aa378a903a98272c29,1.0,1500.0,40.0,6.0,32.0,furniture_decor
dedb5adefe63796ce6edd624d0ebd8a8,2.0,1000.0,100.0,11.0,20.0,furniture_decor
d3ceda8c68fb31960dab19adf28e5c6d,2.0,3000.0,69.0,11.0,11.0,furniture_decor
ac8ead6d720eaa6c547bb93c6044b285,3.0,11400.0,60.0,6.0,60.0,furniture_decor
2c818013dbc95f5cd2d6a393a31813e0,11.0,1500.0,42.0,14.0,32.0,furniture_decor
1ce47626d790bdfe279ad4cedc159009,1.0,100.0,16.0,16.0,16.0,furniture_decor
063595b8c2acd495d650be922916fbff,9.0,1600.0,30.0,21.0,28.0,furniture_decor
9ba7a2e6df6dbaa83fe78f9b4ea0b3fa,3.0,2350.0,104.0,4.0,68.0,furniture_decor
4a67edece2fe2b25b7ba6072c6e6d64f,5.0,1850.0,21.0,57.0,15.0,furniture_decor
3952bdd2bc1fc8c324a78de21ae4d801,1.0,900.0,21.0,20.0,18.0,furniture_decor
441f80632def2e872e95a3e474226119,3.0,900.0,100.0,7.0,12.0,furniture_decor
55b04296824029ae20bbeb3b200e69d0,6.0,1300.0,60.0,12.0,12.0,furniture_decor
6af944d65385c537dd7fb26787c7dae3,2.0,2100.0,50.0,7.0,50.0,furniture_decor
6d3d8ade6b793a08b041b6bc653c08ca,1.0,650.0,25.0,25.0,25.0,furniture_decor
f48d34d7fa5828bde48c15d602f26aa7,11.0,3000.0,41.0,17.0,32.0,furniture_decor
86b905f8e48ccc43feec909bd9b934fb,1.0,1200.0,17.0,32.0,17.0,furniture_decor
e6a497d97ea84990f05bda077f62a2da,1.0,2900.0,35.0,7.0,35.0,furniture_decor
b815c6ac9af2fbea9b2588de81c53905,2.0,14500.0,35.0,30.0,35.0,furniture_decor
9ecdbd21cd2c1067a8dda34c1674cec4,4.0,800.0,20.0,15.0,20.0,furniture_decor
46b609a28b05ef9d5179026a055c5121,1.0,700.0,39.0,5.0,20.0,furniture_decor
32bb152336c896d906a6344cdbe1993c,1.0,7350.0,30.0,35.0,30.0,furniture_decor
b8e1b1d7c85f0f3530d09dc4c52fa0ab,1.0,500.0,46.0,10.0,60.0,furniture_decor
6bd8c7dc9695bdc48adc5960f4fee0ff,3.0,2750.0,35.0,10.0,35.0,furniture_decor
4cf712858586ea03ca847ca8aa2c8228,1.0,900.0,30.0,4.0,20.0,furniture_decor
788cfeffa94621a51f76df9232c26b3a,1.0,9900.0,37.0,32.0,50.0,furniture_decor
637ea0abda9b9824985e1aa64ba4363a,1.0,7300.0,30.0,36.0,30.0,furniture_decor
cfaace0475fb31c60cb29ff8abd131fe,1.0,7300.0,30.0,20.0,70.0,furniture_decor
2d2d15d322e7069eddf81d5200b19417,1.0,2000.0,35.0,43.0,35.0,furniture_decor
78a8b452478479d26f32e36504176cf1,1.0,15300.0,98.0,10.0,60.0,furniture_decor
84cdff92b3a55fc67a2b0bbdae9b57bf,2.0,1600.0,60.0,14.0,14.0,furniture_decor
227bdd697845ec3537a795cc900e715d,11.0,1200.0,30.0,10.0,25.0,furniture_decor
823193e4168a61989f856c9bea47060d,1.0,21000.0,58.0,40.0,50.0,furniture_decor
0a45c6bb3a03e8c13228d4200cb964c2,2.0,1900.0,19.0,7.0,16.0,furniture_decor
7c888c2f683671fce1d3a9db421ab15e,1.0,700.0,20.0,15.0,20.0,furniture_decor
ec811f847a08d7ad8203b790a1db3070,1.0,2000.0,22.0,22.0,22.0,furniture_decor
77745dd9f1224c72a2ef931ded7a0bb7,3.0,2250.0,65.0,8.0,45.0,furniture_decor
f3231cefd20f5eeb7a400d49b3c8163e,1.0,1600.0,56.0,11.0,11.0,furniture_decor
b5d6ad9c3af003e2e9bf0ad06106e41e,11.0,1000.0,42.0,11.0,35.0,furniture_decor
8338cef8355d238f43711dcb9c0657b2,1.0,700.0,30.0,3.0,20.0,furniture_decor
1c8ddcbd9abd12c51979969411f0b110,1.0,650.0,65.0,2.0,13.0,furniture_decor
530d9436af6fa4960e9754ce4128b468,2.0,1350.0,80.0,20.0,20.0,furniture_decor
9411bee3a54ddfd68c52f1fdf4cd446c,1.0,400.0,30.0,5.0,30.0,furniture_decor
9f529f63306c538c5d2bb19103100a55,1.0,500.0,33.0,4.0,24.0,furniture_decor
ab687729e8507381d0b4aa32bef2d723,2.0,1200.0,65.0,12.0,12.0,furniture_decor
fa2d929efb6b3c378099488dd6b02ca5,3.0,2600.0,105.0,3.0,70.0,furniture_decor
d67bed02998be8e156400c61f0897a96,4.0,100.0,16.0,3.0,16.0,furniture_decor
0c2ec8ad337c82681af769354356e4c2,2.0,2000.0,20.0,65.0,20.0,furniture_decor
adcfd260203f2ab192f83edb46d0f83f,2.0,500.0,22.0,19.0,13.0,furniture_decor
38afdf723b95d455b418a0f57d623c6b,3.0,2500.0,34.0,6.0,28.0,furniture_decor
695cb7d69f96dcd38681d4a4d485bc85,4.0,6350.0,51.0,13.0,51.0,furniture_decor
6b9411af71e48f2e3ed1f01640c3a75e,2.0,3000.0,69.0,11.0,11.0,furniture_decor
1e88eb1734651579b4928df098f4d86c,2.0,600.0,26.0,8.0,17.0,furniture_decor
937d4dbe97dc4cda39683025976f91ae,5.0,400.0,35.0,7.0,27.0,furniture_decor
fcbb0fb955e82fdf9afbb3641b5a6ac0,4.0,5075.0,51.0,8.0,51.0,furniture_decor
db9fbaf0e0719205c4649729763b2c32,4.0,625.0,20.0,13.0,21.0,furniture_decor
16fa9029e1cac929d673dc7805b6d46e,1.0,550.0,30.0,6.0,30.0,furniture_decor
4ce81153410b379f2ccab68653ca5fe4,1.0,400.0,53.0,15.0,53.0,furniture_decor
b0f4447a9530af5f5bc2d17091704558,2.0,3000.0,69.0,11.0,11.0,furniture_decor
9c0f79b9daf5436386477b4e17b94389,1.0,2400.0,30.0,35.0,30.0,furniture_decor
71a033537c0b1b79fc26e6d0bb3bb1a2,7.0,950.0,31.0,11.0,26.0,furniture_decor
d86ac0940bef7f98ce39a2e759183f83,2.0,500.0,35.0,35.0,11.0,furniture_decor
74cfb67b11aa83ec20fbb297748c8352,2.0,700.0,68.0,7.0,13.0,furniture_decor
7a7be236d8368315680071df4209dd4e,2.0,850.0,30.0,30.0,30.0,furniture_decor
04d7da0499dd7cdfba6ef58c85e70324,3.0,450.0,27.0,27.0,33.0,furniture_decor
93fd807bea9d7cf539c1f5e0ef7ab1b5,2.0,1000.0,25.0,37.0,36.0,furniture_decor
d6ab25b0dad785bcf8be87b821dd9b37,1.0,1000.0,40.0,30.0,30.0,furniture_decor
4858799008e3cd4fcab9c61fbc63a2a0,3.0,200.0,25.0,4.0,18.0,furniture_decor
62ae6a8f5789aec14529a277c7516def,11.0,2300.0,41.0,26.0,31.0,furniture_decor
26afe4ed5890d941fcba14205863eec7,1.0,3850.0,30.0,30.0,30.0,furniture_decor
ef34878717e7759a53c99550100ea1ec,1.0,2400.0,18.0,9.0,14.0,furniture_decor
21c0985594816cf11cf7cfc0631f6f1f,1.0,800.0,30.0,30.0,30.0,furniture_decor
8e4650bd2f4ffa24c882da51ba7b1a47,2.0,2950.0,35.0,30.0,35.0,furniture_decor
4e85aba9b74456fe153b755f4324dfc9,3.0,300.0,18.0,9.0,14.0,furniture_decor
3b426c5ff23dab0e12ab32063375550e,1.0,9900.0,35.0,35.0,35.0,furniture_decor
52b668edc0d0c20cd9319bfda4019597,8.0,900.0,31.0,11.0,26.0,furniture_decor
a7329b3e52d13627c92b24a745e70873,1.0,800.0,60.0,11.0,11.0,furniture_decor
263fe483fc2377fe17d81d7b2b5cea3d,1.0,1400.0,35.0,35.0,35.0,furniture_decor
9a78dffd6ee3b0b5ef8c7bcc3363cb60,4.0,15400.0,40.0,60.0,40.0,furniture_decor
9bf850b04e5b1ec3f9e35aaf9a55ce52,1.0,1850.0,40.0,30.0,30.0,furniture_decor
52f7bc73b7afc86c2b4a318c19671e2e,1.0,8950.0,30.0,35.0,30.0,furniture_decor
a0bb9dd32040e7069462944585f6cfd7,1.0,1000.0,45.0,8.0,35.0,furniture_decor
b9b5b714e7321b73a1fea73395873dbb,1.0,6700.0,34.0,40.0,34.0,furniture_decor
edfc544c4047e30a3bc73212e414330d,5.0,2900.0,69.0,11.0,11.0,furniture_decor
a253b2e86bb4a6f86fa11e1270e79885,3.0,650.0,18.0,21.0,20.0,furniture_decor
11e5548d5bc9bd5ef53d3574d9f1c0bb,1.0,1600.0,53.0,8.0,11.0,furniture_decor
3c14f8a3874197fe07fe94b4d5d9af86,2.0,2850.0,35.0,30.0,35.0,furniture_decor
502b4749fa10a4ce4438cd3cc7946308,2.0,500.0,47.0,19.0,36.0,furniture_decor
5679959ac1f0086ba80e4c6cdae363a3,2.0,5300.0,100.0,7.0,90.0,furniture_decor
cb9a231b86e78edf9802645824e0b2c1,4.0,900.0,30.0,20.0,30.0,furniture_decor
741a31499a578979be85db7f80139e62,1.0,600.0,30.0,3.0,20.0,furniture_decor
2152380ff2e0afbc8c1c5b7c72732c40,1.0,1300.0,40.0,6.0,32.0,furniture_decor
066cc58255ee9ccb3e6da9d3edd02a7e,1.0,850.0,16.0,14.0,15.0,furniture_decor
d1db93ee359151f621a234e05eca4ac9,2.0,800.0,80.0,10.0,60.0,furniture_decor
54151de8a5ccf2dc3058b447e1f582f3,1.0,300.0,16.0,16.0,16.0,furniture_decor
092eff69a9499b052a2258f502ea0775,2.0,500.0,35.0,8.0,35.0,furniture_decor
ec6bda3514b2616da08c5139893b14d2,2.0,800.0,16.0,5.0,16.0,furniture_decor
3a9fd03ce8ae5650c7a83cf3b481ba8f,7.0,3200.0,20.0,30.0,30.0,furniture_decor
326a0f5cd9ba675a997b260b0a0c5b6a,10.0,6900.0,19.0,69.0,38.0,furniture_decor
c9b6f0f5e861adc800edb233fc1da1c4,3.0,1450.0,69.0,11.0,11.0,furniture_decor
4979ccb21aa205c914d9a092cf869e83,2.0,14800.0,80.0,10.0,50.0,furniture_decor
0708f901aa249af77d79c3d14328b3fd,4.0,15800.0,50.0,40.0,50.0,furniture_decor
620af218f5c91a81482e4555864aa4db,3.0,9850.0,58.0,9.0,27.0,furniture_decor
6a4afe6c644493c0a79d2c54c8149938,1.0,1900.0,40.0,10.0,35.0,furniture_decor
1097d069f21f90425a11bb3293ca1d87,8.0,1700.0,43.0,36.0,25.0,furniture_decor
e43311c5b307c31b994c47588c59b168,1.0,300.0,25.0,2.0,17.0,furniture_decor
3c0b8519a8235ff19814687b02957b77,3.0,200.0,35.0,2.0,25.0,furniture_decor
173c08b531cec70292992396ced22e7d,1.0,1600.0,35.0,8.0,35.0,furniture_decor
062c203528884afcf5ab3bcd04593f51,1.0,1500.0,25.0,20.0,35.0,furniture_decor
3fd19f24609ba67a95e7a88f1b0e8e7d,2.0,1700.0,20.0,45.0,15.0,furniture_decor
a8a9e4c2fe6117daf517ed312d95e8dc,1.0,700.0,69.0,11.0,11.0,furniture_decor
3c28d10ea65fbafd9792027334cf4544,6.0,228.0,17.0,12.0,15.0,furniture_decor
0254806b6c237bd1f21cae60ea8d1533,1.0,7183.0,56.0,56.0,18.0,furniture_decor
380aa1e702b7e85375d3d81d893acf73,4.0,550.0,22.0,15.0,11.0,furniture_decor
1bc727ecf620b4b524541bf5b60e3314,4.0,4000.0,40.0,40.0,40.0,furniture_decor
43ee88561093499d9e571d4db5f20b79,3.0,200.0,20.0,20.0,20.0,furniture_decor
4f5ebefc2bff02e685e4cf546c88f9b3,5.0,7950.0,40.0,38.0,40.0,furniture_decor
1342c0533d30a76542a5697aed78039f,1.0,1050.0,17.0,27.0,17.0,furniture_decor
d011223de539cd224b5c5c8082313d46,2.0,2125.0,28.0,27.0,33.0,furniture_decor
6b04a3268d84351b65aeba3f1fbc2a25,4.0,950.0,65.0,3.0,45.0,furniture_decor
f8e5d2574bedbb98efe044c829386487,1.0,2300.0,25.0,3.0,65.0,furniture_decor
ba37ce1b5e0638cf45fd59f63ada0093,2.0,400.0,80.0,10.0,60.0,furniture_decor
20a2613eb3b1c3819e733de3e91644de,1.0,2850.0,20.0,35.0,20.0,furniture_decor
f8a8f05a35976a91aed5cccc3992c357,1.0,1500.0,45.0,15.0,35.0,furniture_decor
2d68dc900969487798076d5f21c1090d,1.0,300.0,22.0,2.0,32.0,furniture_decor
fe555e0880543633edc71df3737e49eb,1.0,1650.0,40.0,10.0,30.0,furniture_decor
3ece1fcd5a64459a4e24143920178f42,2.0,400.0,69.0,11.0,11.0,furniture_decor
a7841f8c0ca7736a81dd679c39d7fd21,3.0,7600.0,65.0,5.0,47.0,furniture_decor
8d777214c45c704660310bdc5a2741ea,1.0,500.0,40.0,15.0,40.0,furniture_decor
4ec8f9faf220dfbee99dc36f001ac968,1.0,7750.0,49.0,25.0,49.0,furniture_decor
02ad78835ec3f72e750d1dfa6a7e11b3,2.0,1250.0,52.0,7.0,11.0,furniture_decor
ebd7c847c1e1cb69ec374ae0ebee1f4c,3.0,1200.0,40.0,15.0,30.0,furniture_decor
6e41ce53043104a92912099c90215f1e,3.0,1050.0,25.0,23.0,25.0,furniture_decor
acdb489a7451fff0633e91357a8e60eb,3.0,2550.0,69.0,11.0,11.0,furniture_decor
ff7a70b3356d433014b7d6957ed196cb,2.0,16400.0,80.0,20.0,20.0,furniture_decor
bce12dc098cfc1fba81141118561959f,3.0,2150.0,105.0,3.0,70.0,furniture_decor
9666f6aaf24141e6d17f7d56921f364d,1.0,300.0,16.0,30.0,20.0,furniture_decor
cffb05bb50a95e92fc26bbb049cc8fe7,1.0,1300.0,50.0,20.0,40.0,furniture_decor
9400a388ad4fbe5e9d381a9762fc99c2,1.0,1550.0,25.0,16.0,18.0,furniture_decor
2dfd94a67354f13a87ed35a8aac986af,1.0,1000.0,40.0,5.0,30.0,furniture_decor
cf698aea327d98aec83099c6c1cd0df4,2.0,515.0,98.0,8.0,16.0,furniture_decor
496f6bd86011e5a9ddea8dc96e802340,1.0,1050.0,30.0,4.0,20.0,furniture_decor
44c015f31e165a805a0c68a2124e2e90,1.0,7600.0,52.0,15.0,52.0,furniture_decor
8a242876e3a83bab76209342bf6ca588,2.0,1050.0,45.0,5.0,30.0,furniture_decor
98cd3776d33bddd0ebf8ad8b4732d1b4,1.0,1200.0,16.0,34.0,34.0,furniture_decor
80a286e053c52c87a4900fba51ee5b05,10.0,650.0,35.0,2.0,25.0,furniture_decor
6c6a78e0768babe7473b5eccf0fc6076,1.0,400.0,25.0,5.0,17.0,furniture_decor
9b56346f1622f67c67fce4e6783b5be2,3.0,2950.0,69.0,11.0,11.0,furniture_decor
056fc939c78534a5fb6a762ef17d912e,1.0,1300.0,25.0,25.0,20.0,furniture_decor
717782a9317932b317d99e416c04ee79,2.0,6100.0,35.0,15.0,30.0,furniture_decor
368645a47a15770520ad12d9ea77c2f2,2.0,30000.0,70.0,60.0,60.0,furniture_decor
d5536c1422144c4fc6fe001224b21ba8,2.0,3000.0,70.0,55.0,70.0,furniture_decor
29dcc20b00ccb0dd2136eb2f4c5f3847,1.0,1700.0,40.0,10.0,40.0,furniture_decor
e7aa61e91437781b16e4fff575395c18,2.0,1100.0,30.0,6.0,32.0,furniture_decor
cbfdbf24b32d9aceeeff3e9c77fd9d36,2.0,600.0,68.0,8.0,13.0,furniture_decor
9e2d3a8d8ffad53e2e35282a2020221c,4.0,1600.0,35.0,6.0,32.0,furniture_decor
2367943ffa6af39caabaf4f8f90e0d3a,2.0,350.0,69.0,11.0,11.0,furniture_decor
07faa4b332434d6455398852452e2783,1.0,350.0,16.0,28.0,16.0,furniture_decor
963022ab2afed8b12ad312739a142b07,3.0,700.0,35.0,20.0,35.0,furniture_decor
7aef20f12c90de905bf7782cb29dffb3,1.0,1200.0,49.0,7.0,40.0,furniture_decor
cce61e7ab409679afd6ba99a47349582,1.0,600.0,35.0,10.0,35.0,furniture_decor
44dfeb8491daf22683dff46c7a3265b9,2.0,3000.0,69.0,11.0,11.0,furniture_decor
497afaeae8d825d8938d01e92007f654,1.0,13700.0,100.0,7.0,90.0,furniture_decor
e3fb4e9e85e0806fa95811fef10fb00f,1.0,10050.0,40.0,45.0,40.0,furniture_decor
bff9d75e90c1ecdb72ab40c3aafe7e49,2.0,3000.0,69.0,11.0,11.0,furniture_decor
a95c77f369c8486c3ca5d101c49be836,1.0,500.0,50.0,5.0,30.0,furniture_decor
60c7abb839b47c7e3732ff91c16c7c2d,1.0,12950.0,68.0,26.0,44.0,furniture_decor
18241450338cbc5751c433970f3f1060,1.0,700.0,21.0,12.0,16.0,furniture_decor
3e0d14278859868d181ed3f1dd51fc32,1.0,1500.0,59.0,10.0,25.0,furniture_decor
834c93d10b7198a51cb3420a91d0146f,1.0,300.0,38.0,15.0,30.0,furniture_decor
9a53219f889aa616af7f732ed9aa3fad,3.0,3150.0,105.0,3.0,70.0,furniture_decor
f82a4b08cf7b2bf375fb77e519231f9a,1.0,1500.0,35.0,9.0,25.0,furniture_decor
6f5cff7499746e6f722c4dcee24f7437,1.0,250.0,24.0,3.0,12.0,furniture_decor
6766f04fea82c46bd3001e969a5ba795,1.0,1600.0,53.0,8.0,11.0,furniture_decor
07883aa96515a898e1b9ddf0537a1b56,2.0,300.0,16.0,2.0,11.0,furniture_decor
41171e11f920c47deb1809edda2bf09d,4.0,200.0,16.0,16.0,16.0,furniture_decor
59707268b54920d0814697573f63c818,1.0,22625.0,66.0,43.0,66.0,furniture_decor
8179f0f767e26a993ba41c67665a4b10,1.0,1600.0,45.0,7.0,35.0,furniture_decor
62e13d794111f2698dfc039b63ad7359,2.0,1200.0,69.0,11.0,11.0,furniture_decor
748a749dddb86da3995435367894edc3,1.0,800.0,35.0,15.0,20.0,furniture_decor
e5989cd466f0714e1439b95bf6a279da,1.0,1200.0,20.0,20.0,20.0,furniture_decor
deef1e0848433b267577d95047a08045,6.0,3000.0,69.0,11.0,11.0,furniture_decor
be958064244f19bf11ee270b2feca7a2,2.0,700.0,60.0,7.0,11.0,furniture_decor
37afa38a724c6ab9b04b797901d821c7,1.0,10400.0,40.0,42.0,40.0,furniture_decor
decdbf117444f265f4400886439f5fd7,2.0,2000.0,39.0,42.0,39.0,furniture_decor
341c7cf0d9806592075c3090658f5c81,2.0,600.0,22.0,7.0,32.0,furniture_decor
79792fabf714677e94472c3ce5e719a5,1.0,300.0,16.0,30.0,20.0,furniture_decor
2629c2e1e3a0b360912763741f1bb7ef,3.0,900.0,86.0,4.0,20.0,furniture_decor
685a5d6795fa0aeafc83984918957827,1.0,9000.0,105.0,30.0,30.0,furniture_decor
7949871b5edc894d9286c38dc369e3dc,2.0,23700.0,49.0,42.0,42.0,furniture_decor
56ad64ea1d19bc4b26b61088d89e6f41,1.0,400.0,50.0,5.0,30.0,furniture_decor
692cc2aae6f031ed4cf0ef6a9f92abcf,5.0,650.0,68.0,8.0,13.0,furniture_decor
0c4389123cecc4ff240dbae7f15ce7e2,3.0,2550.0,105.0,3.0,70.0,furniture_decor
419a18f1940972e64957006dbfbf318e,1.0,500.0,28.0,8.0,18.0,furniture_decor
c4913f978f6af6755a1dcc8d16e76774,1.0,7000.0,70.0,21.0,16.0,furniture_decor
6f2e4f2d177e72372b1e48c76b21a7b9,9.0,2700.0,27.0,35.0,23.0,furniture_decor
f51bda33ab6008cea43d2be021b866c4,1.0,600.0,50.0,15.0,40.0,furniture_decor
26065e1e41411e39b249500b750e0e8d,1.0,12333.0,55.0,54.0,19.0,furniture_decor
76b7fa5da50b22fe17d1e7bbde661106,1.0,650.0,25.0,25.0,25.0,furniture_decor
1d722f14297e49c1db0545e1f7ec764f,1.0,1700.0,46.0,19.0,15.0,furniture_decor
87b7eba7245c8ab0ebeacd9b853fee69,2.0,3750.0,30.0,35.0,30.0,furniture_decor
466d5f5de92846a9674f3b34b3b922ad,1.0,2100.0,30.0,5.0,20.0,furniture_decor
5567c10de36ebd118569fc875d064e1b,2.0,500.0,80.0,10.0,60.0,furniture_decor
4e796a1ab2449866e7885bfa9a6d6944,1.0,1100.0,40.0,10.0,34.0,furniture_decor
b67cd67cd2214acabb3259f7e6d1047e,3.0,600.0,68.0,8.0,13.0,furniture_decor
b490e3c1ee135c29b1fea7c377dfd0ce,1.0,450.0,25.0,5.0,20.0,furniture_decor
fec85e6c0eab9b4bcddf9ccd917c80bc,1.0,500.0,35.0,7.0,27.0,furniture_decor
378e13082055394b5a1607162398a207,2.0,200.0,16.0,10.0,20.0,furniture_decor
e1ff3a1468d0e11fe813756e733e0fa4,5.0,10000.0,100.0,55.0,11.0,furniture_decor
65bb1c5a918d2876d7a0262774887d86,7.0,900.0,32.0,17.0,30.0,furniture_decor
9794fba8c8aa64ab4fece2d3cbe731e9,3.0,1350.0,35.0,24.0,25.0,furniture_decor
474f9f34cfa52ad18fde4836b84a3e80,3.0,600.0,50.0,2.0,40.0,furniture_decor
5caaa02918381c4ad59d38fdcd4a28b9,2.0,29700.0,70.0,60.0,60.0,furniture_decor
967a628ee966c8a0a167ed5efaba52a0,3.0,12880.0,48.0,43.0,49.0,furniture_decor
6ddc47ca7a57816752ed7bfc1f9757e3,3.0,600.0,100.0,15.0,15.0,furniture_decor
1ede3c17889b7e18f4ac33d2fd0bef96,1.0,14033.0,101.0,8.0,57.0,furniture_decor
4b6563a1f29c21523ddf75fc04abe980,2.0,500.0,80.0,20.0,20.0,furniture_decor
fec95e3df8533d6872300b23b9a5a943,1.0,6300.0,21.0,21.0,42.0,furniture_decor
07797d4315ce5c1570e0a484472e04b5,1.0,2300.0,37.0,30.0,20.0,furniture_decor
e4bc26706c5391433592fc23fecce0c7,3.0,2500.0,105.0,3.0,70.0,furniture_decor
96ef18649cc53717e0028b36c7c69774,2.0,500.0,35.0,8.0,35.0,furniture_decor
09d16c9d49e1616a733d22e77507d91d,3.0,900.0,25.0,15.0,20.0,furniture_decor
06324724a73c341e0826729d63a8d5bc,1.0,1950.0,69.0,11.0,11.0,furniture_decor
553c5116d8f8866d39a1281071b3776f,1.0,500.0,20.0,10.0,15.0,furniture_decor
c8a8b80300a9dfba535a8d575b01c977,2.0,2300.0,45.0,15.0,35.0,furniture_decor
0ef0a1c6a3c510f3f81bde96f72121d1,2.0,12200.0,47.0,38.0,37.0,furniture_decor
86573a992f10e1ad49a669fd151b7abf,2.0,13050.0,40.0,48.0,40.0,furniture_decor
23ee71d4afa97c8d30028d4956baaa62,1.0,9200.0,30.0,30.0,35.0,furniture_decor
d5ad1429503cdb3871407ed2e8fbf859,3.0,1363.0,36.0,6.0,32.0,furniture_decor
24541f532451ecaa85eab5b200b2b686,2.0,450.0,69.0,11.0,11.0,furniture_decor
a5341e3f8155dbb3e62323d3ea289729,7.0,2850.0,40.0,5.0,44.0,furniture_decor
7d1af70947f3ec4618297f9dc62086bc,1.0,750.0,45.0,15.0,35.0,furniture_decor
775917a2882dceb1d02aaa6b1abc1b24,2.0,8050.0,52.0,18.0,35.0,furniture_decor
44f17cb299c90c0663616f83d55c45ee,1.0,800.0,69.0,11.0,11.0,furniture_decor
83e2059df06602e05d9bc1abf28166ac,2.0,550.0,52.0,11.0,11.0,furniture_decor
a19b6951c75da43aad691622dd2f6abe,1.0,650.0,20.0,35.0,20.0,furniture_decor
0f985682d883837be42a813f58a91885,2.0,150.0,22.0,12.0,22.0,furniture_decor
50412efecf5c67eead5f761db931771c,4.0,2500.0,69.0,11.0,11.0,furniture_decor
a92044ede94468b593b5e4d92498f6c1,1.0,2200.0,43.0,11.0,35.0,furniture_decor
800b4691fe11622089b5437c9713fe95,1.0,1300.0,40.0,7.0,35.0,furniture_decor
3c5ba90e09547db90868e803d139de30,1.0,8800.0,36.0,47.0,36.0,furniture_decor
034abfb9b758233fd393bd361d4ec599,1.0,900.0,40.0,3.0,40.0,furniture_decor
94982c575245c1664b51851ec653a79e,1.0,300.0,16.0,88.0,16.0,furniture_decor
7a2f315c0441e5d437270cdfcb089c43,2.0,13700.0,50.0,55.0,50.0,furniture_decor
67cee25aae565b8f1182ea8c37440103,3.0,1650.0,100.0,7.0,15.0,furniture_decor
3cc52e01a315aba7f650574a3a256b1a,3.0,3100.0,35.0,20.0,35.0,furniture_decor
84c6e1fb0400fb720bfd40e3396e9044,1.0,2900.0,40.0,7.0,30.0,furniture_decor
0198a991deae439205851e71a7b0bdf7,3.0,12600.0,74.0,8.0,74.0,furniture_decor
ac2075f88185bb528b66bfb7a5646369,6.0,500.0,16.0,8.0,11.0,furniture_decor
187b7f06c80dc6842fdd117909a05be7,3.0,300.0,16.0,5.0,20.0,furniture_decor
6cc9186dabae23739b55d97cc649c686,1.0,450.0,20.0,20.0,20.0,furniture_decor
e83371d8afd820fde9ada3e2ae12f4c4,6.0,350.0,35.0,2.0,25.0,furniture_decor
627290fff23f56cd331134527afdb44c,1.0,800.0,53.0,8.0,11.0,furniture_decor
61f892cad282d3059bd33ae0eef5b02d,1.0,500.0,35.0,7.0,27.0,furniture_decor
b4693721011686a49e4b8fac4e527dde,1.0,450.0,20.0,35.0,20.0,furniture_decor
069a004edf898d16c9331bafd6ac7f46,4.0,950.0,25.0,25.0,25.0,furniture_decor
cd7f7f00061ea28ae06afc6dc5786cf0,5.0,350.0,68.0,8.0,13.0,furniture_decor
ae39a60d9d830340edf374b7cb0f6e71,7.0,30000.0,65.0,50.0,70.0,furniture_decor
9cfb6da38dab3ad1f5e8cf3189ab6ae1,1.0,700.0,40.0,10.0,34.0,furniture_decor
72cd62166086ea7878031f2ad9e3c1c2,1.0,250.0,22.0,2.0,32.0,furniture_decor
62ea5f65c53b526eee8ccada76b1446c,3.0,1950.0,105.0,3.0,70.0,furniture_decor
d9d3f97d19971e6e134c04428b7ef416,2.0,600.0,16.0,12.0,15.0,furniture_decor
cc99f9e6673b4a99658d70f73c3bf1e6,1.0,1150.0,37.0,5.0,28.0,furniture_decor
f6a1427197e9c6f9e433c669e64d07bf,1.0,300.0,22.0,6.0,20.0,furniture_decor
7df273a844215f8c7bf5aca8266608e1,4.0,1300.0,69.0,11.0,11.0,furniture_decor
7ce57d3b4580add21034625c406cfd6e,2.0,600.0,16.0,5.0,20.0,furniture_decor
6ec26071510e1cf38d6988f473f8d7a5,2.0,433.0,47.0,4.0,35.0,furniture_decor
d86db9a9e478ff057c0541537639a10e,1.0,300.0,25.0,2.0,17.0,furniture_decor
ffbe169d395060d7fb975c990581a329,3.0,700.0,40.0,11.0,30.0,furniture_decor
4ae1bd4115a0ea08489ff7e821ddc4e5,1.0,5300.0,40.0,20.0,40.0,furniture_decor
1264d5ede085c34d455f62cceca87791,1.0,2050.0,33.0,8.0,26.0,furniture_decor
628bbcb76ac6c7d4abf432b345635f47,3.0,1800.0,84.0,10.0,11.0,furniture_decor
592dcb7933e5bf8d04d6b80a6c6312a2,1.0,1400.0,40.0,8.0,30.0,furniture_decor
27d0fc55e3d2fe698088f2603e0a2ab6,1.0,5350.0,40.0,20.0,40.0,furniture_decor
05a6b99c0460f22f5f8101493c0e3c0e,11.0,1300.0,42.0,11.0,35.0,furniture_decor
0db3775f48739f2e8dbaebeb631eb4ac,1.0,900.0,100.0,11.0,12.0,furniture_decor
43521df044c196283191f87529d1663f,2.0,250.0,18.0,10.0,18.0,furniture_decor
13d88cddab2ce6955315e1b8d3334505,3.0,1600.0,28.0,27.0,28.0,furniture_decor
3f13f4fabd1eafe564af941a8ee8e279,2.0,600.0,65.0,11.0,13.0,furniture_decor
4d2b9b97c4d3a297e9f32f0b9e44c181,2.0,1350.0,25.0,23.0,25.0,furniture_decor
6961fec72a8f56ba5eff6d01b51f4d39,1.0,6900.0,100.0,25.0,25.0,furniture_decor
ec529a51d3a0832578dc8ca51574d2bd,1.0,250.0,32.0,2.0,22.0,furniture_decor
64ef32b2c378f413777f4f855458c484,2.0,2400.0,64.0,10.0,50.0,furniture_decor
bb444fb9b046f038317b39f651f305b2,4.0,1300.0,42.0,20.0,38.0,furniture_decor
0a4af8f868e8a22b279c9d0a24d36537,3.0,500.0,17.0,17.0,17.0,furniture_decor
1127c7ede26c4c4d41eb80848d0bdb32,1.0,1550.0,30.0,30.0,30.0,furniture_decor
88f606f44d39cbba19b301f79a51d7fd,1.0,1150.0,20.0,20.0,20.0,furniture_decor
c6cae2869a248cef27c00f3340ac90a6,2.0,600.0,53.0,8.0,11.0,furniture_decor
fd76a5a3907232c96615967475f8689f,8.0,26400.0,75.0,45.0,49.0,furniture_decor
db42edb381d7ffe41a162d344fb1de53,1.0,2400.0,30.0,30.0,30.0,furniture_decor
cf78006a2a6b0429b9663edd99bb38f9,1.0,1900.0,28.0,19.0,21.0,furniture_decor
a064fbd13bfd3d9654eeb35bb47d9caf,1.0,1250.0,20.0,28.0,20.0,furniture_decor
c12c1482a995be91e395cb9276661e32,1.0,300.0,35.0,5.0,25.0,furniture_decor
cb3756d2bb6226fdb0ed4f60711b4e84,1.0,650.0,33.0,4.0,33.0,furniture_decor
636636222363eaf74bf5e313dc934cd0,3.0,900.0,32.0,6.0,28.0,furniture_decor
fed2dca7ba471a3942a070e00ae17381,3.0,300.0,21.0,6.0,16.0,furniture_decor
2c5ae18918caa7b9adf593b80afb9b42,4.0,500.0,30.0,30.0,11.0,furniture_decor
c233e8856445fe94069cd6bd6c32f4ea,2.0,800.0,30.0,22.0,27.0,furniture_decor
71bd788b998b8394fa883c302c04b08c,2.0,400.0,50.0,3.0,25.0,furniture_decor
571f10e82bf565790b3fa563cbd6b716,2.0,300.0,36.0,3.0,30.0,furniture_decor
ea20f928ceaa7f146fe62a0cc8413ee5,2.0,500.0,68.0,8.0,13.0,furniture_decor
73addce461f9a4a22c793886b6d53ffa,2.0,20650.0,36.0,50.0,70.0,furniture_decor
16dad26c65775eab24c647539df6cc53,1.0,2000.0,25.0,50.0,25.0,furniture_decor
96537ba8cc2b7b2d74ef574b5e78d458,2.0,2350.0,38.0,7.0,28.0,furniture_decor
3d6c02b4d1a6c303569fe075e0c01831,2.0,3000.0,69.0,11.0,11.0,furniture_decor
4094a0149a0f4da09703696fe235617c,1.0,800.0,30.0,3.0,19.0,furniture_decor
6400587d9225c4ea09f3d5ae53860c11,2.0,2800.0,35.0,30.0,35.0,furniture_decor
a15665e2f4e7dbf282a846552c8be1ee,1.0,1300.0,40.0,30.0,40.0,furniture_decor
0a8699af8de9f3c25f80fe9b530df153,3.0,2500.0,65.0,8.0,45.0,furniture_decor
00d93a09990b319a7c946ed7a8c67656,8.0,3400.0,42.0,16.0,26.0,furniture_decor
663672ba9d02ab854b20231eb7e0b827,1.0,300.0,35.0,10.0,25.0,furniture_decor
f000b8e179dc162f26046103cd109ea3,4.0,27350.0,100.0,20.0,20.0,furniture_decor
ed9eb16f4c6751d893cde24a3284b281,1.0,100.0,22.0,6.0,11.0,furniture_decor
caf540627b7914ab734c86495fdc95ee,1.0,13300.0,45.0,35.0,45.0,furniture_decor
cdcb7ac87f58c318640a7e7fded46a4e,2.0,17350.0,40.0,50.0,40.0,furniture_decor
f6f66f6bb78ecbb86093da5be2f40304,4.0,2650.0,105.0,3.0,70.0,furniture_decor
188d0b148e6d1c86faffe0d73c3f2dad,2.0,7650.0,25.0,25.0,25.0,furniture_decor
74b37d6e66e61aa0e4a79209aa28ccf2,2.0,600.0,68.0,8.0,13.0,furniture_decor
68a806c992c807c249f0a433a4e9a1f4,1.0,1400.0,40.0,10.0,40.0,furniture_decor
8ebd584f33b5fdca6428a5130d6e17d2,4.0,425.0,30.0,10.0,21.0,furniture_decor
d41abc00681320620cf860628356401f,2.0,1050.0,25.0,20.0,18.0,furniture_decor
4bbf316ae7ff594890e582c054a6213e,4.0,1275.0,35.0,13.0,23.0,furniture_decor
78af039af208ab37d0c1d03faff0866f,1.0,1750.0,35.0,45.0,35.0,furniture_decor
1f50c7757334d6acef5e3c5fa64eb3c7,3.0,700.0,24.0,19.0,22.0,furniture_decor
d656fadaaa736b38039b6b92c7bcb5de,1.0,600.0,25.0,8.0,25.0,furniture_decor
f0f25035bed5ba1a75a678c0f9f09190,1.0,1300.0,34.0,6.0,26.0,furniture_decor
986870b9985d95ef6205bae1953a61a5,1.0,300.0,16.0,30.0,20.0,furniture_decor
6ddc8b938d09dc6cdc48aff7252e5f0e,3.0,200.0,35.0,2.0,25.0,furniture_decor
640fcadaeb5f06f26d6b07d366cebd34,3.0,2550.0,65.0,8.0,45.0,furniture_decor
c29a770821480abc0e0150220a24e7cc,1.0,1000.0,40.0,6.0,32.0,furniture_decor
b625929cf412ff2c73f64485b23a5202,8.0,950.0,31.0,11.0,26.0,furniture_decor
1dcff375b928a1807562ea4a895a8046,3.0,1100.0,30.0,11.0,11.0,furniture_decor
c64343b6e8d5be28f6564c6959cdfa7c,1.0,3500.0,60.0,40.0,42.0,furniture_decor
bfce5e847034e1fbbc1ed0bff6a372c7,1.0,1800.0,40.0,8.0,30.0,furniture_decor
5b22ee51ed70519e97ac231091d12a51,1.0,50.0,19.0,7.0,16.0,furniture_decor
ea73128566d1b082e5101ce46f8107c7,2.0,2500.0,49.0,13.0,41.0,furniture_decor
90f83991bae254d0fd02bdddaa20b340,1.0,1400.0,40.0,10.0,34.0,furniture_decor
d58fee6a26472392dc2450375c7f935a,1.0,1000.0,40.0,7.0,34.0,furniture_decor
f26e831dd6a085fbe6c442ba3efb970f,1.0,1050.0,25.0,25.0,25.0,furniture_decor
91ebe9416c3c012500b800bd56e5f836,10.0,700.0,35.0,2.0,25.0,furniture_decor
2d58f9383bf9170598663ad36c0859a2,3.0,1200.0,34.0,8.0,24.0,furniture_decor
320e20e13905991b0d83e8f181fcc196,2.0,300.0,80.0,10.0,60.0,furniture_decor
a3126b78e50cb94ff1a2826837bc6877,3.0,650.0,68.0,8.0,13.0,furniture_decor
c50663262403f916d58303c231e7ed3a,7.0,1100.0,31.0,11.0,26.0,furniture_decor
1f1354b0aa934e7ad75546467a6d028b,1.0,400.0,37.0,15.0,27.0,furniture_decor
3efc85af0f3cf5746f41ac6f4c9070da,4.0,400.0,29.0,12.0,23.0,furniture_decor
ddb282389fb7c7594479b90a76e4d884,2.0,600.0,65.0,11.0,13.0,furniture_decor
d906996541fe72f17ffc4a1434994857,2.0,450.0,35.0,8.0,35.0,furniture_decor
882ebbd926d1093b09ff76e976866954,1.0,2900.0,43.0,5.0,30.0,furniture_decor
244811270c7c86b6cec6e934c059e086,3.0,5400.0,46.0,7.0,46.0,furniture_decor
1b9f1774447f0b4aef58c96227324048,2.0,50.0,16.0,3.0,11.0,furniture_decor
e503a0c255ccb611962015bac936f938,7.0,30000.0,60.0,64.0,60.0,furniture_decor
08ba023e3ad57b10b6d5378ce3f22f9a,1.0,1100.0,42.0,3.0,32.0,furniture_decor
d018c7ba1ccfa2cb5c49f3874ee36e19,1.0,2400.0,32.0,47.0,32.0,furniture_decor
2d209263196b2e0a0af4a597aed62903,7.0,13900.0,50.0,35.0,35.0,furniture_decor
f2a4a74038882bf1adc8a466962559ec,4.0,600.0,25.0,10.0,25.0,furniture_decor
ce28e83906c41f4170cf100324d80811,2.0,350.0,69.0,11.0,11.0,furniture_decor
238eaac32ec7d0a2881b728d4c3758b1,1.0,900.0,50.0,20.0,40.0,furniture_decor
77794668e2278bf0045019b0d8a308b2,1.0,900.0,40.0,10.0,34.0,furniture_decor
e937b8761a1d9d6a0bd0011a17531744,2.0,18233.0,47.0,60.0,23.0,furniture_decor
2ceff1056fe5bd4ee443433402962fa4,1.0,300.0,16.0,30.0,20.0,furniture_decor
c82f1b01c42306423e552a3df6875291,4.0,800.0,21.0,21.0,21.0,furniture_decor
ab616e3e77440ec426347964a3489108,1.0,3050.0,30.0,12.0,30.0,furniture_decor
8eb8da639b6e68ec3b2f3e02d5d6a4b4,1.0,1250.0,35.0,35.0,35.0,furniture_decor
da5220901a7753c4ebfd78f339e051c9,1.0,650.0,20.0,20.0,20.0,furniture_decor
d663d4b73201ef3c8cda9b476e38c9f3,5.0,700.0,30.0,5.0,48.0,furniture_decor
a57ab86297770909f4b2ab98b15bad66,1.0,13100.0,49.0,25.0,49.0,furniture_decor
489b5af4a311587c81ed419dced92dba,3.0,600.0,16.0,16.0,16.0,furniture_decor
a3e5f9cbee551f620eb3c85fed57c5f8,3.0,500.0,68.0,8.0,13.0,furniture_decor
dc6137fdd9c6f341c65966c89c746bd4,1.0,700.0,30.0,20.0,20.0,furniture_decor
99cf040981f9215bd37759463a211f34,2.0,533.0,45.0,4.0,35.0,furniture_decor
f88585b513695493f26dbffb34c01e75,1.0,500.0,30.0,16.0,26.0,furniture_decor
1fdac0720456c9b74b0a93aeb821d5a2,2.0,200.0,16.0,11.0,16.0,furniture_decor
55d8539374199d777e55eb6d3306badc,1.0,1780.0,20.0,55.0,68.0,furniture_decor
6848854ba286220d5450296fa28f9099,1.0,2000.0,28.0,38.0,11.0,furniture_decor
0ec6e7e13e4987eee4e1081a3472f5b6,1.0,1550.0,60.0,30.0,30.0,furniture_decor
f16e5b7883c1349e57bc5e92ba9e0d96,5.0,350.0,16.0,5.0,20.0,furniture_decor
90916a1ae9ea5e3c8c15c37b51834f37,3.0,300.0,18.0,9.0,14.0,furniture_decor
db49506c4a19ed884c7df231e08c564f,1.0,20000.0,70.0,70.0,12.0,furniture_decor
734b90405c30810d3c6d8029d503f4eb,1.0,300.0,35.0,5.0,25.0,furniture_decor
59472d9519d2b7956f78887301e908ec,1.0,1300.0,16.0,13.0,13.0,furniture_decor
ca1bcde1715f1d903681187ef59e459c,2.0,200.0,35.0,35.0,15.0,furniture_decor
d7de6f5b1c0d552167bd5a8d4b45f6da,3.0,6150.0,38.0,12.0,27.0,furniture_decor
e8f492468d1d405a95e157c7530ae6bf,1.0,850.0,40.0,5.0,11.0,furniture_decor
8894c64689c2a3a29e2fff744de30e46,1.0,800.0,20.0,25.0,20.0,furniture_decor
1f9210c9ed7b87ba42a048f297fbeb03,2.0,550.0,52.0,11.0,11.0,furniture_decor
ef7902ad08e80e1e6d5b418cedaedaf7,4.0,50.0,16.0,2.0,16.0,furniture_decor
63cbf4066cf395d6634831160ddacbbd,1.0,1200.0,20.0,16.0,20.0,furniture_decor
0efe972876d70927f5099b77f387c6c7,1.0,1350.0,45.0,15.0,35.0,furniture_decor
12722654d210214a6fa95baae1e37941,5.0,3000.0,69.0,11.0,11.0,furniture_decor
c22d563bae38dd4598dc104eefa52224,1.0,300.0,40.0,10.0,30.0,furniture_decor
7c9a2f11f8700d221c0482c045f7c98a,2.0,1500.0,20.0,65.0,20.0,furniture_decor
a646939770b864f77ca0e16b99a8f526,2.0,700.0,80.0,20.0,20.0,furniture_decor
b07c988c725ddd67d0c7572a8099712d,1.0,600.0,24.0,2.0,24.0,furniture_decor
9c62adfd2a4126042e0410e01a0f1630,3.0,2550.0,105.0,3.0,70.0,furniture_decor
b532439c5052d3a85fcfedbe20e0a107,4.0,500.0,16.0,14.0,23.0,furniture_decor
810cfa5dd36b001cfc186499381f72ab,2.0,650.0,60.0,7.0,14.0,furniture_decor
78c3942245093508f8e17ffc06a0dfcf,3.0,313.0,24.0,15.0,14.0,furniture_decor
c1fe5eee19b0b5ef9cd3172bbb995bbc,1.0,2300.0,37.0,30.0,20.0,furniture_decor
378f61e89b6c50bd26a0a74c6ca046f0,3.0,1000.0,53.0,8.0,11.0,furniture_decor
bbf67b5098765762a18f2bb06b8b1b43,3.0,2950.0,69.0,11.0,11.0,furniture_decor
d0a0dff67561da5aff3fb665d91a76e0,7.0,1300.0,31.0,11.0,26.0,furniture_decor
d4d538563de6b49c547e6997f0f8be32,2.0,500.0,68.0,8.0,13.0,furniture_decor
3fc389e2eb3142d4050cc178c82de0a4,1.0,900.0,30.0,30.0,30.0,furniture_decor
e0ce26ae52c9ab0b8c8e42129d6c1996,2.0,1050.0,100.0,5.0,11.0,furniture_decor
76426979761800347e9ea486ece96976,1.0,800.0,40.0,5.0,11.0,furniture_decor
84777fa5b1c62e5e495240dfd0b2f24a,1.0,10667.0,58.0,58.0,19.0,furniture_decor
fb949f35bd1873f846cb7246d9db81b0,4.0,600.0,18.0,14.0,15.0,furniture_decor
38f6f11c49e90b02571dea02043c9e3a,2.0,3000.0,69.0,11.0,11.0,furniture_decor
c19d3d531fcbc095536275e1ecf643e4,2.0,500.0,45.0,15.0,35.0,furniture_decor
1a37e7d1d8e98b3d70e6eb7d5deee99c,1.0,2750.0,25.0,26.0,18.0,furniture_decor
6f8c25b3c340c81759238ef485d78f23,1.0,250.0,16.0,5.0,20.0,furniture_decor
93e0df39afbe96d9194642c0b9330c60,2.0,300.0,80.0,10.0,60.0,furniture_decor
f8ea5fcf9c628485e01b9c3cf52728c2,2.0,1200.0,40.0,8.0,40.0,furniture_decor
ad7d07f5775feab3f20504d1ad3fff11,2.0,2.0,11.0,11.0,52.0,furniture_decor
f2bec64d5d795250be5e5ec2d38a19b6,2.0,28800.0,60.0,60.0,60.0,furniture_decor
417cb83dd485ee72fb499bc6c5cd69c1,1.0,2000.0,30.0,30.0,20.0,furniture_decor
a9490f0e069790ddb7d8e7935ea3584a,4.0,3000.0,53.0,8.0,11.0,furniture_decor
527e17a9217166ba1744ef81423887ba,2.0,800.0,60.0,7.0,14.0,furniture_decor
068831628652b27ae554b8a66ca6adcf,3.0,5400.0,34.0,50.0,34.0,furniture_decor
f7b15dd7e2562eca90061ad295f60b6c,5.0,3000.0,69.0,11.0,11.0,furniture_decor
67024c9e5ec20f39379750aed90423fe,1.0,150.0,19.0,7.0,16.0,furniture_decor
69adf2553423d21b32e7f734196a3ab2,1.0,800.0,16.0,16.0,16.0,furniture_decor
a9fa5ce6ccf634df53e924a8ca7099ab,2.0,600.0,16.0,40.0,30.0,furniture_decor
fa38bcb3a473be0c408207618946a8c1,2.0,1500.0,42.0,8.0,32.0,furniture_decor
1db2dfac4f8c0a4499f94838b3ee0628,1.0,900.0,45.0,15.0,35.0,furniture_decor
2a9e3d335bbb23ffee8c9da6cecb7bb8,3.0,2400.0,105.0,3.0,70.0,furniture_decor
f29d3db5563db9c41d52457ffac51f9d,3.0,450.0,16.0,5.0,20.0,furniture_decor
7814c273ab16783d73a9863ebfa8b141,1.0,12250.0,45.0,35.0,45.0,furniture_decor
5ac4f7986643a944501c66a2257bdd73,1.0,600.0,17.0,17.0,17.0,furniture_decor
f861a4d17125be291c6996bb79ff59b2,1.0,450.0,35.0,35.0,11.0,furniture_decor
2647bd04a8ac8605c0034dc49d21445d,2.0,3000.0,69.0,11.0,11.0,furniture_decor
aefe4356e7a54d42df4a67468015e43e,3.0,800.0,62.0,3.0,52.0,furniture_decor
ad938d3b79856582ace5b311ab864826,1.0,1500.0,42.0,10.0,32.0,furniture_decor
980afaa22ae7fefe2118474b4bb444e6,1.0,600.0,55.0,11.0,11.0,furniture_decor
aa07dadb101ca2d652eaaec5c33c37af,11.0,3600.0,40.0,8.0,35.0,furniture_decor
58a60c7961bc8fb3a05841dc6d594658,4.0,6600.0,35.0,38.0,35.0,furniture_decor
2563ea200bfce603cc25aebc666fcbf2,1.0,450.0,16.0,6.0,11.0,furniture_decor
d2f3685018eaf6e36c6ecdb512753075,3.0,530.0,50.0,23.0,16.0,furniture_decor
fd471a043ee8b8dd27f4086495e0724c,5.0,3000.0,69.0,11.0,11.0,furniture_decor
0c90f0cece2b9c521af7c85ace4794be,1.0,4800.0,62.0,6.0,62.0,furniture_decor
5bcaab71581cabea86192eea9c13467d,2.0,800.0,80.0,10.0,60.0,furniture_decor
21a23f7375628a983f0496f2511e62fa,1.0,2000.0,36.0,4.0,30.0,furniture_decor
fd5165e9ee553f6e1bc24e5103ceb50b,3.0,1700.0,100.0,7.0,15.0,furniture_decor
81d759641b29a733d9e03e0df3155d70,4.0,10375.0,69.0,8.0,69.0,furniture_decor
d9d4c1378e3c6564f55c02bec84e8f2f,4.0,500.0,65.0,8.0,13.0,furniture_decor
1f2b62e693c588aef7be1f457137b15e,2.0,3000.0,69.0,11.0,11.0,furniture_decor
a743efb3ff4bf4f56e265e73e5c23a6c,1.0,19400.0,56.0,48.0,38.0,furniture_decor
8d8873c048c8f81781d339a726ec38dc,2.0,5150.0,27.0,32.0,27.0,furniture_decor
ba1446377b3e8fb2c3ec8c7b59a0d9ba,3.0,400.0,28.0,9.0,18.0,furniture_decor
19b602119b7d4c2ab21b0fe1b4035c2c,2.0,450.0,45.0,4.0,35.0,furniture_decor
94db494032587f32dcb342c9a808e8e3,1.0,800.0,50.0,20.0,20.0,furniture_decor
00e41fb1706dc56cc3bbdd2c1d6df362,1.0,500.0,40.0,15.0,40.0,furniture_decor
52a6f1209208ec0513d69482286f21db,2.0,800.0,16.0,14.0,14.0,furniture_decor
2929be0cb603321a26091c3f376d52df,2.0,450.0,16.0,26.0,14.0,furniture_decor
1c2862e8f831c73dd953c24b3fd5b9e2,1.0,600.0,18.0,30.0,15.0,furniture_decor
a2151451d8c68ef83187a295422a8334,4.0,950.0,65.0,3.0,45.0,furniture_decor
02f875bbe513c98bf25188a84b42dd39,4.0,500.0,19.0,12.0,12.0,furniture_decor
7e4453fdebc830f4198332526054960f,3.0,6600.0,70.0,4.0,55.0,furniture_decor
04be6baed9b1c67197a4b2dd2f5b637c,1.0,1500.0,30.0,5.0,20.0,furniture_decor
6abe34a6ed575743a8803dd6dd7ee5cd,2.0,1100.0,65.0,11.0,20.0,furniture_decor
92b82f3b6d4670bba0ae207094f1d226,2.0,10100.0,60.0,10.0,40.0,furniture_decor
21c080d8ac76a1d2b095d6353864a24f,1.0,20550.0,65.0,25.0,25.0,furniture_decor
7983db6d188350c1bd47183bb7fb0049,4.0,7400.0,40.0,38.0,40.0,furniture_decor
45d632f44d8cf0d14da29f0bb204524c,2.0,1000.0,16.0,31.0,16.0,furniture_decor
cd9e2444207cd970011fe53c19d72caa,7.0,550.0,29.0,16.0,14.0,furniture_decor
b5fd066805e6dbd581736d37d6313bb3,5.0,3000.0,69.0,11.0,11.0,furniture_decor
e93a471ae7f8acd97e41203e59a434e6,3.0,1525.0,39.0,15.0,15.0,furniture_decor
8dfb62dd226c4b734e5a51fc114de949,8.0,2000.0,40.0,40.0,11.0,furniture_decor
528f7f36cb42efa01708315b00ced778,2.0,3000.0,69.0,11.0,11.0,furniture_decor
582c166bb305eb330d28695a084720c1,6.0,11750.0,53.0,42.0,38.0,furniture_decor
8019fbe8d40bc84f08ced347ed6908d4,2.0,13700.0,100.0,7.0,90.0,furniture_decor
cd6141650f23cd9f6bd573a52d7af39a,4.0,1100.0,30.0,20.0,30.0,furniture_decor
403f76f6cb6bac59fe7dcb462ec42ac3,2.0,1100.0,27.0,18.0,27.0,furniture_decor
f79e80cef766188c58d8231218a2ae3d,3.0,1550.0,105.0,3.0,70.0,furniture_decor
95dacbf52db1d378303344b43f821cb6,1.0,1700.0,33.0,8.0,23.0,furniture_decor
9a98180ffbd0765e89f11cc8dd2385f4,2.0,1500.0,38.0,7.0,28.0,furniture_decor
db12ac2c4b6f38f091e197cece7d4a3e,1.0,900.0,16.0,16.0,16.0,furniture_decor
53d090c54ee11e8f6ea8cedfcce57519,3.0,900.0,86.0,4.0,11.0,furniture_decor
7970fc94b50ea49cd73d4f2910f2f5c7,6.0,7950.0,65.0,7.0,65.0,furniture_decor
2835bf7dc6f51f7dcd51d2ca3ab60ce9,1.0,1600.0,32.0,12.0,30.0,furniture_decor
40b6762970c412b5b5392cd0d4c006b1,1.0,1200.0,34.0,8.0,22.0,furniture_decor
957f6d6b55b78746f89e976cba785440,3.0,1450.0,25.0,20.0,20.0,furniture_decor
f05901e010ebaa3924276751a35e6004,1.0,500.0,45.0,15.0,35.0,furniture_decor
64ab807f335fbe6aed126b2b5a094538,10.0,1250.0,28.0,9.0,21.0,furniture_decor
3d77287739b6bf1ac163ce2d77570ada,2.0,30000.0,60.0,70.0,60.0,furniture_decor
2fab6789523833dd6179314d5c7da56f,2.0,300.0,16.0,26.0,20.0,furniture_decor
4428c8810d85a949afe441cc0d33f756,3.0,2600.0,69.0,11.0,11.0,furniture_decor
e15cee02291017f6f12b4115ffb417e6,2.0,700.0,100.0,5.0,20.0,furniture_decor
a80de388aa0d0380e27081e741f8408f,3.0,1350.0,69.0,11.0,11.0,furniture_decor
3fa16862566852fd5dcdb4c0e24c9db6,1.0,5300.0,30.0,35.0,30.0,furniture_decor
aa067411083105e630fe32dc30692555,1.0,9550.0,35.0,45.0,45.0,furniture_decor
aaa8957f9861aff94f589c3a0e1106cd,6.0,300.0,16.0,22.0,16.0,furniture_decor
4744ba40fb4b128ffc1c6a753711f2f7,4.0,800.0,30.0,12.0,30.0,furniture_decor
aef099a1948ab0d8a11c5a4b41ab3809,2.0,700.0,20.0,15.0,20.0,furniture_decor
db9e2ea2789762e3b0ecb627eb70696d,4.0,5350.0,52.0,6.0,52.0,furniture_decor
4da0329350218978429b287440f4b87a,1.0,400.0,21.0,5.0,15.0,furniture_decor
15b142fc0f773fb67de91301d1701894,1.0,900.0,24.0,5.0,20.0,furniture_decor
f879fadd73c7b81f0b278dacc880cf08,1.0,7500.0,53.0,16.0,53.0,furniture_decor
809ab2033b8267fc321860bf0d4dbb11,3.0,100.0,35.0,2.0,25.0,furniture_decor
caa2013f2d03e815b515557fda15639b,6.0,400.0,22.0,22.0,11.0,furniture_decor
ac934f1d1da9eb814b1158a2b5e20cf5,1.0,4100.0,50.0,20.0,40.0,furniture_decor
25a29533b41c5ea0f9f2b6848f7eb060,1.0,4800.0,40.0,25.0,40.0,furniture_decor
6c70f53b09ca3459826e97b7646aa47c,1.0,2100.0,40.0,10.0,70.0,furniture_decor
1e5748190b56004a34ec795670bffe4d,5.0,600.0,19.0,13.0,12.0,furniture_decor
2ffb8b836bb62d53a77a69a67814fffa,2.0,600.0,100.0,5.0,11.0,furniture_decor
f919da4f716dc149cef4551a322001fd,1.0,1200.0,30.0,23.0,30.0,furniture_decor
1b661808a8b3a3ec213271d42b4ce015,1.0,390.0,38.0,10.0,38.0,furniture_decor
9d51d411e0141d07a1ba31dc732b1b60,10.0,750.0,29.0,13.0,14.0,furniture_decor
47216f416d46e0b81fd0f1fd25da4561,1.0,3950.0,36.0,20.0,26.0,furniture_decor
d473f089b5ee128dde110a0f756f8ef0,2.0,1100.0,16.0,15.0,18.0,furniture_decor
a5e130225bfc3dde1f8ec32d8c37b66d,4.0,900.0,20.0,15.0,20.0,furniture_decor
b7514da5a1afd83af30e0a524b561d3a,2.0,500.0,68.0,8.0,13.0,furniture_decor
dae7d137a7eb1a685e48c83f7952b388,3.0,400.0,50.0,3.0,25.0,furniture_decor
852f63621d87c7e78bfc4246a251e11f,1.0,500.0,16.0,5.0,12.0,furniture_decor
8dc110bf643aace72cbb6e412bed2e38,1.0,300.0,16.0,14.0,14.0,furniture_decor
81d1cd44929d9c3a1f3bfd0a0c164baf,1.0,600.0,17.0,17.0,17.0,furniture_decor
37274552ed878a9f6279f30be24b1473,2.0,700.0,19.0,19.0,19.0,furniture_decor
c667317c8619402c91347027f2dadbce,2.0,500.0,80.0,10.0,60.0,furniture_decor
0b48eade13cfad433122f23739a66898,1.0,14000.0,70.0,60.0,70.0,furniture_decor
b6e406be1aa00db8be5dd3ec6b524d4d,2.0,25100.0,70.0,60.0,60.0,furniture_decor
54e423e4e4f906d5ec17e9449dda489d,1.0,2000.0,16.0,56.0,11.0,furniture_decor
bb185a3def84599e9c16a8f88bb9379a,2.0,200.0,20.0,5.0,20.0,furniture_decor
64d0feb1bcf9c7fe7b5dad3271c10910,7.0,750.0,25.0,15.0,35.0,furniture_decor
b4617aa8f46404c5a9321dcdbacc4ee0,1.0,1700.0,40.0,15.0,35.0,furniture_decor
22a0c6b3f34506fc9a6d78ff201f3dbf,1.0,1400.0,40.0,35.0,40.0,furniture_decor
36c2d6cd6fd0a6720f3ebe3379a2032d,1.0,3500.0,45.0,10.0,30.0,furniture_decor
f4efad625ed5878a2e7589dfb31c747f,1.0,16200.0,45.0,26.0,45.0,furniture_decor
156b348a4e7d61007fc06135f8a204b2,1.0,1000.0,60.0,11.0,11.0,furniture_decor
404e1dcaff65deb2f65466f9bda53117,3.0,2550.0,65.0,8.0,45.0,furniture_decor
b7b7c5293e270682d3f343c31355c52a,1.0,2000.0,35.0,9.0,25.0,furniture_decor
e06f0f9571ab1f5a365ef8b691bf6c2f,2.0,400.0,58.0,3.0,45.0,furniture_decor
5528209b7e7d4dd862211e10377355d5,4.0,300.0,68.0,8.0,13.0,furniture_decor
7933eeb8cf79ae899bfac71c0edb076d,8.0,2550.0,42.0,17.0,32.0,furniture_decor
261c7021d2e157adc42f6a537ecd5e22,2.0,400.0,20.0,20.0,20.0,furniture_decor
5a3a4cd70e21a907b71825c5ff83ddba,2.0,850.0,16.0,36.0,13.0,furniture_decor
748b2d1153c4265584b74e4574455dcf,2.0,300.0,69.0,11.0,11.0,furniture_decor
ee7de8d5e813bc4c5f9f1c38ba41e7e5,1.0,350.0,24.0,2.0,24.0,furniture_decor
8e8166ffb5959b17e74f94862044bd74,1.0,700.0,100.0,5.0,11.0,furniture_decor
d5fe61375316d1998d0aac7adbb8b9ab,4.0,700.0,20.0,35.0,35.0,furniture_decor
b34b2c889f5b26963569cf421254e121,1.0,4000.0,60.0,18.0,48.0,furniture_decor
b6f9abef16fdfec89e4f3675f6627dca,1.0,400.0,37.0,15.0,27.0,furniture_decor
99444782c6bb7269243567c2d6988f94,4.0,500.0,20.0,10.0,15.0,furniture_decor
f59971e26d747cd4c9b8f70d8f4afdfb,1.0,8200.0,30.0,35.0,30.0,furniture_decor
e27d13968e7527aaa27fba2089c13bff,1.0,8100.0,37.0,41.0,37.0,furniture_decor
d20466987c855004cda6b91a3a09da79,1.0,26800.0,56.0,48.0,38.0,furniture_decor
3438c2b09f5a1bb1ed623d3fecafe3b9,1.0,500.0,16.0,5.0,11.0,furniture_decor
6281a79f478d260d81da138f7e03c0bb,3.0,2400.0,105.0,3.0,70.0,furniture_decor
7bd043584ab4b147b9b19d9e97b299a9,3.0,2800.0,105.0,3.0,70.0,furniture_decor
a996a4fecaea5e7e2638d2c5078ebf4b,11.0,1050.0,42.0,11.0,35.0,furniture_decor
75f32a954f5bb6bde77612be80c9293d,1.0,950.0,16.0,25.0,20.0,furniture_decor
839ae04dfa2580c962dbbf9613c3e6f9,3.0,1950.0,85.0,9.0,20.0,furniture_decor
6435be64ad92f52631170f9a92718a99,7.0,1200.0,50.0,8.0,14.0,furniture_decor
05317e90a20f490f4749cd92d33e0fbb,2.0,9900.0,50.0,32.0,37.0,furniture_decor
2b50a33b93e3b489f648b9166a62e13d,6.0,1100.0,31.0,11.0,26.0,furniture_decor
0df2a7a1ee25a81b032358dbb083319b,3.0,3800.0,70.0,4.0,55.0,furniture_decor
e933ff96119efc4dd8bdd1b71e73f60c,1.0,1600.0,54.0,8.0,20.0,furniture_decor
19040720293c3389f764e7b18f9395ac,1.0,3100.0,30.0,30.0,25.0,furniture_decor
33c93d38230e17498ab3fcfdbeb98b34,5.0,750.0,30.0,8.0,20.0,furniture_decor
3e845176ca89939bffd10efd3467a090,1.0,1550.0,37.0,10.0,20.0,furniture_decor
b56d02094e37315ad2f6fdf09991cac4,5.0,9500.0,50.0,42.0,32.0,furniture_decor
d8a77723111124b921fd73b3914e8cbb,1.0,900.0,40.0,3.0,30.0,furniture_decor
f56e93f8bec270456dd5ec3272bd42f3,1.0,700.0,60.0,11.0,20.0,furniture_decor
a009f7437fb17cbfa796d4f55a13c14c,4.0,2200.0,16.0,43.0,26.0,furniture_decor
26b175faaed70e44d60762d36438e361,1.0,1700.0,65.0,6.0,48.0,furniture_decor
32ae70a1e852f24cddc353ef7d38ed0a,2.0,600.0,38.0,2.0,20.0,furniture_decor
05c723fd782f0208b09b7c86f5220a5b,1.0,1650.0,41.0,9.0,34.0,furniture_decor
608b018a4443a457a5cd1e58de213cb2,1.0,300.0,22.0,4.0,11.0,furniture_decor
162e010af9fe224d35fd8496a273fb02,3.0,1800.0,105.0,8.0,35.0,furniture_decor
e3b7ea73578fb43461cad7899a007f7c,4.0,2600.0,105.0,3.0,70.0,furniture_decor
315b901783dd3c3e52c017268cade89a,6.0,900.0,36.0,6.0,26.0,furniture_decor
872e6a0048c42c52c5bf50c2780a706f,4.0,5200.0,52.0,6.0,52.0,furniture_decor
afad7a4420a4348d41da23ed8d0902dd,2.0,7000.0,43.0,35.0,50.0,furniture_decor
a1d7fd9726f3447e898828befde19e11,3.0,2550.0,105.0,3.0,70.0,furniture_decor
7f7b2d6dd176f1687e88f04590fe149e,2.0,433.0,47.0,4.0,35.0,furniture_decor
79ccb1aca8fcf379a6ed2412fba0480e,1.0,8050.0,52.0,18.0,35.0,furniture_decor
100e8441d08795468a34832962d2eaf6,4.0,950.0,20.0,5.0,20.0,furniture_decor
bf6c420d93ff5c0a5d8fd3b6c975dbd5,2.0,700.0,80.0,10.0,60.0,furniture_decor
ccf62ee5ee151b8c5ce49beda185a66e,6.0,18950.0,85.0,7.0,85.0,furniture_decor
9e95726c7b2d65513b9f33958026cd1b,1.0,300.0,45.0,15.0,35.0,furniture_decor
bf00630db939d773babccfe2449e9075,2.0,2500.0,38.0,16.0,33.0,furniture_decor
a790e7dec58b8a74e3644ed9426b74e5,1.0,1000.0,40.0,7.0,34.0,furniture_decor
dd927d4f29ebb0702657ffc71c17c2d4,1.0,4367.0,38.0,60.0,66.0,furniture_decor
7eddc981ef745d0883e134473160234d,4.0,3200.0,80.0,4.0,22.0,furniture_decor
be4f6fe1a36e3a7abc3c966be0925070,2.0,300.0,80.0,10.0,60.0,furniture_decor
9ef6f9077917003875323be25c28c7c5,2.0,8450.0,30.0,45.0,40.0,furniture_decor
e59f9160ef2e37fd48efdb84a4c30126,1.0,1050.0,17.0,27.0,17.0,furniture_decor
bb9b2da4f8ff24846eb34e2bd128d5b4,1.0,300.0,16.0,16.0,16.0,furniture_decor
0d13a341a2916308175bc9e89bdafb73,2.0,550.0,52.0,11.0,11.0,furniture_decor
eff955ba97941dc6837a770367d66944,4.0,1100.0,32.0,11.0,27.0,furniture_decor
1cb19e405562e1d623ff6401565de70c,2.0,3700.0,50.0,30.0,30.0,furniture_decor
d3ffe9c4be46e47d76545011a7b37a05,1.0,400.0,35.0,10.0,25.0,furniture_decor
5ca6364f727e63db88d3d2aed16d7be8,1.0,5275.0,37.0,41.0,37.0,furniture_decor
e427056593d3dd66f0eac1ddbb808f22,2.0,1100.0,42.0,3.0,32.0,furniture_decor
7d04c7dea507d3f66a22b0997525b0ad,1.0,23700.0,66.0,42.0,66.0,furniture_decor
d442e913f0c7f40f97261d76f4e943ef,15.0,23100.0,47.0,74.0,47.0,furniture_decor
e1300b5f677ce8eba14ab147080d6a68,2.0,4300.0,25.0,90.0,45.0,furniture_decor
75d29df6618d4aed0c7860c0be80ebe5,2.0,300.0,69.0,11.0,11.0,furniture_decor
0c3e039a06ef40bce9a30c05a247f77e,1.0,575.0,26.0,16.0,14.0,furniture_decor
c144fdb6fc3bda28fb58900cdb37247c,2.0,6950.0,72.0,6.0,72.0,furniture_decor
d48e56be99464cbf285a9da17f618165,1.0,1200.0,33.0,8.0,23.0,furniture_decor
a4ea9c0ad9f13236720b9027254545a8,1.0,850.0,40.0,5.0,11.0,furniture_decor
f8ca22f13e0b58c30e9a8822f20d9ba9,3.0,12200.0,51.0,56.0,36.0,furniture_decor
70eb8ec63fd4f2a0bf8607712407727c,1.0,2050.0,20.0,15.0,20.0,furniture_decor
2a5e8a686fea7f74cb246f729a53e650,3.0,2150.0,36.0,31.0,19.0,furniture_decor
479d5974c7824b584a62c88885c957b4,1.0,600.0,65.0,2.0,13.0,furniture_decor
f1f47f712d19a52644c70a297ee0e27c,1.0,100.0,40.0,15.0,35.0,furniture_decor
a9418952bd0aee716d44d25d706561b0,2.0,2300.0,95.0,5.0,65.0,furniture_decor
5a88e7d9d1beebd07d6d9e9e6eaf71c5,1.0,800.0,40.0,5.0,11.0,furniture_decor
bdcec8e22b04a8f4241d87bcfe9ea877,3.0,500.0,40.0,12.0,25.0,furniture_decor
f516d692e2bf83614119de3286a12fca,2.0,400.0,18.0,10.0,20.0,furniture_decor
6670f250c92cd5a678aea84ab6a19dd5,3.0,950.0,36.0,30.0,19.0,furniture_decor
9ce6c37f9df63de67692c3f7d4d209f1,11.0,1100.0,31.0,11.0,26.0,furniture_decor
6d83b30a8dcfb49e62c0a31eb22521fe,3.0,1500.0,36.0,18.0,17.0,furniture_decor
47a83ac845f953b889154d9963dbc1f8,2.0,100.0,30.0,4.0,20.0,furniture_decor
e518b28b071fde92b9d68d1ad51dcdb5,1.0,1450.0,35.0,6.0,28.0,furniture_decor
b1d1dedf9404cb40c2cb575270828994,1.0,7700.0,45.0,40.0,45.0,furniture_decor
58a96ae04b90563cde5becdf0ee2e823,2.0,24100.0,60.0,40.0,60.0,furniture_decor
419ad775cb3c503c2ef135826f81065d,3.0,550.0,33.0,16.0,16.0,furniture_decor
ddb9d7913729b57995fa4b279dc0dcf3,3.0,850.0,30.0,20.0,30.0,furniture_decor
4d3f50f2d92dba9a93f38260dceb9838,4.0,650.0,19.0,20.0,15.0,furniture_decor
5e7f8e7aeb1f57dd83aae171dec38a73,3.0,6900.0,95.0,4.0,55.0,furniture_decor
56bfaec92c3cbd30ef16904cff16b42f,2.0,775.0,34.0,9.0,33.0,furniture_decor
664d6e6b4227a0fc34582be4a6cc6448,1.0,1650.0,30.0,35.0,30.0,furniture_decor
9b169f20f1b0ad0cd0d53d6d5f12e20f,2.0,250.0,16.0,5.0,11.0,furniture_decor
571e2f5577f9e5ac24fc2a1daee8924d,2.0,15600.0,26.0,18.0,86.0,furniture_decor
733e17885851114e4f6f5f0d929fb9f6,2.0,900.0,30.0,5.0,45.0,furniture_decor
173581ced381362760c476bec9de53ff,2.0,2200.0,49.0,13.0,41.0,furniture_decor
f9b178c9fdc90bbcfbd6c6b49ed47d4c,1.0,1850.0,30.0,30.0,30.0,furniture_decor
b7f9e962dba31973edd059ada998d699,1.0,1200.0,21.0,28.0,21.0,furniture_decor
908071e6f99433fe356fcfaa41fd1d1e,3.0,500.0,28.0,10.0,18.0,furniture_decor
86f024d3bdcdb9b54c9fffd92be39f54,2.0,450.0,47.0,4.0,35.0,furniture_decor
e70b02b0b99965f2ff4341de50a35c5d,2.0,4850.0,30.0,30.0,20.0,furniture_decor
26e3b00d7184f12c31e955199660692d,3.0,8750.0,52.0,23.0,41.0,furniture_decor
0d8aaee3e75a9529a387b2e0e52615f5,1.0,8050.0,62.0,9.0,62.0,furniture_decor
06b68710c4befc588c863ea38c7e4145,3.0,2600.0,65.0,5.0,45.0,furniture_decor
9b5db368c0daee4e693aa981f17d0010,1.0,400.0,17.0,8.0,17.0,furniture_decor
72d4a1fccf33a998eb237a97be04c032,3.0,2200.0,30.0,12.0,32.0,furniture_decor
f8e7dd70e57e37ce842cf20160e56df5,1.0,300.0,26.0,18.0,14.0,furniture_decor
48109ec66664d0980876acb3f06a8521,1.0,300.0,35.0,10.0,20.0,furniture_decor
65284011bab065bc5b417bfa30625349,3.0,900.0,100.0,7.0,12.0,furniture_decor
f3ae4ce1b63810f2921ff353ddbec67d,5.0,850.0,25.0,23.0,25.0,furniture_decor
bf7caf1a1caf9c42b0aac2e68e019945,1.0,900.0,40.0,5.0,30.0,furniture_decor
048c45eaa9b885243959f59ddf2b21f4,2.0,600.0,30.0,15.0,15.0,furniture_decor
6ca54e191592a843087a042b0665d7ef,1.0,2200.0,55.0,5.0,100.0,furniture_decor
e3d17cced20767fb24db3fb6a6a67b2d,5.0,800.0,22.0,9.0,16.0,furniture_decor
7b891eb61a8d750ec200483059eecfe8,2.0,600.0,80.0,10.0,60.0,furniture_decor
6ee79a827c36202118501870afb17875,1.0,600.0,62.0,12.0,12.0,furniture_decor
cf31f1d61bc63d8a11875302f38263bc,1.0,7200.0,52.0,52.0,17.0,furniture_decor
0e92dcf7b03df1de4e9349af065f8e63,1.0,400.0,37.0,15.0,27.0,furniture_decor
35bb9bb34081e700884cfbc67daceb12,1.0,8000.0,52.0,18.0,33.0,furniture_decor
a1412569d6d8b10733d218dac1ab86ec,5.0,800.0,34.0,8.0,44.0,furniture_decor
bfdd5b3ebd8caed3cbd037fd900ac21c,9.0,1200.0,40.0,15.0,28.0,furniture_decor
f293394c72c9b5fafd7023301fc21fc2,3.0,1800.0,32.0,6.0,28.0,furniture_decor
d82a90d0f172a50138e2a54daa510e8b,1.0,3000.0,69.0,11.0,11.0,furniture_decor
8a12254c44b230303e05d8e1cb4be350,3.0,2850.0,104.0,9.0,20.0,furniture_decor
191f3eac7d624242f8eec11e472b877a,1.0,5900.0,47.0,37.0,38.0,furniture_decor
4610f9bc86835033aab4160bcb1c3d27,1.0,400.0,16.0,34.0,34.0,furniture_decor
3b94e26edc496743bbce82c42f0a9903,4.0,400.0,50.0,3.0,25.0,furniture_decor
15de022edf1005363381e66bed514528,2.0,100.0,16.0,3.0,23.0,furniture_decor
501c6da13fd2e5d497c42b29eeddc95d,2.0,200.0,20.0,85.0,30.0,furniture_decor
2d3a6bdc41b55fc4a14a6e70621940d7,2.0,6200.0,35.0,35.0,35.0,furniture_decor
1533438056d9a9bcb1295afd304e36df,2.0,500.0,35.0,8.0,35.0,furniture_decor
8060b4a1aeecf25a9ada1fc0f6e142dc,5.0,200.0,16.0,5.0,20.0,furniture_decor
26d7ac00b95e35c6592f0c0b289179f6,1.0,500.0,24.0,2.0,24.0,furniture_decor
c261f239575a146a38e4d4c72b58f403,11.0,10300.0,70.0,25.0,55.0,furniture_decor
97fd40ea17a0e785880ce09373b2900a,1.0,1200.0,54.0,8.0,11.0,furniture_decor
c57b94c82ebde2f6789cc52101988d19,7.0,2100.0,36.0,11.0,26.0,furniture_decor
382d28bfa85a9857cd10bfdb1b8b7f80,1.0,3300.0,23.0,16.0,23.0,furniture_decor
b802f976da6557a6c3354618c2056d18,3.0,350.0,22.0,3.0,19.0,furniture_decor
2196812e80b905c7071389c10ad035d3,2.0,1500.0,69.0,11.0,11.0,furniture_decor
f739e9151702508b18f796c53005e5e9,2.0,1000.0,69.0,11.0,11.0,furniture_decor
ea7372593696ba29709de6d6d3092f48,3.0,8100.0,80.0,4.0,55.0,furniture_decor
81fad99d75a97d6ea46263987cc218a9,1.0,900.0,35.0,9.0,25.0,furniture_decor
ef66e63137bdd1b2e44aa968646fc1e3,1.0,750.0,20.0,35.0,20.0,furniture_decor
58996344af284b05e0909b85f26dee46,3.0,2550.0,104.0,4.0,68.0,furniture_decor
95e25af33821b9d231e06f1e7cd34d4e,1.0,2600.0,18.0,40.0,13.0,furniture_decor
fc276546b539ea9ad62827c2a5e2ae42,1.0,550.0,25.0,25.0,25.0,furniture_decor
8dc068efed6312b226cb8f74127314c9,1.0,500.0,23.0,9.0,23.0,furniture_decor
60dfe129ad287ca8cd2656a8151138ad,3.0,2450.0,105.0,3.0,70.0,furniture_decor
1b7c03297b91c3accb749dfadbac7bbe,1.0,300.0,16.0,30.0,20.0,furniture_decor
c505337344cd0e2eac331aaf4d348743,1.0,4950.0,36.0,41.0,36.0,furniture_decor
18d79c2b73a6d9e34208eaf182edd13d,3.0,7900.0,99.0,4.0,50.0,furniture_decor
b820acf9bf8fde90adc0b03e82045f77,5.0,30000.0,80.0,10.0,50.0,furniture_decor
718fd998840023f0abc77f4ea97e6018,1.0,700.0,17.0,17.0,17.0,furniture_decor
cbc12130f2e546a8888db10826f56f52,3.0,7050.0,100.0,20.0,20.0,furniture_decor
33bb7da523efcdef6cd2996cbf72d081,2.0,1150.0,69.0,11.0,11.0,furniture_decor
4e1de4e68983a0bb4f3ac7d20d651e85,2.0,50.0,16.0,3.0,11.0,furniture_decor
08e9cbdf0ec7e3f5a265ebba500bcc73,1.0,6700.0,51.0,63.0,34.0,furniture_decor
99977819f93de86edd087f696bc75e57,2.0,810.0,21.0,28.0,41.0,furniture_decor
aafa97a9b1e2b3eff1702a24f1d058e9,1.0,200.0,25.0,2.0,17.0,furniture_decor
2b5bed5ddd304876b5d0c3eca2b6cbce,1.0,1400.0,35.0,9.0,25.0,furniture_decor
f02d2666e92bec1257a6b1ebe94274ea,4.0,100.0,28.0,16.0,16.0,furniture_decor
4d2c3ee422e4c891e4b715c4ede15ca6,6.0,7150.0,105.0,5.0,65.0,furniture_decor
8e0aa05a387182c8ef3cd13b6131e60f,1.0,1800.0,44.0,14.0,33.0,furniture_decor
c2f370a2ed4594086e73404c0fb63db9,1.0,700.0,70.0,8.0,70.0,furniture_decor
78514b0a0cec96621010b7b6a2bfd6c6,3.0,450.0,50.0,3.0,25.0,furniture_decor
c89e8c067337f726514a8ef42a523811,1.0,100.0,16.0,88.0,16.0,furniture_decor
67a1e52f1184a4ffecff3b0a80d00889,1.0,8500.0,52.0,15.0,52.0,furniture_decor
154696c4f8e96ed48f0c191eb09c0683,1.0,150.0,19.0,5.0,25.0,furniture_decor
c33af1c0bec994ff07664ab6dcae7a86,1.0,800.0,23.0,3.0,23.0,furniture_decor
4be2adcd3d80c43a90cb97d7efbeedc4,3.0,150.0,35.0,2.0,25.0,furniture_decor
ea3da91e6ba865972f9344cb9265296b,1.0,10500.0,36.0,47.0,36.0,furniture_decor
8340594577e768fdc5ceb3c3973a064b,3.0,450.0,16.0,5.0,20.0,furniture_decor
0cc13a424dc207f8c4d3b26ea1cd384c,1.0,5300.0,27.0,47.0,27.0,furniture_decor
f999054b306fee895e8d378522bf5c80,2.0,550.0,68.0,8.0,13.0,furniture_decor
0bd5c2b2dd207f23739a694f006d63e6,2.0,2000.0,80.0,20.0,20.0,furniture_decor
a8bf9a06bef0fe4106c1fc0df21a5eb6,1.0,1100.0,30.0,4.0,20.0,furniture_decor
95b5038cce133b8c926678c768012103,2.0,2550.0,69.0,11.0,11.0,furniture_decor
d74cff293606b10cc488bf29afb368ed,8.0,1050.0,31.0,11.0,26.0,furniture_decor
8f3e68cbfd56c030ceed9696c2e78620,3.0,16650.0,55.0,50.0,55.0,furniture_decor
65ab7c6f0a27faa074489b102323639a,3.0,15200.0,40.0,60.0,40.0,furniture_decor
1029c7348ca63cafc3b859dec2d705d3,2.0,925.0,35.0,7.0,33.0,furniture_decor
de533fe5b9448ea9792195806938dbf5,1.0,1650.0,35.0,23.0,35.0,furniture_decor
a963b6b0ba2dd73f51cb8f84855094fc,1.0,500.0,40.0,15.0,40.0,furniture_decor
2d78dc9b1f4a5d1ceb28287b82d85b86,3.0,1150.0,100.0,7.0,12.0,furniture_decor
31959c80177d03b7e67c88baffa71d6e,2.0,7350.0,35.0,35.0,35.0,furniture_decor
a3daee3915d4fb98376e039ede6bdea6,1.0,6450.0,35.0,30.0,35.0,furniture_decor
6fc983af1a5229efebcc40ab26d6226c,3.0,750.0,16.0,5.0,20.0,furniture_decor
100c85a71d709c9f00d0381b88853c35,2.0,850.0,80.0,10.0,60.0,furniture_decor
3dee4915c4189291d7c8b79da897ca3a,1.0,2200.0,37.0,25.0,36.0,furniture_decor
27761f21b03a32be1aad6ebaebddd747,2.0,13000.0,70.0,60.0,60.0,furniture_decor
8db00478f9801fc2f1a125d1dc78d3f1,1.0,900.0,40.0,8.0,40.0,furniture_decor
d6c084a3a3efeccb338446b39dd37316,2.0,200.0,18.0,9.0,14.0,furniture_decor
609fbd406d12c21df437041d36421dbb,1.0,1600.0,47.0,6.0,41.0,furniture_decor
1042c4a6f451ec0825e8accbd9486349,1.0,3600.0,30.0,30.0,30.0,furniture_decor
6f9771652ad5ec58e58f50475d6bfe0e,3.0,1200.0,39.0,30.0,39.0,furniture_decor
e00c537178247f52d3e9fe9612a8b518,2.0,2900.0,35.0,30.0,35.0,furniture_decor
fd979b0722a18a4fb9dfe333eefeead2,5.0,1150.0,29.0,15.0,49.0,furniture_decor
aca2eb7d00ea1a7b8ebd4e68314663af,6.0,2600.0,50.0,10.0,30.0,furniture_decor
72051794ce762053e191b35035073fd6,1.0,2600.0,100.0,6.0,31.0,furniture_decor
84de44e3c2ce8920c251f5d48aac6132,1.0,2050.0,25.0,77.0,15.0,furniture_decor
a25b58b67aac0bfa8888a3b7582ea77c,7.0,5250.0,90.0,12.0,30.0,furniture_decor
199f076c011ea5e8b546bff05d4f2477,3.0,1300.0,105.0,15.0,15.0,furniture_decor
1c0c0093a48f13ba70d0c6b0a9157cb7,1.0,2500.0,47.0,21.0,41.0,furniture_decor
fd6d9e3d204e6e693f4edd48ac33487e,3.0,3000.0,69.0,11.0,11.0,furniture_decor
674479daa617984023f920fb23b7de94,5.0,400.0,16.0,5.0,20.0,furniture_decor
abf445725a52caebfb3c1cdb75dd2de4,2.0,500.0,53.0,8.0,11.0,furniture_decor
793b8fa20a40b4b14c94ab9681bf13b5,3.0,700.0,18.0,24.0,18.0,furniture_decor
6a25cafd9048b9e5c75635e17545bff6,2.0,8050.0,80.0,10.0,60.0,furniture_decor
1c9c1e9c68e2311f81258433b7e0092b,1.0,1000.0,41.0,23.0,25.0,furniture_decor
f04c24eaa43e9192315d3aa0b3f00c1c,1.0,1200.0,25.0,25.0,25.0,furniture_decor
19b7d3eaa7343bd751c222bd14f44fa2,1.0,650.0,65.0,2.0,13.0,furniture_decor
825993135690981b6014a46dbe75707e,1.0,1000.0,20.0,15.0,20.0,furniture_decor
78120320a8a3d2656f159d513fcb83b6,4.0,650.0,25.0,14.0,19.0,furniture_decor
2731fcd394a537e7af870051621316b1,1.0,8500.0,35.0,45.0,35.0,furniture_decor
1168d8ebfef41c2720053c4c9f78ac87,2.0,1050.0,69.0,11.0,11.0,furniture_decor
81c6b0f031d89938fce1df449b3b464b,3.0,100.0,16.0,3.0,23.0,furniture_decor
e7af40def3d91115bb8006a1c7525ea0,1.0,1300.0,45.0,14.0,35.0,furniture_decor
f0af7ec9760e53f21277444f32ee3308,1.0,1300.0,40.0,10.0,34.0,furniture_decor
bfc622386cc86a16ee177fbd977fe4a7,3.0,800.0,45.0,45.0,20.0,furniture_decor
02a60f0074f36110106a16d15267aad5,1.0,450.0,32.0,2.0,22.0,furniture_decor
64b99eed898c1b99a94d93cbf5873690,1.0,1750.0,45.0,15.0,35.0,furniture_decor
77fd0803982844397705c756614105c7,2.0,8600.0,40.0,30.0,40.0,furniture_decor
0de0af2336d127802abb8c8763f46afb,1.0,10150.0,55.0,30.0,33.0,furniture_decor
29c9a765d2ce9ee6d6ee72d6c316b9ef,4.0,14900.0,40.0,60.0,40.0,furniture_decor
e0ab3fcfb0c3a63324f2797e03bc4199,3.0,650.0,40.0,36.0,28.0,furniture_decor
9af1e4e7176c0444995f217a1bfe7f1e,8.0,1200.0,31.0,11.0,26.0,furniture_decor
cc1cb33bcc814aeaa4631761a34bd23e,4.0,150.0,16.0,8.0,16.0,furniture_decor
2d6b812c811ee4ef384bf40877c73706,2.0,600.0,16.0,16.0,23.0,furniture_decor
08dc49f9b802f2e81c55f4b810bbf1f5,1.0,400.0,60.0,7.0,11.0,furniture_decor
218c9d6d7c61785529b97cf822756207,1.0,700.0,41.0,23.0,25.0,furniture_decor
1648c250bc294f3df8137d9a38d42a65,2.0,600.0,68.0,8.0,13.0,furniture_decor
9e45be91c990797c9bb60ce6fa369bff,4.0,2500.0,105.0,3.0,70.0,furniture_decor
ff62ab4c255754dd5cfbd1822cd97b40,2.0,11850.0,23.0,70.0,42.0,furniture_decor
b0851f698789d7776fe66be8d6d4a9c6,1.0,900.0,41.0,23.0,25.0,furniture_decor
616c1294c57a15354902fb69420fdc2f,1.0,1400.0,45.0,15.0,35.0,furniture_decor
4737840499dd8ffb4c3e54caf8a3ab9a,2.0,13700.0,100.0,7.0,90.0,furniture_decor
8814a3da37fb9673a5ac06f82a2a00a9,8.0,900.0,31.0,11.0,26.0,furniture_decor
da78a87e4ca3fd6a514e8d9b73ece938,2.0,800.0,35.0,13.0,22.0,furniture_decor
4c6da5fa882447ab7e8d0fb767f8aa99,11.0,9000.0,70.0,25.0,55.0,furniture_decor
749dd3b99b0957b8df1df1679dd1af6a,7.0,500.0,35.0,2.0,25.0,furniture_decor
b1ab3619ae093935fbb0e0033ac2046f,1.0,7300.0,40.0,40.0,40.0,furniture_decor
674c3c475a80639c0b66fcbbea50a286,3.0,850.0,35.0,5.0,26.0,furniture_decor
c7287c42473206267a78a2189981a42e,2.0,950.0,55.0,11.0,11.0,furniture_decor
cf69d780077ed6cd5369b53aa63cd0d3,2.0,8500.0,50.0,10.0,41.0,furniture_decor
e087cb77e9a24e317f4ba08077fa6226,2.0,1450.0,69.0,11.0,11.0,furniture_decor
cf6db73155e09a3583117d7dbeeab445,1.0,950.0,40.0,2.0,30.0,furniture_decor
08528915e9c75fe961048c13928b527f,3.0,500.0,40.0,11.0,35.0,furniture_decor
1ad3f793ff482f29c15596c3bc596812,5.0,300.0,16.0,5.0,20.0,furniture_decor
b0a0d47f42d23f27388952b8821a9517,2.0,575.0,63.0,11.0,11.0,furniture_decor
e605538d760f85a1652bc128c724ab31,1.0,8100.0,56.0,48.0,38.0,furniture_decor
1a8ffdee10d64528eb046117521d3953,1.0,550.0,35.0,23.0,35.0,furniture_decor
3d9b170c9004474584d9bfed012351fa,3.0,750.0,41.0,8.0,31.0,furniture_decor
636c9bb126460aab67cbbc8a977685d0,4.0,600.0,17.0,12.0,22.0,furniture_decor
6b64362e89896be7589621df54be089e,2.0,3000.0,69.0,11.0,11.0,furniture_decor
90c6f8e7eb269e93626beb64379a8df9,1.0,1400.0,53.0,8.0,11.0,furniture_decor
38462186c76afb66be5333598ba583cc,1.0,300.0,32.0,2.0,32.0,furniture_decor
8be6fb1ab4cbbffbe7f353f78ce7f8ab,1.0,15200.0,35.0,45.0,45.0,furniture_decor
c60375672af95c47a105065af56ba16e,3.0,2100.0,25.0,25.0,25.0,furniture_decor
35b9cce4c9cd4359551a3d702b25ad4c,3.0,300.0,34.0,21.0,34.0,furniture_decor
18f30e92d58932a17e40b403951b2861,5.0,2750.0,69.0,11.0,11.0,furniture_decor
32900f7eff5b58558727f11a07d1bcbd,2.0,350.0,69.0,11.0,11.0,furniture_decor
6be1edd09e2decfd7bb76220355bc693,1.0,250.0,16.0,30.0,20.0,furniture_decor
b425f28bf3d41f70cc18da7a525ee65c,1.0,600.0,20.0,10.0,20.0,furniture_decor
aacedc250d7cd501e3edd7550aec2ed2,1.0,2800.0,50.0,20.0,40.0,furniture_decor
0138b665025e0b24bfa6206d97b0f117,2.0,1000.0,44.0,4.0,44.0,furniture_decor
b89603272c5e7806893eb03712a0b937,1.0,400.0,30.0,10.0,30.0,furniture_decor
d7c2baa900206125473075048a2a39ea,4.0,705.0,26.0,16.0,17.0,furniture_decor
edaa2bd93560f6d79e10b21fa2858004,11.0,2350.0,36.0,21.0,36.0,furniture_decor
140a8324a66db81d299b24b30d93098e,2.0,8450.0,40.0,32.0,40.0,furniture_decor
791ca2a1ab6775e9c7e950de10febc1e,1.0,900.0,40.0,15.0,20.0,furniture_decor
6131240aedf34224270cd6f07e8229e4,1.0,250.0,28.0,6.0,31.0,furniture_decor
cf36ff4eff95a0e88ade26f685c1f8a1,2.0,500.0,80.0,20.0,20.0,furniture_decor
4281803fa72c51eef83d338cc2fbfa7b,1.0,21300.0,44.0,44.0,70.0,furniture_decor
9095cc132e4b4b51fc6c86fd7ba352b1,1.0,2000.0,40.0,20.0,28.0,furniture_decor
adf24c4c9e90e7054d07309a04c419d0,1.0,1500.0,105.0,4.0,15.0,furniture_decor
72bd0a03987cd55970cb61c661cd90c8,3.0,2450.0,105.0,3.0,70.0,furniture_decor
959ca5782f1faf91ab505cc47fb3c808,1.0,800.0,25.0,37.0,36.0,furniture_decor
270447c8593b4b89e594781f9f1aff84,1.0,9700.0,45.0,30.0,35.0,furniture_decor
5ca6a40fbc611451486b6525c655c64b,2.0,400.0,16.0,26.0,20.0,furniture_decor
683bd50ffed3cafad7195b89d9d5f07d,1.0,400.0,70.0,8.0,70.0,furniture_decor
324c1045d038cd3db368aee137a3114d,3.0,150.0,35.0,2.0,25.0,furniture_decor
7f524cd9e1d47c5aa4b15b54d6d146cb,1.0,1000.0,16.0,11.0,11.0,furniture_decor
a703c0428c3b87676470d0432bfa8443,1.0,500.0,65.0,7.0,20.0,furniture_decor
72bf8fd8b4596a7fa2c2cfab031204ed,2.0,200.0,19.0,10.0,16.0,furniture_decor
94bf3dc3d35d6e2dc1be8edffe180c59,1.0,1100.0,30.0,4.0,20.0,furniture_decor
2e6be77a8a0914080c1e8b6f3dde836b,3.0,300.0,60.0,11.0,11.0,furniture_decor
2bceab103a1ed05128606476d59db128,1.0,24600.0,70.0,67.0,26.0,furniture_decor
b363ba4802d9eca552da85a1125747eb,3.0,6200.0,62.0,6.0,62.0,furniture_decor
0daacc5e5ecc8beeaccc9e5b96c30f70,1.0,600.0,32.0,17.0,32.0,furniture_decor
2c715979f8471e42e0daeeb855f04f9c,4.0,1550.0,69.0,11.0,11.0,furniture_decor
993245facdeea0014e73a3e18750c123,1.0,2050.0,30.0,30.0,20.0,furniture_decor
d0825229639d1afa9bd533314e27d7c8,2.0,21700.0,42.0,42.0,42.0,furniture_decor
44062317bd4d9fe1392633939a1dcd6b,3.0,600.0,16.0,17.0,17.0,furniture_decor
a50b1500d1f7ec62d2f3fba260974613,7.0,1850.0,40.0,12.0,20.0,furniture_decor
859c76e39d1772297ad710c70f15cf34,2.0,600.0,20.0,28.0,12.0,furniture_decor
004552d98c5d3653af8b4dbe8def0048,1.0,900.0,100.0,11.0,12.0,furniture_decor
f3a168ca0d5b87d0c7e2604787e3df23,5.0,700.0,30.0,6.0,22.0,furniture_decor
7dba49d05059dfa721e63caf83965829,1.0,17100.0,56.0,38.0,48.0,furniture_decor
6bf5b542b699bd09889aeb3917464f49,5.0,2950.0,69.0,11.0,11.0,furniture_decor
21d8df2fdfe62af4f016be4e49e78f2b,5.0,3000.0,69.0,11.0,11.0,furniture_decor
b99aa566793f3b99ab8bee7b285221de,6.0,2400.0,40.0,37.0,40.0,furniture_decor
d4ad7ea401df376d63728c3646895d49,1.0,505.0,70.0,9.0,11.0,furniture_decor
22c73d4d1eccb8e2ef7a084b3e345b30,4.0,300.0,50.0,11.0,11.0,furniture_decor
a8fd2715c837d04bac16cf90155919f8,2.0,1200.0,36.0,20.0,36.0,furniture_decor
b07c5f16cf1691a1b4b959a974929c9d,4.0,14000.0,50.0,40.0,50.0,furniture_decor
6b4f6ae65a72ea8fd277893be01180f8,2.0,550.0,23.0,16.0,23.0,furniture_decor
38481079a1b7b615e150e2dc4d257bd7,9.0,1950.0,35.0,11.0,26.0,furniture_decor
310794f4911fb5f5f2add5e9ad72b21f,6.0,1200.0,25.0,17.0,25.0,furniture_decor
321a78ad1321fa42286dacdd0e9825eb,1.0,5500.0,30.0,35.0,30.0,furniture_decor
daf8adfbc53d524b875b71e3c16b653b,1.0,1500.0,30.0,35.0,30.0,furniture_decor
0c5e36ec8408cf38afb24e6dd62a19df,1.0,550.0,30.0,30.0,30.0,furniture_decor
0d3847e4cbb1d79d2e28b2156f1e11f2,1.0,23375.0,66.0,43.0,66.0,furniture_decor
7393721fda6f50eeb2b4912330e9e98f,1.0,8950.0,38.0,23.0,38.0,furniture_decor
3149cc41e8223dce87f99a27e7934730,3.0,600.0,20.0,35.0,20.0,furniture_decor
004154251837f6ac124ad4374b3a8148,3.0,150.0,35.0,2.0,25.0,furniture_decor
0645a55c7e265509606125e11b6fa2f0,2.0,483.0,47.0,6.0,34.0,furniture_decor
25e92e61080ad303ea52797f2879577d,1.0,9900.0,96.0,16.0,49.0,furniture_decor
661856216cb56d1d9e5a954c66cb136c,1.0,3900.0,35.0,23.0,35.0,furniture_decor
c856eb93568d1abd93fbc39fc0a9704e,3.0,400.0,28.0,9.0,18.0,furniture_decor
05805f52cdeb93d7684f871e599f0078,1.0,4000.0,70.0,12.0,52.0,furniture_decor
366fb80c3e571888b162f820701d4e79,3.0,200.0,35.0,2.0,25.0,furniture_decor
e6659901062c8258ead0161dec94ec0e,1.0,1750.0,20.0,20.0,20.0,furniture_decor
3cf03265103348bcecaad506bb66154c,4.0,10700.0,100.0,10.0,30.0,furniture_decor
e255f22bd6a8498835b009609ccdcea1,9.0,2800.0,36.0,11.0,26.0,furniture_decor
108952e9e1c5cbd3f2b29ec2893c33da,7.0,900.0,28.0,11.0,47.0,furniture_decor
2cb90322408fbc8131f039ac650b87f9,1.0,600.0,20.0,15.0,20.0,furniture_decor
3690ffac39b2896ed64f47bd701a9666,3.0,1200.0,50.0,11.0,11.0,furniture_decor
f392159099324f7f068dbc69e456562b,1.0,900.0,35.0,10.0,25.0,furniture_decor
e94948acefd80bfe3b134a4f5418e566,6.0,450.0,35.0,2.0,25.0,furniture_decor
6d59a3fe3140425fb175cdd1e688dc2e,1.0,400.0,30.0,10.0,30.0,furniture_decor
41b7b870b6097bb62f462bc0af141d0d,3.0,2450.0,105.0,3.0,70.0,furniture_decor
87d6047f661dc87643c40612a6eff3b3,2.0,1150.0,25.0,23.0,25.0,furniture_decor
98f0299580af2f970c0297c4610292ed,4.0,592.0,21.0,18.0,20.0,furniture_decor
9d2aec014bec7cd8ece6fbf4e6709326,1.0,900.0,40.0,2.0,30.0,furniture_decor
adb222a419f860c97ca8be0aa6f12212,1.0,850.0,25.0,5.0,20.0,furniture_decor
c3d0861113018ae43eaf47fcf5f0229b,1.0,669.0,36.0,21.0,32.0,furniture_decor
ad40d166fe5dd229396bf570cd30fdbe,2.0,600.0,65.0,13.0,11.0,furniture_decor
73b6ae51b2f37b5926d95f4c12e6c7ac,2.0,800.0,60.0,7.0,11.0,furniture_decor
0bd7e7a520ec0ac94f95b47cecc844d6,3.0,200.0,35.0,2.0,25.0,furniture_decor
b532349fe46b38fbc7bb3914c1bdae07,1.0,850.0,20.0,25.0,20.0,furniture_decor
ca49fa5bcc1635cbfcc8bd9b4ce93fdc,1.0,450.0,41.0,8.0,31.0,furniture_decor
0ec96e6d31a1493b0475805c9ae1a0a2,4.0,1450.0,24.0,18.0,18.0,furniture_decor
1aa7397df05b60bd4c46fb61543b2ddf,1.0,1050.0,30.0,30.0,30.0,furniture_decor
18fb792a3e767535d6627494950de29b,4.0,900.0,32.0,24.0,14.0,furniture_decor
9592ad22708397a628e1a616131ebbad,2.0,900.0,30.0,8.0,23.0,furniture_decor
8615de1fb2a899d19d56e5ce1fd92312,1.0,8550.0,40.0,32.0,40.0,furniture_decor
7f7e18140feaf2c2e3f17fb65825564d,1.0,250.0,62.0,40.0,12.0,furniture_decor
dcf00c265f631025da14f1a5850bacb7,3.0,1300.0,26.0,8.0,22.0,furniture_decor
a6522002275496708586383f7f137ee4,2.0,1350.0,30.0,5.0,45.0,furniture_decor
3589d24a1230be423827a1c139584dff,1.0,22183.0,52.0,41.0,52.0,furniture_decor
023473d9db1c319f2bcd010e043b2ba2,2.0,18050.0,51.0,8.0,51.0,furniture_decor
c3b271f47e73d0c9ccf1b43b7606c705,1.0,600.0,30.0,3.0,20.0,furniture_decor
520aadbf40e95a61ec8d4f2f377ff3b0,2.0,600.0,68.0,8.0,13.0,furniture_decor
701cfdaf6cb0e11a4200ec31fab1997e,6.0,1067.0,34.0,12.0,29.0,furniture_decor
dc09323879d5cfb7db6c25f6a439d5fd,7.0,3000.0,69.0,11.0,11.0,furniture_decor
55af6f61ee17f7290ce7bb14b6e38a60,2.0,2650.0,105.0,3.0,70.0,furniture_decor
813a9ef2db7efff209973a335d043c0f,4.0,2950.0,69.0,11.0,11.0,furniture_decor
ae53c522a4d40d61e15213aae5cef8d1,3.0,2800.0,104.0,9.0,11.0,furniture_decor
f9fafac43d3416d92ecc303fdeb1743d,2.0,2.0,11.0,11.0,52.0,furniture_decor
6feea907f9f949ce09d7d8ed626fd89a,4.0,1000.0,21.0,11.0,16.0,furniture_decor
4ca1bfda77dc7aef2433d6818bd53f08,6.0,1300.0,38.0,12.0,22.0,furniture_decor
03a20f79e4c056b48ce29b3e30beb0fb,1.0,700.0,60.0,11.0,20.0,furniture_decor
22bb87b27484c91c055cca7fd6d0793a,4.0,2200.0,32.0,5.0,22.0,furniture_decor
e686dd2e91daebfb0bd2a43ab3f5d803,3.0,2500.0,65.0,8.0,45.0,furniture_decor
66b5c5aebf9e74e8311c2c1955e04322,1.0,1500.0,37.0,27.0,37.0,furniture_decor
f6bd09259655a78e706a0caa947299db,1.0,300.0,35.0,10.0,35.0,furniture_decor
cc7ab11ca8cd1a04b25d30609458ab48,2.0,1400.0,53.0,8.0,11.0,furniture_decor
75f95431890ea981914bdb4772341221,3.0,250.0,18.0,9.0,14.0,furniture_decor
83aa64e20d0f6182c135bf2b63817726,3.0,500.0,20.0,15.0,20.0,furniture_decor
9df0e8a7eef2a38b74e6d5c0e224b11f,1.0,28600.0,41.0,43.0,91.0,furniture_decor
7d1f165a4a03757ada8c56e9aba9fb41,1.0,8200.0,30.0,30.0,30.0,furniture_decor
83f1e78f8eb4284eb7d20f5dc04923d9,1.0,1050.0,30.0,35.0,30.0,furniture_decor
9372674c33091b1a6cbcb8ddb9c6f073,1.0,900.0,30.0,4.0,20.0,furniture_decor
f646af315b0f3a597f69213537ca2199,1.0,600.0,17.0,17.0,17.0,furniture_decor
827c4a77226a3e7ef259d61eaa775df9,2.0,1300.0,30.0,25.0,25.0,furniture_decor
f18b61c54f1919ffa99c7ed775df2912,1.0,200.0,35.0,10.0,25.0,furniture_decor
b7a64f15c532c9eacbaa11cbef1bc969,1.0,18800.0,60.0,70.0,60.0,furniture_decor
d4fa7c305b2ffd07d12ae5a886b6cb0f,3.0,1350.0,100.0,7.0,15.0,furniture_decor
5208751f83b00433444ae85791a01bdd,3.0,2000.0,32.0,5.0,22.0,furniture_decor
6ac418b899c9f735ae62cc768e2f650d,2.0,3100.0,30.0,30.0,30.0,furniture_decor
c4069663919da113276ff2bbca201b8b,1.0,1275.0,55.0,14.0,14.0,furniture_decor
7e6bbdc9a339f86e15eb6091c994a1a1,1.0,1200.0,30.0,5.0,20.0,furniture_decor
8aae4df46baf1278422b69edbb50bd35,2.0,2.0,11.0,11.0,52.0,furniture_decor
bacd57da107b14a22ff6bb86830fd4b2,3.0,1500.0,49.0,11.0,49.0,furniture_decor
2c855454330b900b5238383ea6e815ca,2.0,2500.0,38.0,7.0,28.0,furniture_decor
ff26009ac6b838dc6cffa2d589cdbefb,1.0,3500.0,40.0,20.0,40.0,furniture_decor
bf8caf9fd8cb603716cdc03bb8f2f60d,5.0,4750.0,50.0,8.0,30.0,furniture_decor
810e2944bca9850b934e1570ba372e7d,1.0,2200.0,30.0,35.0,30.0,furniture_decor
b33e45187a97dab72b3c819e76efc972,3.0,4200.0,105.0,3.0,70.0,furniture_decor
3df9a620374297d963f991ff296639a4,1.0,1500.0,43.0,5.0,30.0,furniture_decor
f32af0a8b0bcb05b60f05e8907ad8866,3.0,400.0,16.0,2.0,11.0,furniture_decor
dd566bfbebab66e6531a129590ee8e1a,2.0,800.0,60.0,7.0,11.0,furniture_decor
3ada827a3b82590816ffa9741fa4bd03,3.0,200.0,105.0,20.0,60.0,furniture_decor
f6e6c65001237d8ad94691b224e17753,1.0,1300.0,17.0,27.0,17.0,furniture_decor
a61e653744986d43321a572f2877197c,2.0,8400.0,40.0,30.0,40.0,furniture_decor
4bafd71b0dac038a5f1a591c3b1a18b0,2.0,1600.0,35.0,10.0,35.0,furniture_decor
a5b4f317244eebd07c3e881cf54abc1c,1.0,1550.0,40.0,15.0,35.0,furniture_decor
f285eba83f21f018d6cf58aceb1a8285,1.0,5900.0,52.0,53.0,18.0,furniture_decor
fc84057c7ba16fe04a3c66cf104e02a6,5.0,8050.0,82.0,6.0,82.0,furniture_decor
28e6a89f22da7a12c26de9eaac8631a2,2.0,1750.0,30.0,37.0,23.0,furniture_decor
bcf8ab16f538b2f7bd63ebf67faef909,4.0,8200.0,100.0,7.0,70.0,furniture_decor
5984d199ed3cbe4f2736a4c24559af8c,3.0,1350.0,34.0,6.0,28.0,furniture_decor
5c3eaf54e8ee5d5378765ff16df7640b,1.0,900.0,40.0,5.0,40.0,furniture_decor
15b1f9b06d0e709552d7d8638387e09b,2.0,400.0,16.0,25.0,15.0,furniture_decor
d52463875db80535c279cf58f6f5c183,2.0,3300.0,33.0,8.0,33.0,furniture_decor
44c2baf621113fa7ac95fa06b4afbc68,2.0,7000.0,16.0,50.0,55.0,furniture_decor
b79d7f5b95f27eb1f3e1b95e7808c08a,2.0,400.0,20.0,5.0,20.0,furniture_decor
73b4a12b226263790a8726fac9f30b34,2.0,900.0,80.0,10.0,60.0,furniture_decor
d67dba1c3b73cd096ec52d02ba7f359a,7.0,1650.0,43.0,36.0,25.0,furniture_decor
9e440ee1821439fdc539a6b1372f315c,1.0,1700.0,45.0,15.0,35.0,furniture_decor
769106ca9d176076a3f0debb980e64ba,2.0,100.0,16.0,11.0,16.0,furniture_decor
a08f2d7eacff19b9201536d0c7a1d311,2.0,350.0,16.0,16.0,16.0,furniture_decor
67bf0dde94ca85e84e682a80c604807a,4.0,1100.0,25.0,23.0,25.0,furniture_decor
e7334b129a41eb82529e801da102212b,1.0,11200.0,41.0,41.0,23.0,furniture_decor
a10553a1882cc51b8910c246613fb0b0,1.0,7600.0,40.0,35.0,35.0,furniture_decor
afafa875b12e60624062223c05833433,2.0,750.0,80.0,10.0,60.0,furniture_decor
e11b7abd9eb82a586a144e97594bc05f,1.0,1300.0,24.0,39.0,22.0,furniture_decor
291cb07ce0a3ea5eb460e950b8554909,2.0,350.0,33.0,4.0,28.0,furniture_decor
c501923885535aa99ac2dd7a4e0ed7fe,1.0,1200.0,30.0,5.0,20.0,furniture_decor
3adde396ccd202b8fe21807c2b624f4c,1.0,8400.0,50.0,20.0,36.0,furniture_decor
824479121ed07485e5195dd6bfe467a1,1.0,500.0,40.0,15.0,40.0,furniture_decor
c5a988d6c58153f73f1c71e3b5ebd4d3,1.0,1550.0,105.0,6.0,30.0,furniture_decor
afae80b31b9d25add3eebd704738958d,1.0,350.0,32.0,2.0,22.0,furniture_decor
8135b72ac72267bd0dd2fe06bcee1320,3.0,550.0,16.0,40.0,15.0,furniture_decor
1923fbec9d29cfb2cb50a8e69db95cab,1.0,650.0,35.0,2.0,26.0,furniture_decor
080fb1adebef0352c017a153f2075443,1.0,10150.0,35.0,40.0,35.0,furniture_decor
1b947042ada4bafeaeb8714e1584d5b1,3.0,5950.0,64.0,8.0,64.0,furniture_decor
8ccaa3f8b171b199e37294ece30815a3,1.0,150.0,19.0,5.0,25.0,furniture_decor
a0d20b18f2a06b34206ba5933b4ec05b,1.0,2600.0,17.0,17.0,60.0,furniture_decor
7a27d105703555063bfa42ea2bfb32c8,5.0,2850.0,69.0,11.0,11.0,furniture_decor
4eb99b5f0d7e411f246a5c9c0ae27a5e,1.0,15100.0,50.0,40.0,40.0,furniture_decor
146881934618f0efaf33d04909acd195,1.0,600.0,17.0,17.0,60.0,furniture_decor
09ae0abe65d1a5ad1cecdd9db6aa70d7,3.0,1600.0,100.0,7.0,15.0,furniture_decor
5837bba0ce6e35e6f2dc5c3e223e3276,2.0,2.0,11.0,11.0,52.0,furniture_decor
dc4f0da054d6a37385d337699c7ab043,1.0,3700.0,30.0,30.0,30.0,furniture_decor
d7973e54f0df08e88e0500f722dd8bce,3.0,300.0,24.0,10.0,13.0,furniture_decor
a0ed1aca46f54c17bd17c88a799e055a,9.0,3250.0,41.0,15.0,25.0,furniture_decor
99647594018d3d18ef5c6cc75080a150,2.0,9900.0,50.0,30.0,50.0,furniture_decor
484b65b694e49886ca82fa1134e4fb93,1.0,1550.0,30.0,30.0,30.0,furniture_decor
d8342ac8b27a03e8d25280c296dfa830,2.0,3400.0,70.0,7.0,50.0,furniture_decor
dbe77c6f7f0935b442ef0c4df2ee3efe,2.0,3000.0,69.0,11.0,11.0,furniture_decor
3af9d305a8389f5badc664382683a532,1.0,1200.0,53.0,8.0,11.0,furniture_decor
9059b4009ee73aff5c683ea3b9307604,1.0,750.0,60.0,11.0,11.0,furniture_decor
9ada4c8f4e072df42ff63b30520b6975,1.0,4150.0,30.0,35.0,30.0,furniture_decor
55279b0710ffb17d56db631cb318c47a,1.0,2400.0,40.0,35.0,35.0,furniture_decor
f06796447de379a26dde5fcac6a1a2f7,3.0,11400.0,52.0,6.0,52.0,furniture_decor
bbcf20cba92fac3eeeb994392f89569b,1.0,6800.0,53.0,58.0,18.0,furniture_decor
2d1ff2e44c1df1b288d32c02737d6f34,11.0,2600.0,36.0,11.0,26.0,furniture_decor
3dc0d4afe9ff68f23ee2791a1ac909f4,3.0,700.0,69.0,11.0,11.0,furniture_decor
02dc711c164ca9c218d316491801ced9,2.0,3000.0,69.0,11.0,11.0,furniture_decor
fa2954f5c67b3561a247d4b5329b2cca,4.0,1000.0,20.0,20.0,11.0,furniture_decor
76052d3aafb407055d02120f56cc8a26,2.0,5850.0,30.0,40.0,30.0,furniture_decor
2c3d5c816b573eb89b98ea7a7c1970a9,1.0,1400.0,25.0,16.0,14.0,furniture_decor
d0028cf941222a248ef55724bce82c8b,2.0,650.0,68.0,8.0,13.0,furniture_decor
cb2a32711f3cfaff85c4460facdbef74,4.0,1450.0,69.0,11.0,11.0,furniture_decor
58e0b47f6b59ceecfdf2f371b681063e,1.0,300.0,35.0,10.0,25.0,furniture_decor
8f970464c3f5665083cda167398fcf57,3.0,1400.0,29.0,22.0,22.0,furniture_decor
156dc15f380f2c6fa999b386a90a8524,1.0,2750.0,49.0,10.0,38.0,furniture_decor
e6506b15fb88b22adb8f9dcdb20e532a,5.0,30000.0,65.0,50.0,70.0,furniture_decor
69ddf2dd08328f81e57bdaf72c4f3b03,3.0,400.0,53.0,8.0,11.0,furniture_decor
742a85d0c5a5b777484c139c7c07bd0d,2.0,7000.0,30.0,30.0,30.0,furniture_decor
b88bec07c15c233600f4ce48b7bb44e0,5.0,550.0,18.0,35.0,18.0,furniture_decor
c2bd03501cf7f4f3a1201e6069155bc0,1.0,900.0,35.0,4.0,30.0,furniture_decor
3d97f0e9cc1e412e5d125b3d24af8707,8.0,4050.0,50.0,15.0,40.0,furniture_decor
d0744123a3448128f572ff0a95c13d87,1.0,8200.0,40.0,35.0,35.0,furniture_decor
b05e00841a6dad404ef34ae67807879a,6.0,200.0,16.0,2.0,11.0,furniture_decor
5b6df302d191ccd16b319099f66be46e,2.0,600.0,18.0,5.0,34.0,furniture_decor
e9dd44f105ffdcb98405c94f1d0bbdd9,3.0,1000.0,25.0,23.0,25.0,furniture_decor
a2abc65fbaa1761f0c6a88512db4719f,2.0,18800.0,52.0,36.0,60.0,furniture_decor
52faaea7e7d55dfe5aa81f0b5f79d7b9,3.0,2050.0,35.0,10.0,35.0,furniture_decor
e7593e3c84b3302e1531a715f1ded8b2,1.0,750.0,30.0,30.0,30.0,furniture_decor
569ffd16f8032478cbeb9800f2e94ba0,1.0,410.0,39.0,3.0,28.0,furniture_decor
5db096acdea1d87bfa4d07c1cc70c492,1.0,16000.0,63.0,40.0,38.0,furniture_decor
2903f5a4475454e513a2bdcad950b90f,2.0,3000.0,69.0,11.0,11.0,furniture_decor
73429b7f397b34d3ade14cb9672a8d46,3.0,1550.0,84.0,8.0,11.0,furniture_decor
67fe44191fffe358dc237a228fe96430,2.0,700.0,53.0,8.0,11.0,furniture_decor
1ffbbf003b5a076002ac9deac36b1c4c,1.0,5150.0,25.0,25.0,20.0,furniture_decor
b35370362fa3ad4b1976f2a11f146dfd,4.0,6500.0,104.0,6.0,54.0,furniture_decor
3c62f48140fdc7650a63b182fe3b9e4d,2.0,1700.0,43.0,5.0,30.0,furniture_decor
3e6b05aedc40a989d87c8518c6245fe1,3.0,2250.0,65.0,8.0,45.0,furniture_decor
d9293c1e73be790ec4534dfe249611ab,5.0,400.0,20.0,16.0,15.0,furniture_decor
9689b050651107828cab68a05c1996d5,1.0,750.0,60.0,11.0,11.0,furniture_decor
a3ade87bbaa7f21569a935c8e3ab5b71,1.0,900.0,35.0,3.0,26.0,furniture_decor
d51ac9dcce784a7cecedf34f4a983692,4.0,1150.0,60.0,7.0,11.0,furniture_decor
f08b29913c73e394bc8477b1e69f7762,4.0,550.0,34.0,6.0,23.0,furniture_decor
c7d729c7966df13084efeade5576dfef,3.0,9450.0,16.0,80.0,50.0,furniture_decor
46d92d8c6c48c2ac51bdd6be618d0531,5.0,1150.0,45.0,10.0,45.0,furniture_decor
9dce7ad606cfbd6ea6ef7f7e43c039c1,1.0,600.0,30.0,3.0,20.0,furniture_decor
57c56b4871f4f353ac52c8015e9c5318,1.0,800.0,23.0,27.0,23.0,furniture_decor
0bb9709934061bd3316175ad24d90409,3.0,6400.0,80.0,4.0,55.0,furniture_decor
09ec9df2cf3708ca52a4a6cb64e464f6,3.0,2150.0,35.0,15.0,20.0,furniture_decor
210763646bb56ada2fd99ff322278973,4.0,2900.0,69.0,11.0,11.0,furniture_decor
4cc07f390b20092747e033df35805a15,2.0,6300.0,50.0,25.0,30.0,furniture_decor
9680a78df870a1cb6ae00cb3436fe06a,2.0,450.0,16.0,16.0,16.0,furniture_decor
adfcb7a9c5e268522c67ea3ab09c1fc4,4.0,2200.0,40.0,33.0,20.0,furniture_decor
ba131cee7989ef04b93a79030969c92f,1.0,1750.0,30.0,30.0,30.0,furniture_decor
0dce4f5243207cc33533e133b634ae5f,3.0,700.0,69.0,11.0,11.0,furniture_decor
7b1c12cfed7333cdc1dc8e4a20752613,2.0,1100.0,40.0,25.0,40.0,furniture_decor
7f1397b28abc37d9564825dbad2539bc,1.0,3500.0,35.0,20.0,29.0,furniture_decor
62298e8302e154172f8904c0c2fc620d,1.0,5000.0,75.0,25.0,25.0,furniture_decor
3c260c3a756ae318837fad7286073c77,1.0,550.0,16.0,16.0,16.0,furniture_decor
293539d4864917190e242c5c5372016d,4.0,10800.0,64.0,35.0,35.0,furniture_decor
b92c9497350a21aafcfe30f2265068d1,1.0,300.0,30.0,16.0,26.0,furniture_decor
ddf1b126559b4800f031240ceda06a89,1.0,2650.0,40.0,7.0,60.0,furniture_decor
0a9bdadab17a9b0f258f64d11a0adf7b,1.0,7480.0,53.0,48.0,26.0,furniture_decor
52b3af7304d611855714d9b3d1724ea7,1.0,1150.0,45.0,15.0,35.0,furniture_decor
b9d76f1574fa7456a7770e1a576b96e3,1.0,1100.0,40.0,5.0,30.0,furniture_decor
f04f09b39a48c368840aae6eb3803305,3.0,300.0,18.0,9.0,14.0,furniture_decor
93bfa65df8dfa699ddfb2693172f6f44,2.0,3000.0,69.0,11.0,11.0,furniture_decor
a1e2145e9868ce870c8ca2d1a1f2e364,2.0,725.0,19.0,20.0,19.0,furniture_decor
08a69b44d48364041d3bc2c74c8600aa,1.0,900.0,25.0,15.0,15.0,furniture_decor
f1e1861218a3871347e3a9395d88cec8,4.0,450.0,69.0,11.0,11.0,furniture_decor
0a23fd10720c5ffc6c7f5e66b0b26ae2,3.0,900.0,30.0,30.0,30.0,furniture_decor
a3fc0390c2d3101f940c0d6e78006e4e,4.0,7050.0,72.0,6.0,72.0,furniture_decor
0dc2c7b7e9708ca6f165c3de6c98a7d5,5.0,250.0,16.0,5.0,20.0,furniture_decor
043d7f9943fc2e97d21728cff9c608f2,1.0,1700.0,17.0,27.0,17.0,furniture_decor
3dabf5f3f464f28595767a4569d18810,1.0,1400.0,55.0,14.0,14.0,furniture_decor
62c2b9bd44500d0305b1e50e2c9bd34d,1.0,300.0,16.0,30.0,20.0,furniture_decor
ca9c04665b3deab07935392e7432cdbe,2.0,600.0,68.0,8.0,13.0,furniture_decor
420db7fc556a05b1cdf665a103f9ce6b,6.0,6850.0,46.0,31.0,35.0,furniture_decor
2feaaa695779a79fee913868e992fe61,3.0,1800.0,20.0,30.0,20.0,furniture_decor
95107d7e48355c8a545bbde8f832a235,3.0,2450.0,65.0,8.0,45.0,furniture_decor
f9207fac331224217b3ee2db75d7a49b,1.0,3000.0,69.0,11.0,11.0,furniture_decor
90312423f944a93d1bf8c6e9cab568be,3.0,3500.0,46.0,7.0,46.0,furniture_decor
450a44fbb7995e0ace31991a2bb05470,2.0,1400.0,45.0,5.0,45.0,furniture_decor
b62a475bcfd309c66d84a1a93aa75fd8,5.0,250.0,16.0,5.0,20.0,furniture_decor
109fd3a5e5fd6faa5a8cf99470cab84f,1.0,400.0,30.0,7.0,30.0,furniture_decor
5730d73af7faffe9b95d69fd03ea51df,2.0,13200.0,50.0,55.0,50.0,furniture_decor
68de8d992d087d6b480879f43b178c98,2.0,5900.0,74.0,13.0,52.0,furniture_decor
ef4d462089a7f98d6235d3f98ee2dadd,1.0,300.0,16.0,30.0,20.0,furniture_decor
1cdbe059c1ca8e6b8e3c595c382afd56,1.0,650.0,32.0,2.0,22.0,furniture_decor
184f6e7e403fe477af4b1a02b9d432e4,3.0,6300.0,30.0,45.0,40.0,furniture_decor
9e4d5a527ce5c7b4fd84f460c035c3c5,3.0,700.0,16.0,5.0,20.0,furniture_decor
2de20a6b025cc5339c07c88aacbbfffa,1.0,8900.0,37.0,41.0,37.0,furniture_decor
8e87f0e6eb7e5a27568309035f4fc854,2.0,1150.0,30.0,30.0,30.0,furniture_decor
53f27bf4775f33cd452825b7bb4f7af7,2.0,900.0,60.0,7.0,14.0,furniture_decor
85f32a430567418e5a6a480a12067e9b,2.0,1500.0,69.0,11.0,11.0,furniture_decor
12abc33641a0d8f9b6ce13e8753f5749,1.0,250.0,20.0,20.0,20.0,furniture_decor
e5fe5612792826b2c61371acf1480225,1.0,900.0,34.0,8.0,22.0,furniture_decor
aafdb12b1b20091509f5c337498dbf1d,1.0,750.0,20.0,30.0,20.0,furniture_decor
774c67cd53f1586caac72b52fa5a097e,5.0,1700.0,30.0,15.0,30.0,furniture_decor
ee0324bc19887939d7d0fcfca68ee955,1.0,2700.0,37.0,30.0,20.0,furniture_decor
9ecb510f43c3b1502981c262624e98c8,3.0,4300.0,70.0,15.0,15.0,furniture_decor
bb6f30a0d7b5ea35ae9e052d52324002,3.0,850.0,37.0,8.0,37.0,furniture_decor
23ec19b685ee9d7d8eea8877cb27cdf9,1.0,200.0,16.0,88.0,16.0,furniture_decor
e068431664ce238cade1160a834a946e,4.0,1100.0,45.0,20.0,35.0,furniture_decor
d54a7e69c3102b38b13952aeae0bc8f3,1.0,400.0,37.0,15.0,27.0,furniture_decor
c76eef5f50220461d23cfc786e6e82b2,2.0,600.0,68.0,7.0,13.0,furniture_decor
081c9dacbe5aed5910bef759117070a5,1.0,450.0,45.0,15.0,35.0,furniture_decor
bc45f8d4954ef77dcaad81627640cb2e,3.0,1700.0,100.0,7.0,15.0,furniture_decor
26ce0f39be4f4b86ab1b75e9d5015e9d,1.0,300.0,20.0,12.0,15.0,furniture_decor
b3b26495345ede7a44d86de9a32221b5,2.0,550.0,52.0,11.0,11.0,furniture_decor
7efbc2ce01bc5ac5d5390c330f90376e,1.0,7550.0,52.0,18.0,35.0,furniture_decor
bc5eb8763748dffc2350d94dca6f7a95,1.0,2200.0,44.0,20.0,36.0,furniture_decor
510c5b37537320271cbcbbec65740c16,1.0,1900.0,20.0,20.0,20.0,furniture_decor
1aa464d8b37fad27aa67da15cb76d312,4.0,3000.0,69.0,11.0,11.0,furniture_decor
0d146484c69d613fe015c0229056b065,4.0,100.0,80.0,10.0,60.0,furniture_decor
8694f037a1ff62c5b61939eb818e43ab,1.0,600.0,40.0,15.0,40.0,furniture_decor
f302b45f5aa089951788558a689713de,4.0,350.0,22.0,5.0,15.0,furniture_decor
bd701724b9bc9f955e22db8ec65b5097,2.0,300.0,21.0,12.0,12.0,furniture_decor
928dde0ef8b516ca002e8fd8ff0d8e17,2.0,300.0,20.0,11.0,12.0,furniture_decor
ec7b66dc5dc162790056db61a1d61c99,1.0,3000.0,35.0,48.0,40.0,furniture_decor
8203048d6e95e42c60a24edf3425ab90,2.0,417.0,45.0,4.0,37.0,furniture_decor
068b5d27e848424be23fec630a415021,1.0,900.0,30.0,4.0,20.0,furniture_decor
b4546f52515517c7e25a51a13695c1f3,1.0,3000.0,69.0,11.0,11.0,furniture_decor
7cbe94f9b52c88ed1adf7a1300a7b3da,11.0,1300.0,40.0,8.0,35.0,furniture_decor
929527e5f11ec479791e7419de270440,6.0,10450.0,104.0,14.0,42.0,furniture_decor
71c89e9d8fa274b017279aa322cd0e19,3.0,2750.0,70.0,5.0,15.0,furniture_decor
ce497a3d92ec305f5d9ef0c4b6980a95,3.0,1200.0,25.0,23.0,25.0,furniture_decor
62a068fa5b6d1cb8015c754504a10bfa,2.0,6300.0,30.0,40.0,30.0,furniture_decor
9538a4d0d20e31d209def88993f8dca3,2.0,300.0,17.0,4.0,12.0,furniture_decor
862984682247d8dbbf312e7104accb64,1.0,700.0,30.0,30.0,30.0,furniture_decor
bb819359cc1d57dab4210c9c8640d2b8,1.0,6250.0,48.0,22.0,15.0,furniture_decor
47afe56948e4dea1c15bf6c808da1a22,1.0,1150.0,30.0,10.0,30.0,furniture_decor
6630485063578b527549697547ed3ed5,2.0,1050.0,34.0,6.0,28.0,furniture_decor
a7c7a8a5ae0e412843068fb8fcc30a86,3.0,700.0,35.0,7.0,27.0,furniture_decor
e950f579a1170b4e385f734c5771e9f4,1.0,650.0,30.0,19.0,30.0,furniture_decor
57d9a5d185e8254383504f57c4b8ddcc,2.0,500.0,16.0,30.0,30.0,furniture_decor
5f2d2e225329430182f0d167faa3779b,1.0,1200.0,40.0,10.0,34.0,furniture_decor
b246df143b8670b035cae900adf9654d,1.0,7150.0,35.0,35.0,35.0,furniture_decor
26db948671a4ad63637c2d2065477f00,2.0,1000.0,40.0,15.0,35.0,furniture_decor
e7bae0ddf5866c9dec4a6b0be57e0534,2.0,750.0,29.0,25.0,25.0,furniture_decor
3d254dd1d443d5c733715c4ccb3d72ce,1.0,2050.0,25.0,77.0,15.0,furniture_decor
62744bf012b60074e5fa0fcd657cbd34,4.0,400.0,50.0,3.0,25.0,furniture_decor
e95703a89b7e347a78ac894708191b36,1.0,3100.0,30.0,30.0,30.0,furniture_decor
2c4930c4b284c7b99db2a4c52071a45e,1.0,9050.0,35.0,30.0,35.0,furniture_decor
7cdf063c858373234611848620a5c950,1.0,12900.0,40.0,45.0,40.0,furniture_decor
ec5b5cce0b8464a1c618325f35c779dc,3.0,1300.0,69.0,11.0,11.0,furniture_decor
e819fddd6622f30e872bfc89471c1408,1.0,650.0,16.0,15.0,13.0,furniture_decor
5ab7d10303d38da7a0ed5c1a534490f0,4.0,800.0,37.0,40.0,27.0,furniture_decor
777c0b09022d68979d7c489251a4c7a0,3.0,6800.0,90.0,4.0,50.0,furniture_decor
471538735ac6433154a0288a62b96292,2.0,400.0,16.0,22.0,18.0,furniture_decor
3487b8d662448326a09da14416640170,2.0,400.0,80.0,10.0,60.0,furniture_decor
ed355705438d608579451a9b3a230f1b,1.0,900.0,53.0,8.0,11.0,furniture_decor
3ceb44c75e6981ff0987bb90c95694c0,5.0,450.0,50.0,3.0,25.0,furniture_decor
7227ee318bad39a59d07d1d4235d1ca1,1.0,1250.0,30.0,30.0,30.0,furniture_decor
bfc2a099685060215484bf116fc6471c,3.0,850.0,30.0,20.0,30.0,furniture_decor
202d7062d09aa564dfd5aaa1aac775b6,2.0,1600.0,54.0,8.0,11.0,furniture_decor
a9e1892ce37ec3b694e45a58e3377556,7.0,1850.0,90.0,12.0,12.0,furniture_decor
ffa8916ae85546ee99d1965b28e447ae,2.0,27800.0,40.0,50.0,70.0,furniture_decor
88a2af245a615347730a6dcbee581040,2.0,3000.0,69.0,11.0,11.0,furniture_decor
0ca16017057f20d572b8c01fcd7c5c28,3.0,2200.0,105.0,3.0,70.0,furniture_decor
955e839e4a1e8af1dc811f11c4a5cdbc,3.0,350.0,16.0,5.0,20.0,furniture_decor
6e86c76c9073070701739dc4fae68a6b,1.0,12600.0,45.0,35.0,45.0,furniture_decor
74a1695e5084889d058df1fafb5f9f28,3.0,21500.0,76.0,60.0,31.0,furniture_decor
6e0b3bc6a8bcfcca9005f9d220fe4af8,1.0,1900.0,35.0,45.0,35.0,furniture_decor
1d6b1ff2a0ef2336832512132b3af6aa,6.0,1550.0,69.0,11.0,11.0,furniture_decor
351eb84de99fb5e43d8706bc3f41fbff,1.0,300.0,35.0,10.0,25.0,furniture_decor
c2904b502790c1dd0b39799f52b586c3,1.0,100.0,53.0,16.0,16.0,furniture_decor
d49ab5dbfc9329699c524e4f513c5e7f,2.0,4400.0,30.0,30.0,30.0,furniture_decor
c369969688c2dd9946c5dbf694e87904,4.0,900.0,50.0,11.0,11.0,furniture_decor
cae2e38942c8489d9d7a87a3f525c06b,1.0,1700.0,33.0,8.0,23.0,furniture_decor
49659dedf501090b249d0b09ca7faaf7,2.0,3000.0,69.0,11.0,11.0,furniture_decor
69b7c4bad8ca0c2cddad020c139f7e95,10.0,3600.0,38.0,15.0,23.0,furniture_decor
37ff4de377ca7a4bc299086c73de26b1,2.0,4500.0,55.0,30.0,25.0,furniture_decor
ee9ed2cfda2266908e54a907de098d23,1.0,950.0,40.0,2.0,30.0,furniture_decor
95ae4833a7cd4f9f7f90c3b77a993c1b,2.0,400.0,30.0,20.0,20.0,furniture_decor
56b81eaffe3c2e7e54f3bdf2a935164f,3.0,1400.0,100.0,7.0,15.0,furniture_decor
af34cea61340203305a39885c8331b01,5.0,1550.0,69.0,11.0,11.0,furniture_decor
82ff671ac04e6599dbfb28ead3369f59,3.0,21500.0,76.0,60.0,31.0,furniture_decor
b1e67d8a817ad0c6d4681dc28be1cb18,2.0,1200.0,65.0,12.0,12.0,furniture_decor
f2e9bb932d99a4a695ebde162fcefc35,4.0,1750.0,20.0,60.0,20.0,furniture_decor
2a0c7978182ff664a3bc452b7e5f0b6f,2.0,80.0,20.0,4.0,30.0,furniture_decor
073f139ce5bceceb73c9f287e2540eb3,4.0,1050.0,30.0,20.0,30.0,furniture_decor
f0fd2799d9eb02ccb6efa890519a6c4d,1.0,5200.0,60.0,40.0,45.0,furniture_decor
c39071c6647a7c3e20d61989ec98c305,1.0,450.0,32.0,2.0,22.0,furniture_decor
6f840285d8144b4bf384115658527591,1.0,1100.0,36.0,4.0,30.0,furniture_decor
7a6aebc4c1205818e64f9275475a73e9,3.0,12850.0,36.0,56.0,56.0,furniture_decor
cc23781d58ff64842afc129409521776,3.0,2400.0,105.0,3.0,70.0,furniture_decor
c5ad0e6b10f446cbb63f9c56fe47c3f1,3.0,3000.0,69.0,11.0,11.0,furniture_decor
1a176fab8a52145e8b7566fdc0ace3ed,4.0,6600.0,45.0,35.0,45.0,furniture_decor
48fb8c1ee3265ce23502eaba1bd413df,3.0,2150.0,105.0,3.0,70.0,furniture_decor
d48bb8824fcf4720229d970fff608fda,9.0,2800.0,36.0,11.0,26.0,furniture_decor
acc444eb5ad26f79d5a11baa6a03c439,1.0,9400.0,35.0,45.0,45.0,furniture_decor
e1ecccdfd47d369563db0edf20549475,1.0,1400.0,50.0,15.0,30.0,furniture_decor
6d53aac0a317895a3d25dd19d821ec0c,4.0,400.0,50.0,3.0,25.0,furniture_decor
20e5127b0dda6370dd7795b2952da13a,4.0,1450.0,69.0,11.0,11.0,furniture_decor
c6bf9d9c72cf49bf97dc95d9fbb43868,2.0,1950.0,35.0,10.0,35.0,furniture_decor
1b1c7f2438d9c2eb23fd29f14a2322d2,1.0,5950.0,40.0,35.0,35.0,furniture_decor
5f88f5e2b16a63a297be961b7f4f2e68,2.0,800.0,33.0,8.0,24.0,furniture_decor
919b08607e72077425654ac5fc0b5528,2.0,17250.0,55.0,30.0,55.0,furniture_decor
6777865be5ee937f7deb9c390e9d920f,1.0,950.0,40.0,5.0,30.0,furniture_decor
d27144c40fa89d288b74adfd0e20db91,2.0,300.0,80.0,10.0,60.0,furniture_decor
a2a1a65832c02f8a82d82c12aa0dbea9,3.0,400.0,28.0,9.0,18.0,furniture_decor
65869c674f968fabec92e25a2b43d6ff,2.0,1300.0,37.0,5.0,28.0,furniture_decor
dfdbfd7997881adc15da4916717e46aa,1.0,5600.0,30.0,30.0,30.0,furniture_decor
068ee5d8c45732d9731fde32b47594df,2.0,417.0,47.0,4.0,35.0,furniture_decor
0b13080e2bf193c4ff096b09e0758c7d,1.0,750.0,25.0,25.0,25.0,furniture_decor
59614aca5e5ddb29fd461f83c8f32b1d,4.0,550.0,34.0,6.0,23.0,furniture_decor
1c5cd477820c6046039178150f6f8916,2.0,2900.0,44.0,15.0,44.0,furniture_decor
5c46708ea8570006a3503f2a69e259b4,2.0,600.0,60.0,7.0,14.0,furniture_decor
30d577873676f4d719154369ba416dbd,11.0,2550.0,36.0,21.0,36.0,furniture_decor
b549c6b4b6f48d8a5e899eeca74ce846,1.0,200.0,20.0,30.0,25.0,furniture_decor
e1ed3c28e40cbce2783e79eea79e8701,1.0,1800.0,40.0,8.0,35.0,furniture_decor
11b9c6d7a3eee514887db2204eb97ec5,1.0,1300.0,40.0,10.0,34.0,furniture_decor
097ca319958c11c2425d2f111f860707,2.0,8550.0,40.0,32.0,40.0,furniture_decor
6a94da4070a7f1dcbc3872b181ce55ff,5.0,1600.0,53.0,8.0,11.0,furniture_decor
188a7a06ef624d9549bad5dea5e84ea6,2.0,16515.0,42.0,77.0,42.0,furniture_decor
be27cc436326515a57609d15cdbb3a30,1.0,160.0,32.0,2.0,32.0,furniture_decor
9ecadb84c81da840dbf3564378b586e9,1.0,950.0,20.0,35.0,20.0,furniture_decor
a01df785213c3ea6d2a918f9095af482,1.0,18600.0,56.0,48.0,38.0,furniture_decor
b395922ca8e9ba82b2a81822968d0cf5,2.0,800.0,100.0,5.0,20.0,furniture_decor
8af5b5f4f89849cc4dce36dee73dd9de,1.0,1000.0,35.0,10.0,35.0,furniture_decor
8434c9cfbd72cba6e81064e65d2f05d7,2.0,900.0,30.0,8.0,23.0,furniture_decor
4340de579ecca5b411504b2d06d2edc3,2.0,2300.0,40.0,10.0,37.0,furniture_decor
7ec7316a34a907336bae0f4b56d12d24,3.0,50.0,16.0,3.0,11.0,furniture_decor
653e9d44d27743337fc1868e4346d661,1.0,1450.0,32.0,12.0,30.0,furniture_decor
9f7d332f12854dfcd37f8b22a85053b0,3.0,1050.0,25.0,23.0,25.0,furniture_decor
a9b7f02ab7d9c64b4aa0ed31c74fd1d6,2.0,3450.0,38.0,28.0,28.0,furniture_decor
cb61a9727a2f74ec0c80652f4d62e812,1.0,6833.0,52.0,52.0,17.0,furniture_decor
39397cf4e7567e4360d1cdef4e29744c,1.0,1000.0,40.0,7.0,34.0,furniture_decor
dddeb2ee7ac86f0b08c51249f8f329ec,5.0,1350.0,30.0,25.0,25.0,furniture_decor
497bf3fd2bfb679b5fb1bdbde4950ff1,3.0,300.0,17.0,9.0,11.0,furniture_decor
426be80a0de4f47c2f3945e914fad433,3.0,600.0,68.0,8.0,13.0,furniture_decor
30d2a003c4b64468d0a341faaf1a7fef,2.0,1150.0,69.0,11.0,11.0,furniture_decor
0e4fe8b32f8101e9c6e915281498cf1b,1.0,600.0,20.0,35.0,20.0,furniture_decor
f09200c710b69c7c562bd3b606eb69c9,1.0,750.0,33.0,8.0,25.0,furniture_decor
ed50991bf7ccfa075d2cb1ca9a29adae,1.0,1100.0,45.0,15.0,35.0,furniture_decor
9aa3269c14e72d138d7e346897444d0f,1.0,9617.0,55.0,55.0,19.0,furniture_decor
6d0a373c460a041c86167a92a5d3383e,5.0,3000.0,69.0,11.0,11.0,furniture_decor
43b069f855679eb3d3589e55dcfe968e,3.0,150.0,35.0,2.0,25.0,furniture_decor
a872be779eba6b4c95df8ac1eea09ecb,6.0,300.0,24.0,4.0,12.0,furniture_decor
f7e5d0186f539b61586d7ddd247d2996,1.0,2900.0,40.0,8.0,40.0,furniture_decor
e8e2e3a2e72afdb46b919f47023740e2,2.0,1100.0,69.0,11.0,11.0,furniture_decor
e2f36cf818988a81e1a572308f22d469,1.0,800.0,42.0,2.0,32.0,furniture_decor
12c27e1b053851f5d71c8f551a4a724f,2.0,1450.0,69.0,11.0,11.0,furniture_decor
46b0edb9f3206f9c093f3ab71e77710e,4.0,4350.0,27.0,17.0,46.0,furniture_decor
71bdf1a4d18c3cd68f108547f0b4cd1c,1.0,700.0,60.0,11.0,11.0,furniture_decor
af82bdd672f63ec5fb84b31302e39506,1.0,1500.0,42.0,9.0,32.0,furniture_decor
660c32ce966761f6ed394953aef732b4,1.0,2600.0,45.0,12.0,40.0,furniture_decor
abb1b334edaeb7f4de5f7724b7fd94cf,3.0,2150.0,105.0,3.0,70.0,furniture_decor
5d345f462eb17adfd93612708672afb7,3.0,2750.0,65.0,8.0,45.0,furniture_decor
1357d7d30c1609c50ad43a42a204286c,5.0,500.0,20.0,15.0,20.0,furniture_decor
bd00b629f3671ea02795279de2915086,1.0,3550.0,45.0,10.0,36.0,furniture_decor
002959d7a0b0990fe2d69988affcbc80,3.0,2600.0,105.0,3.0,70.0,furniture_decor
1966875cebbc7c844c1e89f9140bb82e,3.0,550.0,22.0,28.0,22.0,furniture_decor
4256cf575577f02e6c98d452ad40fa63,4.0,13200.0,40.0,60.0,40.0,furniture_decor
3708b9e82cab4cd6e94e11a9919b1f8a,4.0,268.0,20.0,16.0,13.0,furniture_decor
4e72c18c19fee00460f9504012cb244d,8.0,950.0,31.0,11.0,26.0,furniture_decor
ddb6c5abf4328c9648eae0b4a41c38f4,1.0,950.0,40.0,2.0,30.0,furniture_decor
cf3aebf1fe742d73907fed51ead1945c,3.0,6650.0,52.0,6.0,52.0,furniture_decor
bffd0cca190f7b0acd504ac212996f4d,1.0,5300.0,30.0,35.0,30.0,furniture_decor
129b641cde2741761c409b8a44546cf2,2.0,700.0,60.0,7.0,11.0,furniture_decor
5e6839a9bdfcd4d454d5f48b4f681f30,1.0,900.0,30.0,4.0,20.0,furniture_decor
62874f62bbdeec35f7cd827b1716c47e,2.0,367.0,50.0,3.0,35.0,furniture_decor
f9e5efb845b51d764b06f149eb99fc7f,4.0,1350.0,35.0,10.0,35.0,furniture_decor
243c2fed5e34044dff827373bd65e9b9,1.0,20600.0,58.0,42.0,50.0,furniture_decor
ee459f46c41c7314be5b18a4cad901de,1.0,1500.0,26.0,6.0,20.0,furniture_decor
7435b3acc47c0cccaf692a61002d8908,6.0,3300.0,28.0,29.0,35.0,furniture_decor
10bebf92134e2365890500a92a4b2574,1.0,400.0,16.0,34.0,34.0,furniture_decor
214d074d545a9cedee55284805a1335f,3.0,1500.0,43.0,9.0,43.0,furniture_decor
256086616d085d9fdedf74f8595f589a,2.0,2450.0,40.0,7.0,60.0,furniture_decor
a9b36aaa68ebd315701524c822800f29,1.0,550.0,70.0,7.0,11.0,furniture_decor
d2c277a6bd8e9119fa1a84c70f3eab5d,1.0,2750.0,60.0,15.0,30.0,furniture_decor
3f3bb9a9009cafb307bc91e3d8a507b9,2.0,7600.0,100.0,7.0,65.0,furniture_decor
f6b848f09b07fa4ea068f8efc83174d7,1.0,1600.0,50.0,20.0,40.0,furniture_decor
09cbb58b67d2f010f3ce6ae6196f1ed9,1.0,1900.0,65.0,12.0,12.0,furniture_decor
300033210146d71650e4805754be6a45,1.0,450.0,18.0,16.0,16.0,furniture_decor
b19a2365309dfdd579a0383bfbe17416,1.0,400.0,40.0,10.0,30.0,furniture_decor
8d5ab785e6761f35bf54eca83846dd2e,1.0,350.0,32.0,2.0,22.0,furniture_decor
566837caf82af3f65421f9d9d8820a27,1.0,700.0,25.0,2.0,17.0,furniture_decor
9749d8875e250b3cb65d938c46efac5a,2.0,3000.0,50.0,14.0,44.0,furniture_decor
e19ddcc85537b41f22116c8d5425ef46,3.0,700.0,26.0,8.0,22.0,furniture_decor
063d6951f9aa6a9c2122a9492480d9ef,4.0,1200.0,60.0,22.0,16.0,furniture_decor
71835d687609f578b92692f98ab16100,1.0,3500.0,55.0,5.0,40.0,furniture_decor
01a630ec9b9f9387e5a91c1f83bd209b,2.0,300.0,27.0,13.0,16.0,furniture_decor
bd05b9bd1dfd93e2b7c7b7e0a9acb17d,1.0,1400.0,30.0,11.0,21.0,furniture_decor
847a5815be924c5d9466f44fe78b47c1,2.0,467.0,47.0,4.0,35.0,furniture_decor
38add59349dc5b9c3effc6b93925cb97,2.0,1100.0,30.0,30.0,30.0,furniture_decor
a0f3c43b288de04ccb40d26cf26c639d,1.0,1200.0,53.0,8.0,11.0,furniture_decor
629506c6fad04664b0daf2a5105d6748,5.0,2003.0,37.0,27.0,24.0,furniture_decor
7906969207605466bf075a806a55d656,1.0,1850.0,34.0,34.0,11.0,furniture_decor
9c95d0d9517c58ef69dfb739a6e387dd,1.0,3050.0,40.0,15.0,35.0,furniture_decor
71218f861be8873ed7900874b9497582,2.0,3000.0,69.0,11.0,11.0,furniture_decor
246aa84ea966f137a2d87ef0041fa6ef,4.0,1600.0,38.0,18.0,21.0,furniture_decor
d6678d48e432cbd4f704872edb1cf409,3.0,1450.0,69.0,11.0,11.0,furniture_decor
9e9bcd34c15bc1bc1e9472a8e351b526,1.0,1400.0,65.0,15.0,15.0,furniture_decor
9e1e3b58ffd16b2135f9508e21c75afe,1.0,5950.0,40.0,30.0,40.0,furniture_decor
98e55bdc6487be7b8c32b0eb689dcb8a,3.0,200.0,21.0,16.0,21.0,furniture_decor
83512a315006faae70055f4dac2a642e,3.0,6400.0,90.0,4.0,55.0,furniture_decor
51930b8934b8991edff523246feb9ae7,2.0,1700.0,38.0,7.0,28.0,furniture_decor
c4556419c189a626f2b0808c0e6d310c,2.0,1500.0,38.0,7.0,28.0,furniture_decor
37c599910c4de68c0bf1af0c6428ab1c,1.0,650.0,33.0,33.0,11.0,furniture_decor
0f4188ecc00cfd99f81763ee9725487c,1.0,9600.0,55.0,17.0,45.0,furniture_decor
31d22f91c17551712034a105e70ab838,1.0,30000.0,50.0,50.0,50.0,furniture_decor
15cd17d090c2d99322fbbe56d7571fb6,7.0,4150.0,36.0,36.0,36.0,furniture_decor
5ad86ef8dc129fabfd8b952ad4dbf483,4.0,5700.0,85.0,10.0,40.0,furniture_decor
f8e02d03ec6d8976eb802198aab5b4bd,1.0,1250.0,20.0,12.0,12.0,furniture_decor
e357a8646a17191f03fd9f833a0fa29b,6.0,1175.0,34.0,20.0,22.0,furniture_decor
7161466081eb75dbc357bd171fa5e94e,2.0,1200.0,65.0,12.0,12.0,furniture_decor
e4f3a10338ad9594098e83015a3a7c6b,1.0,400.0,20.0,5.0,11.0,furniture_decor
758acc685222455688ff4b46d5f5dfd6,2.0,11600.0,65.0,40.0,40.0,furniture_decor
8bb2ca7d3fbcb7de9ff7b8250cb292b5,4.0,10600.0,41.0,66.0,41.0,furniture_decor
32267de030005084d4b6af64f22143b8,1.0,1150.0,30.0,10.0,30.0,furniture_decor
f43207084859ad72eeadb819a7314a4e,4.0,300.0,22.0,6.0,15.0,furniture_decor
2b1253c7c4fc2b039a4a91b0a5f1cc68,2.0,700.0,80.0,10.0,60.0,furniture_decor
ca140156f7f81f8e406cc66cb8f12a67,3.0,800.0,20.0,11.0,14.0,furniture_decor
8cbd33515c33f6bc2042660baff504b5,2.0,650.0,50.0,7.0,33.0,furniture_decor
ca1cda1c95c49298cc81d8815c1c1af1,1.0,5300.0,30.0,36.0,30.0,furniture_decor
3889a02f55ae9a5e5e321c4a4d2eee64,5.0,16300.0,30.0,30.0,30.0,furniture_decor
575a31c3324630960ae12bf5bb9618e4,3.0,400.0,40.0,40.0,15.0,furniture_decor
27e16487e531314a52b2c29f94ce1231,4.0,400.0,22.0,6.0,15.0,furniture_decor
d678178aa4291cd25a755a90188375c8,1.0,950.0,20.0,35.0,20.0,furniture_decor
aa7fd7ef22424867db4621a2ab54e59c,8.0,22000.0,16.0,45.0,50.0,furniture_decor
ab60483af7942c4bf838242e83eafee6,7.0,1750.0,50.0,13.0,40.0,furniture_decor
b25a0f93e25104798df2d1664495d157,1.0,550.0,20.0,35.0,20.0,furniture_decor
e493b6001e292d2cdb2c6172bac9d0a4,3.0,1300.0,50.0,30.0,30.0,furniture_decor
e75eb9d7737188be4d7fd8b90b88803e,1.0,500.0,24.0,24.0,16.0,furniture_decor
51bd37bb8517d5bfdb1f54c11fb01d27,1.0,3500.0,20.0,20.0,20.0,furniture_decor
754d489a7a6c5b5f63c6e1ea42f9125f,4.0,125.0,16.0,16.0,16.0,furniture_decor
33f38661c7e75dfddb833dc4cd2f1c27,1.0,1450.0,44.0,18.0,34.0,furniture_decor
08f69c9f1af250a8046c21b78a1ef52a,4.0,1200.0,65.0,3.0,45.0,furniture_decor
e99d30bfed97b6061153d250f19d381b,3.0,400.0,40.0,40.0,15.0,furniture_decor
044de1dc695094f06e9eca6c19921f20,3.0,1300.0,100.0,7.0,15.0,furniture_decor
5f6906793eb1d554d76c39398ce08693,2.0,700.0,100.0,5.0,11.0,furniture_decor
635fc0b4d628df01648c6b2624a04b46,1.0,600.0,16.0,2.0,11.0,furniture_decor
25d33550509ed49bbaa58492c99b1bcc,1.0,700.0,25.0,25.0,11.0,furniture_decor
8d983bf701cac84da430105440a801f2,3.0,900.0,84.0,6.0,20.0,furniture_decor
0d2b42712574296324f669c9d2b25cb5,3.0,550.0,18.0,5.0,18.0,furniture_decor
4219d6fd389ceff96094be6ac39acf1e,6.0,1550.0,31.0,11.0,26.0,furniture_decor
3e224d87f9ed6e9ac1b36889371dfe49,1.0,12300.0,56.0,28.0,40.0,furniture_decor
3630dfb4709c08ff762e5fba24d4341c,3.0,200.0,40.0,10.0,16.0,furniture_decor
4cde3ff89f4a66c712c088e5542ee7a6,1.0,2100.0,50.0,12.0,40.0,furniture_decor
51899631eb4e0fed8bd38bbff9894229,1.0,600.0,32.0,2.0,20.0,furniture_decor
0e089f539eaa543b2d6e4b4b4e128a3b,4.0,1367.0,39.0,15.0,29.0,furniture_decor
ce7e06311e2348c426f27c78e056676d,1.0,2850.0,30.0,30.0,30.0,furniture_decor
9011dc38b7f50972289ff46cd50b40e2,1.0,900.0,30.0,4.0,20.0,furniture_decor
8922a988522761e78f0444350218e73b,4.0,150.0,16.0,2.0,11.0,furniture_decor
31c92d83aa85cd3c98fcc6fa9ce6329b,2.0,3000.0,69.0,11.0,11.0,furniture_decor
7f55769896fc6596e7251490b8b5e536,3.0,450.0,30.0,10.0,25.0,furniture_decor
149c06c0927fb59eff16690d31497f12,4.0,200.0,18.0,6.0,22.0,furniture_decor
c28294761d97af9befb205134aad66a1,6.0,500.0,16.0,10.0,22.0,furniture_decor
d636661ff9dbdf576019c25999974ef9,1.0,7600.0,85.0,10.0,23.0,furniture_decor
4af7719ff3907f9e7f11a7652dfe5d90,1.0,5400.0,68.0,7.0,68.0,furniture_decor
d4a8ab90e626911fa92af68c07228390,1.0,1000.0,30.0,4.0,20.0,furniture_decor
5eedf4c1aa6ce63c49b7e0c547bf0ad9,4.0,14500.0,40.0,60.0,40.0,furniture_decor
73790673cdf7d797f2011790e71c2c91,1.0,700.0,21.0,28.0,21.0,furniture_decor
7fe14f1d9c5f003f196c92337d12810e,1.0,650.0,65.0,2.0,13.0,furniture_decor
1fa5685b6d15b1f431092eb5e391250c,1.0,1550.0,37.0,10.0,29.0,furniture_decor
c900eec3fdb80817c7bd189a548650b5,6.0,750.0,36.0,21.0,36.0,furniture_decor
e9dd44f666af26b50ebdc7eefb56877a,3.0,1800.0,80.0,10.0,15.0,furniture_decor
d57df0660328af2e535fa009f227d575,8.0,2300.0,42.0,17.0,32.0,furniture_decor
f0be153642b7b0ea5f46bdbaa7f62ce7,6.0,2050.0,25.0,85.0,15.0,furniture_decor
de72fab731d211f997cb9fac9d8151a1,3.0,250.0,23.0,28.0,23.0,furniture_decor
5ac3db3f4250d6add6afca7518ea7ed9,2.0,400.0,30.0,4.0,20.0,furniture_decor
0c173069a88cd29f5ef890155d8ea182,6.0,200.0,16.0,16.0,16.0,furniture_decor
c89996e9535e7501653008a29281b97d,1.0,1850.0,30.0,30.0,30.0,furniture_decor
e179287439bd1d5490f51fae398b3ba1,1.0,1400.0,50.0,30.0,30.0,furniture_decor
ddad89d4353753d93ac500b1caa5bf09,11.0,2200.0,36.0,21.0,36.0,furniture_decor
91f2cf69ef0c8fa7d0f98492e5fd8c45,3.0,2550.0,105.0,3.0,70.0,furniture_decor
0c7ec2b24166d57ac38a9db523711782,1.0,1900.0,23.0,50.0,20.0,furniture_decor
8973d773c115b9e347c34a248f17bc92,2.0,1200.0,30.0,23.0,30.0,furniture_decor
db9640150707535e9dcddb8a78c87104,1.0,6700.0,28.0,40.0,28.0,furniture_decor
dda262b26fcbc5dc618bbf9c12ee8779,2.0,1000.0,35.0,10.0,25.0,furniture_decor
76bf75da18ed680c5e5d7c720a49e7aa,3.0,700.0,26.0,8.0,17.0,furniture_decor
8d5a307bf0bf94eceb4ccc2b0753f14c,3.0,1250.0,22.0,22.0,22.0,furniture_decor
d54c5b81fc2b38707588dd4eddc7c594,1.0,7850.0,52.0,18.0,35.0,furniture_decor
13ed40194df36dfe1dc2bf7e4ce3bcf2,8.0,1000.0,31.0,11.0,26.0,furniture_decor
5d8b1699ab3e7b3ca81ab0228c03e33c,4.0,9950.0,40.0,30.0,40.0,furniture_decor
9a36241ab9d33e23d58b50eddb5097c9,2.0,2500.0,28.0,20.0,25.0,furniture_decor
076743539f8476d5c8a1e4e7b62ffc26,11.0,3000.0,40.0,8.0,35.0,furniture_decor
64b4fdd3c24f7e8c49133cad3718bfc4,8.0,30000.0,60.0,60.0,60.0,furniture_decor
2400c93fe382bdcd64e277eb723adac4,1.0,1150.0,35.0,35.0,35.0,furniture_decor
40256a4f675b7f41f2ba899b022c02b5,1.0,700.0,22.0,5.0,22.0,furniture_decor
c2ece64199af7a53793ed9612a89a8cd,7.0,2500.0,60.0,12.0,20.0,furniture_decor
7fb2982ef87cf37c760ac841e5afb9e2,1.0,30000.0,65.0,45.0,65.0,furniture_decor
c3adcd846a294794059da678fb939220,1.0,1200.0,23.0,18.0,43.0,furniture_decor
46efd90c6dfaa18831f2571398dbd848,1.0,650.0,25.0,25.0,25.0,furniture_decor
3e8fca04d24eff0e2177d6157127ed70,2.0,300.0,68.0,8.0,13.0,furniture_decor
144958cbd9bf55a1227516709f793e50,1.0,1750.0,34.0,16.0,25.0,furniture_decor
baff5f5a048f514e921ea530c4a7a814,2.0,450.0,16.0,40.0,30.0,furniture_decor
0e71c6a889baea05c4c9ce1b0d58114d,3.0,900.0,30.0,20.0,30.0,furniture_decor
ce795d93828b601d26e3188a77eeaf0e,1.0,20000.0,93.0,9.0,43.0,furniture_decor
1da5a90b5fbd1e1bc37b7bbb999c7bd3,3.0,1000.0,29.0,13.0,13.0,furniture_decor
fb6ef896af51dbc06d51d65f414703e4,3.0,300.0,18.0,9.0,14.0,furniture_decor
ac99022a225e4eada5377fc101a4f68c,1.0,1200.0,54.0,8.0,11.0,furniture_decor
89b190a046022486c635022524a974a8,2.0,700.0,62.0,15.0,15.0,furniture_decor
59a0529af96d3d459965f044c5cd1296,3.0,400.0,50.0,3.0,25.0,furniture_decor
7433da5280ebb188b26a2c47b2955cb7,2.0,10100.0,46.0,28.0,46.0,furniture_decor
08ac23cd333352eff43b210f6ebaaff4,1.0,400.0,40.0,15.0,40.0,furniture_decor
00aa70fd749f3b9ce8ca4bc914a9e7b1,1.0,700.0,16.0,16.0,16.0,furniture_decor
d239f8cc06397dba9cfb42f9bd6e0377,1.0,5050.0,35.0,10.0,35.0,furniture_decor
c2c989ac5100e59a6c3d12b2c31a2c72,2.0,2800.0,40.0,8.0,40.0,furniture_decor
982c2f2d0683c3641512af11ff306b62,1.0,2100.0,35.0,20.0,30.0,furniture_decor
c08deb7ccd1916f614546a816fb951f2,1.0,800.0,30.0,35.0,30.0,furniture_decor
5def2e9864a9227d41b6b9f5a6cc199e,2.0,3550.0,34.0,18.0,34.0,furniture_decor
0748257f14bc904fad9f67fffa335483,4.0,5700.0,85.0,10.0,40.0,furniture_decor
22128ba7595e6783c7565d9e16230f58,3.0,400.0,23.0,10.0,22.0,furniture_decor
a65c82cfb533f379a9d1ff76b78ce9ee,1.0,1050.0,45.0,15.0,35.0,furniture_decor
2d37d1dbcba865841a1c8cfab20ab9a1,4.0,350.0,50.0,3.0,25.0,furniture_decor
52a0ba432dc806e4be2fd5cc224208af,2.0,1550.0,30.0,30.0,30.0,furniture_decor
a58b5955d37aea2de1ff80d5cba4f8ba,1.0,500.0,27.0,35.0,22.0,furniture_decor
562502b79845deae9bcd86384921a2c5,5.0,200.0,25.0,40.0,25.0,furniture_decor
4a028badeceba3a65a3316aa0c0e0c4b,2.0,1000.0,53.0,8.0,11.0,furniture_decor
ca9f737e072e224e365c503a128293cd,2.0,550.0,68.0,7.0,13.0,furniture_decor
09ffd5e043f6d44ca166be7f91dab462,4.0,800.0,32.0,2.0,20.0,furniture_decor
4aa3217e8e1d635a7da3e1f69c79ec09,3.0,1400.0,50.0,30.0,30.0,furniture_decor
9c4c75ab1ce7a32a6dab72d863cad23d,1.0,1200.0,40.0,5.0,30.0,furniture_decor
ea922d4a264635e1c479157377deb623,2.0,1800.0,43.0,14.0,12.0,furniture_decor
00e437f5e55fc5a62e4ef2f84f41b5fb,1.0,550.0,40.0,5.0,30.0,furniture_decor
94957e92f3bfe1d1b2330039dc803853,2.0,1000.0,20.0,40.0,20.0,furniture_decor
72d2aa9f75bba9d406d4c7170d226c6d,3.0,100.0,16.0,3.0,23.0,furniture_decor
9b4166d38008a4d6c8efd4af05c0a4c1,1.0,450.0,28.0,8.0,18.0,furniture_decor
f9cce45ac1d0fa42141d4dfb90bc3b14,1.0,300.0,18.0,9.0,14.0,furniture_decor
49a2fa4ccedbad4f2e7ed4287fce1a6d,1.0,1150.0,30.0,5.0,20.0,furniture_decor
7e1283a5fded327a53d039a113eb543a,1.0,500.0,46.0,19.0,15.0,furniture_decor
defb79b2269c0fa7bad01b2635aff113,5.0,450.0,16.0,5.0,20.0,furniture_decor
b25b4536a479f0a0886c6e4fd7b5c756,1.0,700.0,60.0,11.0,11.0,furniture_decor
26453af5ca9c133ce6516734c1a6386a,1.0,1150.0,18.0,27.0,13.0,furniture_decor
fd9bc1610a48cabefb0ef59453f7ebeb,1.0,11400.0,45.0,45.0,45.0,furniture_decor
8cddb7e987edc2597c2ed9ccd321d975,2.0,700.0,16.0,16.0,16.0,furniture_decor
1f41007b4fd761b2fe56b77b7e0e58be,2.0,600.0,80.0,10.0,60.0,furniture_decor
0522015abfd1094949180dee8dacbdf9,1.0,400.0,40.0,15.0,40.0,furniture_decor
b8e35c1ace7b632cf4b643d6d30e4e08,2.0,1200.0,32.0,6.0,28.0,furniture_decor
7d88b36f73acc7533ca83ecbdebd565f,4.0,500.0,50.0,3.0,25.0,furniture_decor
db03c4bc6a5693b6af0bfd893769a584,3.0,19700.0,45.0,35.0,45.0,furniture_decor
84d0969ab5317ca361e0a628948a4624,1.0,7050.0,88.0,29.0,29.0,furniture_decor
fa544f2aa7b07e28b921a5b7056fc03a,2.0,600.0,65.0,13.0,11.0,furniture_decor
2481a472d98c582b46bc2dfeae6f539f,1.0,950.0,31.0,11.0,26.0,furniture_decor
29b85c2f1ec5f4d02b03737a8fd3698b,1.0,850.0,16.0,19.0,15.0,furniture_decor
9741b01d3911ec9a565569b19d533bff,2.0,400.0,30.0,30.0,20.0,furniture_decor
4d8e210a4855c77238ef8d6c145ff24e,3.0,2300.0,105.0,3.0,70.0,furniture_decor
ea43692dc9b918c387ae280bc382b406,1.0,5300.0,30.0,30.0,30.0,furniture_decor
5f3f5c80596311932d5e05800909f37c,1.0,400.0,35.0,10.0,25.0,furniture_decor
556139e4bcee1fba36586a9c146cbf54,4.0,600.0,25.0,11.0,14.0,furniture_decor
4a741a6cd8c7a4358ebfe566138fee78,5.0,10550.0,104.0,14.0,42.0,furniture_decor
37198d89720c48e300eb114f54c5c732,2.0,250.0,60.0,7.0,11.0,furniture_decor
7e6efb6234ccd3b54843b5413d78165e,5.0,2200.0,34.0,8.0,44.0,furniture_decor
8c501fb8530d486fda52b3aa2fd2dca8,1.0,700.0,42.0,2.0,32.0,furniture_decor
36a9cdf8fb5ea34c5d74cbe8578c119c,1.0,850.0,30.0,4.0,20.0,furniture_decor
df19ace5e7649826fec2d69991a7996b,3.0,2550.0,105.0,3.0,70.0,furniture_decor
44f7b1ed935739690152f235ee6dc47f,2.0,1400.0,11.0,11.0,52.0,furniture_decor
544c14365db76307e0820a1468ed8114,2.0,550.0,52.0,11.0,11.0,furniture_decor
1890c01a38d17958d79fe473d451dc9c,1.0,1000.0,35.0,9.0,25.0,furniture_decor
405b665fb38de919ddef2046a207fddf,3.0,200.0,24.0,2.0,12.0,furniture_decor
698b3ddae2f0b80c2a48fb40624ca4e4,1.0,8150.0,52.0,18.0,35.0,furniture_decor
5895eb44dfac8b6062cb7adac3f84fc9,1.0,1300.0,40.0,10.0,34.0,furniture_decor
0d5340e7cf010ca42cdf4305101ed005,5.0,2000.0,34.0,8.0,28.0,furniture_decor
e7f539de944d2d7d5c206cd730f606a4,4.0,650.0,30.0,20.0,30.0,furniture_decor
f89a6b6cc862b9a570c453336b8dc15f,1.0,1300.0,50.0,25.0,25.0,furniture_decor
ed2c05310cf23e947151d937c2571831,2.0,350.0,69.0,11.0,11.0,furniture_decor
bb7c4f517d04b6b36671d63ef0f198b0,2.0,6450.0,62.0,10.0,62.0,furniture_decor
630822139240c0cff5dc0b45a61961fb,3.0,2850.0,105.0,3.0,70.0,furniture_decor
e3e6af2b9a779d64b3589a5b56102d16,1.0,1050.0,25.0,25.0,25.0,furniture_decor
be3ee4a51ebccbe2c35208d5d25b6b3b,1.0,600.0,28.0,20.0,50.0,furniture_decor
90ff2ab522c1346e5f5e2c785a6ac3ca,1.0,1950.0,50.0,8.0,34.0,furniture_decor
764292b2b0f73f77a0272be03fdd45f3,5.0,750.0,30.0,30.0,11.0,furniture_decor
776361ea39eac34a8bf1579a006a09a8,11.0,1150.0,31.0,11.0,26.0,furniture_decor
67c8b207e496408eb0f63e09c234dbc0,1.0,11100.0,37.0,41.0,37.0,furniture_decor
c3a954d7be97f5818bf83f743a17863a,1.0,3050.0,37.0,30.0,20.0,furniture_decor
a30c310dda4ad467282787fee075cb69,1.0,6150.0,51.0,16.0,38.0,furniture_decor
5add6c33b03c128b413ddfb2ac185a56,1.0,300.0,19.0,10.0,16.0,furniture_decor
eb6c2ecde53034fc9ec47741b3232c9d,1.0,500.0,20.0,35.0,20.0,furniture_decor
734cb1ee54f5d7e96c0c9d9732a21721,3.0,1325.0,35.0,11.0,20.0,furniture_decor
fbf19c12a50f1467bcae50364475ca26,2.0,917.0,56.0,7.0,40.0,furniture_decor
4b7758a4177f67648ad233ef07da2b44,2.0,5600.0,100.0,7.0,80.0,furniture_decor
c7646a8d47c6414ce8e5770653f3e8b0,10.0,5000.0,30.0,31.0,30.0,furniture_decor
4ce8f190d8026353d3d91d907ad68f23,1.0,5600.0,40.0,20.0,40.0,furniture_decor
1b333b69df54cf5028055bae1912aaa7,2.0,5600.0,28.0,66.0,28.0,furniture_decor
71ca28a845714b71b378d81e93f0b183,2.0,800.0,63.0,6.0,11.0,furniture_decor
807b2de93dbb064bbc82dc6ac963bc61,1.0,500.0,16.0,30.0,16.0,furniture_decor
9caef6ef5060eb7050b34043ec1fa7c3,1.0,1800.0,55.0,5.0,100.0,furniture_decor
199dfdf7a1862dbcd8ad039e48d58355,2.0,2100.0,86.0,4.0,11.0,furniture_decor
759be9d8dec6d1622e7b0b8be27740fe,3.0,600.0,18.0,21.0,20.0,furniture_decor
3eeb044943cac759fe3dcce5d222f12f,2.0,2700.0,20.0,34.0,34.0,furniture_decor
0f343c0a45653e6efea356d147833357,2.0,3000.0,69.0,11.0,11.0,furniture_decor
a2126f7ada429102152fae6f8a07e890,1.0,3950.0,35.0,35.0,35.0,furniture_decor
dd8c2302e75b8c69bfde7a67d2500a3a,8.0,2000.0,30.0,20.0,30.0,furniture_decor
3e1cec0f5b7ca2da3e6de97f6e92fd4b,7.0,5950.0,39.0,19.0,48.0,furniture_decor
f08c59bc335a381d2b015c4efdc6dae3,1.0,600.0,30.0,3.0,19.0,furniture_decor
8d26562bc0e89c3e3b83c1ab369534a4,3.0,12400.0,40.0,50.0,30.0,furniture_decor
9db9830301cd6574ca3010be60756f64,2.0,3000.0,69.0,11.0,11.0,furniture_decor
001b72dfd63e9833e8c02742adf472e3,3.0,600.0,26.0,8.0,22.0,furniture_decor
b67a6f001384c6129bd0ce231f5b52c9,1.0,800.0,30.0,35.0,30.0,furniture_decor
28b4eced95a52d9c437a4caf9d311b95,1.0,750.0,69.0,11.0,11.0,furniture_decor
37a6534264082d880dbd603dae588aaf,3.0,550.0,16.0,5.0,20.0,furniture_decor
c9e536daef57f35f9bf12642ef857287,1.0,1900.0,49.0,32.0,11.0,furniture_decor
6ddec579963d2b73c36e62647ea26389,1.0,1600.0,30.0,30.0,30.0,furniture_decor
4954affcf6b8e0fbd3b4780a9baab238,2.0,225.0,21.0,5.0,14.0,furniture_decor
b98468610e73dd3b65eef3de8d212c10,2.0,3000.0,46.0,11.0,29.0,furniture_decor
446f791c0261ad0a93d4dced49d5d0bc,4.0,6050.0,30.0,40.0,30.0,furniture_decor
d980d3018343b03db51c3076eadd6f83,3.0,5850.0,50.0,30.0,30.0,furniture_decor
f51b0c76595738ba1b655691590a9062,1.0,3300.0,28.0,38.0,11.0,furniture_decor
cda8b52b3a3d0574a74b18bc73da024f,3.0,1450.0,30.0,35.0,30.0,furniture_decor
57358d498f68791508bb57336a16ccf4,2.0,550.0,68.0,8.0,13.0,furniture_decor
adb87e70152d5c87a1929b2019494320,1.0,400.0,16.0,30.0,20.0,furniture_decor
7743cda964f0400e51c2a904c3f1af36,2.0,6100.0,70.0,45.0,45.0,furniture_decor
d9471e8bbb843a2afe92def2edfb8638,1.0,700.0,25.0,8.0,25.0,furniture_decor
ace91f88d635b9e5563e36cc0a0a8f09,2.0,180.0,16.0,30.0,30.0,furniture_decor
bc15663c211a5ec5ac7d927b7ba60e1f,1.0,950.0,40.0,5.0,30.0,furniture_decor
ca4ac4e6aa504eee6279289a7a51c6a1,1.0,1250.0,30.0,19.0,19.0,furniture_decor
85b99d83c60cab5b4d8f927ad35212a1,1.0,2100.0,30.0,24.0,25.0,furniture_decor
0534940d69bf94dc61c0e722b4168235,1.0,2300.0,45.0,25.0,20.0,furniture_decor
3f1361100ad34281edf04ce745f62b89,1.0,8400.0,52.0,18.0,35.0,furniture_decor
6f7400c1577bd99fb7c9cd196edb6ae2,1.0,2800.0,43.0,5.0,30.0,furniture_decor
010c38887e6a41a5acfea2687515b254,1.0,1400.0,30.0,5.0,20.0,furniture_decor
fa711a175203bd0dad2b1e39b4551a89,5.0,1200.0,30.0,16.0,16.0,furniture_decor
e0de786bb293ef80a03a56de6d0929f9,4.0,2800.0,69.0,11.0,11.0,furniture_decor
53b660897772d156d1b39afcd576663f,3.0,2350.0,105.0,3.0,70.0,furniture_decor
c114238800e5e8d0b33db49075fcd144,1.0,6933.0,36.0,40.0,36.0,furniture_decor
e40873fb50963a123c7930e3bd2f9bae,1.0,200.0,16.0,2.0,16.0,furniture_decor
65b89f415ce968a584fde133ae3ce3bf,2.0,1600.0,38.0,7.0,28.0,furniture_decor
05b316ac6e25ef5776b4841f5696bfb8,2.0,417.0,24.0,21.0,22.0,furniture_decor
89b63d5c5d1e459d07b7ed8497111c4d,2.0,15500.0,30.0,30.0,30.0,furniture_decor
9597cbd95c8521094d71b7aa87e6da82,2.0,9900.0,100.0,7.0,85.0,furniture_decor
b512f3c014a02179181951e048ed73cb,11.0,1800.0,42.0,11.0,35.0,furniture_decor
4c4e033bb95fdaa874d3b1c81c972dc3,1.0,300.0,16.0,6.0,11.0,furniture_decor
116fde656744c95dfaf5198cf9f729f9,1.0,900.0,42.0,3.0,32.0,furniture_decor
def3587f2a221b89fc8f342e858b2176,1.0,16617.0,101.0,8.0,57.0,furniture_decor
8c05118c323922e25502c7bc39d1978e,4.0,4200.0,60.0,20.0,14.0,furniture_decor
0c80d4d910506b4e1db996ff1fa5c658,9.0,3450.0,41.0,15.0,25.0,furniture_decor
a7d3d3e064f3d5311563df3318983165,2.0,1350.0,36.0,5.0,30.0,furniture_decor
fa492e5afb3ff3509a164a53e0f69153,3.0,7150.0,35.0,35.0,35.0,furniture_decor
5fda5f5969ed8a446022953a89e1c81a,2.0,800.0,20.0,40.0,20.0,furniture_decor
a07f07c939807b4c970452eb30a130e6,5.0,900.0,30.0,20.0,20.0,furniture_decor
face2da48fe57bfcb7a37d2d8c43332d,1.0,1000.0,40.0,7.0,34.0,furniture_decor
231081927a13592c84df280baf744393,2.0,200.0,60.0,11.0,11.0,furniture_decor
89197eee3abe531055b90c8ab1df05cc,4.0,2800.0,69.0,11.0,11.0,furniture_decor
2ee7612eb9c995c7f39c6f8ae967e1a9,4.0,1400.0,16.0,50.0,16.0,furniture_decor
f4549b2e55d1e8cffa9e8ae43fb5d040,1.0,14550.0,30.0,75.0,30.0,furniture_decor
1659de378e430012cdd7ecff272bce7a,1.0,800.0,18.0,26.0,18.0,furniture_decor
695c34c5771cca25ecdc04d24a9b49f6,2.0,1750.0,35.0,23.0,35.0,furniture_decor
4796d7d7634cb23b1870940964bc4468,1.0,4700.0,37.0,41.0,36.0,furniture_decor
8610ba48fd9f65656bc2c7a9474185d9,1.0,800.0,30.0,30.0,30.0,furniture_decor
bcaa4355b2521984b94978febf3f2b10,1.0,700.0,27.0,6.0,32.0,furniture_decor
1a4949c8e8e15e002d012272e49817ea,1.0,800.0,17.0,27.0,17.0,furniture_decor
107177bf61755f05c604fe57e02467d6,1.0,2050.0,40.0,11.0,34.0,furniture_decor
77eac67734ce758ade0417685ab43c08,2.0,1038.0,24.0,17.0,23.0,furniture_decor
970a065bf2d3133a8182ee47b3fe11fc,4.0,12750.0,40.0,50.0,40.0,furniture_decor
e966f10c28b89ceb60d3c2dfb7144b12,1.0,4100.0,49.0,13.0,38.0,furniture_decor
c06f7984550cc89a7d76e51e936e714f,1.0,600.0,17.0,17.0,17.0,furniture_decor
728cfef9eca3d89054807d5c7e894e04,1.0,400.0,30.0,7.0,30.0,furniture_decor
29bbb87627690b61c2ff12f406262dae,1.0,3150.0,30.0,30.0,30.0,furniture_decor
c234a60a994181f45605566bef8fe3b4,3.0,2500.0,90.0,14.0,27.0,furniture_decor
908cc1d3a4c57d9d802fc3872e396395,1.0,2200.0,35.0,35.0,25.0,furniture_decor
10cdbbacd25110d10f8cbe925ea7853f,1.0,8975.0,57.0,57.0,22.0,furniture_decor
c777355d18b72b67abbeef9df44fd0fd,2.0,3050.0,33.0,13.0,33.0,furniture_decor
3adb4888b6e99ae73176ac7979dc03a0,1.0,2400.0,50.0,15.0,17.0,furniture_decor
0b1b6ca8b113c570aa56916becb81192,3.0,2800.0,69.0,11.0,11.0,furniture_decor
c67cd635f352f381fa2936b55e744d37,2.0,200.0,20.0,5.0,20.0,furniture_decor
d062241f27854330b57851b64d08d472,4.0,500.0,20.0,20.0,20.0,furniture_decor
f7cef2f234f46c6bbe98b435f9766584,1.0,1000.0,37.0,37.0,18.0,furniture_decor
317a8d8e17b2b10b8074de17b3ca6073,1.0,100.0,45.0,15.0,35.0,furniture_decor
917e3505d83fe52297f80ea916b42ed0,1.0,25200.0,58.0,40.0,52.0,furniture_decor
3dac223b855944e271f439d6bc318bce,1.0,700.0,25.0,25.0,25.0,furniture_decor
e478d0bd1efbc9329837d30c174bb850,1.0,500.0,40.0,15.0,40.0,furniture_decor
b8fb835549196ef18695839a1a749584,1.0,13450.0,56.0,40.0,36.0,furniture_decor
4271f6581bae7660067afe25ac05de2e,2.0,600.0,68.0,8.0,13.0,furniture_decor
be4247cbfa1bf907db555eed70cdca03,1.0,2100.0,35.0,9.0,25.0,furniture_decor
c938aead190afc62a55dc7bde80c5a24,2.0,1450.0,69.0,11.0,11.0,furniture_decor
c858f88f3de50584c39e8b4fafdd7d61,2.0,1450.0,69.0,11.0,11.0,furniture_decor
9decf6aa56f42bbf1043166135ef58bf,1.0,250.0,24.0,3.0,12.0,furniture_decor
144eead70e4afe55d6c90ce7b884af2d,2.0,1100.0,45.0,45.0,11.0,furniture_decor
c44f0d673c45ce6da7e7ace44ce5d14e,7.0,200.0,35.0,3.0,20.0,furniture_decor
cff0d5ff45d091f27fcc58876b8d271c,2.0,700.0,80.0,10.0,60.0,furniture_decor
47142ed1919db60640a061ee6dabb534,2.0,1000.0,38.0,6.0,32.0,furniture_decor
10a21a549ce4ea6b6218d0f6a235d1f6,2.0,2400.0,38.0,7.0,28.0,furniture_decor
6bb6751c4f7ac43f6bce0db364615ae0,2.0,450.0,25.0,28.0,28.0,furniture_decor
338a394da06eb5deff048f151d13151e,2.0,100.0,16.0,16.0,16.0,furniture_decor
38fe6c6d09fdd00ab33136f622b36788,1.0,2200.0,40.0,8.0,35.0,furniture_decor
6255356ea20f71ebc7015ca970718bb6,2.0,500.0,26.0,16.0,14.0,furniture_decor
7effe7b3745b7b2fd86e9a844807421e,1.0,6325.0,37.0,41.0,37.0,furniture_decor
5d84f18aa629a66a4e7e0919e414c724,2.0,900.0,30.0,6.0,32.0,furniture_decor
caaae4f9fe7a77459a25c4f4ef0945e1,5.0,1200.0,69.0,11.0,11.0,furniture_decor
ab674fcb1f06bd16dfbca8d91f016391,1.0,300.0,16.0,2.0,11.0,furniture_decor
99a5870492a7bc363e2098a4bca9d49d,2.0,1600.0,53.0,8.0,11.0,furniture_decor
b8def86c427b9c1abe269729fce7612f,1.0,5600.0,37.0,25.0,36.0,furniture_decor
281905b21f01db1009fd7c01b10dd1d4,2.0,1650.0,60.0,7.0,14.0,furniture_decor
7a154a9688cf00bcf5b4e0bde3c9b193,1.0,8200.0,40.0,35.0,35.0,furniture_decor
ceef29d2526ec891ccbd57a80997b5c8,6.0,800.0,36.0,6.0,26.0,furniture_decor
eeba3ee5aa7d1d571752248eb4c81c20,4.0,750.0,30.0,15.0,30.0,furniture_decor
e66b7287b647f1f712fb6f0ac2a6b371,1.0,1600.0,65.0,6.0,48.0,furniture_decor
7353d65237c6a5d28f5781889cc58fee,1.0,8800.0,56.0,28.0,40.0,furniture_decor
58b365b0859f884f4d07490d902af193,3.0,700.0,69.0,11.0,11.0,furniture_decor
3b20a0967f4b39b7b1d91f3be245cfe0,2.0,2650.0,40.0,25.0,25.0,furniture_decor
095ccd4cb27e35ee43f12dd18fa26c04,1.0,950.0,41.0,16.0,37.0,furniture_decor
e799a2b8707a6a256fa3c040b75d2713,4.0,3000.0,69.0,11.0,11.0,furniture_decor
bf5cd6b613d9b11ecd53a9410e7c1f11,2.0,800.0,100.0,5.0,20.0,furniture_decor
34774dbfa36fdfe7225c6c68293b694c,3.0,13150.0,16.0,50.0,50.0,furniture_decor
3790861742b5e1e8c72bc179fbeba4be,1.0,250.0,20.0,6.0,14.0,furniture_decor
3ef9c686c9865f2cfe88cd7f9976fd38,3.0,1050.0,30.0,30.0,30.0,furniture_decor
340f33bdf4103eba89df5d5153beff7e,1.0,900.0,63.0,5.0,15.0,furniture_decor
158477fa4a1d33fa290291caefbc7883,1.0,950.0,40.0,10.0,30.0,furniture_decor
4d99afa935cbb06b8e8659cc98ddebc4,4.0,800.0,42.0,20.0,38.0,furniture_decor
d37a754eb7f2881300927adf13188438,4.0,800.0,82.0,3.0,22.0,furniture_decor
a1cb1462efc950b4b8ed73ccbb5d2c7b,1.0,1550.0,37.0,10.0,29.0,furniture_decor
9e16022b3e12a7cd1e18755e2603f3a4,3.0,3600.0,65.0,8.0,45.0,furniture_decor
05d0a8e2bd6c40610cf28932d9a796ff,1.0,500.0,19.0,11.0,12.0,furniture_decor
3f7965eac71911314776d32209c84483,2.0,550.0,30.0,5.0,20.0,furniture_decor
787a1badb775a6b23cb25c99ba3d4b24,5.0,1098.0,26.0,20.0,20.0,furniture_decor
8c041ababf83e5aeefa568c6836424e9,1.0,600.0,25.0,10.0,20.0,furniture_decor
2597fa111c97e1e8a782d555e3a4d83e,3.0,950.0,65.0,3.0,45.0,furniture_decor
06a7a571bc9fbb103a9c2eb90f89432c,1.0,150.0,16.0,2.0,11.0,furniture_decor
dc6012b12115251bd0f6ffd93a99c070,7.0,5250.0,60.0,12.0,40.0,furniture_decor
c59693326524d19305c82b2e4084a437,1.0,9400.0,75.0,25.0,30.0,furniture_decor
1ed4a7921293b8e5e028f0dd4cc166a6,3.0,545.0,17.0,13.0,17.0,furniture_decor
554bc96f8adc27819810a1aacf333535,1.0,14800.0,40.0,30.0,40.0,furniture_decor
9d3df566a74fbf502fb8badaa5044e74,1.0,1350.0,53.0,16.0,16.0,furniture_decor
6fe60ece95b92869a2b7454452147281,1.0,350.0,17.0,15.0,15.0,furniture_decor
a45b5f919e448b4372904ecc17aa7d21,2.0,1200.0,69.0,11.0,11.0,furniture_decor
05f9d035b92494874148f32f940b0f4f,1.0,1350.0,55.0,9.0,11.0,furniture_decor
cca3a8714ce46539155f98fe944189f9,1.0,1550.0,40.0,20.0,30.0,furniture_decor
b95d07d7e22e1e9badc878fd8ced3dd2,9.0,2350.0,31.0,11.0,26.0,furniture_decor
a25903f26691ccdbd6d2c5fd73ca005b,1.0,300.0,35.0,10.0,25.0,furniture_decor
6bf1cd252d73626ab181be470f56e07b,3.0,1250.0,16.0,32.0,16.0,furniture_decor
08d76e49b8206d0cfb7456fe3aa7d3b4,1.0,800.0,24.0,6.0,24.0,furniture_decor
c1b851dcfa2dd09a9349f396b2daeacb,7.0,3450.0,90.0,12.0,20.0,furniture_decor
6c3f48202d6fc1cc0d6900e0aa90b6e7,7.0,3850.0,32.0,42.0,32.0,furniture_decor
32224b437cefd35300f4adeff01db8f4,2.0,550.0,52.0,11.0,11.0,furniture_decor
9a8aca8148bad37bbe7baf1f0564472d,1.0,2800.0,49.0,10.0,38.0,furniture_decor
1b2066a33aee5851ee3e44b10b36b3c8,1.0,1650.0,30.0,30.0,15.0,furniture_decor
f38475d619e1481e8c2a3a863be6f49e,3.0,11100.0,47.0,46.0,33.0,furniture_decor
a519511d5c5c1153c9f636288e50f819,1.0,3200.0,40.0,35.0,40.0,furniture_decor
a54f350cdb1f303fe39221171d003852,2.0,5850.0,25.0,25.0,25.0,furniture_decor
3d36f403ac27db5c5b8faa68836e3d1f,2.0,1450.0,69.0,11.0,11.0,furniture_decor
ad5396bf96af6ede77130e54ad266c61,1.0,900.0,16.0,34.0,34.0,furniture_decor
f132b7df45fae1b7f60550c5ae81aa57,3.0,250.0,18.0,9.0,14.0,furniture_decor
6802039b7e3ac1654ea1d62963e95e29,2.0,1500.0,55.0,15.0,42.0,furniture_decor
d05d900323cc6f68c3de5ad56d8d63e3,1.0,2100.0,40.0,10.0,30.0,furniture_decor
3a70aac3c4707d6a2a786cd7ef88bf75,5.0,2700.0,69.0,11.0,11.0,furniture_decor
74790a8acfbd4d1a9d5a81b7780fb24c,2.0,17400.0,100.0,7.0,90.0,furniture_decor
dbbada1d22d372b560848616267ef291,2.0,9850.0,36.0,47.0,36.0,furniture_decor
aa53b7499856e6df13008f34100cc336,1.0,1800.0,30.0,35.0,30.0,furniture_decor
b10ecf8e33aaaea419a9fa860ea80fb5,1.0,2300.0,37.0,30.0,20.0,furniture_decor
49910aa68623da9f1bac8754b38f23f7,1.0,350.0,30.0,31.0,20.0,furniture_decor
507aecc61cd097175746c6221496582b,1.0,2700.0,40.0,35.0,35.0,furniture_decor
70b9fad17d9a6e0fc5cb1f056f9c871d,1.0,1050.0,75.0,25.0,25.0,furniture_decor
3425f911c976bb4f499d02aac8cf4a96,3.0,7000.0,30.0,55.0,30.0,furniture_decor
b2cadb94baef5a2eb2e36c6047dd5f34,5.0,1100.0,46.0,12.0,46.0,furniture_decor
4945f34d8df378693f6b84c437b414dc,1.0,4150.0,50.0,15.0,40.0,furniture_decor
d140e9c5f63339fe27f7ee4d48c383e0,9.0,5500.0,41.0,15.0,25.0,furniture_decor
c0654cc48163d87a12f1088eb133db68,2.0,3700.0,36.0,30.0,19.0,furniture_decor
9b07e5a3113ca2345341e0cda29e4eb7,1.0,12500.0,36.0,34.0,36.0,furniture_decor
0333795efd58e3c33c5850b92721c3e4,1.0,6317.0,36.0,40.0,36.0,furniture_decor
259df46ee92a13043ed24ebabb9534fe,1.0,550.0,16.0,13.0,11.0,furniture_decor
55b07be78f0c20631dc3d53ff92bb292,2.0,8050.0,80.0,10.0,60.0,furniture_decor
32f48d8080ba3d1d0cf00475f68cdb07,1.0,17783.0,57.0,17.0,42.0,furniture_decor
fd6c1e7562ca075a0c3e11cdc1158d82,2.0,8100.0,40.0,30.0,40.0,furniture_decor
ee8c064d6aa1ff4a130e616fab03e284,6.0,10150.0,30.0,47.0,30.0,furniture_decor
202461254670632afd89ac8034e87453,1.0,300.0,16.0,30.0,20.0,furniture_decor
4dc3dcf258288cfda345034a4d96fbf9,1.0,3400.0,62.0,27.0,17.0,furniture_decor
cb790fa02cc6097dcbf8f9f05904a005,1.0,300.0,16.0,30.0,20.0,furniture_decor
ab592db756fdbec7cc98b2cd91ed51d0,3.0,2500.0,105.0,3.0,70.0,furniture_decor
3a594e201c33eeb699e72b5fb9f48dd6,3.0,1700.0,105.0,3.0,70.0,furniture_decor
f1b1c272713f21efd25aec03865dffe3,4.0,600.0,34.0,6.0,23.0,furniture_decor
c5f5b4b17e4cd989c39986cd0dddc018,2.0,350.0,16.0,16.0,16.0,furniture_decor
a2e23998b013d26d049d721aa7a32e1b,3.0,200.0,19.0,11.0,18.0,furniture_decor
ba572ccfc6c650859ea32461831bed57,1.0,680.0,33.0,4.0,33.0,furniture_decor
d66243feb576d7d617693bec8d80d124,4.0,250.0,20.0,3.0,20.0,furniture_decor
55ff52707f328833ed80ea342bbaa115,1.0,3750.0,37.0,44.0,18.0,furniture_decor
d919227cdbfeb24430df4170b7367f2b,3.0,300.0,20.0,5.0,18.0,furniture_decor
85fe203e9890d4e0f8075977b90241ed,1.0,450.0,45.0,15.0,35.0,furniture_decor
ca471cac17b5ae036fb4466a577fe1b4,2.0,5800.0,58.0,20.0,38.0,furniture_decor
53bd0c908c6ab820c9828763348728ef,1.0,1300.0,45.0,8.0,35.0,furniture_decor
4949bc7693f27596ca18cfe03c5a83b2,4.0,7950.0,40.0,40.0,40.0,furniture_decor
5aad359a63cbb4fc35ead44346a3eeb4,4.0,100.0,80.0,10.0,60.0,furniture_decor
1975ce374d56d707bd8b88065779de72,4.0,6050.0,30.0,40.0,30.0,furniture_decor
869a3f72ac569dae87e9ea2755d561ef,1.0,300.0,21.0,3.0,29.0,furniture_decor
860a24fe5502e492593ec000b1c33559,1.0,500.0,30.0,10.0,20.0,furniture_decor
e0d3e5cf1969f20bd69e052ec6cf8f8f,1.0,300.0,35.0,5.0,25.0,furniture_decor
eac57d7040ec6879d14da7d9eb35e954,1.0,255.0,24.0,23.0,14.0,furniture_decor
3efe696e322f9139e3d2b894cb1f7a09,3.0,1300.0,31.0,6.0,33.0,furniture_decor
49a873870798e4f48dc556e4888f51d3,3.0,600.0,16.0,2.0,11.0,furniture_decor
3a08fe43ce64c50310704384c1725c20,1.0,1400.0,35.0,75.0,18.0,furniture_decor
25b61c2d1c21066a588f702a6d2873c8,5.0,800.0,35.0,8.0,25.0,furniture_decor
c11517f9dd10e879fe8bed8fdab0e3f5,1.0,11700.0,50.0,21.0,50.0,furniture_decor
061fa9845070ffff2d23e8e10bdf8edc,2.0,700.0,80.0,10.0,60.0,furniture_decor
d32c445df9d36f1cdfc915ed14ee44cd,5.0,1600.0,35.0,13.0,35.0,furniture_decor
ad7beed1d6b41ea967b2724468a23c92,1.0,325.0,33.0,7.0,18.0,furniture_decor
e21c6ed0576cd50384123f8b7ca81922,1.0,450.0,40.0,15.0,35.0,furniture_decor
c4394cb87a2e8f53e522fb1ea3afd0a5,2.0,1950.0,69.0,11.0,11.0,furniture_decor
18730af1dd00657c8eb94ce953bca1da,2.0,5375.0,55.0,12.0,55.0,furniture_decor
839fbad388f1338ccabf6f95942b1003,1.0,4250.0,36.0,26.0,20.0,furniture_decor
92473ca06aa61791e4dc02c9af82bf83,5.0,3000.0,69.0,11.0,11.0,furniture_decor
491c6b0ec61399a890b22a6ed2d9a4b0,4.0,500.0,16.0,5.0,20.0,furniture_decor
12a3dba07d03c2dedf0c40d6499b55d3,2.0,6900.0,74.0,13.0,52.0,furniture_decor
abb9de7600a7ae9a81564692f77fc9f3,5.0,200.0,27.0,9.0,18.0,furniture_decor
57c580a8fbf3d8374b06bee7b6f4ce31,3.0,400.0,50.0,3.0,25.0,furniture_decor
ac3f48d9dfd6ebdf8e871702ee91ee83,6.0,900.0,36.0,6.0,26.0,furniture_decor
d2f682fdb39628d58f64ca02d3cb580f,2.0,900.0,80.0,10.0,60.0,furniture_decor
90ebb732ad20456afe8516eb5fbf75f6,4.0,2750.0,35.0,35.0,11.0,furniture_decor
363a742635cc645c207ce8102de9b837,7.0,3600.0,60.0,12.0,30.0,furniture_decor
b3145c36d221143053908beb4564bad9,6.0,450.0,35.0,2.0,25.0,furniture_decor
ad354f777df2a1eee8211950fca142a4,7.0,2000.0,36.0,11.0,26.0,furniture_decor
7dfced4c66ef7bd85f2e30eec92e1b34,2.0,1600.0,60.0,14.0,14.0,furniture_decor
6f62ee4d7f44554688de59527dce1687,1.0,500.0,60.0,7.0,11.0,furniture_decor
35b3dfb985d0487fdf185b326d977b49,1.0,3000.0,62.0,17.0,11.0,furniture_decor
947d8cb9d15cf25fff1d6116e0c09730,1.0,9700.0,40.0,40.0,40.0,furniture_decor
253bc127c38a02e388c4e8ce854867b9,1.0,2750.0,30.0,30.0,30.0,furniture_decor
04bbe69bca409d1d1fdd812267c89302,2.0,900.0,36.0,9.0,33.0,furniture_decor
555cf217f3f7376ea7ba4af273c56739,1.0,2300.0,25.0,25.0,25.0,furniture_decor
d5140e1d258c83a340419c6522c7da22,1.0,1500.0,42.0,10.0,32.0,furniture_decor
81dafd5731170e9cee4d7cc2d0be605c,1.0,3100.0,35.0,23.0,35.0,furniture_decor
5a514ce9444538bed304a0607a853c09,2.0,600.0,30.0,10.0,12.0,furniture_decor
f614b080b510187124d5e964cb35584a,2.0,600.0,68.0,8.0,13.0,furniture_decor
20e4242f5101de646ac3a76508fc640d,2.0,250.0,60.0,11.0,11.0,furniture_decor
623eee74e76dce26984376983737af86,5.0,17800.0,50.0,50.0,50.0,furniture_decor
4c9a8a9fb2f406d65ca084216a1ea0cf,2.0,700.0,60.0,16.0,11.0,furniture_decor
37583bbe907fb493b9b2efdc7b24ab54,2.0,1300.0,31.0,40.0,11.0,furniture_decor
eb8c629f70275fd1c4f809116cce1efc,1.0,1400.0,20.0,30.0,20.0,furniture_decor
03c526c6224e8b74620b3b1ff4d0f3ad,1.0,3400.0,40.0,9.0,34.0,furniture_decor
9ff509beb7efa504b8b2ac9511c4c737,1.0,10100.0,30.0,60.0,40.0,furniture_decor
6d800ae414430675b77d2ed17a4e404c,1.0,1350.0,24.0,6.0,24.0,furniture_decor
8acfff88a4a05f0ce1b0336e47d16825,1.0,250.0,35.0,10.0,17.0,furniture_decor
3138a5168026c06238f332528ec8e0ee,2.0,1600.0,30.0,5.0,45.0,furniture_decor
677d432d850b00ce1a7ec62680f221bf,6.0,7000.0,55.0,7.0,55.0,furniture_decor
1ff18eb99f2be0ccb3fb4e39d662308f,2.0,1050.0,35.0,20.0,35.0,furniture_decor
49d703d64ccd635b04ed7ed75d0f427b,1.0,1000.0,41.0,23.0,25.0,furniture_decor
af35be35db4ad0dc288b571453337376,4.0,100.0,80.0,10.0,60.0,furniture_decor
78adfff529228a4d45eef5446475d213,4.0,300.0,20.0,5.0,48.0,furniture_decor
ac4786140c38742724f166a81c594707,9.0,400.0,16.0,22.0,18.0,furniture_decor
9a3a44b7cc16f2592b2110e4205edf97,2.0,550.0,68.0,8.0,13.0,furniture_decor
4fcac8e09620cd87a5e5283e6748da67,1.0,22700.0,42.0,82.0,42.0,furniture_decor
4352aa5f49dc18ba0eb54e57e632281a,1.0,1000.0,25.0,25.0,25.0,furniture_decor
e74935f7a47674c519b43da6244d30fe,1.0,300.0,27.0,10.0,12.0,furniture_decor
1d1d29cb3e67f3a4d7eb040b5a13d361,1.0,25250.0,41.0,43.0,91.0,furniture_decor
4f4dce53833f830c4cc6e1a307167d0c,1.0,650.0,33.0,4.0,33.0,furniture_decor
6dbee6015717e50868e393e9bc6714f8,2.0,600.0,60.0,11.0,11.0,furniture_decor
e5f4167c170ccd8777cbf51841b6f7f3,5.0,550.0,47.0,17.0,30.0,furniture_decor
5aff1262b1ba2be4c6fa3bdb39d765c7,3.0,1350.0,69.0,11.0,11.0,furniture_decor
3a56b62f46a9b0557e724950daa575c4,1.0,150.0,22.0,22.0,22.0,furniture_decor
af95259110629cb75230e231da812ecb,3.0,1050.0,55.0,11.0,11.0,furniture_decor
ea28ecb788ab4fd8d5dc8bd4b4274209,3.0,2600.0,53.0,8.0,11.0,furniture_decor
131701f2c91073ddf0ca954ced4f55ea,1.0,400.0,37.0,15.0,27.0,furniture_decor
ffb2a783fe9381154e13bb3457651996,1.0,5300.0,64.0,40.0,50.0,furniture_decor
6ee7217ab647f3c2b4a5161c75cadab3,1.0,600.0,25.0,2.0,17.0,furniture_decor
917fbdb7daca454f54951b89f0964526,1.0,1050.0,16.0,16.0,16.0,furniture_decor
0ca70d1b7cdf19dd90d993373aba94e8,4.0,600.0,34.0,6.0,23.0,furniture_decor
114cf6e338f90a48f7fae837c70e8325,1.0,2400.0,37.0,30.0,20.0,furniture_decor
e3d56b75987accb32f776ba6c710913e,1.0,1050.0,22.0,22.0,24.0,furniture_decor
5dcd17b12ed2175d4fe6157e047d7be2,2.0,27600.0,70.0,60.0,60.0,furniture_decor
d176ffad05e4e7fd2de465fbdecc7582,3.0,650.0,60.0,11.0,11.0,furniture_decor
03c1fa561b6e1d70f9fa22ab1f08c762,1.0,8000.0,55.0,17.0,45.0,furniture_decor
7367e6c268b9dca6187b2576a496d471,1.0,1000.0,40.0,5.0,30.0,furniture_decor
3303c5bebf8d9dd9394a38501c4033f6,9.0,1100.0,31.0,11.0,26.0,furniture_decor
ec2c6de7f1f282340229992014af0642,1.0,1600.0,30.0,30.0,30.0,furniture_decor
7cb2ff3193293db892fd5697aa99a19b,2.0,950.0,100.0,5.0,20.0,furniture_decor
75d67b030a777f5f1081b8830606abb5,1.0,1150.0,30.0,5.0,20.0,furniture_decor
1a20dc4f6c828ec4836526c671154282,1.0,1400.0,40.0,7.0,34.0,furniture_decor
a13b7a4ff25bbeb55fd4ecfb4abaa0b0,4.0,5450.0,38.0,19.0,33.0,furniture_decor
73efecdfe04fa13599a99282cebf99ff,11.0,850.0,40.0,8.0,35.0,furniture_decor
1f0f0d2254362b05c2248e033053825a,1.0,600.0,20.0,10.0,20.0,furniture_decor
00d62d0388b0786d730a1aaed91c0ae0,1.0,300.0,16.0,30.0,20.0,furniture_decor
b490f634b94203ba433c7f74c897bdaa,2.0,6150.0,40.0,30.0,40.0,furniture_decor
77cf3aae7aaa73367945ee2b3e3b6776,2.0,250.0,16.0,6.0,11.0,furniture_decor
06ecc3d4006ad6eb293a1b93ec3c7183,1.0,750.0,22.0,22.0,11.0,furniture_decor
bc5b673b87453987a45b11d34bb69de8,1.0,2750.0,50.0,50.0,16.0,furniture_decor
ce3331eb40fd5790c4109f40a80df7aa,1.0,200.0,45.0,15.0,35.0,furniture_decor
2c930b64f2bd69c30cd3473b82653ae0,1.0,1400.0,32.0,12.0,30.0,furniture_decor
0d361d3e685f13bd282a6f3054de5a23,1.0,5400.0,36.0,41.0,36.0,furniture_decor
952ef4ed720bf5d77f42712da90f2f49,1.0,5300.0,21.0,28.0,21.0,furniture_decor
ecac132b51e1c9c36430c6f9be9903a3,2.0,900.0,100.0,5.0,11.0,furniture_decor
58249dbd9270974a6a9d8f0222410165,1.0,7950.0,52.0,18.0,35.0,furniture_decor
985c412b0ac92ed9d8a76bbeab6d44eb,3.0,1800.0,34.0,6.0,28.0,furniture_decor
1a863cc45960ea60fa0aaeedce00c28f,1.0,300.0,35.0,10.0,25.0,furniture_decor
a6ad77b15e566298a4e8ee2011ab1255,1.0,3450.0,23.0,35.0,35.0,furniture_decor
eb3569b5cae58e2c6f616f86d3fcd507,3.0,2500.0,45.0,7.0,50.0,furniture_decor
22544bc3cbb21d6fca8630805448ed93,1.0,200.0,30.0,25.0,11.0,furniture_decor
45746155b8481c23a21eb4645c306438,1.0,400.0,70.0,11.0,11.0,furniture_decor
66042159d0dfc38befb19be08d425817,1.0,700.0,30.0,30.0,30.0,furniture_decor
68486b30d9aa029461c1906bdcbf09df,2.0,8050.0,80.0,10.0,60.0,furniture_decor
1e0d051115919ea51ac96e8e01816b57,6.0,8050.0,40.0,40.0,30.0,furniture_decor
851f4830cdcb436185cfcc40b8bffb15,2.0,700.0,60.0,7.0,11.0,furniture_decor
4c89737c10cbdd71a70bb34964577657,2.0,2500.0,48.0,12.0,40.0,furniture_decor
1fa419f430caa58899132fe77917b7b6,4.0,2500.0,25.0,23.0,25.0,furniture_decor
c8a93a4386deccaca35baaaf72ec918b,7.0,3450.0,40.0,12.0,40.0,furniture_decor
e748f783e8fa7129d8541dc5ecc507be,1.0,15800.0,30.0,30.0,30.0,furniture_decor
b887a231bf9304318f9c3c899a130305,1.0,1800.0,80.0,6.0,58.0,furniture_decor
ea413ac4e120d19ac3473fb659db1c9a,3.0,3000.0,69.0,11.0,11.0,furniture_decor
fe9c4b2cf9c3adbaf3644880fb72254d,1.0,14000.0,32.0,100.0,32.0,furniture_decor
3a50509ecc44f58f235ec751ad7fe8e3,1.0,600.0,50.0,20.0,20.0,furniture_decor
f087c706a59c175468a1a05c5d2305e5,3.0,1300.0,40.0,12.0,40.0,furniture_decor
847ae12131fb2ab1eadf2a377dc1e620,1.0,19425.0,70.0,67.0,26.0,furniture_decor
095fc85516c1210e6dbed95ed8041ee0,1.0,1050.0,21.0,28.0,21.0,furniture_decor
67d3f6027e457def88e26057b5a92836,3.0,14700.0,84.0,8.0,84.0,furniture_decor
862f21f0a089e3a09528412f6ec63428,4.0,1400.0,35.0,13.0,35.0,furniture_decor
0e482d9064073154832a2311c821c668,1.0,450.0,30.0,5.0,30.0,furniture_decor
a97a0ec5a609c8af654b79e9a96d12af,1.0,1050.0,20.0,35.0,20.0,furniture_decor
f99c1a9777ae7b608359a17bf3436d90,1.0,450.0,20.0,2.0,15.0,furniture_decor
878699846fa5ea02a5b41e59f7c4439d,4.0,2800.0,38.0,20.0,38.0,furniture_decor
05cd024f2c54923c3396db4156fdaa44,4.0,400.0,22.0,22.0,12.0,furniture_decor
687686c6408c9389febfde350b99c82c,7.0,550.0,36.0,36.0,36.0,furniture_decor
526e24e5c44ede53f4d3a7c10cf8bddb,1.0,300.0,20.0,15.0,15.0,furniture_decor
f521813909e310116b6b2f0b11f3dd44,4.0,750.0,17.0,20.0,17.0,furniture_decor
3fd04b238d42b022434a07519d30a354,1.0,2400.0,30.0,10.0,27.0,furniture_decor
153c09356373389880c8dc8d701a60d7,4.0,13300.0,23.0,59.0,23.0,furniture_decor
d9784e33aa88376ea735fbff56d3fd67,3.0,550.0,68.0,8.0,13.0,furniture_decor
2f08de199f389c9b400128b0c7b750e4,2.0,100.0,16.0,11.0,16.0,furniture_decor
d0006d7461b9b762e1ac658ca1fc55fe,2.0,250.0,17.0,37.0,17.0,furniture_decor
a5e50ce997abf8eeb6ef3126bd5c9cad,1.0,800.0,28.0,8.0,18.0,furniture_decor
d75ce98cba882d2c4ae2f46fbdbcb4f4,1.0,950.0,30.0,6.0,32.0,furniture_decor
0b1737a3a63fdc90fb30dccdffcace42,1.0,1500.0,20.0,40.0,20.0,furniture_decor
2827075656967a213fe9f7484a7469f6,1.0,900.0,30.0,30.0,30.0,furniture_decor
1f2bcc5a21172c008ccbcc28afb8bced,10.0,1300.0,38.0,15.0,23.0,furniture_decor
2eba1f60a964be9175787f85c9e23d9e,3.0,2200.0,105.0,3.0,70.0,furniture_decor
9e5f752e9e19cd6887063f004ee0da55,1.0,1000.0,54.0,18.0,16.0,furniture_decor
e4e81849dd9ccdefe1e7398792a6a4b4,2.0,3000.0,69.0,11.0,11.0,furniture_decor
b4b41230d7134dd767bc903a9c773f18,7.0,10700.0,100.0,55.0,16.0,furniture_decor
11b87559bbd51bf8e14c5937b9646344,2.0,24100.0,47.0,11.0,25.0,furniture_decor
f77f20c1a1388be25a28915996991f97,4.0,900.0,53.0,8.0,11.0,furniture_decor
b2572a992f6ea1d1a7eb518d54e64620,4.0,3600.0,26.0,24.0,50.0,furniture_decor
baf95b82c2638f006cec87098e8b1023,4.0,5400.0,85.0,10.0,40.0,furniture_decor
81de659bfde3389fc8614bfba92e585a,1.0,11450.0,45.0,35.0,45.0,furniture_decor
8707c6feb8f1d552e3d70b590481bec4,5.0,5650.0,46.0,9.0,36.0,furniture_decor
d0ff65b2782e494c2c5b66e19a6e2902,2.0,661.0,26.0,20.0,30.0,furniture_decor
f18f40e6344e72cfd537f21d9745e8cc,1.0,30000.0,61.0,70.0,65.0,furniture_decor
93d8b11d613a563f5a26212282bb145e,1.0,400.0,16.0,2.0,11.0,furniture_decor
e2233eb95758086f30d2d918b76dbeca,3.0,3000.0,69.0,11.0,11.0,furniture_decor
ce473625077f1b15bb6e73b9d0354666,4.0,1200.0,55.0,20.0,25.0,furniture_decor
b514de4b3d95c155ea6535df020af4b5,1.0,700.0,20.0,20.0,20.0,furniture_decor
11a0fdc4251f15bb96dbfff7ef5475eb,4.0,2850.0,69.0,11.0,11.0,furniture_decor
e1c6e79822274bf6763eb127ea3a15ed,1.0,700.0,60.0,11.0,11.0,furniture_decor
af9286fea546444115e891fd9dcce117,8.0,200.0,16.0,16.0,16.0,furniture_decor
a60473775ca8f0337ed9af1b1f55ede1,2.0,2250.0,48.0,12.0,40.0,furniture_decor
35084deab9603bbb6035bb8638b1df89,1.0,1200.0,25.0,25.0,20.0,furniture_decor
c4a45b9505564b0de1ff3e79062cffd8,1.0,1100.0,45.0,8.0,35.0,furniture_decor
5920a5f8a50972ae043bc4fdff2c7173,1.0,1100.0,30.0,4.0,20.0,furniture_decor
2d40d83fc97b8d4d468b4ab5a6a0810d,1.0,400.0,40.0,15.0,40.0,furniture_decor
9ca3b0037aaf1552f3d9d29dc471e0d1,3.0,9300.0,25.0,64.0,25.0,furniture_decor
152e246b33c879d2b03461be76ca2ac4,2.0,1550.0,69.0,11.0,11.0,furniture_decor
5a2de1e2c45d0602659260c6dd4aff70,6.0,200.0,16.0,16.0,16.0,furniture_decor
8999ae93f98ab5d5b5f5efbd4c2b8f88,1.0,400.0,16.0,14.0,16.0,furniture_decor
691f932fd9a1c168cbb5c579432de4fa,6.0,1550.0,69.0,11.0,11.0,furniture_decor
d41fdddc347b82c2904b477df7fcea9e,1.0,14000.0,45.0,45.0,50.0,furniture_decor
4253d0bdfe5de877ffc994926fa6041f,1.0,1000.0,40.0,10.0,30.0,furniture_decor
c006d1427332464b79808bd9dfaec943,1.0,500.0,16.0,34.0,34.0,furniture_decor
a4f025732d994e8a34d695a45282f299,2.0,1700.0,50.0,2.0,40.0,furniture_decor
14887e028cbb3d23280fe0aedf6631a3,1.0,2200.0,45.0,35.0,45.0,furniture_decor
6c706bd66d6df5b9eaa716699943efd0,2.0,1100.0,69.0,11.0,11.0,furniture_decor
4dc2ff2b31e5b034eac68824c9394902,5.0,2850.0,69.0,11.0,11.0,furniture_decor
5facbcb58026ecb23eab5777adf310fa,1.0,2150.0,35.0,25.0,35.0,furniture_decor
586bb93b98c06e40422be3e35b495929,7.0,950.0,40.0,12.0,12.0,furniture_decor
717e3638662e1747dea15a605cba7914,1.0,1850.0,45.0,5.0,45.0,furniture_decor
9223b2f02160aacde2903cf54f396658,2.0,1400.0,69.0,11.0,11.0,furniture_decor
3a38644e1618e84be3ed8d94b22e4b52,1.0,800.0,30.0,16.0,26.0,furniture_decor
fe55c83c8471a2fca643b9291c1f105e,4.0,600.0,35.0,10.0,35.0,furniture_decor
b88dd8936e5b854a19d8601fe9699cab,1.0,800.0,16.0,23.0,16.0,furniture_decor
f6d1df8e2ffa44fec7c8afa46ac7ddec,2.0,400.0,69.0,11.0,11.0,furniture_decor
ef20f423b410ed387987de53efb8f39f,1.0,600.0,65.0,2.0,13.0,furniture_decor
dea1ae8abcd2a440ab30613558fbfc66,1.0,2500.0,40.0,7.0,30.0,furniture_decor
06435c7fcaee30b55bdd89feb2ec9be7,2.0,350.0,80.0,10.0,60.0,furniture_decor
52aa45eea90c47ecbf94c23068793d67,3.0,3000.0,69.0,11.0,11.0,furniture_decor
ba16581014183c8415da15145f3d4c24,3.0,9050.0,95.0,45.0,20.0,furniture_decor
c4782a5f5d4d5c61dc10165dad436e69,1.0,300.0,45.0,10.0,20.0,furniture_decor
3a3502ecc84a931af1064f5a82ed267a,1.0,500.0,21.0,8.0,15.0,furniture_decor
6e1c2008dea1929b9b6c27fa01381e90,1.0,5900.0,41.0,21.0,41.0,furniture_decor
063d96e7b9190a8da0b8920906578383,2.0,18800.0,52.0,36.0,60.0,furniture_decor
fd440fd792fd8a4b681f1eb258c25445,1.0,1200.0,33.0,8.0,23.0,furniture_decor
f5790565f09ac993cd58c68bc58c2daa,1.0,600.0,20.0,15.0,20.0,furniture_decor
b4ead6aa7b3afb0aeb2b90691cf0b209,3.0,2450.0,65.0,8.0,45.0,furniture_decor
0e3f5da3b1d7aeb2b1aa661a99c4788c,2.0,300.0,69.0,11.0,11.0,furniture_decor
ce97756ef65b359ebb3e8ea9a0418123,5.0,1000.0,55.0,40.0,11.0,furniture_decor
7070d77d89af4f2865ff26b1323312ed,1.0,17350.0,45.0,30.0,45.0,furniture_decor
cd1db0c97e4b3644bb52432611e09c58,2.0,30000.0,88.0,45.0,41.0,furniture_decor
b8be9a5f11908b7b70329f92fcb0eec9,7.0,1000.0,31.0,11.0,26.0,furniture_decor
71b3b750619385c825054d16cd9584d0,4.0,4450.0,34.0,6.0,28.0,furniture_decor
526e3614968c6b294ebd9d53359ae202,1.0,400.0,16.0,34.0,34.0,furniture_decor
ccd4cfb944386e7ad91065a63f650b38,1.0,850.0,30.0,35.0,30.0,furniture_decor
9c6754103e603fdc289f1b1b69c63631,1.0,300.0,35.0,5.0,25.0,furniture_decor
0cbca89e0ecfd4fe92dff4f1c27a0487,6.0,14950.0,40.0,65.0,40.0,furniture_decor
ca0439ecf23442fd24fcaf4c62b85ed5,5.0,5200.0,45.0,13.0,28.0,furniture_decor
7c68e7297c7df2535c9f0dcd61007f64,3.0,300.0,16.0,5.0,11.0,furniture_decor
e803ef47024070a7574ecfbe85999081,3.0,300.0,35.0,27.0,11.0,furniture_decor
5f5bbc07d9368cd776c05cae2c71c624,11.0,2200.0,36.0,21.0,36.0,furniture_decor
bff67489d3a21dba020609ae1cbd65c7,1.0,7000.0,45.0,18.0,35.0,furniture_decor
0b426fbfa39b2ae1c7a4a12e9b9d104a,2.0,1400.0,69.0,11.0,11.0,furniture_decor
8fbf10c92c593a27da5034795db5d8b6,5.0,300.0,20.0,20.0,20.0,furniture_decor
bfb75349b7e539cd61141437d6de176a,1.0,3000.0,69.0,11.0,11.0,furniture_decor
878188aa7c7a5da44f5038c7fdc68ac3,1.0,27800.0,41.0,43.0,91.0,furniture_decor
4cceacaeb21aa22aa51b4c724de3758d,1.0,900.0,40.0,20.0,40.0,furniture_decor
8e93bf2cbba0420f166afa0c797525b0,5.0,450.0,16.0,5.0,20.0,furniture_decor
79e95411be04d7f2382be6cca1779ae7,3.0,5400.0,70.0,4.0,55.0,furniture_decor
ac2bcc51d3c713389dd531c5af569f3c,2.0,800.0,18.0,12.0,18.0,furniture_decor
16c7b8541faaca79fa6cf9e5bc9c1622,1.0,1830.0,69.0,11.0,11.0,furniture_decor
16241e79b047426033194065d8b321b2,2.0,400.0,18.0,19.0,14.0,furniture_decor
c0f22b22473bc776163846b49d650556,1.0,300.0,70.0,11.0,11.0,furniture_decor
d249f9dc99c68bbd2e4301672e0f97c5,1.0,700.0,40.0,15.0,40.0,furniture_decor
288dbc06591742c5d7fe90fbfb08943e,1.0,3450.0,43.0,18.0,22.0,furniture_decor
0b71361b63b0fb078b86a39340251133,1.0,3500.0,45.0,12.0,40.0,furniture_decor
3025eab6cff12d116410978c3e5fa860,2.0,450.0,16.0,2.0,11.0,furniture_decor
09ebc052c8e265f5ea1e86320c049322,4.0,7250.0,62.0,6.0,62.0,furniture_decor
ace2ee0158ebad178e6616ad39507b8d,2.0,600.0,60.0,7.0,14.0,furniture_decor
d902ca64b614964dc31d6b0372e800ac,2.0,750.0,100.0,5.0,20.0,furniture_decor
2078312a2dcf1fcd8a38eabcf5dd033a,3.0,400.0,50.0,3.0,25.0,furniture_decor
a42b51ea9f09c0c349e72d364e049b94,1.0,1500.0,28.0,9.0,28.0,furniture_decor
45fc964dc03d16147f82dbe844e2cdf1,1.0,19575.0,38.0,44.0,38.0,furniture_decor
c6f46351ae5ae5a6d75ab14996584ce1,2.0,400.0,69.0,11.0,11.0,furniture_decor
0fce35c0b7338bda3e52e2389f0c0762,9.0,3450.0,41.0,15.0,25.0,furniture_decor
d0b92134fa97a1ead038775a821847ea,1.0,400.0,35.0,7.0,27.0,furniture_decor
afa3035796721ca3ef930b1fa4c94292,2.0,1650.0,35.0,15.0,35.0,furniture_decor
f74fab8ad32a03b930bf63097821b9c7,1.0,350.0,20.0,16.0,20.0,furniture_decor
c92b08d0ac42564075b8103bb99cb424,1.0,650.0,33.0,4.0,33.0,furniture_decor
9b1c7bc7cad0519369a5ea04afe303f7,1.0,800.0,34.0,8.0,22.0,furniture_decor
46863308a64073698eed8895c70cf318,3.0,2500.0,105.0,3.0,70.0,furniture_decor
b3a397db9c6b4ddfed9d46f6fa03c65e,2.0,1500.0,69.0,11.0,11.0,furniture_decor
135fb255f9873811c6aa6eba7fb17649,3.0,800.0,32.0,7.0,32.0,furniture_decor
f489f20b3bba5b295fa7d3901c203fce,2.0,367.0,50.0,3.0,35.0,furniture_decor
bacc5be083c3a7503fe1ba1392931b54,2.0,1250.0,30.0,10.0,30.0,furniture_decor
701e076c7aea72b5f668183dde0afa9a,4.0,2700.0,35.0,10.0,35.0,furniture_decor
85ff0318897b49c9bba94fb1a099fb11,2.0,4950.0,33.0,16.0,33.0,furniture_decor
0110573bc9195aa810a4384f189f48f5,1.0,3900.0,63.0,11.0,43.0,furniture_decor
9967480e361da5934ffcd551eb6fcdec,2.0,3000.0,69.0,11.0,11.0,furniture_decor
549e3335b3cff8e71853d1a14b5eca57,1.0,1000.0,40.0,5.0,30.0,furniture_decor
49650e49c3af7ccc896f634d039cd921,5.0,1550.0,54.0,5.0,54.0,furniture_decor
f20ecbadee5c21ee0f8b35381c49f267,1.0,900.0,16.0,16.0,16.0,furniture_decor
1d187e8e7a30417fda31e85679d96f0f,2.0,2100.0,80.0,8.0,30.0,furniture_decor
2ca4d14a8c9094e0647fde5816bd1ccd,3.0,300.0,16.0,5.0,20.0,furniture_decor
b5a47689050b1900fd74aa6b431579a7,2.0,3000.0,69.0,11.0,11.0,furniture_decor
1b820caf50df248cf5ef1642359a1812,4.0,13000.0,82.0,6.0,82.0,furniture_decor
ab9456d1c4cb5ef44bdecc0aa8021f39,1.0,6000.0,37.0,41.0,37.0,furniture_decor
8e24523c4b02fb5bb1256f9242f58481,1.0,775.0,69.0,11.0,11.0,furniture_decor
93c311d5adbe1ef297001d0b6f19894e,1.0,3100.0,16.0,34.0,34.0,furniture_decor
2ef36e1cae01b86d0ff0a2f50ff2bd53,2.0,4100.0,30.0,35.0,30.0,furniture_decor
39efe0f8c8ddad17dd5430c500fb0b0f,1.0,5400.0,75.0,25.0,25.0,furniture_decor
e9b9ae098d62d59c20cfbfb265403323,2.0,600.0,68.0,8.0,13.0,furniture_decor
3522926ae4db640da107ff9102f9c68a,2.0,400.0,80.0,10.0,60.0,furniture_decor
8a2f91593eeed0912db9bf4425e44b3e,2.0,600.0,68.0,8.0,13.0,furniture_decor
dfa1cb6b4b904235cd5fd60af3df8580,2.0,800.0,80.0,10.0,60.0,furniture_decor
215350c42aaf9bcdd3fab5301453d7a9,2.0,1600.0,53.0,8.0,11.0,furniture_decor
981a5c407ac880b5bcbabb9436825238,1.0,400.0,18.0,30.0,12.0,furniture_decor
c64490cdfe40f9e25abd222c541a06f0,2.0,600.0,68.0,8.0,13.0,furniture_decor
5d6bea33648f018dbb563f3a2fab09f3,1.0,4000.0,30.0,35.0,30.0,furniture_decor
f48b3669c93b58bd6e23f226aacc62f0,1.0,800.0,16.0,30.0,16.0,furniture_decor
d8a4f1d4d25d65f4325df92439fbb248,3.0,2300.0,105.0,3.0,70.0,furniture_decor
8316d26952b55175c94aaaaaa4cd4a43,3.0,7800.0,99.0,4.0,55.0,furniture_decor
c8ef08bc074120d5b8ef90ce317b2180,2.0,150.0,16.0,5.0,20.0,furniture_decor
370a70d261195a30346c3a01555f4472,1.0,100.0,19.0,3.0,12.0,furniture_decor
3ff3656bf4f81c36e63687fefe2ecca7,2.0,2950.0,40.0,20.0,40.0,furniture_decor
a0eef953cb25bc9ae40457e1c3c82946,4.0,700.0,68.0,8.0,13.0,furniture_decor
85e0d0758fddf0f8f33fa73153b1e226,1.0,650.0,33.0,4.0,33.0,furniture_decor
0e89c3d718b2577cd55974355651d15b,2.0,850.0,30.0,5.0,45.0,furniture_decor
5e0df63caabfc5ec67d830078ba84b13,2.0,5900.0,30.0,40.0,30.0,furniture_decor
8ed9e6b1cbb80b223b70376a8659bee0,3.0,2000.0,61.0,3.0,41.0,furniture_decor
c5be1408598054572f31046ba67ee86e,1.0,2200.0,43.0,5.0,30.0,furniture_decor
4c66239e4d8cc4dc99335ecae8218294,2.0,800.0,80.0,10.0,60.0,furniture_decor
4fa87eb0a7d3d0e774828565b1b8020a,1.0,680.0,33.0,4.0,33.0,furniture_decor
ce98361ef1341e15087ae4b1b2c53fdd,2.0,767.0,52.0,6.0,42.0,furniture_decor
d0b37eae654ad7f4cc8d29d7bab39431,2.0,3000.0,69.0,11.0,11.0,furniture_decor
817e1c2d22418c36386406ccacfa53e8,1.0,2750.0,50.0,50.0,16.0,furniture_decor
7b5d9a68d3738077e0100d0528dd707d,1.0,1000.0,20.0,35.0,20.0,furniture_decor
be7815756efd025355c3e09139c3f2ac,1.0,2900.0,40.0,7.0,30.0,furniture_decor
118c95783c21dc3d1896a9cb46a240ae,1.0,500.0,47.0,18.0,15.0,furniture_decor
28fe66c8a81afe9be7829f40a5fae9ee,1.0,850.0,16.0,20.0,12.0,furniture_decor
3a70556370b28da113dfdd18d2da5413,2.0,633.0,45.0,4.0,35.0,furniture_decor
d26c068b20af66a9d7d3857bc25bae61,3.0,550.0,20.0,20.0,13.0,furniture_decor
a3394de35879ea62967d01d3d93b2cc1,11.0,2300.0,36.0,21.0,36.0,furniture_decor
cfebc59cb2b67aa6a8c005c53c875616,1.0,13200.0,56.0,48.0,38.0,furniture_decor
ba2c575c1739bce3944c1480d5ca934b,4.0,14550.0,40.0,40.0,40.0,furniture_decor
c725d1884dc9fac3d9a4fb790c25da21,1.0,5800.0,57.0,15.0,38.0,furniture_decor
b75683e29689c1a989ae97883e8cad56,3.0,400.0,36.0,15.0,36.0,furniture_decor
7e441b33f896ba519d58063f4c714bef,1.0,300.0,37.0,15.0,27.0,furniture_decor
46bc787381b2bee84ed87b4ebce24505,3.0,2350.0,105.0,3.0,70.0,furniture_decor
68b7fda28d528d3fc87e60fcafc5830f,3.0,7100.0,90.0,4.0,55.0,furniture_decor
fe8bd0b912e59890950cae5e3bf908c9,1.0,1750.0,30.0,6.0,20.0,furniture_decor
1f9cf07059cdfc8fd3797cfe11ea589c,2.0,3000.0,69.0,11.0,11.0,furniture_decor
241dbc3b6d7c4b0ccb98a81a33df4e3e,1.0,5300.0,30.0,35.0,30.0,furniture_decor
9a6fea01f6d5bfc01c9ac539f93da5ac,3.0,5700.0,70.0,4.0,55.0,furniture_decor
faaa13c4eb6bb073693378999e40b9a0,1.0,7050.0,30.0,20.0,70.0,furniture_decor
96ed3b4b62790bd962aac0b317109be4,2.0,600.0,30.0,15.0,15.0,furniture_decor
da41ea3fb1d8000bd031fef2656713b4,3.0,2700.0,70.0,5.0,15.0,furniture_decor
92bc0c56dce8e6bee96f8b443f886a97,3.0,600.0,65.0,13.0,20.0,furniture_decor
b0ff78dc1b5fdca6b5d9ec76cfe4cc3b,2.0,18250.0,55.0,30.0,55.0,furniture_decor
c4282015d858b8d5c14c1ec6b9000664,3.0,850.0,40.0,36.0,28.0,furniture_decor
8d746e360a815705bef8e23eda6d4aa5,1.0,6700.0,70.0,51.0,13.0,furniture_decor
1fc3aadb8bb11f56f13ea8999066bd81,2.0,3000.0,69.0,11.0,11.0,furniture_decor
7037ab6505f028103214580cac828445,1.0,5200.0,30.0,35.0,30.0,furniture_decor
2313473f41d436067b860c4b890924dd,6.0,750.0,35.0,2.0,25.0,furniture_decor
d5889e40a08a57aff04de227408ed197,2.0,1100.0,30.0,6.0,32.0,furniture_decor
4fb209073dc2ab6a6d3c259a7c285501,1.0,7250.0,100.0,25.0,25.0,furniture_decor
e936308f97d9eea5a750bea27dcfc6ec,3.0,300.0,50.0,25.0,16.0,furniture_decor
afdb767518be8262cd10a02f08c15a9a,2.0,700.0,41.0,23.0,25.0,furniture_decor
f9f260f8a0d16df18bcc7248495d779c,3.0,400.0,50.0,3.0,25.0,furniture_decor
938f95c14baec1a1fd57ce55ab5a8af5,4.0,1400.0,28.0,21.0,23.0,furniture_decor
0b01d053a0d36c3f3ea27d74f5e5702c,1.0,1100.0,35.0,4.0,26.0,furniture_decor
ce206508ba2f59e6c84d2c85ea6c8af6,1.0,400.0,30.0,10.0,30.0,furniture_decor
5215eef690e61a0c178ed552e6e2d06a,1.0,1200.0,35.0,9.0,25.0,furniture_decor
4af41a3530a95522cbfcff5ad13522eb,4.0,750.0,22.0,2.0,30.0,furniture_decor
d99a9035db5875b38e59f9f55b9548f1,3.0,10100.0,64.0,8.0,64.0,furniture_decor
028b0b0277744a9eaa2c4f57c24dcb68,1.0,13150.0,35.0,45.0,35.0,furniture_decor
165b395c969ae612f3d4009d829ffd94,2.0,3000.0,69.0,11.0,11.0,furniture_decor
b7e0771f4064f03ece592bce8ae2564e,1.0,3800.0,23.0,37.0,36.0,furniture_decor
6c6232ca1543c84f2dcf3f4cd2ca32d3,4.0,3350.0,69.0,11.0,11.0,furniture_decor
bf99dbe84781cda5b1fc4f926d10dc1b,5.0,100.0,26.0,9.0,36.0,furniture_decor
4508bced363e65d5a3e0339f625b8df5,11.0,5550.0,41.0,26.0,31.0,furniture_decor
c8894c0b162237058026ee80fe6a6f56,4.0,400.0,50.0,3.0,25.0,furniture_decor
c0dab8b641584c5a4b8d600b5cc7b6fb,1.0,1650.0,40.0,8.0,40.0,furniture_decor
f492c6bfb46eefde7d16bb68a042cc26,3.0,136.0,18.0,9.0,14.0,furniture_decor
c063e7cfa2a5277de17cde1837399dc5,3.0,2600.0,105.0,3.0,70.0,furniture_decor
c8c6a88c8537b9fd660544f7b1eeb307,3.0,1550.0,35.0,24.0,25.0,furniture_decor
51914323cc52a90e910d8e833d468a6d,4.0,20300.0,82.0,42.0,33.0,furniture_decor
bae1013381fa74d68d18c89d313f97eb,4.0,300.0,20.0,5.0,48.0,furniture_decor
3eeb9c7bc48cbf70ee22b1b1361bd0c3,2.0,7600.0,50.0,30.0,30.0,furniture_decor
bbbfa3b8e4c5b134e919e37e46acbe14,3.0,14900.0,40.0,35.0,40.0,furniture_decor
e65b39913251ab86cf511c314f8e70f8,4.0,1350.0,36.0,14.0,26.0,furniture_decor
acb4b5ecf253ffb4b641801c37d33899,1.0,800.0,40.0,10.0,34.0,furniture_decor
c6758bd39e90df0a71fb8de73b3a2bf0,11.0,900.0,30.0,10.0,25.0,furniture_decor
62b40d45d531e2cb8b06d7188b627f3d,3.0,100.0,16.0,3.0,23.0,furniture_decor
0a7b493260c6e450be47b7904193f75e,1.0,2600.0,51.0,21.0,34.0,furniture_decor
2207c945af0d585ac31121c9d87e4546,2.0,530.0,69.0,10.0,12.0,furniture_decor
19f1647ffc7e4a8ea74bf2dc45ac8e44,1.0,1700.0,19.0,7.0,16.0,furniture_decor
1b717631654816892a7b2ef8b7c7c3c4,3.0,3000.0,69.0,11.0,11.0,furniture_decor
dd841bf589f05e0948ddb0c8d2c749ab,2.0,1350.0,69.0,11.0,11.0,furniture_decor
9ebfbbb1a5a173f758cb76d6ecc75f9b,3.0,200.0,22.0,6.0,15.0,furniture_decor
cd23f8469a90c62d99eb9bf8ad74fed1,1.0,4000.0,45.0,15.0,35.0,furniture_decor
1854c27ffaae5706ae1fe46a242d5f19,2.0,1200.0,34.0,34.0,18.0,furniture_decor
540a93038cc8b4c42ef0821b2cf067d3,2.0,4800.0,20.0,50.0,40.0,furniture_decor
722f84416177a451c3be217ef8ffa082,1.0,19200.0,58.0,40.0,50.0,furniture_decor
2b49a97daf2f2d902b42abc142f4da2a,1.0,1200.0,38.0,4.0,25.0,furniture_decor
0e474dd27ee6b8386b49a18097d937ae,2.0,467.0,45.0,4.0,35.0,furniture_decor
14b8624897d00288696764cc34c26f05,1.0,550.0,42.0,2.0,32.0,furniture_decor
f61f6e53f9c6d150e5e48919a25272d1,3.0,2800.0,69.0,11.0,11.0,furniture_decor
45f0310974e6082deeda855f91984347,1.0,2800.0,50.0,10.0,40.0,furniture_decor
f33a17471b6e603085c4a0ccd48ce19a,2.0,3000.0,69.0,11.0,11.0,furniture_decor
cd66fdcc09793a54b109fee14eee72cd,1.0,600.0,16.0,17.0,16.0,furniture_decor
61b82c5df7252c3a4484943ebadd2a4d,2.0,200.0,18.0,8.0,18.0,furniture_decor
a4a65e9db92056dc3db50f09b945c270,2.0,450.0,80.0,20.0,20.0,furniture_decor
573722511f4fc28539f3d8810a50ea1c,2.0,350.0,69.0,11.0,11.0,furniture_decor
70de339311bbfd116a461e25c9fb79ca,1.0,1200.0,35.0,9.0,25.0,furniture_decor
39ba5f1db5ac837acc139b27369791c6,2.0,3000.0,69.0,11.0,11.0,furniture_decor
ffadc6f8aa93aadfea73b1348a058358,5.0,1000.0,35.0,10.0,35.0,furniture_decor
dd9b00fa5df89d6f25ccdb11d98b0f51,2.0,5300.0,44.0,17.0,44.0,furniture_decor
acc10c61bc17a1c18cae33d4884f7e79,2.0,400.0,18.0,18.0,18.0,furniture_decor
489f5d51b1c23a85ccfa4062d0cb021b,1.0,300.0,20.0,10.0,15.0,furniture_decor
627c5bdbdb7b5ef9f5e5d123bbdee651,1.0,1400.0,50.0,30.0,30.0,furniture_decor
b4df91f3ebb544f655bc35ddc68a85ea,1.0,7850.0,52.0,18.0,35.0,furniture_decor
06600341855ab457458de92175df8bf9,1.0,1050.0,30.0,35.0,30.0,furniture_decor
d51f8412df6df2f152d54d7bfbd07ae8,1.0,2050.0,30.0,35.0,30.0,furniture_decor
6ce342a820b6d1e1c558f98d9682348a,1.0,400.0,20.0,6.0,20.0,furniture_decor
9c6704903ee7bc2b10029e64f76d749b,7.0,500.0,35.0,2.0,25.0,furniture_decor
59b47581b7ba51a62bf9c3dd4fef36fd,4.0,1650.0,40.0,20.0,20.0,furniture_decor
acebea1efbaa063642166633d247aec7,2.0,400.0,16.0,2.0,11.0,furniture_decor
b9311d581f5f341576a5a2892168355c,1.0,10250.0,36.0,47.0,36.0,furniture_decor
9a5c3baf8fc729c7332a1523d0f4cbd1,3.0,5975.0,51.0,8.0,51.0,furniture_decor
c1488892604e4ba5cff5b4eb4d595400,2.0,1400.0,32.0,6.0,28.0,furniture_decor
b748ca0c5ca9a1def2099de76c53d68d,1.0,2300.0,40.0,7.0,30.0,furniture_decor
c9e6b23635a83b700579ba235b53eaf3,5.0,3000.0,69.0,11.0,11.0,furniture_decor
81624136984f77ab82f6cfd66fa9f203,1.0,850.0,40.0,5.0,11.0,furniture_decor
80ad583034527f821e579d479f82fae9,1.0,23900.0,66.0,42.0,66.0,furniture_decor
f95c288ff361ed4e67b3a56124875482,2.0,600.0,60.0,7.0,14.0,furniture_decor
a6c796da2601f9fc8e6dd65792c1c908,2.0,600.0,17.0,20.0,38.0,furniture_decor
699f67e746cd0628aed15a6ce552f385,1.0,750.0,60.0,11.0,20.0,furniture_decor
1d1183a8de24782a216dc5066d7421bf,3.0,3100.0,20.0,20.0,20.0,furniture_decor
4c751914ccc83ec17b8913cffdee3c3c,1.0,900.0,40.0,8.0,40.0,furniture_decor
8a7bf523741f8c2bb93d0d6ed38c18d0,2.0,1850.0,30.0,30.0,30.0,furniture_decor
071d40163502c7a04c4b49983787485c,2.0,1500.0,42.0,8.0,32.0,furniture_decor
36c63c85321bed52c0f9b359278398e6,8.0,750.0,30.0,18.0,21.0,furniture_decor
81d3e576c988a53ef6a2e4d0baaa18e2,4.0,5700.0,85.0,10.0,40.0,furniture_decor
20205e1ea024aec43a7a3fc0d8f7a287,1.0,1500.0,105.0,5.0,30.0,furniture_decor
9751b280db38705e0225fcbad03d17cc,1.0,3200.0,36.0,30.0,19.0,furniture_decor
33662f973425641efed81abbcbe11fb6,9.0,5200.0,31.0,30.0,31.0,furniture_decor
3c93c9bcf16515a2c279990471744198,1.0,1050.0,17.0,27.0,17.0,furniture_decor
382c2f734ff9d09b3cc73d86f618dbd6,11.0,2400.0,41.0,26.0,31.0,furniture_decor
333789d98505fa09e6e270b62360996e,6.0,550.0,27.0,15.0,20.0,furniture_decor
7efc564221bdfb4d94ab9418ffb7ff8a,3.0,5650.0,33.0,33.0,43.0,furniture_decor
81e864337e4e8fc1d981a01e27a86be1,2.0,600.0,30.0,20.0,20.0,furniture_decor
705a1f81c8ee4b8b6acd64ce60cc3079,2.0,22800.0,90.0,44.0,42.0,furniture_decor
035a4019c8009b57768aa3c1e1ad63a3,3.0,1900.0,53.0,8.0,11.0,furniture_decor
2265e8aa066cc6c4528d4be900eb5b64,4.0,950.0,40.0,15.0,31.0,furniture_decor
322b149a56769e166a6fc004f3181622,1.0,15100.0,59.0,20.0,38.0,furniture_decor
e766d04f4dd2f3b88523f2f67ab80e2d,7.0,3000.0,69.0,11.0,11.0,furniture_decor
fa1faf99691e04a296f0f8d11c58ac24,1.0,800.0,41.0,23.0,25.0,furniture_decor
b26309a170c13aac40126a8ef3400e07,2.0,150.0,16.0,22.0,18.0,furniture_decor
3cf5cfc31b982215dbc7c61cd0bcabe2,1.0,400.0,21.0,4.0,28.0,furniture_decor
d38001d747d4cd832d1ceb2c2d3ca15d,2.0,1700.0,38.0,25.0,33.0,furniture_decor
0c6ebd37c6842a5adbcd801030ec1c29,6.0,400.0,54.0,6.0,11.0,furniture_decor
bfa8fb32cecbf90899f6f517b77a766f,1.0,2800.0,30.0,35.0,30.0,furniture_decor
2084a7e9b0fac4aca4265ccd0240bd0d,1.0,450.0,29.0,12.0,26.0,furniture_decor
1d0d355ddb548ca289943c135b3ea7c3,1.0,4450.0,104.0,6.0,34.0,furniture_decor
951a34095c22df5c4f688dcc5b83185e,2.0,3900.0,18.0,26.0,38.0,furniture_decor
9959d419a0794c6464cd18c2d6dd23fe,3.0,650.0,17.0,17.0,17.0,furniture_decor
38e1784cae89a04473ff96b4ae246419,1.0,1350.0,30.0,5.0,45.0,furniture_decor
e54ff091b59423b5fa989f753d3bcd8c,2.0,500.0,80.0,20.0,20.0,furniture_decor
568d3a7903cd345508734bf75e72565f,2.0,433.0,45.0,4.0,35.0,furniture_decor
ad30079acfcea22be08f603414dbc0fe,1.0,4000.0,40.0,50.0,40.0,furniture_decor
7c42486a2469baf6f34063b23311fcbf,2.0,3000.0,69.0,11.0,11.0,furniture_decor
00989337a1916a0055eedd1fdb35eb53,1.0,800.0,40.0,5.0,11.0,furniture_decor
6ad3413ad491b857999157ee4fc403d9,3.0,6050.0,25.0,50.0,45.0,furniture_decor
473fd1121bbef1150c089c1225c70f30,1.0,5400.0,17.0,17.0,60.0,furniture_decor
9bd17c3e3b0cbbb8c17af66a7079407b,1.0,250.0,16.0,28.0,16.0,furniture_decor
93f77f106febe8a119cf3662dd609b3a,1.0,300.0,24.0,3.0,12.0,furniture_decor
8adde8ed66e628e94f29b9832156ab08,2.0,500.0,80.0,10.0,60.0,furniture_decor
90ed53d34bfcb4fa1e90656068dd04bc,2.0,300.0,30.0,30.0,30.0,furniture_decor
773ab202aed98f0a196c38abfd87fdc3,1.0,550.0,16.0,6.0,11.0,furniture_decor
d2347fba1e60ea51f533960fc555baff,5.0,300.0,16.0,5.0,20.0,furniture_decor
73d38721d4a56eced049801da9d00ddf,1.0,2075.0,29.0,26.0,28.0,furniture_decor
dbedc5c46934d0708dd37cccef1c2184,1.0,1500.0,40.0,7.0,34.0,furniture_decor
cfcbd616a5634db6b6245c16b449aab8,1.0,1500.0,22.0,34.0,28.0,furniture_decor
a27e14cc902719125790cc967be45070,3.0,450.0,20.0,15.0,20.0,furniture_decor
a8557b8cc2880e245f6e7b7dbb0cfb04,1.0,600.0,20.0,56.0,20.0,furniture_decor
53f721e1c5d5cd3825979a5556593dad,3.0,533.0,23.0,13.0,14.0,furniture_decor
ea3d1fd6192d8c4443e67d2360461a70,3.0,1050.0,40.0,10.0,40.0,furniture_decor
af62192c9415dbf2b36c294762acd9ed,3.0,6400.0,80.0,4.0,55.0,furniture_decor
8f0dd49f703d5aae900050bc55ea913e,1.0,650.0,30.0,30.0,30.0,furniture_decor
43bb8825dd6838251606e5e4130cfff4,2.0,1500.0,65.0,15.0,15.0,furniture_decor
12bc40cc267092a471dfd683058c8142,3.0,2550.0,65.0,8.0,45.0,furniture_decor
0a6037fabc6b47a58947cc272f30b7f2,2.0,21400.0,105.0,28.0,65.0,furniture_decor
8b5632d7a4f86bd2f1331355305427e6,1.0,2850.0,50.0,50.0,16.0,furniture_decor
bedcc6c8695cffc75ebe3e5b49f20d8a,1.0,1600.0,40.0,8.0,40.0,furniture_decor
3c85232d9c97c6784684288a275f48e0,1.0,300.0,35.0,10.0,25.0,furniture_decor
658c48e890d98bb89d28a9d5e6309676,1.0,5700.0,56.0,15.0,36.0,furniture_decor
b80b61cc25558319e7d8e262786ca7af,1.0,1300.0,40.0,8.0,40.0,furniture_decor
a0e4eca4b6471171249889c962603472,2.0,3000.0,69.0,11.0,11.0,furniture_decor
d8aed41af112033ae4733abcf1f206fc,1.0,3750.0,35.0,20.0,26.0,furniture_decor
a6bbf1a7c24a6047e499f1374648d824,1.0,650.0,33.0,4.0,33.0,furniture_decor
5d6bc77eb34fe7ec18a9fc50b845590c,4.0,500.0,35.0,35.0,11.0,furniture_decor
cf321a247972430ae872ea605fb4628a,4.0,400.0,30.0,5.0,48.0,furniture_decor
b5eb86b0dbd1591feaf2ef6a333481dd,1.0,350.0,60.0,20.0,11.0,furniture_decor
a0627b01409b61f4076a920265b86665,3.0,8600.0,40.0,30.0,40.0,furniture_decor
cd3de1984e1a77b441e1b39b8e334330,8.0,1000.0,31.0,11.0,26.0,furniture_decor
96592c73e37eabf051bfc0d1ab2bece1,3.0,2350.0,65.0,8.0,45.0,furniture_decor
fd37eb547d2c63b60bcefd68951ee54d,1.0,2700.0,50.0,12.0,40.0,furniture_decor
119addecf70b398c86bec023de4b8786,2.0,1950.0,43.0,14.0,12.0,furniture_decor
859329faf3d87f53947ed9a294b501cc,1.0,1500.0,42.0,10.0,32.0,furniture_decor
c1678a85525ac9b08eb174f36a1d944f,1.0,4000.0,47.0,21.0,41.0,furniture_decor
a00d11a2119bd70d658fc7cdcf1f59d3,9.0,650.0,35.0,2.0,25.0,furniture_decor
c62b9187381d86ae031b0bac9ead4b3d,1.0,12600.0,35.0,45.0,35.0,furniture_decor
9a3fecfc221696a7879314dab33808d9,1.0,1900.0,30.0,30.0,30.0,furniture_decor
c48aa9017e58836324227e1d2209e9ca,5.0,300.0,22.0,6.0,15.0,furniture_decor
0872c05ce884daf60d1459165ba1c4da,3.0,16350.0,55.0,40.0,40.0,furniture_decor
1884138513d4bfa7f7d0ab91664d2b3d,1.0,9050.0,60.0,30.0,30.0,furniture_decor
71f975b6eac0857f1fcd32f57539f8dd,3.0,1500.0,25.0,5.0,25.0,furniture_decor
0c398b245c9b74ef2bf4343b6fe73237,1.0,1750.0,23.0,23.0,16.0,furniture_decor
ee7aaf222ae5b180937c1ee17394225b,2.0,13900.0,49.0,42.0,42.0,furniture_decor
d9ee0c2943c9663aef6a2bc0411cbc14,1.0,2400.0,40.0,9.0,35.0,furniture_decor
514a05c9bf403b0572e712c8ee658567,2.0,550.0,52.0,11.0,11.0,furniture_decor
0cf13ac73dbcf6586ba63b89dd1f780a,5.0,3700.0,25.0,35.0,35.0,furniture_decor
00f42e56821b1779fbf397fe72639054,1.0,750.0,50.0,10.0,50.0,furniture_decor
312deeb177508f3b29f7ea944719b267,3.0,200.0,35.0,2.0,25.0,furniture_decor
20340463234672489d7a3437445df770,3.0,600.0,68.0,8.0,13.0,furniture_decor
7d76a219445c40f19d016b40b77868f5,5.0,5900.0,66.0,15.0,33.0,furniture_decor
3fc0f58c51fcd02161542e0320c4dbe7,1.0,900.0,53.0,8.0,11.0,furniture_decor
ee622ee691342b99c64f8dee1a9c09b9,2.0,3000.0,69.0,11.0,11.0,furniture_decor
a237de12bdf0bfe4fe220bae65a89731,7.0,1250.0,60.0,12.0,12.0,furniture_decor
dd27fbe859b9453b8147c3aaf47623c7,3.0,2300.0,35.0,32.0,47.0,furniture_decor
704e268deb9b8eb20603204783b7a0d2,4.0,15400.0,40.0,60.0,40.0,furniture_decor
be0a8cb3c50011daec32f4d8ecdccb28,1.0,1300.0,30.0,30.0,30.0,furniture_decor
2ca9b05a180977644da5c44cb49c1c6c,1.0,566.0,48.0,19.0,24.0,furniture_decor
986d0d7a45258d4b8be60463fcff39f6,2.0,8050.0,80.0,10.0,60.0,furniture_decor
3e7ec3672e5549ba74cf635752bfc70b,4.0,600.0,65.0,8.0,13.0,furniture_decor
1fe1f9dca96414bdc282cddb276db70e,1.0,600.0,17.0,17.0,17.0,furniture_decor
c73d4f0d7a3313381d04c5311960edf0,2.0,7950.0,16.0,60.0,60.0,furniture_decor
5faf9582cc171d5db03fdf4b80076a15,1.0,23500.0,66.0,43.0,66.0,furniture_decor
8b199a0f183f8011403f53356c564d80,1.0,11017.0,40.0,49.0,32.0,furniture_decor
7ae70c929d1b6bcfaa19624f20b4f384,3.0,2400.0,65.0,8.0,45.0,furniture_decor
8f7b3d3c85fad2b4ecda1cef9a45b760,1.0,700.0,60.0,11.0,11.0,furniture_decor
a32a25c59034cb4c034031798e2fba85,1.0,500.0,30.0,5.0,23.0,furniture_decor
72a5b2df108f3062ec2731ab68e5b5a9,4.0,5700.0,85.0,10.0,40.0,furniture_decor
fe9f815c71f1651837c0f6770e533db4,1.0,650.0,17.0,17.0,17.0,furniture_decor
81cb8d21c3255d5c2143be50785cc2ad,2.0,3000.0,69.0,11.0,11.0,furniture_decor
f2e82987e8acd46815fda8c648580b12,2.0,500.0,65.0,11.0,20.0,furniture_decor
77dfeb0e34976854ba703a339ff8fb2a,3.0,150.0,35.0,2.0,25.0,furniture_decor
adcaeaf58f2759f55ac5da69ae4b4fc3,2.0,250.0,16.0,32.0,16.0,furniture_decor
01aa9c122bda45bcbf7edd32fbc36d23,5.0,14700.0,100.0,55.0,16.0,furniture_decor
66358143d86813429426c93f03bbdabc,2.0,1450.0,69.0,11.0,11.0,furniture_decor
a7b9753ca5040193a1505f15c723c0e0,3.0,2650.0,45.0,25.0,18.0,furniture_decor
5ec7e3a8dd5bc62961e497992baf4036,2.0,1250.0,30.0,5.0,45.0,furniture_decor
43a888fc6acdffc23011578f63d5f045,2.0,1200.0,30.0,30.0,30.0,furniture_decor
689a9f33ae479ec0d9f68a9b6b0cfcbf,1.0,550.0,20.0,27.0,11.0,furniture_decor
5ea241885816f6957dfaa9a8592c6b37,2.0,2550.0,105.0,3.0,70.0,furniture_decor
e00a60cd14eb7299be9e8ad1dfe1c578,1.0,13250.0,52.0,52.0,52.0,furniture_decor
8453809459840629ed9a2ba9735c551e,1.0,1100.0,40.0,7.0,30.0,furniture_decor
101103127867af6d2af98dfb2da6c78f,1.0,30000.0,60.0,65.0,60.0,furniture_decor
c4b5776ae19c3e9ee28323b38d41c72f,2.0,10050.0,72.0,10.0,72.0,furniture_decor
298532d06986d6132e5222b9362ad942,3.0,2250.0,105.0,3.0,70.0,furniture_decor
9a29b754b7fc0aa8eeb990103fcea4fc,3.0,2800.0,103.0,8.0,20.0,furniture_decor
60cfed7bb114878f269131d2857b226d,2.0,400.0,16.0,16.0,16.0,furniture_decor
268dea74d2aec39c04aecdf03081ac60,10.0,1450.0,19.0,69.0,19.0,furniture_decor
c7fd13b5e515bffdab855d0812842edb,2.0,1350.0,30.0,20.0,20.0,furniture_decor
b04d3047927b9681a49beae5f4136a0b,1.0,550.0,35.0,10.0,25.0,furniture_decor
414c53fa9c5cc4a0390682aeb2e25ec1,1.0,300.0,16.0,30.0,20.0,furniture_decor
fbe6ed76eed46e62a6e2dba72745725d,5.0,400.0,16.0,5.0,20.0,furniture_decor
253630f686917e7d27f9e81f81b2f94a,3.0,200.0,35.0,2.0,25.0,furniture_decor
e12685e3aebb14bb04c2b22992de81cd,1.0,3300.0,35.0,35.0,35.0,furniture_decor
f436a5130457df6b73cdb2c12a90ea2b,1.0,2500.0,30.0,30.0,30.0,furniture_decor
46d8fdabc7206779c58d45a23ad08d18,2.0,3000.0,34.0,20.0,30.0,furniture_decor
3af8628b6057e15cb18b8421d7b82533,2.0,700.0,25.0,10.0,25.0,furniture_decor
7ac3d0879c16f4e7e9a6a45d576e0efa,2.0,250.0,25.0,10.0,17.0,furniture_decor
b17184dce2f379b2a98393d8ae885611,5.0,20800.0,50.0,50.0,45.0,furniture_decor
dc68ee0fcb033a1ab6714fbb5db60c15,1.0,1500.0,30.0,10.0,30.0,furniture_decor
78108fe8e4d5ccfe8ed10f92f7d73c2a,5.0,2750.0,69.0,11.0,11.0,furniture_decor
407bc2771e1ae0911576de1560d3adcc,1.0,600.0,65.0,7.0,11.0,furniture_decor
f9a1e7b118211efcf90f87de886dcc7d,8.0,3100.0,36.0,11.0,26.0,furniture_decor
35310457211638bcf0670da2cd8ba8be,8.0,525.0,14.0,15.0,19.0,furniture_decor
93496c0926637f2fe3bae9caf7058e6e,7.0,2000.0,36.0,11.0,26.0,furniture_decor
f95d9369ebf76f811194c72bd22ff244,3.0,3700.0,45.0,11.0,65.0,furniture_decor
3b9c4a90ade7d4cb7e5b5c5ba475ef9a,2.0,13050.0,82.0,6.0,82.0,furniture_decor
725f8d2c0ae782803f3a364b9d2f6f24,1.0,4300.0,35.0,15.0,30.0,furniture_decor
78f5f8f4547e4be0449bce34eb0557f2,3.0,800.0,53.0,8.0,11.0,furniture_decor
7747c42797f7df4f5273b60187282d2e,3.0,600.0,16.0,16.0,16.0,furniture_decor
fd91e23b4465803725f329b39afe018a,3.0,400.0,28.0,9.0,18.0,furniture_decor
446607005fbc439a9439caed96867e26,1.0,700.0,26.0,6.0,24.0,furniture_decor
952d57ee94f3a9873bc70d9789a21c8a,5.0,2100.0,31.0,49.0,31.0,furniture_decor
1cd35eaf33a642d4df4c9146837f5908,4.0,500.0,30.0,15.0,15.0,furniture_decor
daf84169c9437371e99b38e7f8f80f2c,4.0,3050.0,69.0,11.0,11.0,furniture_decor
6c32e1f7898b6a905ee6ccf087461abd,1.0,900.0,20.0,20.0,20.0,furniture_decor
9ec6b6619704c31e3fb6d15dbe229fba,2.0,1200.0,69.0,11.0,11.0,furniture_decor
9ed935bc816076633824e4ea5b66d6df,2.0,16600.0,42.0,30.0,42.0,furniture_decor
b08d1b6f80d5093e9879a0348bdc1761,1.0,1375.0,55.0,14.0,14.0,furniture_decor
06aad8525aef9517e71a080aa973de58,11.0,1600.0,31.0,11.0,26.0,furniture_decor
4107fe37acd2074de27143fa85966f67,1.0,7100.0,37.0,41.0,37.0,furniture_decor
efa91c03c750cf82e0e9fc5523aca73c,7.0,1000.0,31.0,11.0,26.0,furniture_decor
8546c6aec945658dd6de0b125806bc8a,11.0,2700.0,41.0,26.0,31.0,furniture_decor
97b91c8032defad1460e5225a0049161,2.0,4000.0,100.0,7.0,65.0,furniture_decor
e751ef808163a46290ab3b4cbd70b6ad,1.0,700.0,22.0,14.0,12.0,furniture_decor
7868a64aa111bbb4f41f8e1146c0becb,1.0,1200.0,30.0,5.0,20.0,furniture_decor
31a7ed5ff9d9645208e0f84d92f82581,5.0,3000.0,69.0,11.0,11.0,furniture_decor
15bb6bb477d5bbfe167f6dc44b6846a8,1.0,1000.0,40.0,8.0,40.0,furniture_decor
9e8fcf395c0076ab46ac780f3d84ab93,2.0,1150.0,20.0,65.0,20.0,furniture_decor
87351480a75abfcf15ec67af64f28ee6,3.0,550.0,34.0,6.0,23.0,furniture_decor
a6a48ebcc6f6360211c13bf5bb238587,3.0,5200.0,34.0,45.0,34.0,furniture_decor
df1b3f289e06a4ca3682e61cf0a36876,2.0,800.0,60.0,7.0,11.0,furniture_decor
3b93aea7e918a4211066e42f03b68fb5,2.0,1250.0,80.0,5.0,60.0,furniture_decor
b92ac6d6776fda2be95ee60ab90611ab,1.0,8550.0,40.0,32.0,40.0,furniture_decor
c43704bc45a1f1a58de5d2b5ba0b0d12,2.0,12500.0,105.0,10.0,60.0,furniture_decor
dafe2eb26081f760c3eb2181e92c22ee,1.0,650.0,30.0,35.0,30.0,furniture_decor
dd9da9cbb4e0c6fddd01b0d8839f3e77,3.0,1900.0,105.0,3.0,70.0,furniture_decor
daef10c972d7295283e377d5fd9985f1,1.0,150.0,19.0,5.0,25.0,furniture_decor
bd121e63c181b55f2204d15c44795736,1.0,18850.0,40.0,45.0,40.0,furniture_decor
a8cd3c264c6b406a06a23ace0b16fd9a,3.0,1250.0,69.0,11.0,11.0,furniture_decor
b1f51d216c9062dcc12ab42462293ec1,1.0,1600.0,35.0,9.0,25.0,furniture_decor
c10cda5d50f5edd0c8c8dc35f5ea7a84,2.0,400.0,69.0,11.0,11.0,furniture_decor
c0c5899d3df29722ba3f12be79dfeb10,1.0,283.0,19.0,12.0,14.0,furniture_decor
5f615ecff3c5de20b69151a630f1ade4,2.0,200.0,30.0,4.0,20.0,furniture_decor
4598f8b931837f857d55483097a015d8,3.0,200.0,35.0,2.0,25.0,furniture_decor
bb56f93a193b61dbb3ccc35c2cdd317d,1.0,700.0,22.0,22.0,11.0,furniture_decor
a6b0f0c9b63f3b47169188d31f9f67bc,1.0,800.0,34.0,22.0,21.0,furniture_decor
e70cbdacbd8a00d59dfabfbd53d84091,2.0,1100.0,53.0,8.0,11.0,furniture_decor
3e362e76af5b6669122b87d6f0a38eca,3.0,1700.0,38.0,9.0,33.0,furniture_decor
2844b71c076b32af55fbbf2eb7e0bd9e,1.0,1300.0,30.0,5.0,20.0,furniture_decor
67352926da43ede7a129a72ed744bc74,1.0,200.0,20.0,5.0,16.0,furniture_decor
8cc4fe56312075f8c29550fcd66b0fa9,6.0,350.0,35.0,2.0,25.0,furniture_decor
202e0b8be6faeeee14087bccc530befe,1.0,350.0,17.0,26.0,17.0,furniture_decor
6640d299f2649e432fa5416fb9672c64,1.0,1250.0,32.0,6.0,32.0,furniture_decor
388ff2c827798649fc2a40fd7af129d5,1.0,13800.0,100.0,16.0,16.0,furniture_decor
276f08e98f8f7711c2785ce40fc9d4d9,1.0,2500.0,53.0,8.0,11.0,furniture_decor
cb91f8e9187bada635ee28c7c71b3ca7,1.0,750.0,35.0,35.0,35.0,furniture_decor
1360c66d6c12514a024be186b7e4925a,1.0,500.0,30.0,30.0,30.0,furniture_decor
a855248349fb73a158bae22b79ae955f,1.0,550.0,20.0,15.0,15.0,furniture_decor
b0895d32e26dbb099a86c2ce278783f3,1.0,2050.0,35.0,26.0,16.0,furniture_decor
f8b1b810ffb15e012d0ebba1be2810aa,1.0,1100.0,16.0,15.0,18.0,furniture_decor
3bdc103ff400f1e4c1136dfe4ebadbd1,1.0,250.0,16.0,5.0,20.0,furniture_decor
9f684ef1e31358afd3d4ce991c576e2e,2.0,900.0,80.0,10.0,60.0,furniture_decor
05fa32a505166cc577354e48a194659d,3.0,245.0,17.0,12.0,14.0,furniture_decor
bcda9424eac9dd4c6f2d739e92c0a2ab,3.0,400.0,28.0,9.0,18.0,furniture_decor
4006da5107400e5ac48dbcc829a36c42,2.0,1600.0,60.0,7.0,11.0,furniture_decor
1e98bf6bff8100a01b0c1039aa05db9a,1.0,1200.0,80.0,20.0,20.0,furniture_decor
9738938cd501f323a5084de63086947b,3.0,150.0,35.0,2.0,25.0,furniture_decor
84e802ba3fc66fc964e863cadf8c7938,3.0,300.0,35.0,2.0,25.0,furniture_decor
e64a9b6ec4c7f4081be3a5f7ce77d6fe,3.0,8100.0,99.0,4.0,55.0,furniture_decor
ed8a1f836c749d54eb9d0dd503995f7b,1.0,550.0,40.0,10.0,30.0,furniture_decor
1fde7ac241af066577f1b1602435beaf,4.0,2450.0,105.0,3.0,70.0,furniture_decor
f821142b81bcee787d6383b5c384d37d,1.0,1100.0,35.0,25.0,25.0,furniture_decor
f15dfa318985df28b020ca9fa88552aa,2.0,8050.0,80.0,10.0,60.0,furniture_decor
6b20221ff09d73c64c77d9d934b9904c,1.0,650.0,60.0,11.0,11.0,furniture_decor
274e7506d72bf55831c52e2609d2d470,1.0,400.0,30.0,10.0,30.0,furniture_decor
3ca9a17c20e1c00683a97749070fdfe1,1.0,500.0,40.0,15.0,40.0,furniture_decor
b3cde9c63f334490ef1c3348bb7dfc3c,1.0,700.0,25.0,30.0,35.0,furniture_decor
8df1a3abe96355f4a037a5345cc8594a,2.0,800.0,80.0,10.0,60.0,furniture_decor
cb5d3d2427c53fde437c52bde24840e8,4.0,400.0,50.0,3.0,25.0,furniture_decor
85bc75556b80a24f923eaf3607d917a7,2.0,1700.0,38.0,7.0,28.0,furniture_decor
fa052b8f8028fd0a75b6b2671b1e1cfb,3.0,400.0,50.0,3.0,25.0,furniture_decor
21fb5057dd6a737df6851a7ab7a130da,2.0,7550.0,35.0,35.0,35.0,furniture_decor
4c72e6d081c8a1b5430351d015eb86ba,4.0,2000.0,35.0,15.0,25.0,furniture_decor
2624c8b856235b0499572d609ffd0930,2.0,1450.0,35.0,12.0,30.0,furniture_decor
ebe9e593dfd269670a40a0ee90a8764e,3.0,7050.0,70.0,5.0,15.0,furniture_decor
a2359ef18f03db4e53c75d8c15172cfd,3.0,2500.0,105.0,3.0,70.0,furniture_decor
6e38838cab9f851eb58af53b57caf709,2.0,5350.0,40.0,20.0,40.0,furniture_decor
d3f53b3b397407f469efd4820b1ce250,2.0,1150.0,68.0,8.0,13.0,furniture_decor
441293f432282ea2ab9c82fe5f0fb875,3.0,3100.0,45.0,45.0,17.0,furniture_decor
e7be44ed7d763eb6ca1fa75279ddcee9,1.0,300.0,25.0,2.0,17.0,furniture_decor
3d39adab5a0c6d3a6124f1a556589aff,1.0,2200.0,45.0,15.0,35.0,furniture_decor
efce86e8447765eda9f3db06491e819a,11.0,2800.0,40.0,8.0,35.0,furniture_decor
f1e297029531521190bb2312a90df567,1.0,500.0,35.0,7.0,27.0,furniture_decor
071e6d5971d28c9cbbf618b5123f8284,3.0,6100.0,80.0,4.0,55.0,furniture_decor
54d798aec2c073d2d403f66ee33ddbe4,5.0,700.0,24.0,19.0,22.0,furniture_decor
7bdf179ad010100a0ee238b988147fd1,2.0,600.0,80.0,10.0,60.0,furniture_decor
3fce2ec89543bd1ecbc0a87d599bf4f7,2.0,9650.0,40.0,40.0,40.0,furniture_decor
281a67fd770c975ee1a7c842468fb3b5,2.0,10400.0,40.0,30.0,40.0,furniture_decor
99df954d850e77181a52864913d48147,3.0,2250.0,105.0,3.0,70.0,furniture_decor
cb5cdff97335d1ce76e991fb9cb2adb8,1.0,4100.0,43.0,26.0,43.0,furniture_decor
3572a945e47ca64e7796603040878145,2.0,2000.0,40.0,15.0,25.0,furniture_decor
7753861a7cbc7f0d416f0e47a246f703,2.0,1800.0,60.0,25.0,25.0,furniture_decor
84792cd1fc101f6ba852d9a2e240ccab,2.0,5300.0,100.0,7.0,70.0,furniture_decor
0bda4ee356bececb6ec0d7d010b673f1,1.0,750.0,30.0,11.0,20.0,furniture_decor
fee2419d6d68dce0a48153a8179772ea,5.0,350.0,68.0,8.0,13.0,furniture_decor
412d382f1992f8b56f88f7d4777d3685,1.0,750.0,42.0,2.0,32.0,furniture_decor
7138c5cd9a02964ede6383ffac29e5be,3.0,2200.0,105.0,3.0,70.0,furniture_decor
1015f4f024ec3cd0f9516a779ece52dd,1.0,1100.0,45.0,15.0,35.0,furniture_decor
83aae8023b8feda53259f63e0ec06390,8.0,4450.0,40.0,33.0,20.0,furniture_decor
48c336eeb08bfec37d0030074b820cb3,5.0,400.0,20.0,2.0,15.0,furniture_decor
f5765f6aff97015236abc132d8983b89,1.0,300.0,16.0,30.0,20.0,furniture_decor
2703301fe1e97e8e124a583c7664edde,1.0,300.0,40.0,10.0,30.0,furniture_decor
58bf57007fcbbcc3c327d9de8cf5dbf8,4.0,550.0,34.0,6.0,23.0,furniture_decor
3d5c815469b90f2f4b1bf62ddf6aed25,4.0,577.0,17.0,25.0,23.0,furniture_decor
7ad0b0e87f7c4eb1b68a8cebf875257b,2.0,2150.0,30.0,20.0,20.0,furniture_decor
00636f9286f69c9f1bdabe76e670fb50,1.0,500.0,25.0,2.0,17.0,furniture_decor
19445bdaf8aa12c9f56199be2b2d56e0,1.0,450.0,35.0,23.0,35.0,furniture_decor
f25f304f0e7163a29c271960a6704b0f,1.0,17033.0,101.0,8.0,57.0,furniture_decor
7272a36ac93b0f214500840025f04a73,3.0,200.0,35.0,2.0,25.0,furniture_decor
64118e924b5de8663f5cb1caad0abff8,1.0,1500.0,40.0,10.0,34.0,furniture_decor
6716bacdbe7f9fe15a010be19fc29cce,1.0,850.0,69.0,11.0,11.0,furniture_decor
981cff5accf28a980a7de3bca3ba9b95,1.0,200.0,16.0,88.0,16.0,furniture_decor
3dba03040674bea93fb80023b8f72c95,1.0,7850.0,36.0,40.0,36.0,furniture_decor
72b95452ea4355dd9f749878759c92d0,1.0,6200.0,52.0,18.0,35.0,furniture_decor
b90973ce80ba5d1fbc046fd8471acaef,2.0,2100.0,30.0,10.0,12.0,furniture_decor
0167ff78aa8cd40d5432d3daae646c7a,1.0,700.0,33.0,4.0,24.0,furniture_decor
b6f134ff2933bb0ee1f36e2865f21a91,2.0,2500.0,39.0,9.0,29.0,furniture_decor
15b3d4c8373cd64166af5504b49d289d,1.0,1400.0,43.0,5.0,30.0,furniture_decor
38e19855caf485b504d6f33ed31a9eb4,2.0,400.0,16.0,2.0,11.0,furniture_decor
5cac6a83708526b99c11e11027ae1ca6,3.0,6200.0,45.0,40.0,45.0,furniture_decor
a5cd90e0939b756beb465c31ec689e58,3.0,1900.0,39.0,8.0,22.0,furniture_decor
c22dc992a198753e51e4a25f83957b9b,2.0,300.0,80.0,10.0,60.0,furniture_decor
2eefd8ed7a9782380fe14a1efdec7418,1.0,600.0,20.0,10.0,20.0,furniture_decor
952fb0049c780b72866b908703663c23,1.0,2200.0,40.0,8.0,35.0,furniture_decor
a155b4eeffbbec8a728eb1ad73705153,1.0,800.0,69.0,11.0,11.0,furniture_decor
0b61b74bd2917877a6fc5d31192d3641,1.0,950.0,30.0,15.0,20.0,furniture_decor
70adb75b3b2e86cffbb697c90867c3f3,2.0,100.0,65.0,11.0,11.0,furniture_decor
2b4ad41f87f5ca9daba350c8f886b729,3.0,5500.0,70.0,7.0,50.0,furniture_decor
8ffc89162cccaef5a98a4c0bcd241a0e,2.0,500.0,80.0,10.0,60.0,furniture_decor
11185dbab7a8593a8f117c4df8be18dd,1.0,19700.0,42.0,100.0,42.0,furniture_decor
71a5f1c2a5fd9889ef26b5ac22aec9c6,3.0,100.0,16.0,3.0,11.0,furniture_decor
bd79fe0e3fca6af51533479baccbf09b,1.0,700.0,60.0,11.0,20.0,furniture_decor
675eadffd43ac06d1bead694fb553d35,2.0,2000.0,37.0,25.0,36.0,furniture_decor
daf9915404caf75fa1717a436b46fa14,5.0,1400.0,33.0,15.0,30.0,furniture_decor
9a36490ba1644f33c51f6801ea67b0ae,8.0,500.0,35.0,2.0,25.0,furniture_decor
4d0b5865d84734aeee18cb62a506f515,1.0,600.0,17.0,17.0,60.0,furniture_decor
90467a0531183f8fd2cc76ca735df8a5,9.0,3500.0,41.0,15.0,25.0,furniture_decor
2ee01d305b60612e78144538abbdddd6,1.0,150.0,35.0,5.0,20.0,furniture_decor
b81a05d0dd312ece2140846909f5ef81,3.0,800.0,68.0,8.0,13.0,furniture_decor
65bb78cf0bbc3ca6406f30e6793736f9,3.0,2000.0,100.0,7.0,12.0,furniture_decor
f9bb291280bceedf7840b89e1e75b89c,11.0,2400.0,40.0,8.0,35.0,furniture_decor
6f79d50d852c044e3f7f0954d13aeacf,11.0,1100.0,31.0,11.0,26.0,furniture_decor
16280ca280a86fee2ba3c928ed04439f,11.0,2200.0,31.0,11.0,26.0,furniture_decor
1a14237ecc2fe3772b55c8d4e11ccb35,3.0,150.0,35.0,2.0,25.0,furniture_decor
a0b7d5a992ccda646f2d34e418fff5a0,2.0,12300.0,40.0,40.0,40.0,furniture_decor
37cc742be07708b53a98702e77a21a02,1.0,400.0,27.0,13.0,17.0,home_appliances
5877301b00f95e3c6118738b293dfab3,1.0,1500.0,65.0,8.0,38.0,home_appliances
dccef777bc505f2eca720502c209988d,1.0,150.0,18.0,8.0,13.0,home_appliances
955821b9200f75f399d091f381821044,1.0,150.0,20.0,13.0,15.0,home_appliances
1b726b3b028ce5af355fc94c066520d7,1.0,425.0,39.0,17.0,39.0,home_appliances
270c3d76b5efb36480487920cec3e167,1.0,1250.0,22.0,11.0,20.0,home_appliances
7aeaa8f3e592e380c420e8910a717255,10.0,5500.0,29.0,37.0,25.0,home_appliances
2b5000342506556984dc8d0dcdbd4921,1.0,150.0,27.0,13.0,17.0,home_appliances
2d80845a6f78e68221e4965655a9a9b8,1.0,150.0,27.0,13.0,17.0,home_appliances
e145fe0be63a7cfdb3b2d57c6769cec1,1.0,100.0,18.0,8.0,13.0,home_appliances
a1fa8c0b1d3e019af17cb198cefa4691,1.0,100.0,18.0,8.0,13.0,home_appliances
b59e3776fd0270273b8f6b1345e2f0fc,1.0,16350.0,25.0,25.0,25.0,home_appliances
ec6cf0744914e96d2c1bf6a1bc475665,1.0,1850.0,20.0,8.0,13.0,home_appliances
afc026db9e1bc0f06ae19abe8aff3b66,10.0,10750.0,50.0,50.0,50.0,home_appliances
0820af09ddc75b84841b1fab4da4be9b,1.0,100.0,18.0,8.0,13.0,home_appliances
8b703da31bafff192fa02873886b9074,3.0,300.0,40.0,25.0,25.0,home_appliances
a8e9f87b1e5eb60206b63ff80c5ecadc,2.0,700.0,20.0,6.0,11.0,home_appliances
112c98970afb0e6dd81c05ddd447416d,4.0,200.0,27.0,13.0,17.0,home_appliances
14d2c4a849afdde0e39ffad27a1dfc56,1.0,1650.0,50.0,2.0,37.0,home_appliances
31a70a048673639e07f9c3848b590d8d,2.0,100.0,16.0,10.0,11.0,home_appliances
4d34afdb45a519bcec6f07b20f0b5622,2.0,1344.0,26.0,27.0,34.0,home_appliances
39fed4eaa7c5632965cb9736ff7e7a97,1.0,150.0,27.0,13.0,17.0,home_appliances
ea66598d13482c9c72f1936c62d2e630,3.0,6613.0,49.0,13.0,39.0,home_appliances
ba9a847a2c023953743ba9e5ef6c88c6,1.0,200.0,26.0,15.0,35.0,home_appliances
7d88f23682af2fc7db5484b6e41f8993,1.0,500.0,18.0,8.0,13.0,home_appliances
d6a95e3741f817881010aa71433051b5,3.0,50.0,26.0,2.0,12.0,home_appliances
ace96aa4dfdca4a61e0943f359a59a0e,3.0,300.0,40.0,25.0,25.0,home_appliances
c6147d11c322b6a63f0cdd8722be9477,1.0,14350.0,35.0,46.0,35.0,home_appliances
82f98bab2c86b34a3e8ad47dfbf464fd,1.0,350.0,27.0,13.0,17.0,home_appliances
ef60db8b2f868e7a61e59d80cdfebf6f,3.0,1000.0,35.0,46.0,35.0,home_appliances
513d6bfa0cc5198ae04a6ebf0baeae98,1.0,350.0,16.0,15.0,20.0,home_appliances
32c7991989ed600da3c3e313e96b440f,1.0,100.0,17.0,2.0,13.0,home_appliances
8d12ee985749e3ea570ed7f5c875479a,2.0,150.0,20.0,13.0,12.0,home_appliances
768cb9a5290c41d7968447ae28c64cca,1.0,15050.0,39.0,38.0,39.0,home_appliances
5357939c29929b47a0e3923da9155fbd,1.0,400.0,27.0,13.0,17.0,home_appliances
e5eadf9be70a4a9fa514019542fc330a,2.0,1200.0,35.0,20.0,30.0,home_appliances
d0b7819045279ab3714828e45975b0f2,1.0,200.0,27.0,13.0,17.0,home_appliances
9a21b1152363a1bae31bf0165127b067,1.0,250.0,27.0,13.0,17.0,home_appliances
11cf21fc07b965dd7f4bf7a2c3e5f1c4,3.0,450.0,27.0,13.0,17.0,home_appliances
ac20a9614b6db9e7289b85c4f4b6216a,1.0,1250.0,65.0,8.0,38.0,home_appliances
c5685881d53e0b14945be0bee2678b2c,2.0,8050.0,35.0,46.0,35.0,home_appliances
0bf311dc96c3ce0503cb03068588c196,1.0,300.0,18.0,8.0,13.0,home_appliances
e0195a27314c382f2ab4c2bbebee854f,2.0,100.0,20.0,2.0,26.0,home_appliances
775882cccdd5199956853d6117b0e650,3.0,300.0,24.0,11.0,16.0,home_appliances
b72569983090c8bcd75fe577f5be5934,1.0,350.0,16.0,35.0,25.0,home_appliances
2a1dc7b4d777085804b1a6389639870c,1.0,500.0,20.0,13.0,15.0,home_appliances
9bd6de7d37cef435aacc25680a69db61,1.0,8400.0,55.0,13.0,46.0,home_appliances
038c0dd7c1e48a1588f8919a0c305727,1.0,100.0,20.0,13.0,15.0,home_appliances
5bbebc281f50fcd65e31a103730bb64e,2.0,500.0,19.0,13.0,20.0,home_appliances
42a437e306c8020b829fa2a5c55d3b62,1.0,200.0,27.0,13.0,17.0,home_appliances
a610552157e4317323f1c23e9c51fe26,1.0,425.0,44.0,14.0,34.0,home_appliances
64b446c34d5599462f6c9d4ed6bc5c09,1.0,250.0,27.0,13.0,17.0,home_appliances
d418ddef3e7017381084956220b00b9d,1.0,100.0,18.0,8.0,13.0,home_appliances
082175ee534338e4fd967076a6f848e5,3.0,100.0,27.0,13.0,17.0,home_appliances
11998bf6cea26d8ab6b3948560f64951,1.0,700.0,18.0,8.0,13.0,home_appliances
8bb7efbc6db04c5cc5380921bc722d7d,3.0,450.0,20.0,13.0,15.0,home_appliances
1003992d2a8d1e7f870643148854ddc7,2.0,300.0,18.0,8.0,13.0,home_appliances
b1443a3dadb0b2b1edf47ffe38366788,3.0,3900.0,35.0,40.0,25.0,home_appliances
05de46958121361ff78e2a9812db6778,1.0,300.0,35.0,46.0,35.0,home_appliances
a1e00885862cb54f09464fc31a58e0a2,1.0,200.0,20.0,13.0,15.0,home_appliances
409ad0594dd6af287d870a566756dc10,3.0,200.0,30.0,10.0,15.0,home_appliances
aa15d9042b3749f119a734d7df2b68bc,2.0,150.0,17.0,7.0,13.0,home_appliances
0cc8792aea4a5586398479689a6daf63,1.0,150.0,18.0,8.0,13.0,home_appliances
7e1fa9dcf2c39f7fe71d43ce0a09dbb5,1.0,11950.0,50.0,2.0,37.0,home_appliances
555dec7f4c47f1d985310349938fc0ad,1.0,500.0,27.0,13.0,17.0,home_appliances
4c2da344ea77566a0d45390f5cbd78e8,1.0,250.0,27.0,13.0,17.0,home_appliances
5efb4125102dcaa9a937dc2002c96aba,1.0,400.0,55.0,13.0,12.0,home_appliances
9988437646bfc0cbe0f97d4451cb08fc,3.0,300.0,27.0,13.0,17.0,home_appliances
43944a8f8f0b7ae86b6c3d3c2f257375,2.0,4920.0,65.0,11.0,33.0,home_appliances
0e429613002a4b7dfa4554005e2ab8d2,1.0,250.0,27.0,13.0,17.0,home_appliances
92ff4701412588ba89562a5da013c537,1.0,21000.0,63.0,21.0,37.0,home_appliances
fd8a63e7365ea8b19f4ba50e07a89a06,3.0,200.0,27.0,13.0,17.0,home_appliances
be837f2e0152a208d4386f4126d5bd7c,2.0,950.0,25.0,11.0,15.0,home_appliances
10feace590e85f3804756b2fc1f6bbda,2.0,1200.0,20.0,12.0,15.0,home_appliances
5ddf71f0c832e1af820031a5a62beb01,1.0,100.0,16.0,3.0,13.0,home_appliances
c11df8bc488c72d5f966012f8cc81662,1.0,200.0,18.0,8.0,13.0,home_appliances
390b11d5e6df7f88831bb38cfda1613d,1.0,3100.0,64.0,6.0,55.0,home_appliances
5f24f9f041b1ab4de5de1b37994952d8,1.0,2250.0,18.0,8.0,13.0,home_appliances
ab5da1daa941470d14366f4e76a99dd2,3.0,100.0,30.0,10.0,15.0,home_appliances
364c376300bf404053c44c790b493868,1.0,2050.0,20.0,8.0,13.0,home_appliances
115d882d50c476a481e899b79aca6174,1.0,600.0,16.0,10.0,18.0,home_appliances
99d44aea5e49748da9f941f1f35d1cf4,1.0,250.0,18.0,8.0,13.0,home_appliances
e855dc52ff8689424725e4a7dea082bf,1.0,4550.0,27.0,13.0,17.0,home_appliances
50d77758742285ff49f340ebdf0df5a7,3.0,500.0,30.0,12.0,17.0,home_appliances
1a8c8d4e86c3b6d020f42b5621825ced,1.0,450.0,20.0,13.0,12.0,home_appliances
0176300ac9900e260f35fbddd71c6d92,1.0,200.0,27.0,12.0,17.0,home_appliances
7f8a4c409bc01200ff3b82e995cf8497,1.0,350.0,18.0,8.0,13.0,home_appliances
7c3dd2ee1b4512bc2c741154fc0d2ad3,1.0,147.0,22.0,15.0,22.0,home_appliances
d8243785d7ff92726cf5c74caf11a6e4,1.0,150.0,20.0,13.0,15.0,home_appliances
fba6f88e10230dd0ba718aec962064ae,1.0,1000.0,27.0,13.0,17.0,home_appliances
1d1021f2e10ec199e91f5a80355fdaf5,3.0,350.0,27.0,13.0,17.0,home_appliances
77bb7313da6b9c08c7ef73fa7f821ef4,2.0,200.0,18.0,8.0,13.0,home_appliances
d8ca963a86234b664c718ead584675d5,1.0,150.0,18.0,8.0,11.0,home_appliances
ac8a3c0c9899b7c670f5adc5880d9a17,1.0,100.0,18.0,8.0,13.0,home_appliances
05177c02b7f7e985fb4a90d1465f0fba,1.0,100.0,18.0,8.0,13.0,home_appliances
06c42344256e5a78e6bf38e92b1f1563,1.0,200.0,18.0,8.0,13.0,home_appliances
ccb125d39320e9d900107ce4109589dd,1.0,600.0,16.0,10.0,18.0,home_appliances
42d383bd16effbbd48744a1181adb5ed,1.0,425.0,39.0,14.0,32.0,home_appliances
edfbf2390650b0c796e3820bf2782e32,3.0,50.0,26.0,2.0,12.0,home_appliances
deb5048402088c1bd33af3910bf9a92f,1.0,3500.0,55.0,19.0,46.0,home_appliances
774ad2570c29b52d50433d7bb89273e7,1.0,100.0,18.0,8.0,13.0,home_appliances
a5917b970f3946ccfaabbd8599108ab5,3.0,300.0,26.0,11.0,11.0,home_appliances
b10d71016458b5278240f4ff330f5d3a,1.0,150.0,18.0,8.0,13.0,home_appliances
9c5cec867c62c0ec4674b002eb1c3e0c,1.0,15875.0,54.0,46.0,32.0,home_appliances
ab6edd00a29d1e29948284a492497854,1.0,300.0,20.0,13.0,12.0,home_appliances
c10b7cf3152ae68bd9b4713b2230080d,1.0,11100.0,16.0,16.0,11.0,home_appliances
6c8b94e30aa28faa5184176c25f137cb,1.0,150.0,20.0,13.0,15.0,home_appliances
eaa3c87492892d3e6861f0939b4dbada,1.0,100.0,20.0,13.0,15.0,home_appliances
839b343ccad29692924f7db0e7aceca4,1.0,300.0,18.0,8.0,13.0,home_appliances
bb390f8ba6aad7fa1f1be418d7838beb,1.0,13800.0,35.0,46.0,35.0,home_appliances
1967439d121aa088ab92049dead980f4,3.0,200.0,27.0,13.0,17.0,home_appliances
5849aea6eb5573c99c98e52682bd94eb,1.0,150.0,16.0,8.0,16.0,home_appliances
0134eb6b933b7ebc0f9e24ae5abefaa0,1.0,1150.0,55.0,19.0,46.0,home_appliances
ff9dfd2acec3dff6be51b4d28bed8768,1.0,500.0,20.0,13.0,15.0,home_appliances
c0681a586716a6b03826f9d15d4bc830,1.0,200.0,34.0,13.0,12.0,home_appliances
c0bb1cdf039d4b769e4d773de2240799,1.0,14850.0,35.0,46.0,35.0,home_appliances
0fbbab2c9572a69294f4cd0f59ba4a4e,1.0,1800.0,65.0,8.0,38.0,home_appliances
312284b6c3b1c1b36b46db2bcdfb150a,4.0,8000.0,30.0,30.0,20.0,home_appliances
e347b95d594c79460b23b2f850655f68,1.0,14150.0,35.0,46.0,35.0,home_appliances
24c03f6980d5f778bcf41785abe25533,1.0,1200.0,65.0,7.0,38.0,home_appliances
33734acdf5673ba08a01d187f6f4a087,1.0,500.0,35.0,46.0,35.0,home_appliances
c58674d8eb9e41cef68b0d62be2cf843,1.0,400.0,27.0,13.0,17.0,home_appliances
84259efff65083245b85e488d3a30d4c,1.0,1400.0,35.0,35.0,40.0,home_appliances
331b7c485fafc244f0b033bba8ac5578,1.0,12050.0,35.0,46.0,35.0,home_appliances
b95366fcf5a371ace4acfe7d720b07d9,2.0,100.0,18.0,8.0,13.0,home_appliances
5c5396ff3a1b3d492a2aa04730b25904,1.0,500.0,16.0,10.0,18.0,home_appliances
b2873f8b24fbe611a16afb61dba34edd,1.0,150.0,20.0,14.0,12.0,home_appliances
da98cf62c7fe9452761e782902ad71a2,1.0,100.0,27.0,13.0,17.0,home_appliances
c73d2f4d891ae57d20c788f4628d88b9,1.0,550.0,16.0,32.0,11.0,home_appliances
881218c6167982e1dd94cb98a085cbb9,1.0,550.0,36.0,15.0,25.0,home_appliances
28b5fef7b6d63771e9784bc68c783793,1.0,1500.0,65.0,8.0,38.0,home_appliances
973b82b1eed5902879aa90864b5e340d,1.0,950.0,32.0,37.0,22.0,home_appliances
0afcde02bc6b3c33e6d2dc2a90c7e3eb,1.0,1500.0,27.0,13.0,17.0,home_appliances
bfef23d9045e75d86cff96fad35a10b0,1.0,300.0,16.0,35.0,25.0,home_appliances
0b4d2eb734bd8bb5001a145bf52fa5e2,1.0,700.0,18.0,8.0,13.0,home_appliances
58013a514d435f19c974b8751c054a18,2.0,100.0,18.0,8.0,13.0,home_appliances
54919ddb6aa3bf5bf5901d504a8b7f18,1.0,2250.0,46.0,21.0,36.0,home_appliances
1346e52897253207e49624d96aa60471,1.0,1550.0,30.0,10.0,15.0,home_appliances
28609f55cdcc0e20aa621696e53c7075,1.0,5400.0,32.0,25.0,14.0,home_appliances
590547b1e5242580014283ce1bcaaffc,1.0,350.0,33.0,3.0,36.0,home_appliances
2da8e82c3ddd9c8f784930f7d2db4d34,1.0,30000.0,61.0,15.0,50.0,home_appliances
cf1817039c1c86d9f7a5991817794083,1.0,200.0,16.0,35.0,25.0,home_appliances
4df66ac9aab3086c57a1cc409b06fed6,1.0,300.0,18.0,8.0,13.0,home_appliances
b4ba27d5fad6d6cde99f855d72b5afcf,1.0,5700.0,55.0,19.0,46.0,home_appliances
b6ae7ce782177c099c882b90df5f3d5d,2.0,500.0,17.0,8.0,13.0,home_appliances
9281e35939ed4db9a1ff7001d673e510,1.0,6200.0,50.0,22.0,45.0,home_appliances
4d071a22b9cc548b64a75075a4c63151,3.0,750.0,22.0,7.0,22.0,home_appliances
6aa8f339965debf52a549f8aade6d068,1.0,500.0,23.0,16.0,18.0,home_appliances
45f1424574bd3d445c78781373aa6d26,1.0,100.0,20.0,13.0,15.0,home_appliances
0c276318593d4450cf9b178ad5b4a8ce,1.0,1650.0,29.0,14.0,19.0,home_appliances
cbd0f39c794fee28d71a874538c18f77,1.0,100.0,27.0,13.0,17.0,home_appliances
7493e4040f18798a847ce9f22afc3ff7,1.0,100.0,18.0,8.0,13.0,home_appliances
cd3b8a153ef3be4fdbad9e011b7b35e2,5.0,7650.0,30.0,50.0,40.0,home_appliances
de3460da13c27adbaa8efcf1bb83cd62,1.0,250.0,27.0,13.0,17.0,home_appliances
6a7ee229607aa7511363812c90560144,1.0,225.0,24.0,13.0,15.0,home_appliances
9569769b6bcd1a9399b8373b1d681855,2.0,350.0,18.0,8.0,13.0,home_appliances
cdc7d7f4e3185c90a960708d56cc9599,1.0,1400.0,27.0,13.0,17.0,home_appliances
4c995db5155717035ed4a91b0e83a426,1.0,2450.0,40.0,17.0,17.0,home_appliances
e403a54af54730eb4f3e8a346d943579,4.0,500.0,22.0,9.0,19.0,home_appliances
c900bb01100f7e72011f57af81326b90,3.0,50.0,26.0,2.0,12.0,home_appliances
69b45497bec8e36af6fd1a31b2cd8f9f,8.0,950.0,45.0,14.0,35.0,home_appliances
31666362dfd77bdc5d7777b463acfe68,2.0,450.0,60.0,8.0,36.0,home_appliances
e40fa115d27ea4a80bf2136d5f0cfcd7,3.0,350.0,27.0,13.0,17.0,home_appliances
97b72ed1900f2af848c76555d62033de,1.0,14050.0,55.0,19.0,46.0,home_appliances
779471f3320ebf3c8695d3774cd90d98,1.0,350.0,27.0,13.0,17.0,home_appliances
60c4a6df513180268f7ee401b30f3c1b,1.0,350.0,33.0,3.0,36.0,home_appliances
1d97c41716d9bb1084dd1c1a99b1d5e9,2.0,2350.0,64.0,6.0,55.0,home_appliances
e825296f31d087227f5fe6487557aaf7,3.0,17950.0,50.0,50.0,43.0,home_appliances
cf456bb1218805bf1c73525660a9f639,1.0,1600.0,52.0,15.0,15.0,home_appliances
cd5eacb9149587d504044502d0c9798a,1.0,100.0,27.0,13.0,17.0,home_appliances
3305e62a2133cb1b2db805f3782eb7ae,1.0,200.0,27.0,13.0,17.0,home_appliances
e8ad7d6a8e92ac807dc61b8b67d88caa,2.0,50.0,20.0,13.0,15.0,home_appliances
0cf39ab2d0f594fe612f81d2d90121e8,1.0,50.0,27.0,13.0,17.0,home_appliances
3df78dbb35e3edc35c5f309011b6e3d9,2.0,650.0,28.0,10.0,18.0,home_appliances
9443c4c94962f689aafb1c13f5f1762f,2.0,500.0,20.0,13.0,15.0,home_appliances
28a90fed013499ea1f96adb9c6f44e37,1.0,50.0,18.0,8.0,13.0,home_appliances
12728f215b3381cac22b1fba7a97f5cf,1.0,1200.0,50.0,2.0,37.0,home_appliances
189921555959ef963cb7b93553d7d202,1.0,50.0,18.0,8.0,13.0,home_appliances
db1410474e61a057cffa687656918ddf,1.0,200.0,18.0,8.0,13.0,home_appliances
2d966327355281a1ff85f267e0d08781,3.0,625.0,25.0,9.0,25.0,home_appliances
0174eb125f49a617bd9c6277e5aa76a9,1.0,250.0,27.0,13.0,17.0,home_appliances
1f0d72fdb89c51b0b2fb2dd7baa63a8a,1.0,300.0,28.0,13.0,18.0,home_appliances
eac4543cfde63c7427a4659b8c907098,1.0,150.0,34.0,13.0,12.0,home_appliances
a000c3bbcabfea20a59fc2a10b9a6cf5,1.0,350.0,70.0,13.0,12.0,home_appliances
65f8c5cb16844ab87be3f0af4eed5e51,1.0,500.0,18.0,8.0,13.0,home_appliances
7cdd05e9483aff93c2c0a41cceb9b445,1.0,100.0,18.0,8.0,13.0,home_appliances
d65f3ccead8c91ecca73fb775ee50cc8,1.0,100.0,20.0,2.0,26.0,home_appliances
7ba65aaedb73677effa456995cb7ab97,2.0,250.0,18.0,8.0,13.0,home_appliances
0a82c5e3af23bf02899280c8e1f4eea9,1.0,1250.0,50.0,2.0,37.0,home_appliances
fc44aa56f6950438772a08ec23552fd9,2.0,750.0,22.0,35.0,25.0,home_appliances
c2f2d10f8b047f5cffef731479a34432,1.0,100.0,18.0,8.0,13.0,home_appliances
a1f7dace2a9af48dd48428c12001dc09,1.0,300.0,21.0,12.0,12.0,home_appliances
901283b66481331ad99c4eb953c04c43,3.0,21400.0,75.0,20.0,68.0,home_appliances
b368894280326461c8e42db35683af5c,1.0,300.0,18.0,8.0,13.0,home_appliances
d2bcc21c60051598876d7c58318682c0,1.0,150.0,18.0,8.0,13.0,home_appliances
1846ec5a92ed15d0dbf9e0e86c29085c,3.0,300.0,27.0,13.0,17.0,home_appliances
60d49071f68566b7254c39a7d4ea5c1c,2.0,100.0,19.0,8.0,13.0,home_appliances
37470d84427730445b3b251bb796d528,2.0,125.0,23.0,8.0,13.0,home_appliances
a151eeef55883e0b64e1ceb52810db4b,1.0,300.0,27.0,13.0,17.0,home_appliances
c7fb0056fa75e5d946d5c12ef59525be,1.0,400.0,20.0,30.0,11.0,home_appliances
b5973136cdf32af9a89515d15dc370b5,2.0,12300.0,35.0,46.0,35.0,home_appliances
d1fd2ceaad67026458fe610f27c4c7b2,1.0,200.0,27.0,13.0,17.0,home_appliances
6f5d8820ea24c5ac882ad57132f092b7,1.0,100.0,20.0,13.0,15.0,home_appliances
6d97e5cb4df5111845c6aaafba7111ca,1.0,417.0,22.0,25.0,27.0,home_appliances
828097693199c9c0da94cf532dd2427d,1.0,300.0,27.0,12.0,17.0,home_appliances
ae154f7a67e5289488f78670d3e5b971,1.0,150.0,16.0,8.0,16.0,home_appliances
d600d7ad2039ff6169fef341624fd281,1.0,1400.0,65.0,8.0,38.0,home_appliances
35ffbac108d291eae9a8df90f92f6fad,2.0,950.0,62.0,17.0,25.0,home_appliances
e1165c7ceda460f9d14914648fc31631,1.0,150.0,18.0,8.0,13.0,home_appliances
f727147ccedba9da38dc2ab8b496a444,1.0,800.0,16.0,45.0,35.0,home_appliances
615cdd12d2db03b570f68c5ac19ab026,3.0,2667.0,28.0,37.0,33.0,home_appliances
081dc33e4b9964d2ffe752a977a29998,1.0,50.0,27.0,13.0,17.0,home_appliances
cea1262b2dd1dd56c1b4f1f1c19b14d4,1.0,200.0,27.0,13.0,17.0,home_appliances
d66c729cd3b64c98515a18898c6b65c3,1.0,100.0,20.0,13.0,15.0,home_appliances
900d210e9ea6ee40dd0290df76bde9fc,1.0,425.0,27.0,12.0,12.0,home_appliances
ec222365cd276f7e9c328d64f023c6ac,3.0,250.0,27.0,13.0,17.0,home_appliances
50c3b0ec236af400b6113521763e34ce,2.0,600.0,20.0,13.0,15.0,home_appliances
16b5adf7a7890633a2642ea9bd8a9ea5,4.0,1800.0,30.0,30.0,30.0,home_appliances
282606dd11c6108bfa47f0e4b0918cfc,1.0,500.0,55.0,40.0,46.0,home_appliances
5d9090aa267e7bc806b62f257ce6fe52,1.0,200.0,27.0,13.0,17.0,home_appliances
4534bceddbf90ce5876ec482cc5c74d2,1.0,200.0,18.0,8.0,13.0,home_appliances
af54833766006d685742bf140e6f0086,1.0,1600.0,60.0,8.0,36.0,home_appliances
b0ed7fe63babb3e705115f53fa74b20c,2.0,1200.0,28.0,8.0,13.0,home_appliances
8722afd14143e0192b2abbcee6fe2873,1.0,10850.0,35.0,46.0,35.0,home_appliances
f638a5563e72783a14acd5da63e6e372,3.0,275.0,28.0,13.0,18.0,home_appliances
62b0e890638d64f8e51e7418813fea07,10.0,5050.0,29.0,37.0,25.0,home_appliances
da2d389f29f1cb7e89b1174349e40567,2.0,400.0,20.0,13.0,12.0,home_appliances
06ef9525b604908b6ef27fa630b4f22f,1.0,1800.0,66.0,7.0,38.0,home_appliances
0b9c9a5a9c9825ff5bdb295751784392,2.0,500.0,20.0,13.0,15.0,home_appliances
ec9f54e0036a28f74cc88439e4f9168b,1.0,1150.0,33.0,7.0,33.0,home_appliances
6db39def795b8e1cfff57328bb3869db,1.0,1550.0,65.0,7.0,38.0,home_appliances
7e637e48c425541269e7a45882397f9d,2.0,100.0,16.0,16.0,11.0,home_appliances
af6fa1b762e2da2c65b98be13d87bab5,2.0,450.0,20.0,13.0,12.0,home_appliances
9c01566eb81b90cf2c8014cb71e35f93,1.0,525.0,25.0,14.0,16.0,home_appliances
7fa2058a9bf3a89ef34df823357e0be9,1.0,190.0,18.0,8.0,13.0,home_appliances
cc128c866c14b2219b174d18ad6caa2a,1.0,250.0,20.0,13.0,15.0,home_appliances
f2da7d1f7a4ce383542342a00f94ff25,2.0,250.0,25.0,8.0,30.0,home_appliances
565e2034af74a5b06de8f26252bd8bc8,1.0,1500.0,65.0,8.0,38.0,home_appliances
4607e6e2d3a1f1a3748058001bce169c,1.0,50.0,18.0,8.0,13.0,home_appliances
855bbef550f31af6cf9387e9362b11f6,1.0,500.0,27.0,13.0,17.0,home_appliances
192406641723dcce37e6181abf9aba18,2.0,200.0,18.0,8.0,13.0,home_appliances
801f31733449dbc73ff67eb9117898e3,1.0,150.0,18.0,8.0,13.0,home_appliances
17b8aa78b705626818b2646e5abb3138,2.0,500.0,27.0,13.0,17.0,home_appliances
4380015e3e75bf62b57e306d2f4c2827,1.0,1250.0,38.0,7.0,63.0,home_appliances
7dddebba704470d81c5bbfe89a9a1550,1.0,400.0,16.0,10.0,18.0,home_appliances
5a5acb6ac56c50c8e988f2c93cc8b7ef,1.0,100.0,27.0,13.0,17.0,home_appliances
951b64df30a368d839ae1e534ff79bd9,3.0,550.0,41.0,4.0,31.0,home_appliances
54004861371c893cb5a5e2b563ef72c6,1.0,1550.0,46.0,11.0,12.0,home_appliances
7d187801885842645486f00fb166f378,1.0,150.0,20.0,13.0,12.0,home_appliances
ffbfe460c6f140cdbe4f494be6dd43be,2.0,2350.0,20.0,40.0,30.0,home_appliances
7776d83c2db3d88b275ab95137f7441e,1.0,700.0,27.0,13.0,17.0,home_appliances
0b91c29b24b0a2d575a42fd951fb0408,1.0,350.0,37.0,9.0,12.0,home_appliances
e9aa3fd3f316b44c85f671552a04fa4a,1.0,50.0,17.0,7.0,13.0,home_appliances
211231e0c3e424340de9917591f863b0,2.0,2450.0,64.0,6.0,55.0,home_appliances
06649da52cbfbb4e9b6cfc332d56c119,2.0,600.0,70.0,5.0,11.0,home_appliances
d7b1317236e0c03475bfe67536ae3c81,2.0,550.0,20.0,13.0,15.0,home_appliances
525d714f91bdf4dc6849c3ed6323e6a8,3.0,1625.0,24.0,12.0,17.0,home_appliances
02d5d374678728b3af7bd59ee012abb4,1.0,100.0,18.0,8.0,13.0,home_appliances
2a209ce7ce3ea3a21cc0b4c36495e9df,2.0,15225.0,31.0,14.0,22.0,home_appliances
f00b39a2c66d045f07fdfe7d8ddc4ed9,1.0,200.0,27.0,13.0,17.0,home_appliances
505b98dd26939553345f62035bb081a4,1.0,9700.0,30.0,30.0,30.0,home_appliances
14296885533b327c1168b7940ae2bdb1,1.0,300.0,28.0,13.0,18.0,home_appliances
7a966c6b82de7bfd599d9ae77bd746af,1.0,250.0,27.0,13.0,17.0,home_appliances
c596b76868fe2a8e8a95dd39e3dd67b5,1.0,3100.0,64.0,6.0,55.0,home_appliances
0958d661bb9ffd798d3586f713585938,1.0,2400.0,32.0,37.0,22.0,home_appliances
86211c3f0c3c23696551eb29f052a269,1.0,300.0,27.0,13.0,17.0,home_appliances
d5e382d902479580700a4694f5673dde,1.0,400.0,27.0,13.0,17.0,home_appliances
7f70545e9d4c47a4e84278437672f03f,1.0,300.0,18.0,8.0,13.0,home_appliances
f083f237cbf95dd0a5185e902f385dd5,1.0,1800.0,25.0,14.0,23.0,home_appliances
952a1b105b353afa2fb1fab92e52b454,1.0,150.0,18.0,8.0,13.0,home_appliances
4d8f03d6420572bd5d809ac866672a1b,1.0,150.0,18.0,8.0,13.0,home_appliances
1831eef8008d196ec59bba8f52a526b8,1.0,450.0,20.0,13.0,15.0,home_appliances
57284a8b927e8047fed61c481045b3d0,1.0,550.0,20.0,13.0,15.0,home_appliances
b3a1e177812466b5c1c71b314ee2ee31,1.0,850.0,30.0,19.0,17.0,home_appliances
b7be32135142911c4a0f4d17ceb23497,1.0,550.0,50.0,2.0,37.0,home_appliances
ce6e846888716883ea858c8483dc2fef,1.0,100.0,27.0,13.0,17.0,home_appliances
0c3d6918621fbc7eb3c1dbb40d36b746,1.0,300.0,27.0,13.0,17.0,home_appliances
14f964bb089089d5e114cdaf786ce1b9,1.0,175.0,28.0,13.0,18.0,home_appliances
0e67e54b55cf6c87a00d7f0fd3c5c491,1.0,150.0,20.0,9.0,14.0,home_appliances
15050d3aa6e44bc924642e38dc255677,1.0,300.0,27.0,13.0,17.0,home_appliances
c05445666d793190048c0ec1d0bb7f0f,1.0,2500.0,32.0,37.0,22.0,home_appliances
c0ad0886177197bdbb891829bafc45d2,1.0,250.0,18.0,8.0,13.0,home_appliances
061b4ab52739c3c14397c29df80c597a,1.0,300.0,27.0,13.0,17.0,home_appliances
c6e4e4c07bcb50a1dc0d54fbbb7ebbe7,1.0,700.0,38.0,35.0,38.0,home_appliances
576dcab3751246040666eae5a0bcb315,1.0,3550.0,55.0,19.0,46.0,home_appliances
dbc7aaf61b2639b1f282509ff1349bec,3.0,300.0,27.0,15.0,17.0,home_appliances
2350c74f45b4009cbdab3fa73396c222,1.0,1650.0,50.0,2.0,37.0,home_appliances
4573d8f4ebc14fa74542265b9c01d065,1.0,150.0,18.0,8.0,13.0,home_appliances
520ac02e0e8cdf179eed22f204e3f26d,1.0,1450.0,50.0,2.0,37.0,home_appliances
71a8dd5f6f9ce24bf348c2cc73f1b046,1.0,120.0,18.0,8.0,13.0,home_appliances
6f6019a14b83ba9efe11fabe73eb094b,1.0,100.0,16.0,11.0,11.0,home_appliances
98a20ac6ef3939598c38b1eb54fe1cae,2.0,150.0,27.0,13.0,17.0,home_appliances
f2844deda444d0208297c6d614d1493f,1.0,450.0,27.0,13.0,17.0,home_appliances
a009a84a95de59e574851aef710ee0f3,3.0,100.0,30.0,10.0,15.0,home_appliances
48116a826b3a019f97c5fa8e8ce788a5,1.0,1400.0,55.0,8.0,38.0,home_appliances
1e2c4845a09f960ea8b021fa72d98006,1.0,300.0,18.0,8.0,13.0,home_appliances
b30d7b0adcdc4a117f455472548155ec,4.0,150.0,30.0,10.0,15.0,home_appliances
a01801e4d348c3375e43643085a6b576,1.0,350.0,16.0,20.0,11.0,home_appliances
fb43e2d63e76125c76c8f07c263e0bd4,1.0,950.0,16.0,45.0,35.0,home_appliances
760bc344cfd2b318b8bf388fa995d3e4,2.0,300.0,27.0,13.0,17.0,home_appliances
75c859dbba6358947a27d204801125a6,10.0,12900.0,25.0,25.0,25.0,home_appliances
8ad5422c2f13436a172cbdd5f2faa00e,1.0,1200.0,55.0,19.0,46.0,home_appliances
b7fb317b06027cff33c39708e088e5d1,1.0,550.0,70.0,13.0,12.0,home_appliances
ab495f166205a883ffe5ab0b5b55f867,1.0,30000.0,62.0,73.0,63.0,home_appliances
69c2cca014581e7e3756142963a69313,1.0,18550.0,58.0,25.0,43.0,home_appliances
b4f2839696df5de18aa7168fa62f650d,1.0,425.0,44.0,14.0,34.0,home_appliances
4ac095ce30a68573675e2e0206d31b12,3.0,6150.0,55.0,19.0,46.0,home_appliances
af69caef8804ace46d262381e80dd523,1.0,100.0,20.0,13.0,15.0,home_appliances
1c870a715bb1ded648a71cf510b659a5,2.0,350.0,30.0,12.0,23.0,home_appliances
e06d5e832b37064a0f5193515b16f44f,3.0,375.0,31.0,12.0,23.0,home_appliances
eebbcb9453213a19ae0a2edc4e88c5d3,1.0,350.0,29.0,13.0,25.0,home_appliances
90016d83b9e19d66e40e2c65ae5b31e2,1.0,250.0,27.0,12.0,17.0,home_appliances
3e6de3159fd57b7d7e62c584a3c9fc70,7.0,350.0,26.0,20.0,19.0,home_appliances
98fdc6ec1dba6a058adc43e511493898,1.0,300.0,27.0,13.0,17.0,home_appliances
832137af5164ffb89cf407d686aa2d0d,1.0,100.0,16.0,2.0,13.0,home_appliances
0f81e9b864727ae5398d12bea4061449,1.0,1600.0,55.0,7.0,38.0,home_appliances
389711d6c8aa737f6f70e948946de005,1.0,1650.0,50.0,2.0,37.0,home_appliances
be363f980cc6413dd563223c96ddcfc2,1.0,150.0,20.0,13.0,15.0,home_appliances
25f22b1819c44d895757e4799135c70c,4.0,15100.0,29.0,14.0,21.0,home_appliances
f19d1f3b037970f5f9f1f3dad8e8287b,1.0,11200.0,27.0,12.0,17.0,home_appliances
aac08ad85d954dfe44e572ad1012d4ed,4.0,450.0,18.0,8.0,13.0,home_appliances
5acad00c7ade065caf69af710c0bdd0c,1.0,150.0,27.0,13.0,17.0,home_appliances
1e89bd6bc4f739a8b303c92d58bf8014,2.0,450.0,20.0,13.0,12.0,home_appliances
3c37353c20d6c00e079dbc21cf39f305,3.0,275.0,23.0,11.0,16.0,home_appliances
1347d4320dcd0acd750e37bb3d94a918,5.0,7600.0,30.0,50.0,40.0,home_appliances
b4710f5c669c6820baa19c6c83c387ef,1.0,100.0,18.0,8.0,13.0,home_appliances
a113377beedd4333652a8694907c2337,1.0,150.0,27.0,13.0,17.0,home_appliances
1c45b3b234c28efa6e4f99e7af930030,1.0,250.0,27.0,13.0,17.0,home_appliances
f4e4b2101f8c3afd7b8a8546e9d706f4,2.0,225.0,28.0,13.0,18.0,home_appliances
f8bb2d19e05c6738d6a11ace3936b153,1.0,4750.0,47.0,13.0,26.0,home_appliances
74b682dc1f077ca680e639b504f4effe,1.0,6150.0,50.0,2.0,37.0,home_appliances
1b979ed0acbd0350ce3aaee840601644,3.0,300.0,34.0,13.0,17.0,home_appliances
996ccd494480f1ea4840f6099dba48dd,1.0,250.0,34.0,13.0,12.0,home_appliances
1aaa4a6171009c44a3d494048d9751f5,3.0,550.0,39.0,17.0,39.0,home_appliances
8086f94038559ec291bdf9f16172e86b,1.0,350.0,29.0,5.0,16.0,home_appliances
90ca3c3f457540cc342f428c771c9828,1.0,15600.0,35.0,46.0,35.0,home_appliances
74d3fc5df0de5f9af4a62f87c043485a,1.0,350.0,27.0,13.0,17.0,home_appliances
1713e5b60dfb5b779fd077af351624c0,3.0,450.0,35.0,14.0,25.0,home_appliances
4fe15a335d33f90d5a432f41dd5174d0,1.0,150.0,18.0,8.0,13.0,home_appliances
3d8d8d5750896bd918ef07a8539da096,4.0,100.0,18.0,8.0,13.0,home_appliances
086963be71b4f60fd2b27465c5a1fe7d,4.0,3600.0,30.0,11.0,55.0,home_appliances
25fff16924bfec818c5c4d46b937ec0c,1.0,2800.0,27.0,13.0,17.0,home_appliances
c9510fa67a970aaa2ddea284b6d14df3,1.0,100.0,18.0,8.0,13.0,home_appliances
1d79cdcf69371b7e6e8ab6831d2c6483,1.0,250.0,27.0,13.0,17.0,home_appliances
5094a8f7ab33cba35acfd43d100b3298,1.0,300.0,23.0,11.0,16.0,home_appliances
18ab9bce7759767eff9cfcbeb6de70ce,2.0,1225.0,31.0,14.0,22.0,home_appliances
50a3cafc73d5530ef9a4f1a5a5cc194f,1.0,250.0,34.0,13.0,12.0,home_appliances
45d22d06ecb3dc42e91faf0e52c1a8c6,1.0,150.0,18.0,8.0,13.0,home_appliances
e417a726f26b4064da55517f4ecd72d6,1.0,11100.0,35.0,46.0,35.0,home_appliances
0e83e17abf02965da217273abc39518f,1.0,1200.0,50.0,2.0,37.0,home_appliances
d95d425d0cbe601609ac276632c5eec1,2.0,475.0,24.0,13.0,15.0,home_appliances
3cc8edea2678a63c9e01c2dd190a395d,1.0,4000.0,27.0,13.0,17.0,home_appliances
dd613a687a24acf4cf33e1501c00a7dd,3.0,750.0,19.0,10.0,30.0,home_appliances
08545faed0310009ebba7ba4537c2727,2.0,3900.0,32.0,37.0,22.0,home_appliances
6f87856101707e6ae7030e9f10e2a4fd,2.0,150.0,18.0,8.0,13.0,home_appliances
e5b97eb572e156e4ca5ae8c384f7106a,1.0,175.0,28.0,13.0,18.0,home_appliances
7c932e52cce377505d33ed4c935a7160,1.0,100.0,18.0,8.0,13.0,home_appliances
dae734dc69d90e2ced16dc3367da97b8,1.0,400.0,33.0,3.0,36.0,home_appliances
8aad7a3c7032428e9990ecccaf5e0543,1.0,200.0,27.0,13.0,17.0,home_appliances
8275ff8af7dedbf142a446d74d0c5daf,1.0,150.0,20.0,13.0,15.0,home_appliances
7783fe1498ca5fafb9bb45c8a1d117e4,1.0,100.0,27.0,13.0,17.0,home_appliances
a86de7665db968f063327e6b9a559fc6,1.0,150.0,18.0,8.0,13.0,home_appliances
081cac4fc215928a462eb2c06a14dffe,3.0,150.0,16.0,8.0,16.0,home_appliances
93b67da06834e15a3594134d43ee4ebe,1.0,1200.0,28.0,8.0,13.0,home_appliances
496e7805727644d3146f931ff28552f3,1.0,3650.0,55.0,19.0,46.0,home_appliances
bae0b638e494d65220866e1ae813f18b,1.0,2479.0,21.0,24.0,22.0,home_appliances
d287e4755310f196c18e1e492064e2bf,1.0,300.0,18.0,8.0,13.0,home_appliances
d5d9e871a07a5ba84cef719ad92f0ab9,1.0,725.0,40.0,14.0,31.0,home_appliances
8fc5538423eb3bd3c73721c7cafcadd7,10.0,13950.0,50.0,50.0,50.0,home_appliances
ce9aea78d3ed22be94a7f21e52b1e26a,1.0,150.0,16.0,10.0,11.0,home_appliances
8c92109888e8cdf9d66dc7e463025574,1.0,600.0,17.0,10.0,12.0,toys
1c6fb703c624b381a20f21f757694866,2.0,725.0,22.0,17.0,15.0,toys
83b9bc6aae6f527ff6aafb9e01d6cbf3,3.0,2550.0,22.0,32.0,38.0,toys
0d826eba8e0a2ae3bca9e3a947dd756d,4.0,250.0,20.0,14.0,12.0,toys
484bf1dff778a416389aafd0dee1cb11,1.0,350.0,21.0,9.0,16.0,toys
db7e6804f1a8206a7e51c9a741a09d9e,2.0,300.0,24.0,11.0,24.0,toys
19502a282608c5627fb32e22724727fc,1.0,11650.0,55.0,30.0,30.0,toys
657491063e8a63247a108a4d9cedf020,1.0,3050.0,40.0,10.0,40.0,toys
280c05c66173c2b377f3e449e33abc6d,1.0,400.0,35.0,7.0,35.0,toys
04869307f7e7dc5b07f1d83406ade1e5,2.0,3305.0,38.0,36.0,19.0,toys
21d325f98c6505a72b1bcf363f3d3f88,2.0,1250.0,29.0,19.0,22.0,toys
ec019a7e1feb42072e2a07b6317c7edb,1.0,10550.0,65.0,7.0,45.0,toys
1ba7948f3aa31cdaf78a4885f3c5385a,2.0,1220.0,20.0,33.0,22.0,toys
e2c3ed9aaddfd2312a6a5fe9b3ddadd3,1.0,675.0,22.0,24.0,21.0,toys
15cd31f93b25e5a517f05b1af31d353f,1.0,400.0,20.0,20.0,20.0,toys
eced39e6c33db4b865ea46d12dde67d8,3.0,650.0,35.0,10.0,15.0,toys
fea2f92877b647dc07ea8e3f4aa2cf3f,2.0,7400.0,45.0,29.0,53.0,toys
b72e63f4630dcaded1689b28efa4c583,5.0,1000.0,30.0,13.0,30.0,toys
05d26098907b7bd26c0f92feefd10eae,1.0,200.0,18.0,13.0,16.0,toys
265928225c1358e74bf8668ff65096f3,1.0,300.0,16.0,17.0,11.0,toys
ee2405458ecf90c4d6e1c55a9680de91,2.0,17650.0,45.0,50.0,45.0,toys
44d958961868395bfe852e70d48081f4,1.0,200.0,16.0,10.0,11.0,toys
60e68dc2013929af2b3b5408e2da87fd,5.0,550.0,32.0,11.0,20.0,toys
f50df9b142a624bf4c4d8495489a207e,1.0,600.0,23.0,25.0,20.0,toys
e000ecbb2e86143e74b3b2c3cf15f21e,4.0,1150.0,30.0,30.0,30.0,toys
b6665355b9d865e088250a5c8d7b36c1,1.0,300.0,37.0,20.0,20.0,toys
6af5a2183cea4408f4292dd86be5f667,1.0,400.0,30.0,10.0,20.0,toys
01cf8c7364048b4b6ed0fe400667054d,1.0,1200.0,30.0,16.0,20.0,toys
6a944207f516a3e570fb1205489438bf,1.0,300.0,20.0,7.0,20.0,toys
c293414ca6dacfb6085739783def4ef6,4.0,2450.0,23.0,7.0,23.0,toys
64cb768ce668c3df58334a28d528b754,1.0,875.0,65.0,23.0,20.0,toys
d3f4f3de0f4576184674937d1e9cecca,4.0,450.0,20.0,31.0,30.0,toys
9ce90721c582bede1c152150a883b801,1.0,300.0,20.0,20.0,20.0,toys
1ac09f60f3c3bc2021c637ef23fa3248,3.0,600.0,20.0,20.0,20.0,toys
13ccab6df565f4b742fcd81031be9aaa,4.0,3850.0,35.0,26.0,41.0,toys
0dc7e2749b6f2da894167fc88c86a2cc,1.0,263.0,19.0,14.0,16.0,toys
6dbcbca84288705e65660c9b4f369134,1.0,6084.0,68.0,14.0,68.0,toys
5cab8d5ca731b3de4c23b8b13b04e594,2.0,250.0,16.0,15.0,15.0,toys
17597731049645b4a7cd01de0b4188d5,1.0,7175.0,50.0,22.0,40.0,toys
d0c59b22539b0b391e5834a1dae7caa8,2.0,350.0,19.0,22.0,17.0,toys
665839d5bdf604c2909beca037c57144,1.0,420.0,28.0,12.0,22.0,toys
3cb11cc74ce2cf42fd23d867c18a7745,6.0,2250.0,55.0,12.0,35.0,toys
0f4d27b820e317c951649da022895e0e,1.0,325.0,17.0,18.0,12.0,toys
d2806dfb8e3474bcba8b5bcd771ff12c,2.0,790.0,28.0,24.0,31.0,toys
661d83b6b4988942aa9b449b57e12f81,1.0,1400.0,60.0,30.0,16.0,toys
d53b2798a5e86b8db90ea3c4855cb409,3.0,200.0,20.0,25.0,25.0,toys
6d07236d4abe99b5b1cbf368971bf6e7,6.0,200.0,17.0,7.0,12.0,toys
88ef4dcecbad145f927ebce34fbdde97,4.0,2050.0,47.0,13.0,24.0,toys
188ca16451af4da0cdad2750f9973fd6,1.0,900.0,45.0,15.0,35.0,toys
28447390cfd2a411fcb8c008b6163da2,4.0,405.0,21.0,7.0,16.0,toys
f03e2584cfc057f8bf76bf5683955585,2.0,150.0,16.0,21.0,11.0,toys
7642ddbf174d9a97119510f56be6c201,3.0,1950.0,30.0,35.0,35.0,toys
31a2f42a87890f87d77daebdfabc182e,5.0,1700.0,30.0,35.0,25.0,toys
2bb3e85f2a403543fdb64e266e70c792,5.0,19450.0,45.0,50.0,45.0,toys
ec22e13f6e6798a040b5e4db9d434e59,1.0,350.0,45.0,15.0,35.0,toys
87f6e794e8e759e774a4c34590565036,6.0,950.0,35.0,6.0,25.0,toys
b18d3e74e5793a823be8acec061a5977,2.0,367.0,29.0,21.0,21.0,toys
72b253635b316f49e42e618d6e585ebc,1.0,125.0,22.0,7.0,14.0,toys
33f00e46ac331db0df0c5e84b67dc1e0,7.0,50.0,20.0,8.0,17.0,toys
d48bacc1dcd9c86bf1ed4ed2a303336c,3.0,1232.0,38.0,18.0,25.0,toys
f6e0b7ccc34e4decc1b855f8da06a5fc,3.0,900.0,30.0,4.0,20.0,toys
06c38a87544301cba8b0fb5a0796383d,5.0,2300.0,98.0,12.0,20.0,toys
0d56b4fd97465d99b6ed174ffc7ba133,1.0,950.0,68.0,42.0,16.0,toys
0e8e65e0044a4d888d422517f545ba2e,1.0,900.0,24.0,19.0,17.0,toys
b1fa7a05a5eb864f4fd083ef11c0d0d6,4.0,390.0,33.0,9.0,18.0,toys
5d422bd54b54307ff7a5e770f40946e4,2.0,300.0,16.0,5.0,16.0,toys
6c04f5ced4964898effa486a73d81ca2,1.0,250.0,20.0,15.0,20.0,toys
8c0c3a8ad1d1896e7d9d66921a4b66ab,3.0,1200.0,17.0,21.0,37.0,toys
d10375970dfbcb0ed9ccd97efbd9e806,2.0,4800.0,60.0,20.0,47.0,toys
b142019898949dbc5e1128bfaf66dfef,1.0,300.0,17.0,10.0,12.0,toys
d4f91ac96799dc3d9221293e29892e30,3.0,700.0,35.0,7.0,35.0,toys
9bde06b382560a866ee357832761aaf0,1.0,1400.0,30.0,22.0,22.0,toys
b5db6f00bc0bd85e37440f992dc8df81,2.0,400.0,23.0,20.0,20.0,toys
def8b2856a5c8fea8715aa849a198cd4,1.0,281.0,16.0,12.0,14.0,toys
37c0cfb5f2381b6130c1ddaa5df146ae,3.0,1200.0,32.0,31.0,17.0,toys
0cac4325d7aa33ada7ff2ba4d84f8874,4.0,804.0,30.0,21.0,21.0,toys
2f5f6d54fb012db68068ba104791c61e,4.0,300.0,33.0,4.0,31.0,toys
d5d74b90b07cc3536b8eade784014438,1.0,1350.0,45.0,20.0,18.0,toys
2715967684d6991f7501693bfe08c08b,1.0,800.0,28.0,35.0,18.0,toys
e6974726480273852de4ef5d57003db2,5.0,1507.0,27.0,26.0,28.0,toys
b22934d8dedd07b3033be2bf6da70bcb,2.0,415.0,19.0,16.0,17.0,toys
4d012181c7a23a79f84dc6cdd1cb1c04,1.0,6550.0,54.0,40.0,15.0,toys
3f68d7ea8e04d4b3ffe99bbad06800d3,3.0,700.0,38.0,15.0,27.0,toys
a4aae1a5593180418f46f1dd9f5d3793,4.0,2300.0,41.0,60.0,16.0,toys
c4f8e50f322e3f8b523e0e26559144ac,4.0,7300.0,58.0,27.0,33.0,toys
fd1e94b07608d8b4a74b0c81dd4fe10e,2.0,1700.0,16.0,42.0,42.0,toys
bbdb0183a86f02d57038f08dbea44879,5.0,1950.0,45.0,10.0,45.0,toys
3dd08f6de0f8c6d604bed117d4df0dfc,1.0,500.0,17.0,10.0,12.0,toys
b58894ae62ca975959eb3a8d4c8f4f92,1.0,4200.0,60.0,60.0,30.0,toys
93f8951fb9bd7dc84f80350de6fadbd9,3.0,1050.0,16.0,20.0,15.0,toys
188ad420d63afdbdf6711580e40dfbb5,1.0,150.0,20.0,7.0,15.0,toys
9d6c4148e617e319b543737dfe71cc5f,2.0,400.0,21.0,7.0,15.0,toys
83d199d296c44101c8c3b5c9c0cce9ea,2.0,500.0,18.0,6.0,21.0,toys
1ef71d12e77a6bb27f555c45747807ab,1.0,625.0,31.0,10.0,22.0,toys
a7e37a8ca3fcb0a7783fafdf40591f7a,1.0,400.0,17.0,10.0,12.0,toys
f5caa36f71f444c6508c84818cab5641,4.0,1600.0,20.0,5.0,18.0,toys
5afcae10f25795d55b858f6a2b95233b,1.0,800.0,40.0,10.0,40.0,toys
594bbf3064869810a9f56dac8c05acfb,1.0,200.0,17.0,12.0,12.0,toys
6979e1139091865830dbbe45342271e0,1.0,1185.0,22.0,18.0,23.0,toys
1666b6ce6543ea221eac0c273d4ce8d7,1.0,1500.0,41.0,16.0,43.0,toys
41b28e279b61620ed4a3471c804438c7,3.0,200.0,20.0,25.0,25.0,toys
29da49705f0a9201052204e50bd7e176,1.0,11867.0,43.0,43.0,38.0,toys
4df96b4c5286321b71834691e8defd53,1.0,400.0,28.0,7.0,24.0,toys
c6548fa817cc7271747e6c6bd2461171,2.0,500.0,42.0,6.0,33.0,toys
d452e9bafef21d2501e9bc3eb5e0bd47,2.0,500.0,36.0,24.0,22.0,toys
d44757bff9d0a479db38e2117eba931d,3.0,21600.0,60.0,50.0,50.0,toys
25e76274904336669da4cebe1233cde1,1.0,400.0,23.0,25.0,11.0,toys
abf005f4791cfbdb0cb9596298eb5f4f,3.0,1000.0,26.0,21.0,27.0,toys
ffade53cc6541c89321fff351e04751a,2.0,1050.0,49.0,25.0,36.0,toys
1a9d5623d718be92f3d696bfd261bb4f,1.0,500.0,16.0,20.0,20.0,toys
3dc485b15eb3f5a61fab4f5ed17cc24d,3.0,800.0,16.0,18.0,17.0,toys
3a5ef18a79b288df31a2b4bf5b2d17ce,1.0,1200.0,35.0,6.0,25.0,toys
efc176bdfdf6a6e5e9c4ba7c2de4978c,2.0,6050.0,53.0,25.0,55.0,toys
ceb25e5f3be12c14a1c69bd9e9e0f67f,7.0,318.0,19.0,23.0,18.0,toys
eb7172d8a3c64298d2d767f6603c231e,2.0,250.0,23.0,11.0,22.0,toys
5b8edc146dc3ba78fabf41133e1e6271,5.0,400.0,22.0,13.0,22.0,toys
6d229d68959c67850f49a53dd1e2a67a,7.0,5800.0,16.0,16.0,16.0,toys
121a6ac524b24aa5cd62dc2094097a1b,1.0,1100.0,28.0,45.0,11.0,toys
37aad66f525d46bbf7e3925d4491cd09,3.0,124.0,19.0,16.0,17.0,toys
b2838c316d60d8f286a17bc23eb04123,7.0,200.0,22.0,11.0,13.0,toys
7d78cbee891d98c76028e3008a230712,3.0,400.0,45.0,5.0,25.0,toys
e9d5d95031539a8b32c057e158db4977,4.0,389.0,27.0,33.0,28.0,toys
2cab5fb805c35e09a71fc411c7849ec2,4.0,1000.0,37.0,35.0,25.0,toys
f422d0d9f8b5f7c27289382b14b61248,3.0,1800.0,38.0,12.0,35.0,toys
fc7c2a5b006ec4b9166c89db4c46bf78,1.0,2250.0,55.0,13.0,25.0,toys
63c0e572201a0411c48dd051f0b316ad,4.0,1200.0,38.0,26.0,45.0,toys
177a8cac0667c535478a8fdfd7d42191,2.0,200.0,20.0,10.0,20.0,toys
a96e543f9cfb2ecdb07c59321ff0018c,2.0,2700.0,51.0,35.0,26.0,toys
bfd40187494874d9bda6626efbff3bd3,4.0,11200.0,16.0,50.0,80.0,toys
9cd17b1cc8db0de6b175f213e9054c01,5.0,2416.0,32.0,28.0,23.0,toys
20bcfbb4c385ac8feaab2bff523a5694,2.0,400.0,22.0,5.0,22.0,toys
8e476588d51b7bcc56ee5d14bcf25f26,1.0,1300.0,25.0,9.0,40.0,toys
3ffa02e2ee2ce17abb51b4545f367e7f,4.0,200.0,16.0,8.0,11.0,toys
288355bec90ef746899dca8aba646bae,1.0,1053.0,31.0,10.0,31.0,toys
91aafdd30514579d1568b6f5ae9f4d46,1.0,300.0,16.0,17.0,11.0,toys
a26401cdab37b65e545c1d3c6cf78829,6.0,200.0,20.0,9.0,12.0,toys
01c9a70868bec5b748c67fcc26ce5895,2.0,750.0,30.0,17.0,30.0,toys
1067af1d38844dcfaa3471839f922c27,5.0,9080.0,57.0,24.0,45.0,toys
3a135477bf41350a0b1d8afdf616d446,3.0,600.0,52.0,9.0,19.0,toys
2a217b8a9a09c938d8db704d99d7f053,2.0,3150.0,39.0,30.0,29.0,toys
9b2b4b4fb7f956d73db1052f952e14f8,5.0,6050.0,81.0,8.0,56.0,toys
820e8f306dc9ffcf6d0957516084cca1,2.0,888.0,25.0,21.0,20.0,toys
32b3bc24ea45a74dfa67d9cb1886a37e,3.0,600.0,35.0,12.0,20.0,toys
82495477af19e76ed4b080e66298f2bc,2.0,900.0,19.0,33.0,46.0,toys
ba3a1e2c6cc1fb7a27dd74916212e6fb,6.0,700.0,29.0,7.0,16.0,toys
140820b3618107caaee76c5433aa4a95,4.0,1800.0,43.0,40.0,40.0,toys
8fe93eb771226eeff303130838348e81,2.0,3250.0,32.0,14.0,17.0,toys
0f840300fe45ba963a5d215b62e6f767,3.0,350.0,16.0,13.0,16.0,toys
2b0fac480ecacabf93bee47ad17c0b0c,2.0,900.0,35.0,8.0,36.0,toys
3a33c980b62eb1ef3b8ae61b6fc6fe55,1.0,2363.0,23.0,27.0,19.0,toys
0c3ed87d108f627980e66e9258f9c305,2.0,800.0,35.0,25.0,25.0,toys
ba77d921f1966cc601feb066362548d4,1.0,250.0,25.0,30.0,20.0,toys
17469cd3d2559b93669a813860296b8e,4.0,1200.0,28.0,13.0,21.0,toys
8726429de3797e35c022a32137909d2b,3.0,6500.0,60.0,20.0,40.0,toys
5237a911446da6c2a3cb764f7ea0e5c5,1.0,200.0,16.0,10.0,11.0,toys
7cd30e51e926f2dbc750dc2443d60434,1.0,700.0,37.0,7.0,25.0,toys
ab9730d0380f2a4bb056dbed9417478a,1.0,550.0,19.0,8.0,11.0,toys
6c40c98da8f33daca57f0e9b78eae09d,2.0,2900.0,54.0,41.0,25.0,toys
e66daaafff14b87ad5ebf02f6bf4dc42,1.0,245.0,20.0,17.0,9.0,toys
3c9ddb88ecde498679b5c3b5f9b0a213,3.0,270.0,26.0,9.0,16.0,toys
c8df81dfad2ad37b2194a2798ec06bce,3.0,1150.0,44.0,14.0,30.0,toys
b39da6a215a2f5ef47103501b37e19d2,3.0,1200.0,32.0,50.0,20.0,toys
2fc738cd8396c43c0235072751a180cf,1.0,350.0,16.0,16.0,16.0,toys
2d4d78eecba060a7127c5f6a21cdb0c7,1.0,2444.0,45.0,22.0,41.0,toys
0f24b7516c5b67c9c686848db9759d88,2.0,430.0,38.0,12.0,20.0,toys
c438c9c697a57d265dbb6edd8b174b2b,5.0,150.0,16.0,12.0,18.0,toys
f25bb6afe10215e774d598f4f79d74e8,4.0,1400.0,41.0,4.0,41.0,toys
9bd5c7549aa6419f890cd8301f8faf53,3.0,621.0,34.0,8.0,31.0,toys
4f8b31aef15b3f6b4c3cd34e74976494,1.0,475.0,54.0,13.0,26.0,toys
c8ab4e1fd53092c488c0a1777d522b41,2.0,6350.0,55.0,25.0,20.0,toys
8f8cb7e4a7f16d339f87f8aa2711a003,2.0,650.0,28.0,13.0,15.0,toys
d065729477709c73459cad1d32cf311f,1.0,650.0,45.0,15.0,35.0,toys
68120d970296eb097cc07cbfce29475b,4.0,500.0,30.0,20.0,20.0,toys
abf923da81737ee0bde792182948a693,2.0,450.0,27.0,11.0,13.0,toys
8b2e2ee3c4042bdb5b3c5fa6b8663b33,1.0,1750.0,34.0,19.0,21.0,toys
2397e0e56f2c656e794348f4fbdfa3dc,1.0,3000.0,33.0,37.0,22.0,toys
1e17a95099678da4cd4479d4c5b8f391,2.0,1200.0,20.0,25.0,58.0,toys
23fdd328796868ab2cf9e551c0d4673b,9.0,260.0,22.0,4.0,22.0,toys
748b719f4cbfdcb99cae90bf4bb16217,1.0,400.0,17.0,10.0,12.0,toys
fd2168a1a9661512d53cb23d6d23ee02,1.0,650.0,20.0,20.0,20.0,toys
c067d207da71c4b67d2f1ad5eb4e96f6,3.0,290.0,17.0,7.0,13.0,toys
14b47a66430c89500f18cdaaef9e0c21,7.0,3500.0,30.0,30.0,30.0,toys
ebf19d90623587fde1eff2a222d8b177,2.0,1874.0,38.0,38.0,26.0,toys
b0054021dee7f055b57da97096fc1c95,1.0,400.0,16.0,12.0,15.0,toys
3f5a7aa9c9cd21cbfe37688ed326222b,1.0,600.0,45.0,15.0,35.0,toys
8e371c2303bcf90383f6cebd67f2dffe,1.0,450.0,45.0,15.0,35.0,toys
995132c3d9a4d244fdc9fb4b3d5c8e82,3.0,750.0,34.0,23.0,30.0,toys
de5dafaae0182647bb67d4b81b37f36f,4.0,4735.0,39.0,43.0,36.0,toys
664fa109c2fdc2f1c8f1ec2b6863fe5c,5.0,350.0,28.0,20.0,24.0,toys
66867c4d80b358b6cd9fada5208ad1ed,1.0,1200.0,30.0,14.0,22.0,toys
236f3599e6d57eeb5eb9535b2c88b231,3.0,300.0,19.0,15.0,17.0,toys
4cb922d064b9a86b25b900350108771e,1.0,11850.0,50.0,35.0,40.0,toys
8473795696f49e9e79fba701f129828c,2.0,2300.0,57.0,9.0,46.0,toys
5fb1e24560c31b0eaa1911d4247187ed,3.0,2600.0,33.0,12.0,26.0,toys
43354a2ac9eca9f50cb31647c6d5516a,6.0,8750.0,30.0,69.0,25.0,toys
8e698981cd367d35f5dcb21f4f563fd8,1.0,200.0,16.0,10.0,11.0,toys
2d75cb4f23924fff112f06ef3520c120,1.0,400.0,16.0,17.0,11.0,toys
c2c503e76e239d461b3e92222f6b49c5,2.0,800.0,50.0,12.0,31.0,toys
d88a953f5d1e00cbfb5785dcb8a9f81f,5.0,3100.0,72.0,11.0,13.0,toys
5b3c2a0b39f0a99d946e2055617d11f2,3.0,6550.0,30.0,20.0,54.0,toys
b5b1ef3701c288dedcb700f5cd3061f2,2.0,200.0,35.0,16.0,30.0,toys
efaadc79a826a716708034fba428f44e,3.0,2975.0,33.0,38.0,49.0,toys
e350532acfc2ee911b6dcf1029dcb48d,5.0,300.0,22.0,6.0,16.0,toys
4f9fdffe833f33d67ba672bd81d02ae2,1.0,900.0,25.0,36.0,16.0,toys
dad033afaf01ca7098672af45bdd3400,3.0,1200.0,28.0,13.0,21.0,toys
af4e303574dc703e52b2731419bd563c,2.0,561.0,20.0,27.0,22.0,toys
1f8aad0f80f6d061b4d09e538ad496d7,1.0,500.0,28.0,4.0,14.0,toys
09a45646f91581af2d515ba02bc0ed94,1.0,425.0,35.0,14.0,24.0,toys
d6230529fca40334f2dfb8bd8e7759ea,1.0,500.0,22.0,7.0,15.0,toys
6b4b43f30f71d5d25a64145919f7f515,4.0,19700.0,105.0,48.0,18.0,toys
4a92216ec92c54fca6f132ae1988390d,3.0,900.0,30.0,35.0,40.0,toys
aac7416c2efb28528e5cf18c1f582053,2.0,800.0,39.0,30.0,29.0,toys
e0df353ed6d11a723c8046c7aec42d62,1.0,630.0,31.0,19.0,16.0,toys
348b4fff3d6dcaa25f6f61805ced2da9,1.0,500.0,45.0,15.0,35.0,toys
7346d3bfa9ffb6562dde92b426bb5827,3.0,600.0,36.0,18.0,27.0,toys
74555f75edae5066e34e251a91b8e52a,1.0,450.0,27.0,29.0,27.0,toys
6ee95908a160b5c24eb2580cd4c3afb5,4.0,274.0,17.0,20.0,16.0,toys
4555f012f9764d3e5cedbe66cd24513b,2.0,1100.0,30.0,30.0,30.0,toys
ba9fd74fe255c968969bb72ada6045ef,3.0,600.0,35.0,10.0,20.0,toys
14ff2fd93669cee55ac37385a7409d5d,3.0,200.0,20.0,25.0,25.0,toys
fd33cf682028dd12dea92f2ec002c6e7,1.0,675.0,20.0,16.0,16.0,toys
70d17ed46123e5b68dff23e113415d5a,4.0,900.0,39.0,30.0,29.0,toys
2f1ae77f6516da678d91c8a80b90bc20,3.0,742.0,37.0,32.0,29.0,toys
18297d6ba9247aa8fb22c28df54bbcd4,2.0,700.0,40.0,20.0,30.0,toys
6502573d0b5c3aa798a3131984966b52,2.0,400.0,23.0,8.0,50.0,toys
def347b50c7dcc58410c7d66d14b87b4,1.0,517.0,22.0,20.0,21.0,toys
a87972100f1fa4091a86d6801620656d,1.0,300.0,21.0,11.0,21.0,toys
67638c5b9e1d3f0f3c76cd4147eeac2f,1.0,310.0,17.0,14.0,12.0,toys
c6ac3472e33913332e3f394ed2ebec24,7.0,750.0,21.0,18.0,21.0,toys
d13014be74a15d878b1b681b779f3215,3.0,500.0,24.0,11.0,16.0,toys
aa280035c50ba62c746480a59045eec4,3.0,200.0,16.0,8.0,11.0,toys
2d12dfe2cf5a6677b26067f2ddb55844,3.0,1350.0,22.0,20.0,34.0,toys
e78bb4f98fc44ff2b94558e4358ce6b4,1.0,600.0,45.0,15.0,35.0,toys
c656d2d3950c3165ec6574f3f6b9353e,3.0,1500.0,16.0,26.0,36.0,toys
cb9d0035d58326e67764402c4379385d,4.0,2050.0,33.0,29.0,37.0,toys
dade783416e4099641bdd36ee0f0c3a3,1.0,6745.0,62.0,34.0,40.0,toys
6e69b019a5ce263335eacafaa68ffeba,1.0,300.0,45.0,15.0,35.0,toys
7fdff1c504647eff040e08cd98ce3210,2.0,200.0,17.0,21.0,11.0,toys
32a6743a58d26480b6aa3850856286ac,2.0,662.0,21.0,26.0,18.0,toys
2b2cde418c199f2ad971a7511cac11c0,1.0,1103.0,33.0,15.0,28.0,toys
60831f149488243f31618867accce8cd,4.0,3250.0,65.0,13.0,36.0,toys
6687954ed33bc521cdef9bba5d086d6d,1.0,650.0,31.0,18.0,23.0,toys
648790421a896a7625e9f8e778ab57ad,1.0,16350.0,70.0,35.0,40.0,toys
61103d1d05a6d55579890d0dba01eda6,2.0,250.0,18.0,7.0,17.0,toys
0e669e3efedd9f3ab75fcbe334e1177e,1.0,1310.0,60.0,12.0,24.0,toys
6831b5d22263248cd732a13b207fd68a,5.0,400.0,22.0,22.0,22.0,toys
d94b7d89fbd70f6f30c9043718784da9,2.0,4368.0,47.0,35.0,37.0,toys
ee9ff7710c74eb0f453f711fe2fd8014,2.0,250.0,34.0,4.0,32.0,toys
8e32a514da51f104caa9cfbad8df8432,1.0,650.0,21.0,18.0,28.0,toys
5abb262996451f878f52e83d721e74dc,5.0,2500.0,30.0,10.0,34.0,toys
8952479b2147f90098cc9615de73bb94,1.0,2483.0,42.0,22.0,30.0,toys
2e288007b869cff009a184b071b7c925,1.0,600.0,35.0,8.0,20.0,toys
24b4132a43608c2949226ad2f774845f,2.0,250.0,17.0,7.0,18.0,toys
17de10d52ada234d16d3991c1b9546f8,1.0,400.0,22.0,14.0,14.0,toys
010c79af51e82f60de174b6da6060c0a,1.0,192.0,20.0,16.0,12.0,toys
0cd7885ebb79eda16c32c1043681fc19,1.0,10408.0,65.0,40.0,54.0,toys
8f81f9f8a5ad7f2c892d07b91b9c2607,1.0,19500.0,45.0,50.0,45.0,toys
e3217b2b6ec69befdfa1e98962b2565d,4.0,350.0,20.0,25.0,20.0,toys
3b4ea3aae09e99353a54922da11954c3,5.0,5700.0,39.0,30.0,29.0,toys
1a171b17d64e13187479dc66541e6541,3.0,1700.0,36.0,18.0,27.0,toys
1e1d5e507a02d77ca05f0fbd4783af9c,2.0,583.0,18.0,21.0,21.0,toys
3ee348fbc4378a65116322ca7fe06729,3.0,11600.0,24.0,77.0,24.0,toys
e9906cf475ca638edcb034d031364e1b,9.0,550.0,29.0,18.0,28.0,toys
7cb009e2ae1cdf7d16e8fbf0255ba953,2.0,10800.0,55.0,18.0,19.0,toys
f56596f8f7191441f17b1a1fbfe37a75,2.0,575.0,23.0,17.0,20.0,toys
b1a72e4db970375eb23425e55df451f3,1.0,425.0,16.0,5.0,14.0,toys
0efaf4b155c6545bdc426ec0722cceaa,2.0,300.0,16.0,16.0,16.0,toys
8bc30c38b76dfd760a9e57ef36b6e0f2,3.0,958.0,65.0,15.0,50.0,toys
df10a782c44fcfb00afa5bba65777d74,3.0,6150.0,60.0,17.0,34.0,toys
1760fb3ce37cf7ee460a11149785e370,2.0,950.0,23.0,24.0,23.0,toys
9c641212505630421d3b17272d126434,1.0,400.0,23.0,25.0,11.0,toys
6914791ca3bbae73b7111d6b3ecbc814,1.0,450.0,45.0,15.0,35.0,toys
68d5c8f49bad9f5b366b4f40db6c7fdf,1.0,200.0,28.0,13.0,22.0,toys
5ce6a6914bbb228f4cb4ee93c1cd0d15,2.0,1700.0,19.0,27.0,40.0,toys
1d0e69d769465dd7bacc44f752215f10,2.0,450.0,16.0,16.0,16.0,toys
d5ec248795e2538e7ea49158e34086e3,2.0,380.0,18.0,18.0,18.0,toys
ee2568e85817bc2c070154cec07135ac,2.0,400.0,20.0,31.0,30.0,toys
b6527fd2b82f88a641b6105833c22428,1.0,1550.0,43.0,44.0,43.0,toys
7b9bb69797f028ddec912dd004873f33,5.0,350.0,22.0,22.0,13.0,toys
fe7ad3e3828f32193dfbe6359f733a8f,3.0,823.0,25.0,28.0,28.0,toys
8b55f0d97006f81c67b6b9c4aa239974,1.0,610.0,39.0,7.0,28.0,toys
721fda30a0b343c44e828d8402b41cf2,2.0,400.0,16.0,23.0,15.0,toys
7e379a08c85d252d34cebabb06388698,7.0,250.0,19.0,7.0,18.0,toys
b0c1e71a37e29bd3d463eb93e4861c6a,3.0,700.0,26.0,15.0,26.0,toys
e87b2200e1df21f624eea3e9bd087dc0,1.0,350.0,17.0,14.0,12.0,toys
eea7c32deef50f6da0daad60afed9567,1.0,600.0,26.0,6.0,17.0,toys
13bb5184d064f9b96e56d241eb8b7814,3.0,1450.0,42.0,30.0,23.0,toys
eb726c73cd87836d80adff6bdd4d762e,1.0,900.0,30.0,15.0,20.0,toys
4aca38e787c979a6106440c7a63036b4,1.0,1600.0,40.0,15.0,35.0,toys
c9996076c21558c4878c8d2fed12c45a,6.0,1867.0,25.0,18.0,25.0,toys
652c030867f364b558eb9f7dcbcf608d,3.0,983.0,24.0,22.0,37.0,toys
71d0c6d235f2bb67ca7bc7cfe66f4277,3.0,200.0,17.0,4.0,13.0,toys
34b60db9767b87c8234447cebaea994b,1.0,300.0,20.0,10.0,20.0,toys
2c925b58c178637d60168ac80cf7f836,2.0,483.0,23.0,12.0,19.0,toys
26437ba9eb3e55be2265009412da38e5,1.0,600.0,45.0,15.0,35.0,toys
2b74db1c0f6fc1865eadf27fe9b1231a,1.0,275.0,17.0,18.0,12.0,toys
3948f284081821f4e27ba8c23d4cbc9a,1.0,1825.0,33.0,19.0,45.0,toys
d66815037fba03ebe1e3bcb9967723aa,3.0,1349.0,35.0,49.0,25.0,toys
f8ccd11a8dd63145c9a4ad4424195c77,3.0,600.0,20.0,16.0,17.0,toys
8dfef1eace74e64779b2b82720cf9297,4.0,2500.0,20.0,70.0,15.0,toys
c0a0317835135e4c05a7efcb08ca7fb7,2.0,300.0,20.0,10.0,15.0,toys
6a44a19c645421001ab4d4c7eb1b687f,5.0,20850.0,45.0,50.0,45.0,toys
4f0e792a9848638db4b1e3f1b5ce1c58,1.0,450.0,23.0,16.0,19.0,toys
6b00cb3fe05c73d0acef3fd949a34c0f,1.0,200.0,16.0,10.0,11.0,toys
9fd2f153a01bbc71f5d9fe618da73738,4.0,8250.0,48.0,38.0,36.0,toys
03fed41c5e9067007d852ff83d602753,1.0,19650.0,75.0,76.0,22.0,toys
dfeb7c8b7bede7a7bab2d4eefdebd5ac,1.0,500.0,17.0,10.0,12.0,toys
458a38626f2b1186239246c1af1e3e89,2.0,500.0,23.0,17.0,11.0,toys
198ea0e78807db11ea9ed486b8a0e320,1.0,600.0,30.0,16.0,20.0,toys
9f19e22de208159e42e840d00e64ce93,1.0,250.0,25.0,3.0,18.0,toys
8b2eea9258754b47d5e4a9937f113a77,1.0,600.0,17.0,10.0,12.0,toys
753b222871a937957fc477b1810c82f5,1.0,633.0,27.0,24.0,23.0,toys
1c9ba8000030b7a6ecc18247ca6e9732,4.0,800.0,45.0,52.0,15.0,toys
ca80683f1a9622d90278db41328f8d3c,1.0,50.0,16.0,5.0,16.0,toys
3818a07e6b254165220a6c0eb6e7b538,2.0,1225.0,27.0,32.0,21.0,toys
661bbdcbe54d141b50aeaf9d33384d34,2.0,300.0,16.0,15.0,15.0,toys
db1154ea7d1c50d8a5939a9f7fbc3b2a,1.0,5200.0,50.0,10.0,50.0,toys
668677432cb5132ddfa6f1738479d0c0,4.0,400.0,16.0,13.0,16.0,toys
3d36ef6c6d553500f4240920658689e3,4.0,1538.0,25.0,36.0,31.0,toys
01a977e282d5884149e79181506c0941,1.0,900.0,23.0,25.0,11.0,toys
2ba4dc95f18bb2bedbef662cb24de95e,3.0,10300.0,39.0,49.0,42.0,toys
e1772099adc6b03202a50a2aae5efb0c,2.0,400.0,36.0,18.0,27.0,toys
6b3c88110203820df52c762cd2d2e80f,1.0,700.0,16.0,30.0,30.0,toys
773a9c97b7435492ec93014cd43ecf77,2.0,900.0,16.0,21.0,28.0,toys
dbf1bc6f925f7fc97db3fda5c4cbdec8,5.0,175.0,16.0,14.0,16.0,toys
0a6cf067b01351046739940c8cb7f60f,1.0,600.0,26.0,13.0,41.0,toys
a294436012a512193adfae667b8465f8,3.0,625.0,33.0,13.0,23.0,toys
39c4b45f85d57630198b4da1688c13a0,1.0,578.0,33.0,19.0,33.0,toys
9420f15c30b82da057082b08883cdf5d,1.0,665.0,20.0,25.0,16.0,toys
81a3d1dc085d3226530f23cd4af5030b,3.0,547.0,22.0,13.0,21.0,toys
4f0a445aa70e0bcec25ba0ef7c7e863e,3.0,1200.0,50.0,10.0,35.0,toys
d04260412d1933cf60238985c57b1749,1.0,500.0,23.0,25.0,11.0,toys
ae21e20e39807ffbb4b976fd106b937c,4.0,1300.0,25.0,25.0,20.0,toys
09258106f546b38b0f817fc3aadf650b,1.0,200.0,45.0,15.0,35.0,toys
4de1da8993b44fb4a460de990da86db8,1.0,1900.0,34.0,35.0,29.0,toys
afb19e2ebc7fc0880decbce5f2fcd6dc,3.0,450.0,38.0,11.0,24.0,toys
5c61329e1b7e18310bbc294c17cd47bb,9.0,250.0,18.0,16.0,16.0,toys
d3fa833c2316e10ef73de032c989e814,2.0,400.0,30.0,11.0,18.0,toys
b5e13c9a353102f79c6206ff5cb61a50,2.0,1500.0,40.0,25.0,20.0,toys
c18b9716f7bfbff80fd3e41cee298c98,2.0,250.0,21.0,10.0,20.0,toys
aafdd162fb3c1c192698bcee92418e37,3.0,400.0,25.0,45.0,20.0,toys
518461aa554cd12890fa4baedfc868dc,3.0,2208.0,34.0,23.0,24.0,toys
4e6506f33f7d3a6b813c618ccedb8270,1.0,800.0,35.0,5.0,35.0,toys
75a5a551d4df33f03926c6ebb48e64af,1.0,300.0,18.0,14.0,11.0,toys
05555b7712bfdb1c0809b44166e33a25,1.0,200.0,25.0,3.0,25.0,toys
17fc8cc736bd5d1f6714f41102d6ff30,2.0,500.0,28.0,15.0,20.0,toys
c40aad125105d258c19e6c833f4f51e5,1.0,900.0,40.0,20.0,25.0,toys
ae3d03328881c5565f56b66360a3dc99,2.0,500.0,40.0,40.0,40.0,toys
ced26c2a308260f9e9e34004ed509901,2.0,5050.0,48.0,34.0,41.0,toys
97ab901f90b75df669b546a1d68d0512,3.0,15600.0,105.0,30.0,30.0,toys
3d07b18589d2af2cfb638c3dbc8ff826,2.0,200.0,17.0,13.0,17.0,toys
a21db7596e9fa3a147b6aa6c7c57c60c,2.0,300.0,22.0,13.0,22.0,toys
6f86e44eb101143f70370ce7530b0c5e,1.0,1100.0,29.0,5.0,23.0,toys
1d4e88bdd37e47a0ae27ad3a95539276,1.0,200.0,20.0,11.0,13.0,toys
fc623b74602f30f00e2e3ce320b8dafa,1.0,2400.0,50.0,20.0,30.0,toys
090a47567475a8de67cdc10ac38d76bf,3.0,200.0,22.0,8.0,15.0,toys
3feecc22550e650b574f64a3e58b0f6b,1.0,550.0,30.0,16.0,16.0,toys
355e78eaf102f03855b48498d1b7e996,1.0,9700.0,30.0,80.0,40.0,toys
fef6029430dcac1403570d19150408ea,1.0,852.0,24.0,19.0,26.0,toys
f23cdc558b71542ad82b3b7722248ac6,1.0,400.0,17.0,4.0,12.0,toys
72fd27ef586cb111f4a1364a61734a6c,2.0,225.0,22.0,14.0,15.0,toys
24ad6518fbcba9b028f168019c6c2d67,1.0,400.0,17.0,11.0,12.0,toys
99d78b96be1452047a05d7e66bad134d,2.0,1850.0,32.0,25.0,22.0,toys
aa428a8e4d587520f90d37a08030a812,2.0,1700.0,50.0,40.0,16.0,toys
43dab0384fdbf917781e1b91109bf3df,2.0,400.0,18.0,21.0,13.0,toys
9116ce8acab686803dfd443f5963e69c,3.0,300.0,34.0,4.0,32.0,toys
7c55124fe738d3b1dd4b1fa8cac690c5,5.0,175.0,16.0,6.0,11.0,toys
a72209f6ea270769cecf0ed4168d3893,4.0,400.0,30.0,20.0,20.0,toys
f95d5d21561ea085ba1e1a4e53840844,20.0,8900.0,32.0,49.0,34.0,toys
83a1778b0d5b20c0724c97e35f083082,1.0,1100.0,43.0,6.0,30.0,toys
e3374a33d19814ea4cbd0ac5da8e3978,4.0,715.0,21.0,12.0,17.0,toys
2bb67f2cd3ff60400e0bad33aee72d2a,1.0,550.0,40.0,10.0,30.0,toys
c5bf5c2b99a640123e9225fecd004e3a,1.0,900.0,29.0,40.0,21.0,toys
fa7e460c8ef762c029b4042723e481c7,4.0,150.0,16.0,7.0,11.0,toys
7be620cd314ce6460033ba9017be7a7f,3.0,1238.0,32.0,35.0,17.0,toys
d9965bb41ec6a56e7cfc31ede4bc4276,11.0,200.0,16.0,15.0,20.0,toys
43e09fcb6175856e87a4d9b91321addb,1.0,6038.0,49.0,19.0,44.0,toys
c551ffaf36e5c1d8444b44bb7c78123b,2.0,1110.0,54.0,10.0,31.0,toys
56c615d21fa726140efc0c056c41582e,8.0,2050.0,59.0,20.0,25.0,toys
8eadcea593a48a928f1e2d702e816d60,1.0,900.0,30.0,20.0,11.0,toys
0ce430e210535c2f40fe2f13ca31b441,1.0,3675.0,16.0,30.0,42.0,toys
aa385fbb4c463036286d169216104912,1.0,250.0,19.0,10.0,22.0,toys
01c666c82f414c762ad21bffa56e8b49,2.0,50.0,25.0,11.0,15.0,toys
4e43377af2dd03dac8d7b4d0e889559a,1.0,275.0,19.0,15.0,15.0,toys
87b08e712cc4c9fe70984c5a24b29e2f,1.0,300.0,25.0,16.0,16.0,toys
adbcfc3bef885f1c3f1e1335fe32e45f,1.0,500.0,17.0,10.0,12.0,toys
72d9d9e20be430ad3b1ba561bb0cf71a,2.0,950.0,25.0,19.0,20.0,toys
b94d4eb757243e4bb42453bd0be1958d,2.0,1433.0,41.0,20.0,38.0,toys
78a7cc444491481488eb202f4f98903c,2.0,1100.0,62.0,12.0,22.0,toys
3d40ff9629aea7434218ce9295d77f81,4.0,200.0,17.0,5.0,12.0,toys
2ec00000248555d06c4dc55425cfa871,8.0,925.0,20.0,41.0,15.0,toys
3124ebde91642b0dfe55808bb9490ec6,4.0,400.0,19.0,15.0,11.0,toys
50843862efe2e06ab1758601c6509700,6.0,1200.0,23.0,41.0,16.0,toys
70431405f38dc4a0ee25fbfba20dbd16,1.0,550.0,47.0,20.0,30.0,toys
4dabded3e0b44fde3b0f70219dc6b775,1.0,1600.0,17.0,30.0,50.0,toys
f49f01161658f6dac1132f4dcac4b2b9,1.0,600.0,28.0,6.0,20.0,toys
ad8ce350191f1fc97260d1c5893e841a,5.0,1300.0,39.0,30.0,29.0,toys
6a061bfb29801343fcf5bf10207409ad,4.0,400.0,23.0,8.0,50.0,toys
0111ab6fb41da433e0f17d3f4ec2c8f5,1.0,500.0,23.0,8.0,25.0,toys
0288f8dd74b931b4ec7a468fdd6ed040,6.0,500.0,20.0,20.0,20.0,toys
b23cca4f37391d03408aed65983bdc40,1.0,3865.0,40.0,35.0,35.0,toys
31c3ba56d23b5c48856647e06a115738,1.0,700.0,23.0,25.0,11.0,toys
5ca739ddd646d1ba53cca4e3c099a953,2.0,1200.0,52.0,13.0,37.0,toys
0f2d139d3c1f8d504bea138f27a2fad0,8.0,2150.0,37.0,44.0,30.0,toys
b84042ec39a089de420e18ec3c57cf34,1.0,1400.0,41.0,13.0,20.0,toys
188025a9e821ac2a983b63c5d7512df0,4.0,2200.0,31.0,65.0,19.0,toys
5e864d9858dc9a7b55f937ed8998ffe8,2.0,1100.0,53.0,9.0,32.0,toys
ffdde3d63e889c9a9f9ec30d82a4c815,4.0,21600.0,35.0,60.0,40.0,toys
9271d2541a43f8db13d164887228a189,2.0,2933.0,39.0,27.0,33.0,toys
c91a4838537a5f096143003b1a72ec58,2.0,700.0,35.0,16.0,25.0,toys
80ba61cb89c5cc6f704b91b30fae834c,6.0,400.0,20.0,20.0,20.0,toys
bdb0adfd465b18548a50bafc2a8e8ea6,3.0,1200.0,50.0,15.0,32.0,toys
89427567da9c9b075c9dca131535104d,3.0,550.0,50.0,10.0,25.0,toys
a79ae5e76295aa86fb2a41afaa708074,1.0,250.0,27.0,11.0,21.0,toys
ff4f5b008c32f80c3f952b2b56a28e04,2.0,1600.0,38.0,26.0,40.0,toys
a412e6de2f924b291fcd8911e0f25eae,1.0,760.0,30.0,28.0,21.0,toys
3d514fecadf6cef40a2a32a3c20cd1c8,6.0,350.0,25.0,16.0,16.0,toys
72d3bf1d3a790f8874096fcf860e3eff,2.0,583.0,20.0,21.0,20.0,toys
22633013199a5fbb2c0094a6e2802386,1.0,600.0,25.0,30.0,20.0,toys
0645b477d9a79945e55ec6be1605b5a0,2.0,1200.0,40.0,28.0,28.0,toys
4105d1e0439f5f75b5da2a645905d747,2.0,900.0,20.0,20.0,22.0,toys
e9beecfff0ff694e24d6e8d18c855fbd,1.0,275.0,20.0,7.0,13.0,toys
c6cd44f8f6b12ff7a20d0b51ff3bfc82,2.0,800.0,16.0,30.0,16.0,toys
db6065d633b0e40022ef1de6181bd1dc,1.0,450.0,18.0,12.0,12.0,toys
691e72a37278e33ac031c3976358446b,1.0,900.0,40.0,12.0,30.0,toys
7d08c685504c66533015d5366856da12,1.0,400.0,25.0,15.0,30.0,toys
bcc8dd5518ca336cfcdbb681592df5e3,1.0,7400.0,60.0,18.0,40.0,toys
c7dd52c6177b277973286c741e7894cb,1.0,600.0,17.0,10.0,12.0,toys
2dbb8a778d6cdc850691e7e18eea06ba,6.0,6350.0,37.0,27.0,37.0,toys
effa78286556d5e79cda2b4aba96a534,5.0,700.0,20.0,30.0,31.0,toys
3f17be73cd550ddcf19e0e60c3fa14b2,1.0,484.0,25.0,16.0,18.0,toys
b4183f86c9a0c7a13138ff4575114f76,4.0,900.0,17.0,40.0,14.0,toys
216fc7d2fe90eccd658f30cab5bafa83,6.0,550.0,22.0,12.0,17.0,toys
d5b703c271f43f9c588a6f512a00f77e,4.0,150.0,16.0,7.0,20.0,toys
68c7b730377e83ef83e053ca3785b8d4,1.0,350.0,19.0,13.0,14.0,toys
e41e130eb1fdd3eb4906ccf2ade8a86a,1.0,600.0,45.0,15.0,35.0,toys
bd7cd34fc6d02e730221b11edc354aae,2.0,704.0,25.0,22.0,23.0,toys
25d4f8db663ac141a7449e399287b4c8,5.0,250.0,24.0,8.0,16.0,toys
4b7e33b62e843418e0e924285c374739,1.0,300.0,45.0,15.0,35.0,toys
6f46af5fc09325dce08d1e8173d157d6,2.0,500.0,16.0,20.0,15.0,toys
41376d63d4c45fe6c7407e838a2befa3,2.0,4000.0,30.0,45.0,25.0,toys
2155593e689475e40e4c8b93143c0287,3.0,712.0,47.0,13.0,32.0,toys
289eec3989226cd68c6455416caaedc5,4.0,3200.0,29.0,29.0,33.0,toys
1fc4d10c30db884f34f1b8388731b021,7.0,900.0,35.0,8.0,35.0,toys
c12e49e47562c48e7c81b75e59f91cbf,2.0,1400.0,40.0,41.0,42.0,toys
4299211de0fa49785bb3115aa2b25c61,3.0,200.0,20.0,25.0,25.0,toys
38947803f4effe2c45539bd71b509529,2.0,2633.0,37.0,20.0,29.0,toys
3c169334e3cd4e710ef729a014d38b2a,2.0,700.0,31.0,6.0,25.0,toys
15873878161dd60a2de39df25443080e,4.0,300.0,25.0,35.0,20.0,toys
1eb30ad5e28de3838ccc658fa4eec948,1.0,400.0,45.0,15.0,35.0,toys
adef273b1a927ad364e14a52e7f4ce2c,2.0,750.0,17.0,23.0,17.0,toys
d313e598d5777461545098a7bba14549,1.0,1283.0,33.0,49.0,22.0,toys
677883eb52acde220f6d79fe67bba70a,1.0,1600.0,28.0,36.0,27.0,toys
f0606ca7e8022a81e0fa25ea3e334717,1.0,350.0,25.0,25.0,25.0,toys
c192595b717cfbb910f653b62d8ac9c3,1.0,167.0,17.0,14.0,16.0,toys
002c6dab60557c48cfd6c2222ef7fd76,5.0,350.0,45.0,30.0,30.0,toys
ff351cfcb7d6612f887fb0a230dfaf34,2.0,300.0,30.0,17.0,24.0,toys
a8ab87e971c2d89c8eff5f87fb481a52,5.0,475.0,25.0,28.0,25.0,toys
2dbe02c3377328c5fee48abed03d7b25,1.0,300.0,25.0,3.0,20.0,toys
e2f3f7ec8185e5931ae0faaa63175ae8,1.0,4850.0,50.0,12.0,50.0,toys
28857b241545853875bda6661ccdf0f7,1.0,733.0,34.0,32.0,27.0,toys
3745086e428495d12317f5864306279f,1.0,800.0,31.0,8.0,31.0,toys
a25d948ddec359c8d80978d139a4db83,2.0,900.0,38.0,24.0,38.0,toys
e15ba46909cf94625dfd772166a27e68,3.0,650.0,33.0,6.0,22.0,toys
9f3d5786e5d1ed02ec2d0a91849f64a5,2.0,150.0,16.0,3.0,15.0,toys
30fe9c818bb5746a839886f256329d5e,1.0,5400.0,70.0,32.0,18.0,toys
ce3d2ab7d0a7cc9fed5c2a66901c06d6,2.0,760.0,26.0,16.0,20.0,toys
9648b0bf87f29f78dd9fcbfe58d0e6a6,1.0,6300.0,30.0,30.0,30.0,toys
229c012e97328ba74fd0f4a1c29f8e51,1.0,2450.0,38.0,34.0,34.0,toys
41b821274ec513636f9144375c9f9031,6.0,400.0,20.0,10.0,20.0,toys
e706d603c40437249cea9606699273a7,2.0,1000.0,32.0,30.0,16.0,toys
89dbb0d774a327e28e7b298f6202a42b,5.0,1260.0,47.0,39.0,38.0,toys
230383f11d18c87d4fe706850bfbd3ab,3.0,2300.0,40.0,8.0,40.0,toys
8d98dedc3c19de17f1a090195e85d6b6,4.0,300.0,16.0,7.0,20.0,toys
38f2d4b26820d63dc2675d6fbfafe1bb,2.0,355.0,22.0,13.0,17.0,toys
4e0946aebc8e1d7521219ec1e7380aed,1.0,5470.0,48.0,27.0,42.0,toys
b3527dfb6edff14e475198b5c8bdf85e,1.0,300.0,16.0,17.0,11.0,toys
bb1378aaa2d6f539069001a8dfda9a58,1.0,400.0,23.0,18.0,16.0,toys
72331bc45c5e8665ee12999363bc9186,2.0,350.0,16.0,10.0,12.0,toys
482e0a72b19df54bba7ca208726a3241,2.0,1050.0,28.0,35.0,16.0,toys
b1cd1b18e50f570382f52a55898e8987,1.0,5350.0,35.0,43.0,23.0,toys
c74e157255c4861775b6885cc14a1ced,4.0,401.0,19.0,8.0,16.0,toys
8f2c653ee228a29eaef0db9f8b83ee79,3.0,800.0,18.0,18.0,18.0,toys
9394a725ee7e3f1da0d6b22b046cc8d4,1.0,1860.0,45.0,20.0,43.0,toys
d5b0f0bd1d874e5770ecb90e112356d5,5.0,1400.0,50.0,30.0,30.0,toys
605050407239c811cf987c99fbabaf4d,2.0,700.0,24.0,6.0,19.0,toys
3468c85c5c4de55707fd08e4f5b665dd,1.0,350.0,29.0,18.0,20.0,toys
feae5109d8485def8ad124f0653a59a7,4.0,3100.0,16.0,40.0,23.0,toys
b21d15a36944649914d5bbffafc09d9e,1.0,300.0,16.0,7.0,21.0,toys
7b7a748518a1e2236ae04e2f97c492d2,2.0,1600.0,36.0,28.0,27.0,toys
a16485b933e24a0ee5f137fec64c48d2,2.0,1094.0,26.0,18.0,29.0,toys
f88d1685109f08578f9cc5a9cd4c770a,2.0,761.0,48.0,13.0,48.0,toys
d86963242e7dda7eed04f57e492ed655,1.0,1100.0,43.0,6.0,30.0,toys
7cda56607ef8d61eb1573d80f1b57ae3,1.0,700.0,40.0,16.0,26.0,toys
5d6ca82705d3ac21992545a918642070,1.0,1100.0,32.0,32.0,12.0,toys
81fe5f62dd11842a1e35be193402e289,3.0,350.0,20.0,20.0,21.0,toys
0f3547f2b32d5660a50961768fe2d929,2.0,250.0,18.0,18.0,35.0,toys
2b87ded5c8c2c971d4d5a2e4bd7b85bc,6.0,233.0,17.0,10.0,19.0,toys
332795c0c3303ebda469c7945fe1a1a7,2.0,600.0,36.0,12.0,37.0,toys
e45ba6ba3c6ee4fa2c62e6a6a587717e,2.0,2733.0,37.0,61.0,29.0,toys
4a0d1ccdddf9a6fda274fad13550f595,5.0,400.0,22.0,12.0,22.0,toys
037c68f178aefdd7a880a951dedc04d1,1.0,9567.0,41.0,51.0,47.0,toys
f58bb9f12b0ca10029de2df4585a353f,2.0,1400.0,25.0,36.0,25.0,toys
5cca3efb9521cc1d7099d610d4a12017,3.0,5700.0,39.0,30.0,29.0,toys
d7bdb9dcdcc2e07bbfac14d061624557,1.0,300.0,20.0,15.0,13.0,toys
e939d1e099a84143323ac0e7e90992de,2.0,1100.0,30.0,21.0,32.0,toys
1e356d1f0d01ec859c4458956d2b577b,3.0,1100.0,28.0,13.0,21.0,toys
1d1415f17f1a93060326d6c3e223aa3c,1.0,400.0,17.0,12.0,12.0,toys
31d25e931b760ea779cf29eb3c57c87b,2.0,550.0,37.0,31.0,11.0,toys
7568957dce72f6fb33a53aff8b978ebb,4.0,1100.0,19.0,6.0,12.0,toys
63940cd00d32f9443e5371765ffc4d6a,3.0,750.0,26.0,15.0,26.0,toys
b168aba36b2d14860fd17a038f77d100,1.0,2100.0,55.0,13.0,20.0,toys
1b3b11f766f6efa38c3a7ab54b956a49,3.0,300.0,30.0,30.0,15.0,toys
6b120063aeece762b2ef81da00c75ab9,2.0,600.0,40.0,20.0,30.0,toys
b4f3117dee543fec86ebc7bdbc0e2404,3.0,1200.0,28.0,13.0,21.0,toys
a1b6b22c8c1e02e979fa25529704fec4,10.0,200.0,16.0,6.0,11.0,toys
4674759b11e82598564a3e47d0d8261d,2.0,10200.0,100.0,25.0,20.0,toys
d34e5bf81263409f116d93ea7c9eda15,3.0,225.0,18.0,19.0,16.0,toys
d7a3cfa08519494aa1ad181e803617ec,1.0,400.0,20.0,11.0,16.0,toys
9f26fe364fa748644f0953c2172522fb,1.0,200.0,18.0,11.0,14.0,toys
74d392f9be63b94cd5e4917571242898,2.0,550.0,23.0,39.0,30.0,toys
674eb10c95caa2b4df48609bf38cab7d,3.0,950.0,36.0,11.0,25.0,toys
e71589252b1fc69c5a7931ee5028ecf6,1.0,200.0,17.0,12.0,12.0,toys
e003753295c13f3c5e1cff06d3728fd4,2.0,250.0,34.0,4.0,32.0,toys
3c8a9bd8e4b9ba22a468ffc658c71786,1.0,600.0,45.0,15.0,35.0,toys
c747d118db61a1c79977309b0ca33ddc,1.0,480.0,19.0,10.0,12.0,toys
5cd07c84a1c25575ac2fc3fa73f1d952,8.0,1200.0,39.0,22.0,14.0,toys
879b84c7cf2433c4fa8f416a780109a8,3.0,200.0,20.0,25.0,25.0,toys
9c60e93e03989cf6e4a7da214723920d,5.0,3675.0,37.0,30.0,18.0,toys
8af72bbf3875865c7fc23509cf49682e,2.0,650.0,33.0,22.0,19.0,toys
755bf675d1b9d60401eed72669e2513e,1.0,600.0,23.0,25.0,11.0,toys
927a7ee2d74e3a1123047f40b42fcc09,1.0,1350.0,27.0,25.0,27.0,toys
719845ce971819fd01ef5e1e9441390b,2.0,237.0,26.0,29.0,19.0,toys
8adc1d29aa4fd4d758a91ef997c8a0a2,1.0,1450.0,28.0,25.0,29.0,toys
22ad84a8542945d56593a32b34abe336,3.0,1950.0,35.0,10.0,22.0,toys
70c9ac8c8391f7aaf375c752eb40d265,10.0,1300.0,20.0,16.0,20.0,toys
65c5f70a0cc1d74c36cb5e8de51582e7,1.0,650.0,45.0,15.0,35.0,toys
6557070af155fe4cc5820b0e123ecdf8,4.0,6350.0,55.0,33.0,30.0,toys
c9c95f9e62d83a9d190792abc83f6811,1.0,460.0,21.0,13.0,16.0,toys
1c6e92bf485313aa98f50dbfd2586f95,3.0,600.0,22.0,18.0,26.0,toys
1631c9e1ec508b76a2a0615751e73405,1.0,400.0,25.0,13.0,20.0,toys
9a9a9db03d984059e843b4f3cb5688d0,3.0,1400.0,17.0,21.0,37.0,toys
1114429023023d2546ff428bfda1abcc,1.0,650.0,30.0,16.0,25.0,toys
23f26aad5e170be72892a841fb2b0ab8,1.0,500.0,17.0,13.0,12.0,toys
0acad8a389d9ac863b63a5bd91d18697,1.0,400.0,17.0,12.0,12.0,toys
8a2f1c6da9f976b4ff0a6f7ef012e4b5,4.0,1400.0,40.0,30.0,25.0,toys
a1c7fa36b9e213f7dca9ab73b0c923c7,1.0,425.0,25.0,16.0,20.0,toys
4da69617724180dc2e4aedddd7ef938b,1.0,450.0,45.0,15.0,35.0,toys
348b10ae8463b0ee175ad03103e59f83,5.0,1000.0,18.0,23.0,20.0,toys
23a8c3849cf3f25b1962e056d459deb7,6.0,1150.0,30.0,22.0,22.0,toys
ff8b5a5f01bf21afd7d49b4688ca6d1f,1.0,300.0,20.0,2.0,20.0,toys
861f715fc920b62d0bbd75b605a9827d,2.0,583.0,36.0,7.0,35.0,toys
b3716b1e3576d3f2f246139d80c67d6a,1.0,200.0,45.0,15.0,35.0,toys
eb2d962076aa9c2485ef20775d7ca6b0,2.0,200.0,16.0,16.0,16.0,toys
242e1933d9cb1c789d3c6a3f2d083ba0,1.0,8975.0,60.0,48.0,17.0,toys
7535f3518e1009b17aa6e3fa553e82bc,3.0,15400.0,105.0,48.0,18.0,toys
49f19939bc5c8639e06c36d3bf01ee98,2.0,213.0,16.0,13.0,14.0,toys
24b73bfbbae23b718cea4e1efb2a76af,3.0,800.0,32.0,5.0,24.0,toys
832902ab7d497317f2cde8924f05af66,1.0,300.0,17.0,10.0,12.0,toys
2b86ffeae831b59e4fb849565cdc28ca,4.0,400.0,25.0,20.0,20.0,toys
80fb011fd54fa5e1911a2f80c0fc878d,1.0,400.0,20.0,20.0,20.0,toys
64315bd8c0c47303179dd2e25b579d00,1.0,4267.0,46.0,39.0,22.0,toys
5e7b701349598f3728a3eb624c6570dc,1.0,1000.0,22.0,13.0,17.0,toys
66f77845fb39203dd0b4321693f19874,3.0,200.0,20.0,10.0,16.0,toys
660b87fab65fb4b8b123e0e4e98d7174,1.0,400.0,27.0,10.0,21.0,toys
f3bde27c919cb7c36862e42cd52773f1,3.0,1000.0,32.0,27.0,39.0,toys
907578486a0740d13bf3a595047b3549,1.0,750.0,35.0,20.0,25.0,toys
c25174e1e4fd7fe5c3420869d61fe2a6,2.0,600.0,39.0,30.0,29.0,toys
3d92028223ae14160bf1938a522de2b8,2.0,3225.0,31.0,31.0,28.0,toys
c9ea06f7fd4bd778e96031f46f60dfb9,1.0,840.0,33.0,13.0,26.0,toys
609092e5b5c4a202878eb9ba03b47793,2.0,500.0,20.0,18.0,18.0,toys
2368785994f057897f1ae269bb9743ef,4.0,1400.0,25.0,80.0,25.0,toys
9bbe6c774ab3a4f9c5a0385e78c9641c,1.0,900.0,29.0,30.0,23.0,toys
33ca6f53f303d370a64975dc0e2c86e9,2.0,2925.0,46.0,23.0,24.0,toys
3ed88583f131691a34dbc2b4e4f83f2e,2.0,1100.0,28.0,10.0,28.0,toys
05f97ad4ce078ed1de8882e1824eb07f,6.0,800.0,41.0,15.0,24.0,toys
b623b7cb05ee3248fbe4a6ecbeed79a4,1.0,3008.0,32.0,45.0,32.0,toys
5f416bfe77190b2f1c9de649d926e56a,2.0,1150.0,21.0,34.0,29.0,toys
110e153a52beae118fe6dc43ef592e0b,1.0,850.0,35.0,30.0,20.0,toys
0c52fe573de020553e4f524ac4267c92,3.0,450.0,20.0,10.0,20.0,toys
9a7ee66bbed1b9fa5e3341882c6d74b3,3.0,1000.0,21.0,25.0,32.0,toys
3bab56924ec762e9340478909312d5c7,1.0,400.0,45.0,15.0,35.0,toys
b4e319cb48642fd748a387fb88c31c35,4.0,900.0,31.0,8.0,31.0,toys
fdc7f0715c1b1ee11b31922f0b23c0b4,2.0,500.0,39.0,26.0,32.0,toys
5cd950f6f9b4f8c82e805a136e3df79f,2.0,2300.0,42.0,8.0,42.0,toys
cfb133b7458336455fa60b97ac3aaba9,2.0,600.0,20.0,31.0,30.0,toys
706f09bf92fd217b4c764327c0a17ace,2.0,4580.0,44.0,35.0,35.0,toys
eef3286d1162cb7eb46becab2a5aa884,1.0,200.0,28.0,13.0,22.0,toys
81e5968d5cc613a7fb67502880db9946,1.0,800.0,30.0,20.0,25.0,toys
f4d640751dc4c32a4338ad7dd111fe48,3.0,950.0,50.0,10.0,35.0,toys
c180a83edb2d145ec2f9b10cbd61feb5,5.0,1000.0,30.0,10.0,20.0,toys
44d6d97ab74c490cf558480a06dce11c,4.0,1600.0,48.0,38.0,20.0,toys
b11456f416365fcb044ae90260691ccd,6.0,300.0,17.0,9.0,16.0,toys
549bcfe47e55a8485f43933f2a2b7351,2.0,500.0,25.0,12.0,15.0,toys
96cc6d39d2114a36f318d641c3cae43d,2.0,250.0,16.0,20.0,20.0,toys
b12c4b01322e1befea8465bdf7fe2360,1.0,1500.0,30.0,10.0,30.0,toys
c83960ac3483bfee74e1dd482995c3b5,3.0,260.0,16.0,11.0,13.0,toys
f594ea4dab18d092309463bf799398f9,1.0,600.0,34.0,11.0,29.0,toys
7e6ca847e12c659931b47b31e99361c6,1.0,550.0,30.0,10.0,20.0,toys
f6ebd102f55b1d6ec28eb3cb06c26210,2.0,600.0,31.0,8.0,25.0,toys
cb624905bc39979a816f8906c70bd6bb,2.0,400.0,20.0,20.0,21.0,toys
8fa5bb1e4de7a63ee554487c2f2ee076,4.0,325.0,21.0,7.0,16.0,toys
6fa3c1e1bd22cd9f9c3d07f0be351d38,1.0,300.0,17.0,10.0,12.0,toys
bf065a81717b583b62536e13b5e2576d,3.0,1700.0,16.0,32.0,46.0,toys
c982dbea53b864f4d27c1d36f14b6053,3.0,600.0,48.0,10.0,48.0,toys
cb74508159c5743a4fd58445a3038a95,1.0,900.0,30.0,40.0,30.0,toys
b2f041d29dd572b298f0f74de6297b6d,2.0,800.0,16.0,26.0,36.0,toys
5cb27eb7202ae6c53809618eb8549007,4.0,1675.0,44.0,24.0,23.0,toys
ff724c4888bdcfb01e7028066db3bb98,4.0,500.0,45.0,30.0,30.0,toys
8b68bdd62b3d58f750f213d3ae36dc4e,1.0,500.0,45.0,15.0,35.0,toys
c0deba3200aa657c933dae7109403ad1,1.0,1000.0,29.0,29.0,19.0,toys
9b2db9ec16a8a51549f32462bf973523,1.0,3110.0,33.0,24.0,43.0,toys
11d5f8f3c96fff33d7e8bcbb54c8c79e,2.0,725.0,35.0,28.0,25.0,toys
6fdff9bb5aeb9f318970366654b3b0a6,2.0,500.0,16.0,30.0,16.0,toys
2fcdd37790d9c79db0998f7fc9bc68b0,3.0,1100.0,40.0,40.0,33.0,toys
5298d85eb4c4f864c1f68ff4c9fe1deb,1.0,725.0,31.0,31.0,27.0,toys
1d9b6ad747838d1e4f24445f4b9bff55,4.0,1400.0,35.0,28.0,16.0,toys
a8f944abeac7d4fc5f2663bd8f22f931,1.0,367.0,17.0,13.0,14.0,toys
73c32b5af96fecd16fed3efde88ea2c6,3.0,325.0,31.0,6.0,31.0,toys
f11d6bc6c73bf0326ae129cb88ca04c4,1.0,300.0,17.0,6.0,17.0,toys
2c6aed9079a451ea112d03a78ccc9235,1.0,500.0,23.0,25.0,11.0,toys
967b4ef12fac107d62481097944bc634,4.0,450.0,25.0,35.0,15.0,toys
08401f48b67a852d06105725c3013eff,5.0,350.0,28.0,10.0,12.0,toys
943d06ea87dd9b6336a4b846b104acbc,1.0,400.0,20.0,20.0,20.0,toys
65f42db0d3e2d8f4fe41b6c3eb0f6561,10.0,450.0,18.0,11.0,16.0,toys
3a57f86e932434dc3b901cb9a4ea1f24,1.0,650.0,40.0,20.0,20.0,toys
00c744ca2f3b0e76ce227b146095d3f9,1.0,350.0,17.0,15.0,17.0,toys
877037e9f558d11ce22f3224771fd12f,3.0,1200.0,28.0,13.0,21.0,toys
f7c72fa5d77c897b79b13a5f86f27b02,5.0,1000.0,36.0,21.0,20.0,toys
d517de1f2a8247cc1ea2951c4039ae20,3.0,992.0,34.0,13.0,31.0,toys
12a947baa3e0ab6254ebfec789934fd5,1.0,243.0,17.0,14.0,16.0,toys
1750753e77dc38c4afe6fc90f02c39bc,4.0,600.0,22.0,12.0,12.0,toys
04bd5aedb2f07b8078ef7dcbfb79db00,3.0,1600.0,28.0,13.0,21.0,toys
72694fe9c1f7243e42bcf77c9513c6a7,1.0,383.0,18.0,12.0,14.0,toys
5a3457fce14bc05cc955e62efd868a07,2.0,200.0,20.0,10.0,20.0,toys
af3660080355b203936d26f31bbfcfca,1.0,250.0,23.0,18.0,23.0,toys
40d2d9ba581281d77c9544854fbe1fd9,2.0,500.0,30.0,15.0,25.0,toys
aa53f25a0966489889cbfa05ad848d4a,1.0,1223.0,20.0,15.0,19.0,toys
4a1fceb27ddd81536c58bb333459b07c,1.0,1300.0,40.0,15.0,40.0,toys
2e0725613e75303bb162ff2f58f112e0,1.0,200.0,16.0,10.0,11.0,toys
c8f7df520102efbaf9927f5acf21b928,6.0,450.0,21.0,9.0,16.0,toys
b4853c75f13157892b0b87a2c9bcd13e,1.0,1300.0,40.0,20.0,30.0,toys
141bfc7707c259668ab7d5c4017dce4a,2.0,400.0,20.0,31.0,30.0,toys
c835fd9d2e466148ac3755300628e33d,6.0,250.0,20.0,10.0,20.0,toys
d7474b7ea7868cefdb2dba4e92345505,2.0,400.0,18.0,6.0,15.0,toys
3c242072afadf856cb9471ea7ead620d,2.0,400.0,20.0,20.0,20.0,toys
d5fed880134ce611f8890b37cb996626,2.0,600.0,30.0,13.0,22.0,toys
d06368341277bf3414bd8e3b2b13189b,1.0,2150.0,33.0,23.0,33.0,toys
aeaada71da15f2adff3012724f9f662b,1.0,6500.0,60.0,41.0,41.0,toys
ead6d52e3dc075669af5d7a1958b0f07,2.0,1400.0,20.0,20.0,20.0,toys
6f059a5e46fe4a3903ea525124d77b49,3.0,4250.0,77.0,12.0,29.0,toys
eacafb130c0b9e628640cf86bc28475f,1.0,300.0,45.0,15.0,35.0,toys
3ff81cd0e0861e991bb0106c03c113ca,8.0,600.0,21.0,14.0,21.0,toys
8ef18e8943b9f07649b045b72df449cb,3.0,5200.0,48.0,27.0,18.0,toys
498171cf871cdd1f5e7f8508884601b0,2.0,600.0,52.0,15.0,20.0,toys
35c5886c8fb424305569a555df688541,3.0,650.0,22.0,4.0,32.0,toys
192f2d6f10ae35f57a57be5fc1ae7d56,1.0,600.0,25.0,12.0,40.0,toys
c9dcb2deb4a49214eb9e72aafd096eef,1.0,2650.0,39.0,17.0,39.0,toys
6729125daaaa8f2a7e805335437fbc96,1.0,800.0,40.0,30.0,30.0,toys
7053801e678b47c7ff38186602188679,1.0,447.0,25.0,8.0,26.0,toys
c3c63b6c88b27cb29ec5d26fb0ab7182,3.0,19500.0,45.0,50.0,45.0,toys
db4e12399028c661997d99981af68642,2.0,300.0,50.0,5.0,35.0,toys
b1f6881dc1fb3b2b665cb287418ba7be,1.0,800.0,31.0,10.0,26.0,toys
d605e53683803c3a25f24ac1597fdfbe,3.0,250.0,16.0,26.0,16.0,toys
62e2471b884366ac7e2f2b28c3ed62a5,1.0,400.0,16.0,18.0,22.0,toys
53cd3ac003138916806e6f5380fc427c,1.0,748.0,37.0,7.0,36.0,toys
6db02fce12f88341876dbb10e2c16d8a,1.0,400.0,17.0,10.0,12.0,toys
d48adaf02f576324c7c0931a823025ee,1.0,400.0,45.0,15.0,35.0,toys
1e05a019251a285cb2e56c69cfad766b,3.0,600.0,19.0,39.0,25.0,toys
16b089babc44efe9db1fde71b35d1252,2.0,2500.0,36.0,20.0,28.0,toys
787d8c174c475a72f50428197ca5bf49,3.0,2800.0,71.0,13.0,36.0,toys
bb34de910d1c34677e54c78a4b08a29d,2.0,6500.0,61.0,25.0,41.0,toys
86b5eb8613c4a7bbeaedb2fa28e0a6c1,4.0,1200.0,28.0,13.0,21.0,toys
a0394f1fff311520f4fbd8744be5959b,2.0,850.0,40.0,30.0,16.0,toys
dc4adbe80b638fa8ed7ce4d2822e05af,6.0,2850.0,65.0,24.0,16.0,toys
b657163c168e6b574fdab182100742b1,2.0,250.0,17.0,7.0,18.0,toys
a12ece3f747b6aae747ca17176611aa2,1.0,3000.0,43.0,19.0,37.0,toys
91b3eea4ab6c21d2f61d53597e49bf3f,1.0,200.0,16.0,17.0,11.0,toys
f332a0203f8106d982e2e9dcea4ec7a5,3.0,756.0,32.0,21.0,24.0,toys
bf477d995ee4444807afc574cfbcc1c1,2.0,325.0,30.0,8.0,18.0,toys
d8669d2dcff6b0dc4b1d693bb28890d9,1.0,525.0,24.0,25.0,23.0,toys
a5f1e2bdbdb0cd9e44001c416fc3162e,1.0,1473.0,38.0,15.0,21.0,toys
a941195d6668f8046c2db547478f5e05,1.0,10975.0,94.0,38.0,13.0,toys
41c1f03b4d5bac6d41d5f9d2a85389c6,2.0,2000.0,50.0,15.0,30.0,toys
a89f9c4cd59eaed03ef9cd685c41a8b2,8.0,1300.0,52.0,9.0,32.0,toys
45ee7eeb2da75b49edaa30e7b01e04d2,3.0,450.0,16.0,13.0,16.0,toys
808190a48d18d09af357796e2b30d932,5.0,1400.0,25.0,40.0,45.0,toys
9988abe0755ff16f74152f3e6b83626a,3.0,800.0,50.0,6.0,29.0,toys
9254168b843ffb0932fe40f2687e205a,3.0,1111.0,50.0,8.0,37.0,toys
a9d1b933ef7033934660412325fed2f4,1.0,573.0,23.0,21.0,25.0,toys
c3099dfa5bca8734d228152d9c7d894c,1.0,275.0,20.0,13.0,14.0,toys
04f352bc78b371f4392b0077d5648de5,4.0,6284.0,64.0,39.0,28.0,toys
fb7707ed64cb62f7c280d9e384f03c07,3.0,900.0,30.0,15.0,30.0,toys
62c666bf15570eefdcd27d600951d1e1,1.0,2383.0,34.0,11.0,34.0,toys
ea06ed5e6920832c45747b44049051a7,1.0,1256.0,28.0,26.0,30.0,toys
624763d3909ffa36098f91ce1e458ed4,1.0,233.0,17.0,12.0,12.0,toys
9da581af1760052f6c62b922a1793337,1.0,500.0,35.0,20.0,30.0,toys
49bc8792049d0d7acedf5e300d68c5b3,1.0,300.0,16.0,25.0,15.0,toys
5d0a7cb413c5b59233c57177fe2f20b0,3.0,200.0,16.0,7.0,11.0,toys
b5cd16b170e0359c2b59e10cbc21e791,2.0,1100.0,16.0,27.0,37.0,toys
f3c39c81e52f6b07a486fb78d90dbfef,3.0,2000.0,47.0,13.0,24.0,toys
094efc8b088034585ebda1a32da7181d,1.0,600.0,40.0,20.0,29.0,toys
40639ced9d62eca7f4637b1be4ccdf44,1.0,500.0,17.0,10.0,12.0,toys
69114932c5311e312eaf356081313a4d,4.0,9450.0,89.0,53.0,12.0,toys
68c9f9b8e43c476c1bf8d6009270dde2,1.0,1350.0,33.0,13.0,24.0,toys
1567a054fc1af5ea367b0740ef9bc684,2.0,1200.0,21.0,40.0,29.0,toys
c0ea555ff29c50e43c608958cf40880f,2.0,325.0,27.0,18.0,11.0,toys
3e44b19563ef5a25f4b7e0fdfc3657c3,1.0,9700.0,30.0,30.0,30.0,toys
5f287404fdf339bcbe657a37b6a4b048,1.0,1000.0,36.0,8.0,28.0,toys
ac0bb4405e9661957160dd5ee9d5585c,5.0,1250.0,45.0,8.0,26.0,toys
674fa4e0401faf80b7d4311e7cb636f4,1.0,1150.0,28.0,13.0,21.0,toys
5cb24cb74b433876acfc7eb8aa08cab5,1.0,478.0,23.0,20.0,18.0,toys
e40c39c560a2473e52cebd2ccb0d7969,2.0,900.0,41.0,13.0,26.0,toys
5f84104353e7e051af78c2a9a1721bcd,4.0,2863.0,53.0,24.0,26.0,toys
70615110b87b5e185d019c1968084752,6.0,1800.0,35.0,20.0,20.0,toys
d5394d514863cae57faa03d1784ae6fd,1.0,500.0,35.0,18.0,25.0,toys
358c791cbb9616153f8864c3d6eabaf4,1.0,4317.0,27.0,20.0,28.0,toys
00738f5a17ec4450e88915357b085c1e,2.0,600.0,17.0,15.0,22.0,toys
3c726b5f595b976b4348899225d955a5,8.0,805.0,28.0,37.0,25.0,toys
90a889e1263345cdb507da0926d5e44f,1.0,450.0,45.0,15.0,35.0,toys
1958c78374730139360de98514b9a916,2.0,2975.0,28.0,9.0,14.0,toys
0c4dd7ab3593c8601e53207e02d16784,1.0,920.0,28.0,29.0,33.0,toys
5df01d29194d92b3191aa24aa1eb3b07,1.0,1650.0,32.0,15.0,32.0,toys
5391609b73c1bd3aa36c88f5d954cb1c,2.0,350.0,36.0,13.0,16.0,toys
306e6b5dda3397e4a9312f94d82565b5,9.0,8450.0,30.0,26.0,12.0,toys
726b69ceea91f769cb45a6115945596b,3.0,200.0,20.0,25.0,25.0,toys
342936541051cf54fbe4879bd6e84985,1.0,434.0,27.0,14.0,21.0,toys
9d5aabe3e3265ed911b2a85d14474635,2.0,1075.0,23.0,23.0,19.0,toys
333f07710e0ba89e037d164c13726e6a,2.0,1600.0,22.0,38.0,32.0,toys
67682f5c5170c72b398941e2193735a4,1.0,1238.0,34.0,32.0,24.0,toys
39e38f0813b0c9604db569e538db3b44,4.0,1000.0,16.0,25.0,18.0,toys
c081e0bd900ca695285255e5588f2ae0,2.0,1600.0,30.0,32.0,21.0,toys
eac894f4cb6bb0f613f80bdbfb18fa57,1.0,1091.0,20.0,29.0,24.0,toys
6513f1270c9ff1de6da7c745ae2910ae,3.0,650.0,40.0,10.0,40.0,toys
fffe9eeff12fcbd74a2f2b007dde0c58,3.0,3900.0,43.0,16.0,11.0,toys
b07fffe072c9adc235a35d8da7c0584d,2.0,200.0,25.0,11.0,11.0,toys
917b949f2215f3567f3e01deb87138f9,6.0,1000.0,40.0,18.0,17.0,toys
62d2c177dc54994c9103c09e92a05c04,4.0,850.0,22.0,42.0,22.0,toys
209d347513cb03998c962964dc046f93,6.0,1200.0,33.0,24.0,23.0,toys
7b4079fd3abdf0b43a7e1536d80a6fa9,4.0,100.0,23.0,5.0,16.0,toys
096e14458100c2b6d10f72d69f80cf34,3.0,2750.0,26.0,42.0,38.0,toys
6d33559681ad82d2e835b1cb587d2ce3,4.0,800.0,30.0,20.0,20.0,toys
5473286e93c7e00690574d686c02b868,6.0,2500.0,45.0,15.0,25.0,toys
acf64dbad65e99f5bb490d85c59b2636,2.0,1168.0,34.0,23.0,27.0,toys
a97c6513de6346770872cfc25eb8d06d,5.0,150.0,16.0,7.0,11.0,toys
b3a1fe8d08e0a299fed9f7cf9eb6c81f,2.0,400.0,20.0,10.0,20.0,toys
aeb37360d7dbf2f5136bb2ae449ac16b,2.0,7850.0,23.0,39.0,30.0,toys
2423252b2432f1803e4f29e0974c6cf7,5.0,1167.0,36.0,20.0,28.0,toys
faab97003f349e10524a71ed2c2f2bde,2.0,1400.0,16.0,42.0,26.0,toys
251631a18e7cb6e44ab14a1c4668e587,6.0,9350.0,18.0,22.0,34.0,toys
9069c427ca36847bc3907c09712f6cf8,2.0,6250.0,60.0,20.0,40.0,toys
f7d4df9b0dceb85f4a856cd61da67ecd,3.0,400.0,16.0,13.0,16.0,toys
ba52dec9207d2066d783571524614078,2.0,836.0,30.0,38.0,21.0,toys
c654d5057f4120825c0e11665770b56d,1.0,600.0,33.0,3.0,13.0,toys
ee02ba5de3da259a602cd51ac7e5ffd9,3.0,1200.0,32.0,28.0,13.0,toys
ed5590a83212f920e325df8d11c9931c,1.0,2075.0,32.0,28.0,29.0,toys
350a6b20271be9e499b7e5f05396a940,1.0,555.0,23.0,24.0,14.0,toys
3a0ddc9fcc7d62e474b62ea3e2a45d39,2.0,650.0,40.0,20.0,20.0,toys
caf864611f0c6a9c238876119d725182,1.0,1575.0,37.0,14.0,27.0,toys
0887a4b7b87c4f53d81db7c95de4a6c3,4.0,1800.0,22.0,34.0,40.0,toys
78ccde395e4f559885f083b17a32dd22,2.0,500.0,16.0,35.0,15.0,toys
84ec0a02f8de1e53710c6ef4a40134cb,1.0,10750.0,75.0,30.0,45.0,toys
ede2d3ffe8e999eeb81a29c30967c5aa,1.0,200.0,39.0,4.0,27.0,toys
b0cdc9ffc6cccfbf62da25a0d63c2d74,4.0,592.0,19.0,13.0,18.0,toys
5d4375e7c913f33dbefdedd357817946,6.0,100.0,20.0,10.0,20.0,toys
b4a006be2cfa0a5ee4c36fe0b2e3d359,2.0,1495.0,29.0,21.0,17.0,toys
d28afa86892b9020f79e6b0e01a7839b,1.0,850.0,41.0,7.0,28.0,toys
e5220f9798ae3f322484c60a48ec67f9,3.0,1500.0,30.0,18.0,22.0,toys
e107fefc8820ce1d438d2d6543464955,2.0,300.0,25.0,12.0,23.0,toys
34514da5b2b0b97f385623f08b4e630f,2.0,800.0,37.0,36.0,11.0,toys
5b3b5f9ae84ca9ead3138b199420cc94,7.0,5400.0,20.0,60.0,50.0,toys
dfb471e33709aa5bd232c625d505da46,5.0,7800.0,20.0,62.0,35.0,toys
777798445efd625458a90c13f3b3e6e7,2.0,1500.0,28.0,22.0,18.0,toys
46b173c179c7e6904a5728959bee5b3a,2.0,550.0,17.0,15.0,22.0,toys
7178ddaf7e590ece0dd74143bfc6fd28,1.0,20800.0,80.0,36.0,36.0,toys
ea57ad56367f3fecf63fcfb46d33f3a7,1.0,1000.0,36.0,19.0,17.0,toys
34dcd1a460194e9a114524a6ec0ad39e,1.0,350.0,17.0,15.0,12.0,toys
c77330cb95bf8227f54bda2c2452a11a,3.0,150.0,16.0,7.0,11.0,toys
6f7c30c01b078cfe5a4adbceb9c363f9,1.0,1567.0,49.0,23.0,45.0,toys
30d5e50fed61fb46e697b737f94e1468,3.0,400.0,45.0,15.0,35.0,toys
de1aba30fa0ac366af9ced2db1b964a2,1.0,350.0,17.0,10.0,12.0,toys
27da598c46f42cc744ead106a289e677,1.0,1360.0,35.0,29.0,24.0,toys
b45e1c65cd9f63e06b57f502caf50b78,1.0,5000.0,72.0,34.0,20.0,toys
507f37649c32210c0f297c6755cc8305,2.0,633.0,36.0,6.0,26.0,toys
2b1ae6086a4f08fa4595cddf59e1bfab,1.0,5400.0,49.0,22.0,30.0,toys
91c1df7de7a609fea82ba617a6ec2d6e,1.0,650.0,35.0,15.0,25.0,toys
704f1dd407c5d6314f85a79b1318f3df,1.0,808.0,30.0,14.0,30.0,toys
2318cf75da074f0a955f60eda2f9e320,7.0,165.0,19.0,12.0,17.0,toys
44b6fc0101a9341e43ad3342a51ef75b,3.0,3600.0,52.0,22.0,47.0,toys
47f7586890e8c177d7ec5ba18ecf5587,1.0,700.0,23.0,16.0,20.0,toys
fe7df6d2f5226a4be89e7f2884c88e8c,1.0,3550.0,45.0,28.0,27.0,toys
25b6dee1ad3c218c030f73d5acac19cc,9.0,1050.0,40.0,13.0,29.0,toys
a0ac0067a7a7f7610b49cc1d211de28c,1.0,225.0,26.0,15.0,25.0,toys
31d1f8d755567d184eb11305c6807034,3.0,550.0,40.0,20.0,17.0,toys
1f32407ca906dd7917d2d3dc56b223ad,2.0,200.0,25.0,11.0,14.0,toys
9ea970cfea6fc415d0233c4cae13af4e,1.0,1400.0,45.0,15.0,40.0,toys
33dc3dc62db9a9f1b48cc4c3809fadb2,1.0,293.0,17.0,15.0,14.0,toys
52bd2502183574fc11a434d5d215a4cd,6.0,900.0,40.0,10.0,28.0,toys
41c8165f95f664347510a0bd739f2509,1.0,4480.0,46.0,29.0,35.0,toys
112dad9870ca76046f327b9c08f00b29,1.0,700.0,31.0,5.0,25.0,toys
da758620170454b7f60f39146bfca7bb,3.0,700.0,41.0,13.0,26.0,toys
7e68b55d4ee384bfda2b61c827d3f33f,2.0,350.0,16.0,16.0,16.0,toys
02335f37af17baf50a91273e4bdc8ef4,1.0,450.0,29.0,16.0,11.0,toys
561bea95142a07c5a363216f47879cbe,3.0,22750.0,32.0,82.0,52.0,toys
144b8110f0a755915d67660ab747d9d6,5.0,3825.0,86.0,14.0,22.0,toys
f745d12feec8eda8a2a4cd70bbb9a067,2.0,800.0,34.0,22.0,25.0,toys
ae5f5d4cad780bc59652d9ca6ba3b1a7,3.0,250.0,20.0,11.0,20.0,toys
cd5f3705d31440675796beb0ee641fa8,2.0,640.0,23.0,24.0,39.0,toys
b2717842efa4cfa2f813f3c59f187869,2.0,517.0,21.0,23.0,21.0,toys
bb3ba3a4e6d7471b6754e8e3f13f1464,4.0,850.0,25.0,40.0,15.0,toys
19bdd86ca06c5bcaf94fe9e856bd6a3f,2.0,2450.0,55.0,21.0,30.0,toys
7cee15aa6f33557c7056ba1fee542b79,2.0,1125.0,46.0,37.0,23.0,toys
aad0c94aa869497ef036b7549451134b,5.0,300.0,16.0,11.0,14.0,toys
ac0ac7fa83bfae616a1a9e049c2d5a2a,2.0,300.0,27.0,9.0,18.0,toys
a6621d4ee609f3f917d04c11ca8f0161,3.0,2800.0,48.0,27.0,18.0,toys
f429bcbed72851b21f20d2daf4330bce,1.0,753.0,26.0,14.0,17.0,toys
bb72e3bc2b09ab0edf7fc724639afafd,1.0,2394.0,31.0,17.0,24.0,toys
2929ca606d5307bc5c4867edd6875add,1.0,250.0,17.0,15.0,12.0,toys
9f94fe66050fae9e9351d5c83f4667c8,1.0,500.0,23.0,10.0,17.0,toys
89387716a7138913d0233d899b959c04,5.0,6000.0,54.0,31.0,31.0,toys
f4b915a1ffcc06f7c282fe1958bfccfa,3.0,567.0,22.0,14.0,23.0,toys
572a90c3bb49f037f9400e6b5937e831,1.0,350.0,30.0,30.0,30.0,toys
b2432f253fe77388b09fde407a2cc37e,1.0,1300.0,46.0,7.0,26.0,toys
89bab87bf3067b3e6614d53338c4d788,4.0,500.0,20.0,10.0,20.0,toys
16afeb4db1b7fa1b52b58d3012ec56be,3.0,20900.0,50.0,20.0,30.0,toys
f0354861ab19941a53209c2acbb1b604,1.0,1007.0,33.0,27.0,22.0,toys
1341fe21db99218918b57ca553968a50,1.0,1270.0,31.0,16.0,32.0,toys
eebab579293fbe7c5bf6b18e1744a0b1,1.0,405.0,28.0,15.0,20.0,toys
0496f30fa502d5454825087842d7a497,1.0,250.0,16.0,19.0,19.0,toys
ee6e15447094b902e95fa175c5695cee,1.0,300.0,16.0,6.0,11.0,toys
2e0b9273624db778d82fd3b18becec24,4.0,345.0,19.0,16.0,18.0,toys
42eeafd44530254139fba96265b34a17,2.0,450.0,25.0,11.0,13.0,toys
88007f00299939d563c9565c054d2cd7,1.0,500.0,23.0,25.0,11.0,toys
e9c49fc758728b084498862fcabf3c5e,3.0,19600.0,45.0,50.0,45.0,toys
5d78060c4b02296fb129822fe0ac9ccd,4.0,600.0,20.0,20.0,20.0,toys
0e4ed218b40ef29464d9a9c778ea123f,2.0,1050.0,16.0,13.0,12.0,toys
3ba2b0de14984ce8f072c58be8d701dd,4.0,6133.0,44.0,35.0,48.0,toys
a1b99f381afecd76d7e05ebe6542bcc3,2.0,1100.0,20.0,55.0,35.0,toys
e1e932dfb67414e80b87ad97688cf2a3,5.0,3850.0,52.0,7.0,55.0,toys
28ec94b0adef9c07f96a03ec8dacf6f6,1.0,600.0,17.0,12.0,12.0,toys
47d663d481777efdbd7f947f96d76bc7,3.0,1300.0,16.0,34.0,52.0,toys
6a9f754fa948a2f0304ee2b75f801da6,1.0,550.0,28.0,6.0,15.0,toys
4f81e9ee3504409c3c3b4a79b8a80332,1.0,1750.0,35.0,20.0,35.0,toys
3f0cf4a04c36ec00d58b827e79ad8074,4.0,400.0,20.0,25.0,20.0,toys
29a42e500c8eae1e055a5ad893b46119,3.0,700.0,16.0,34.0,34.0,toys
44bcb65af690208a4f3c2fc2a0773758,2.0,500.0,25.0,25.0,15.0,toys
3e4684507e866b7418a457863bfcd3fe,2.0,300.0,18.0,18.0,18.0,toys
5b8423dc7f23089c9c59c5d140eb5a1c,3.0,5250.0,51.0,15.0,52.0,toys
689b01074243aeee72049c8da42d2e22,8.0,900.0,30.0,25.0,20.0,toys
03e4e6709b7d6415746769c0bc3e9131,2.0,3890.0,36.0,28.0,36.0,toys
4228398e19ac96e84e14924449bac556,4.0,6800.0,20.0,25.0,16.0,toys
ff5ecb2f7628793844e861076ab8e467,1.0,450.0,45.0,15.0,35.0,toys
dc404a1496a08f9f5540c8b5d4b92925,2.0,1582.0,31.0,31.0,35.0,toys
377c6ec197b02c784f237bd41ce84d16,1.0,250.0,23.0,7.0,50.0,toys
e7db781221480388a59e686261772dcd,1.0,250.0,45.0,15.0,35.0,toys
e9def91e99c8ecb7c5cef5e31506a056,2.0,500.0,19.0,11.0,20.0,toys
28b2775c30336108f0b6b4df4c7097cb,1.0,158.0,21.0,16.0,12.0,toys
0b871b4731c7bee9332c7c0b9a742f1e,1.0,14327.0,58.0,60.0,54.0,toys
af1b8b408617b07914d3fb6652859e3e,4.0,22350.0,80.0,51.0,56.0,toys
49770e2e1a22b61e15a13c2cbfbfcbbd,4.0,7950.0,52.0,34.0,18.0,toys
99306a16cc05ea73566ac3a2d92122ce,1.0,300.0,17.0,13.0,16.0,toys
c5db51af7d9a58228bcea932010cf080,4.0,6000.0,58.0,27.0,33.0,toys
ed3f40dab41c0bd6f688e3e3f846b893,1.0,1500.0,54.0,14.0,16.0,toys
1bc01b1481a6f018de8711ef213d7bb9,3.0,500.0,19.0,35.0,27.0,toys
a3e72c791e95a01e787e7eaac25f7b2f,1.0,800.0,20.0,16.0,16.0,toys
9d7dfc4cb2caec57922343876f5d3ff3,2.0,1100.0,65.0,9.0,20.0,toys
e00d2c49504aeaf7acdc9ff7cf8a6107,2.0,2079.0,30.0,27.0,24.0,toys
f78f73f3c49ae249f939acc5d0f66b24,4.0,6400.0,45.0,25.0,32.0,toys
0f40837cdd9606e43215010f9e8fce41,1.0,1600.0,40.0,11.0,35.0,toys
05fb095572e53e2a567a685765101704,4.0,695.0,30.0,33.0,27.0,toys
3949e64107312670dd261c3d6edbfcea,2.0,5300.0,70.0,12.0,40.0,toys
25e2023ed83352bde98dc1490d14c3d8,1.0,887.0,30.0,22.0,20.0,toys
fe1cef1f560c521e9ed426383ed58ac2,1.0,467.0,21.0,22.0,13.0,toys
eb4e1e1c54ecc1c4ff689edf7dd7753d,7.0,150.0,16.0,12.0,18.0,toys
e4da15679c5e9692e847a2912c5db154,1.0,450.0,45.0,15.0,35.0,toys
6f3b33646150fc4dc2fbc7b2ba144348,5.0,7500.0,100.0,8.0,56.0,toys
58e3e57e37601dce8a567e7c1f9e2090,2.0,450.0,16.0,11.0,16.0,toys
2aafde3b2df26664216fa72787b7dda0,9.0,1700.0,40.0,8.0,30.0,toys
765424ab0bedf806eb8cbc97be0bea93,5.0,6750.0,55.0,15.0,16.0,toys
32e390b4e48d09326cac6e93679160aa,2.0,1800.0,42.0,20.0,40.0,toys
b5d70fb85371ee18cb7742bb1f7fb119,1.0,400.0,45.0,15.0,35.0,toys
b20004b530789d5db586f589da0ef3e3,2.0,800.0,36.0,31.0,26.0,toys
e97ee7673459375fac14fe9a01a64e6c,1.0,289.0,17.0,15.0,17.0,toys
9fae04deab3bb1c353c27c50cbf3b42b,4.0,450.0,21.0,36.0,11.0,toys
0cc562350ea5915979a9d5f1f888f131,2.0,1700.0,40.0,20.0,40.0,toys
99a9f319eaf0e11751538c624383f907,6.0,200.0,16.0,9.0,11.0,toys
b57635031fff59d59857f6e0a18616c1,2.0,2900.0,20.0,11.0,11.0,toys
4f34087fd58f28545be71ade9c5322a3,1.0,800.0,28.0,6.0,20.0,toys
a5c9c1711f61d2b63cf996b4928092ed,1.0,1050.0,24.0,29.0,23.0,toys
a06a7deca7108e64a94482aae448c20a,10.0,5100.0,29.0,15.0,40.0,toys
f88154b7726e0c107fbc01ebab3a5b58,1.0,1150.0,16.0,27.0,23.0,toys
253d579d3a543d50016d25936dc1be2e,2.0,300.0,16.0,20.0,20.0,toys
6b0e88256be0d4e8dafd8b18ce15aba3,4.0,350.0,20.0,10.0,20.0,toys
f4507b5a3e43bf8841e3c0a0b3348fa0,6.0,150.0,16.0,13.0,18.0,toys
dc90d2a794a86578893c4ccdf6524d3d,2.0,1000.0,40.0,6.0,33.0,toys
45f176c0bd310b5d35594fc78a8ed5e5,4.0,3625.0,29.0,38.0,26.0,toys
d60c7a798d6fb6242ca9ace328f624e0,3.0,700.0,30.0,10.0,20.0,toys
8373c62235f446ffaae956121a992bf0,1.0,600.0,27.0,12.0,20.0,toys
7e97773e9c0333b4f05dfad68b6d3c03,2.0,950.0,39.0,5.0,29.0,toys
71e8988abd639b90bb7a7726b767eb72,1.0,1200.0,50.0,38.0,11.0,toys
1a0e5291bbd852f9da3a61379feaf37d,1.0,600.0,25.0,12.0,18.0,toys
272c04ff0de2f13b78cefa1d769593df,5.0,800.0,20.0,35.0,20.0,toys
5e9a6c707458f23644bb74a8b9c53222,3.0,19250.0,55.0,50.0,38.0,toys
a93582af341a9c4d7e8f150f68cfa595,3.0,415.0,25.0,27.0,18.0,toys
bb7e168a9be3d6ead7cfdc295a63864d,1.0,725.0,50.0,5.0,50.0,toys
1dc6a19ea34c75792743abebd47309d3,3.0,1850.0,36.0,36.0,37.0,toys
2c2b1db11f5ec66bbc6ca9d1ce3f81a4,4.0,300.0,16.0,7.0,11.0,toys
c3ccc0c6eb821d523d51af4a8ceff376,2.0,300.0,34.0,4.0,32.0,toys
ebc714d9f070a89f4d411982ea9670fb,2.0,1950.0,24.0,35.0,26.0,toys
be764855458cd43b36c334faa773f7d5,1.0,10925.0,50.0,31.0,48.0,toys
e56dc998b3577854c0a62f2cfe328b3d,1.0,3150.0,30.0,50.0,30.0,toys
1d04827ad9a5255800c08c3231a86639,4.0,6270.0,58.0,29.0,31.0,toys
0103208eb1ea5a1a7359c0251a65e37a,7.0,1600.0,35.0,17.0,35.0,toys
81e28350cb23946c126a86d92667c48b,1.0,525.0,31.0,8.0,31.0,toys
cd1bbd26d01414331f6bc26e9577f3a4,2.0,7517.0,48.0,34.0,43.0,toys
7ce1d4b1922136117b48d0c2b64ad165,1.0,50.0,16.0,7.0,12.0,toys
f977e786f6d634205ef1564541706011,1.0,6000.0,95.0,16.0,38.0,toys
96ea4f32befa14bd8ab36fd6827a5e3f,2.0,375.0,30.0,9.0,18.0,toys
5ef5431386aa79c61253305b46525fbf,6.0,1100.0,20.0,40.0,13.0,toys
d2909bb1200f91eae8737b0baef36afb,2.0,990.0,32.0,37.0,18.0,toys
536c813a40c7f1e71aad4f9e1a7da2b7,1.0,6550.0,53.0,28.0,38.0,toys
487fb870bc96e50a68b9428f30649c72,2.0,500.0,16.0,9.0,12.0,toys
9aef37b9deb4c4565b32f24a593b06ca,2.0,1380.0,38.0,36.0,19.0,toys
c8543f8ff0cb8015bea93c0c61b15024,6.0,6350.0,55.0,20.0,25.0,toys
60575d29211e79ad70c3f9e0626d255a,12.0,250.0,20.0,15.0,15.0,toys
766c20fd8cd7e4184901b87f8b4391c3,3.0,500.0,20.0,20.0,20.0,toys
49fe3838a85fc221f84269f59f6b8ce4,6.0,2300.0,20.0,62.0,35.0,toys
f71b4fadb8b8e7564f1e8b8aba66c106,3.0,1953.0,17.0,41.0,44.0,toys
c64ff741cd910a276a6c328f95124a4f,1.0,200.0,30.0,12.0,12.0,toys
074112f674682b5e218463ce1732945b,4.0,9450.0,89.0,53.0,12.0,toys
de012eb8e2b6308aff160e7403019b6c,1.0,700.0,45.0,15.0,35.0,toys
b04c2b78a0d75eebc2fdcdf4cda4acdb,4.0,600.0,33.0,11.0,21.0,toys
87b77bddc8fa1c1272ec769a5134310c,2.0,4384.0,39.0,35.0,34.0,toys
edf78e9c664f8713bb06e61eff191ef8,1.0,450.0,17.0,16.0,16.0,toys
e205eb6683dbf1812c2338baf0575ed0,4.0,325.0,20.0,23.0,20.0,toys
449686d8083aaada627cbd307f0feed3,3.0,1150.0,38.0,23.0,27.0,toys
201fc8c37f99b9911c8ccb421d34b0d0,3.0,700.0,16.0,50.0,30.0,toys
f8de5dc036075be786ca24c29b5bea56,3.0,1200.0,35.0,20.0,28.0,toys
fc40fe8ca610260f036ecf18dd8d3b24,2.0,5543.0,39.0,34.0,37.0,toys
3e878bb44e2c5b7fc755e304cc8236a4,2.0,187.0,21.0,16.0,17.0,toys
d8341864896312c9316d79675ade4d1b,1.0,750.0,58.0,8.0,25.0,toys
cd373a878995ba438485406bc10d9c69,1.0,400.0,20.0,20.0,20.0,toys
ce37d2059b251687831f016e8698725b,1.0,275.0,17.0,14.0,12.0,toys
b76c36bf916511f1a4acd406ada6ce25,3.0,2050.0,42.0,25.0,35.0,toys
640799dabd2dfd5da2769270ca71ad65,1.0,700.0,23.0,25.0,11.0,toys
81effc3dd4e4875690858fca347c76c7,2.0,600.0,30.0,20.0,15.0,toys
d2ab465d1f52890433c899c715ac354e,5.0,6500.0,55.0,20.0,25.0,toys
78199930387ff5818f6176b41a9f9a27,6.0,400.0,25.0,11.0,16.0,toys
d8193dc34b71b1144f1c945f01f0e2cc,3.0,900.0,16.0,21.0,37.0,toys
4099923da3407c3d162a829b0aba4b4e,3.0,550.0,26.0,12.0,17.0,toys
e9edbdef7d4c22a8507cf7e05d93d96e,1.0,300.0,18.0,18.0,18.0,toys
e97df839917a6e93404867b1d0319bfc,3.0,150.0,16.0,9.0,14.0,toys
64123627d4116a2bc8284f1bc0a257f3,1.0,800.0,39.0,7.0,26.0,toys
d9dcf0fed59f10026c2cf95b8df01e08,3.0,300.0,16.0,20.0,20.0,toys
80799b95c48cecc9b90d45c338ef24c5,5.0,250.0,35.0,6.0,11.0,toys
d76dcd59eaef6fc632b11f0d48e107e2,2.0,263.0,18.0,16.0,16.0,toys
5c5f3e091101bea69642eb3dd145b17d,3.0,6800.0,102.0,5.0,83.0,toys
85f7542f664dc1afc5942aeee6825368,4.0,2000.0,30.0,45.0,25.0,toys
21a6e75c9c60427dc2e76f267f7e09e7,1.0,250.0,17.0,14.0,12.0,toys
398eb7af23a74b3470f90b1744a48697,2.0,367.0,21.0,15.0,21.0,toys
06be2efbc5799c9e578d3f6dd205b569,1.0,200.0,18.0,11.0,13.0,toys
1a9d64af3398397aa9948a714bb2baaa,1.0,250.0,16.0,10.0,11.0,toys
6e514bdf6cbd5137a3795ff90e3ec1a1,1.0,300.0,17.0,8.0,15.0,toys
7307a453add3ce026e86d325ff2d60cd,4.0,2233.0,29.0,23.0,29.0,toys
6739aafc60d0a6e50c6e050d5a987350,3.0,700.0,19.0,35.0,27.0,toys
d92cb9e1e8b1ea99285f24efdfdba088,1.0,499.0,34.0,21.0,33.0,toys
078cd7c7e05802e62f12b568aa50ed9a,3.0,700.0,30.0,5.0,30.0,toys
6f7a8ba0af4207c1312825a95b63478e,2.0,2800.0,41.0,12.0,57.0,toys
d3ed5f1ed25b2b1f8f152a68a88b2966,2.0,750.0,25.0,13.0,31.0,toys
e54c8ba67da5205de229678ecea7ff66,2.0,600.0,16.0,28.0,14.0,toys
92463a38f6b3c2c95cedff69fc16fe99,2.0,200.0,16.0,4.0,11.0,toys
d86a6c48f83b045cbba6df84926a1f25,2.0,3900.0,45.0,33.0,26.0,toys
1886d71d2ce9c67e10e5132ef32ac4de,3.0,5650.0,64.0,35.0,15.0,toys
911e26785862f450cf2240fc5168f83d,4.0,300.0,25.0,30.0,15.0,toys
685d230b37cfc4427f505662387c53e1,2.0,350.0,30.0,15.0,20.0,toys
630ab0a26067b5145a455aae917d7f0b,1.0,19150.0,45.0,50.0,45.0,toys
c66def7098f4d87751f40c3a4855ced1,1.0,2100.0,22.0,50.0,32.0,toys
f3ae4b9a1e86b6295ee5b21dd0943692,3.0,1400.0,16.0,27.0,37.0,toys
d5417cad87813c46133ba813fb386866,2.0,183.0,19.0,21.0,13.0,toys
370c500401de58da2a25c8cab27527cc,2.0,2200.0,41.0,26.0,41.0,toys
abcb73cf728c9fb13c9d9b2b3abe609b,1.0,650.0,30.0,10.0,20.0,toys
48de27bd5c8f17adee291f6886cec06f,1.0,500.0,25.0,10.0,15.0,toys
b044bda7bc05cc5cf14d4969fda159cb,1.0,400.0,19.0,9.0,18.0,toys
9783bd52943df9833a6a92f2e8f34f32,1.0,1400.0,55.0,5.0,24.0,toys
4c6aa2718ddd58a52cf181ad9e7ab24a,1.0,875.0,45.0,19.0,42.0,toys
6eab02945f640e007c4b9a26fbbecc94,3.0,800.0,20.0,50.0,40.0,toys
f8488487964a266b12fb259884c862b5,1.0,420.0,23.0,25.0,16.0,toys
ce79982a809f8e88aa6eb87416f14512,3.0,1700.0,16.0,20.0,28.0,toys
6d0663c395a253a37880561557f660e1,3.0,3750.0,35.0,23.0,35.0,toys
63bd0e7bb0fdb40cbd6777aa5c7d5a56,1.0,300.0,18.0,16.0,14.0,toys
02f381f455650d4c7b90c96dc50a6206,2.0,175.0,16.0,15.0,16.0,toys
4ca6bd836f1e0258402fef06caa9d405,1.0,1050.0,30.0,30.0,30.0,toys
efec0b0b076ce3f164b80145743ebc02,1.0,245.0,18.0,12.0,13.0,toys
01078a94cb29913dfda1a962fd4e3400,1.0,268.0,32.0,15.0,30.0,toys
ccd686475dbff77b93871eae4754526b,2.0,3850.0,47.0,15.0,45.0,toys
c10b1461f47aa6d9c8aeddb05b239c4d,1.0,881.0,38.0,19.0,28.0,toys
596faa581e9b1ca7d28a1c0777a8423b,3.0,500.0,20.0,20.0,20.0,toys
9a2baa159a216dcc9eb422cda7271ba8,2.0,512.0,27.0,21.0,24.0,toys
5e55f49fd372a399eda3e1888157c8f3,5.0,275.0,20.0,10.0,20.0,toys
f79d8b06296298b788c13ecf27b9a9c1,8.0,2500.0,16.0,19.0,16.0,toys
a130d292151d4bc3d785f3404eea8d96,3.0,1875.0,35.0,23.0,28.0,toys
51e8feeedd83467b86a79aa2769367c5,5.0,150.0,20.0,20.0,20.0,toys
0f6e2c3bbb97980782ed6cb1506f5d95,3.0,750.0,26.0,14.0,26.0,toys
8100d323ffa1909cfcf9fdf05f20b678,3.0,4017.0,38.0,35.0,42.0,toys
80aed7c1df22a03593fdd335531bdc72,2.0,400.0,16.0,25.0,25.0,toys
7931ea69470092f7eb4a395d6360c0fe,4.0,2000.0,20.0,62.0,35.0,toys
1ce5d622fcc57fef0c65feb523eb2be1,1.0,950.0,30.0,11.0,25.0,toys
e011ddef14b4251d2375dcf060a2e2c5,5.0,9500.0,16.0,60.0,40.0,toys
a22fc11d1915e903d002d98721aabb60,1.0,750.0,30.0,8.0,30.0,toys
1fb5b722c7edef5967d921c3ea7511b7,2.0,950.0,33.0,25.0,25.0,toys
bea978771d1c453faf756fa71f3bdd70,2.0,2301.0,32.0,35.0,34.0,toys
2077f60cc760ebe4b478e0b0711c5218,2.0,1100.0,30.0,7.0,23.0,toys
85f9589f830e0dbd417232cc7f9c677d,1.0,475.0,41.0,34.0,25.0,toys
9a046f988c3d7d4bf592c4f7cb40bf01,2.0,500.0,26.0,5.0,18.0,toys
7b3b2f78914e342fe570cfccf21830e9,3.0,750.0,40.0,15.0,22.0,toys
1b90b42c262feb78e84da470dd0ed547,1.0,300.0,27.0,5.0,26.0,toys
ac8c6691c0c12c664b5629663bd2652c,4.0,650.0,25.0,28.0,16.0,toys
9036be77e0a74cca6eeef0740649b97b,3.0,405.0,21.0,7.0,15.0,toys
a6ae1a5c22127c9e983271623b13c63e,4.0,800.0,38.0,24.0,38.0,toys
2a00350b02e85228f3a3749f39ede66c,4.0,4200.0,89.0,53.0,12.0,toys
24606f4976af89b7b18b2299acb91ae3,6.0,1167.0,53.0,10.0,49.0,toys
7debe59b10825e89c1cbcc8b190c85e2,2.0,1187.0,38.0,22.0,30.0,toys
44dda9168c820bed01e2030d01195d07,1.0,100.0,20.0,20.0,20.0,toys
aa64b8510e8eb844b96bd10d3ac356bd,1.0,450.0,30.0,8.0,11.0,toys
6d6fb3617bb1e64626e29d95ff678d1e,3.0,4700.0,16.0,40.0,40.0,toys
88e55a509dd9848fe90373958567203a,5.0,200.0,18.0,4.0,12.0,toys
970630717e7cff3088d05b01d90e36be,3.0,130.0,16.0,7.0,12.0,toys
8e20986c0842f8d4d8393ae6a2f05cad,1.0,450.0,45.0,15.0,35.0,toys
5e53d7f0369429a1b28ef093a15f7509,3.0,900.0,45.0,15.0,30.0,toys
731599825523e54feea5f4678ca8f54f,2.0,700.0,30.0,10.0,20.0,toys
ad00a218e16f65efb3dfebe514994ca1,1.0,3750.0,30.0,30.0,30.0,toys
ddf035e3aa3fdf3d2869e8be378d001a,4.0,1100.0,100.0,15.0,15.0,toys
2d62078f4b87416a280931049a9d7cca,2.0,300.0,30.0,20.0,15.0,toys
d68b3ee8696e55f3c81a7d319bd1b44d,1.0,13625.0,55.0,50.0,38.0,toys
2480cf865df7d91234cf0ea77e8bd68c,2.0,613.0,19.0,25.0,29.0,toys
2e28aba9bf605653018f0635e10bc949,1.0,463.0,20.0,17.0,17.0,toys
3a44e1cd6610483f2ab5e0ca8c2a4b45,4.0,700.0,35.0,40.0,25.0,toys
724ea95fdce3d1238faa891234996887,5.0,163.0,12.0,8.0,11.0,toys
46eb7181719a3860b32f85e784675390,1.0,2725.0,45.0,11.0,24.0,toys
09d0b4ab2eaebcde59d4dd8bea2c6be6,1.0,1400.0,29.0,17.0,26.0,toys
19ac68e14d04f4207dda95e2fd44a960,4.0,625.0,35.0,21.0,21.0,toys
3ae28b124972bb81eddcb644cd284be9,1.0,1550.0,18.0,31.0,25.0,toys
9df634af5c467f3b07f3d92f7765aa64,2.0,850.0,16.0,32.0,16.0,toys
215d6de5878361301ea712b9d36dee94,1.0,1164.0,17.0,22.0,28.0,toys
97b715081a600125558bf5ebcbf80b21,1.0,333.0,18.0,14.0,12.0,toys
13641c883402cc251cdb1f7f817e9148,1.0,300.0,16.0,16.0,16.0,toys
1abd8922e3c02c26ce30fc4f627158fe,5.0,8963.0,52.0,27.0,33.0,toys
9421a5b600386e401d30fc8de52f96a7,2.0,1538.0,47.0,30.0,30.0,toys
9ccccf7b02af879feedd7b7da7a1429a,2.0,50.0,25.0,15.0,11.0,toys
54209aa243cdc7067e4a8e75bcef44f8,3.0,600.0,20.0,35.0,20.0,toys
4254fb9a475231dc0442038cd846a387,1.0,167.0,19.0,15.0,15.0,toys
e15014500e7941bc3fae1757c3cd48ad,2.0,700.0,31.0,31.0,26.0,toys
76c9ee3e7933e2d1f88c093448065e06,1.0,250.0,16.0,15.0,14.0,toys
b801ec74af3702cd4d67a0c165cd8e56,1.0,450.0,45.0,15.0,35.0,toys
29826c8d154fe5d86bca522e3358675c,3.0,400.0,20.0,10.0,20.0,toys
d1ef230269a528a5683f93b17ced0fbb,2.0,1150.0,20.0,18.0,43.0,toys
1261bcae25b0000829246aa58e284a2f,3.0,1500.0,48.0,27.0,18.0,toys
bcee0ddc3e34e3f03219ff29328f5636,1.0,300.0,17.0,12.0,12.0,toys
91dbbc0bb2edadd00ccfd122d2212760,2.0,2200.0,30.0,20.0,22.0,toys
b65214d387c754bb0f858a4a5a0f41ad,4.0,325.0,21.0,7.0,16.0,toys
6cdb62ae497596fb3be18c148a48741d,2.0,600.0,30.0,10.0,20.0,toys
110372508609f644a4ed639c1c9440fa,5.0,550.0,25.0,16.0,16.0,toys
756791c03bd72f60ad98162dd69d054c,4.0,1600.0,62.0,15.0,41.0,toys
6f4715840b3a1e8cf44b132da7084a3a,2.0,1600.0,16.0,35.0,35.0,toys
bed9b7934576c9ba61b6ba6f3babc698,2.0,1400.0,35.0,28.0,16.0,toys
8f90151658c1de0ef26b6d9c3d74ae3a,2.0,5700.0,39.0,30.0,29.0,toys
4e0f5e97804431100c5bded078a48df9,1.0,1400.0,64.0,10.0,25.0,toys
880be32f4db1d9f6e2bec38fb6ac23ab,4.0,200.0,16.0,7.0,11.0,toys
a8e6cef13c111ed8fffb4205d20fe8c6,2.0,1517.0,31.0,22.0,28.0,toys
d6fcd73ce07da9fa86858f67f6ba7346,1.0,500.0,26.0,8.0,21.0,toys
e54464e95c9fb80e4edefa0ba49133c1,3.0,800.0,20.0,35.0,20.0,toys
3907f392eb7a6ba1d75fb55b28f7a27e,5.0,1083.0,48.0,20.0,47.0,toys
0cb8c29f963ae2069fcc3afe95fd93c1,1.0,5031.0,60.0,43.0,29.0,toys
53394e15d1c663729450eb4a49c4ff7e,4.0,500.0,19.0,12.0,25.0,toys
b10eef6094af9cc3dce92e1612dcb541,2.0,550.0,31.0,19.0,26.0,toys
fc154625377a75559098d1b52e40b78a,1.0,1905.0,30.0,25.0,19.0,toys
815ab08327dd05cc75b2b67311f83239,3.0,450.0,20.0,12.0,17.0,toys
d836b3e9c0eeb39311934db68a0878db,1.0,725.0,35.0,25.0,24.0,toys
6f87cdb6dcbe843d379d0c9cd3369337,4.0,400.0,20.0,10.0,20.0,toys
f55685df4cdbceeecfefb0c45aded1bc,3.0,1200.0,50.0,15.0,32.0,toys
77f217636750a5d2e21017effe0a634d,5.0,300.0,18.0,8.0,12.0,toys
54d4f4a90b9907d07136e40d31d92ab0,2.0,250.0,29.0,8.0,37.0,toys
f7fd83ec60b315b4f99710fed4089aa6,2.0,600.0,23.0,39.0,30.0,toys
235bec397501f88e0593219e90c28b4d,3.0,800.0,32.0,19.0,30.0,toys
ce8a8e2aca6f910ff8bb3ae8bda6a041,3.0,9025.0,47.0,34.0,45.0,toys
72213b0a540435cfdaf469c415de0082,1.0,813.0,35.0,20.0,40.0,toys
87db1d6af39ede804084ef2f8e6b9b46,6.0,900.0,43.0,18.0,23.0,toys
791d3e6bfa05746c3434250319e5e6d3,1.0,367.0,22.0,17.0,23.0,toys
3cc842aabeddd8ef0d633a10ef8a51aa,4.0,900.0,44.0,40.0,16.0,toys
f989412e4e7110deab61cdc486f8e0de,3.0,3700.0,20.0,38.0,58.0,toys
57fb124210d7dd98867b5b798c668eca,4.0,18650.0,45.0,50.0,45.0,toys
098c663630a7a81f7d7f42a2ce0b02d7,5.0,800.0,25.0,8.0,15.0,toys
a701c0cf4ef20a945be9246c4c728c42,2.0,225.0,18.0,18.0,18.0,toys
7ac6cda1ec564b21b2daa9dc0973c1df,4.0,501.0,27.0,22.0,22.0,toys
b480b78b6faef44b44a532fca67a9c92,3.0,450.0,23.0,16.0,16.0,toys
a9f480bfc49f0b85e8394e1cdf685b4e,4.0,5700.0,39.0,30.0,29.0,toys
26a74487c38e901b06cfa26162688614,1.0,100.0,20.0,8.0,20.0,toys
898bfd7ee2dd15e7cccab48142968d6e,1.0,1700.0,35.0,17.0,35.0,toys
56c1cf251f11ba5c5f1dd029fa148363,2.0,400.0,45.0,15.0,35.0,toys
dc93254d4d00a9ff3b05490e585e5376,2.0,700.0,30.0,10.0,20.0,toys
d839c79a48d4a34a404b96085446aaa7,2.0,1000.0,23.0,31.0,27.0,toys
e3b71bff5fb99ff546aec54b38aa760f,1.0,233.0,16.0,16.0,17.0,toys
e65f24b5001e750649f5fed3a88b9f4a,2.0,1250.0,41.0,14.0,19.0,toys
9a49f1f9ee9f59e57eaa5e872bce5ef4,1.0,800.0,34.0,5.0,34.0,toys
b80497f4acd663733b0931af466827fc,1.0,108.0,18.0,11.0,16.0,toys
de916cab431520b8d1980c24bf4dd473,1.0,2950.0,25.0,30.0,20.0,toys
af1190b9fff9a3c0ea7bc29ef8dfd8c1,1.0,363.0,17.0,14.0,16.0,toys
54f757fd2efc9fdaddaa3234ea537a2a,3.0,500.0,16.0,30.0,16.0,toys
c6aeb159daefcd63e4caed10bf47ef0b,1.0,14050.0,70.0,30.0,40.0,toys
ec165cd31c50585786ffda6feff5d0a6,1.0,967.0,37.0,23.0,27.0,toys
f9be994ca0d51259ddb5de1035bbd5b3,1.0,17163.0,75.0,16.0,64.0,toys
306f08b921e16b00a795166ea8edcdee,2.0,2200.0,30.0,30.0,40.0,toys
6cf14dbbc3b753384a72cf9c57119063,3.0,1267.0,37.0,23.0,26.0,toys
b621b4b501b679f21cf155135207503b,2.0,300.0,16.0,7.0,11.0,toys
d815c471ccb5ba83a8c49fc5ecb28266,2.0,700.0,20.0,31.0,30.0,toys
7f303faaca61ab40b8f37d23b4ad34a7,2.0,450.0,28.0,6.0,16.0,toys
ffe9468f4d890db80b7231e86931ff37,3.0,17000.0,47.0,52.0,32.0,toys
95f8862124d526f3151c7dba46c01df8,1.0,600.0,23.0,9.0,19.0,toys
7ed8c74b7ad2f1790a24a24c071da537,2.0,667.0,25.0,33.0,31.0,toys
cc53571eed3eb6a52148b2145955a0ef,4.0,1600.0,30.0,37.0,20.0,toys
f65da4eafdfa856de29dc7392408dd0a,3.0,4600.0,70.0,10.0,38.0,toys
ba1adcf388392101517056482eb5c849,2.0,4700.0,70.0,16.0,35.0,toys
bd082283de9ecc71505205dfc7c6c9b4,1.0,1804.0,40.0,32.0,33.0,toys
4ea09ee045a69335784c9d8ff7405b2a,2.0,7400.0,59.0,23.0,25.0,toys
654eb5dabfc564fb748489541b4ca4a6,2.0,353.0,40.0,10.0,28.0,toys
27066995b777fb84dbcb25961fd6d007,2.0,700.0,16.0,21.0,28.0,toys
677863732107706b878df62cdc8eaf8e,2.0,6617.0,46.0,33.0,35.0,toys
2a203c7d3cf8a035ba90363e9a9f0810,2.0,150.0,30.0,21.0,23.0,toys
6d6bbd5f721f3f5c506907043b72b3b3,1.0,900.0,45.0,15.0,30.0,toys
816c0585d491ed8127cebbb3dc7c89cf,2.0,6000.0,65.0,25.0,35.0,toys
dfb1a850d59b126de9fa01dcde19b43d,3.0,600.0,20.0,25.0,25.0,toys
06bf70b6e1d67d96308235ef350edc61,2.0,950.0,105.0,10.0,11.0,toys
250d3bbd3f39ce52def101057e586b0f,2.0,600.0,30.0,27.0,18.0,toys
49e142d8098b20ff2dc9ec73cdd5afec,1.0,150.0,28.0,13.0,22.0,toys
9c80faf015584ca6ea94e6d59148c4a8,2.0,11200.0,70.0,30.0,30.0,toys
704706b137a32978f55b31f47aa806b5,2.0,6200.0,54.0,28.0,20.0,toys
39c2d21cf22d1de8f38bb81aabbf44cb,1.0,400.0,45.0,15.0,35.0,toys
11165ade430c6cc010bb0042fe88d150,1.0,900.0,50.0,40.0,35.0,toys
2f11a6e56500357acc716ab4c17d5bde,1.0,600.0,25.0,25.0,20.0,toys
da1b02f306fa97908dcdcb07c854aba6,1.0,250.0,17.0,15.0,12.0,toys
ef95321bde02d8afc3f4c298e9f4e6d1,5.0,16100.0,56.0,76.0,27.0,toys
4439198baadf8e8dcb009f990091179e,1.0,1100.0,24.0,42.0,11.0,toys
4472f44fc5c0d4eba5e0842baa32abc6,1.0,283.0,19.0,12.0,14.0,toys
d578aee40a4952269523e4295839781f,4.0,500.0,30.0,30.0,30.0,toys
58327c5dd67068015c5a9c5eeb51d848,1.0,1740.0,34.0,41.0,33.0,toys
f42b9984802c040f88ec840b26681c94,1.0,500.0,30.0,5.0,33.0,toys
6d43aa08ee344527fc3e86b90cfd2379,5.0,1000.0,20.0,31.0,30.0,toys
914bbf1d7b288975a3a7ad2d004f7c3d,1.0,1410.0,31.0,39.0,36.0,toys
d7a6514d88374ea4674eff77ba1e5d38,4.0,400.0,25.0,25.0,25.0,toys
7f47a78f50b93196e945ec522b6e6788,2.0,707.0,20.0,17.0,15.0,toys
009af1277432f1a05742df69cdf72d1e,3.0,700.0,20.0,35.0,20.0,toys
83fe1ea6fd12c51fcd341a9968e65cc3,1.0,1200.0,47.0,7.0,26.0,toys
5f4f1408e6d6f0653e18c25131dceb77,7.0,500.0,20.0,20.0,20.0,toys
d4054e35590015074c0169822b82424e,2.0,12650.0,17.0,42.0,26.0,toys
303719bf7adc0897358c3dcc3c7a6190,4.0,2100.0,47.0,37.0,15.0,toys
01175f0c6182b4410c669417d7e8268f,4.0,600.0,42.0,7.0,42.0,toys
d3b162a5b147714e8b99909d0f6132b7,2.0,652.0,27.0,31.0,22.0,toys
383cefbb51f1c8bfaead6154724b06fb,5.0,237.0,16.0,16.0,16.0,toys
f908d3bf313a1308bfb2a46ea2685347,2.0,100.0,20.0,20.0,20.0,toys
d6bbda35f0b8505c2f824f1d90295855,5.0,250.0,16.0,7.0,11.0,toys
2ed3c385383d1c76dbed3bce88e5b468,1.0,1550.0,64.0,18.0,33.0,toys
e56d3d5361cb47c1947155ab5ffeb400,3.0,250.0,20.0,5.0,30.0,toys
2187a2f05e362364c24d44feaeb40243,3.0,1500.0,20.0,20.0,20.0,toys
35a8c902b0ab264a24d61b0d01fc708a,2.0,400.0,16.0,20.0,16.0,toys
c83e096dc7df70cabe1508874eefc970,2.0,450.0,27.0,5.0,25.0,toys
4d94f51353a058d28468a03ebe1aae33,4.0,12300.0,98.0,15.0,50.0,toys
1c3fea589b8776930c3d5654c472ddb6,1.0,325.0,21.0,8.0,17.0,toys
577fd304233fe9412349ef6a4a3f6ae6,1.0,12250.0,35.0,65.0,36.0,toys
a88fc2ba7a32b6403f22f7abfe353e7a,2.0,4450.0,68.0,14.0,48.0,toys
7ab21257ee876b3897bd55046d3d81d3,1.0,683.0,31.0,25.0,24.0,toys
2b7fc5ab38be42d8f5498267d2ebe344,1.0,150.0,20.0,20.0,20.0,toys
d5dceef582538ae853072860d4bff29e,1.0,600.0,25.0,13.0,20.0,toys
6daadc7e6029cf01762f941e488caa1b,5.0,6794.0,38.0,24.0,50.0,toys
0ef539a5334aaf06f2a028d08021f681,1.0,22983.0,62.0,55.0,62.0,toys
8e4359ade56e8a653deb63400dcd994c,4.0,500.0,25.0,55.0,25.0,toys
15b5589e105e35c3db7dc3ebbe55e13e,1.0,350.0,26.0,6.0,15.0,toys
7c24503a64637f3ab756ed1b44826747,2.0,247.0,18.0,12.0,14.0,toys
2c1cc48126c2bdca9e59a300ade4f1c8,1.0,600.0,18.0,13.0,15.0,toys
d52fcdcc1032ef9307fd89712494f2ee,1.0,300.0,23.0,22.0,21.0,toys
34b91723112fa9ebf6b4d6b4db4a6741,1.0,2238.0,24.0,45.0,27.0,toys
0f80705139ce16ea35bb489987399b55,3.0,550.0,30.0,20.0,20.0,toys
644e4cb8dd45b65f85f267f66e551c94,1.0,300.0,25.0,30.0,20.0,toys
55ba658d5c2f0b1f118f98c36fe3fa04,1.0,200.0,16.0,2.0,11.0,toys
75b244904ed62f3af89d3fa542c41026,3.0,2050.0,20.0,31.0,30.0,toys
387cec52e5be20d76d3c240ce7ee707f,4.0,6025.0,58.0,22.0,42.0,toys
8e80624d5c2d41d70df307dd52fef6c4,1.0,1200.0,38.0,44.0,16.0,toys
2f13610363de5834c81405b88f4b8b57,4.0,3000.0,47.0,36.0,25.0,toys
8ea24524f646a4f1d16caa2ef26bbe6a,1.0,700.0,17.0,10.0,12.0,toys
2ca60755e8412ac0269bc8f7ee7994e9,7.0,5900.0,60.0,24.0,49.0,toys
b857b608c3be71c9902466b752bed1da,1.0,250.0,19.0,14.0,14.0,toys
cbf1e8ec6dcc62ec159b265948abfa0b,5.0,3400.0,52.0,7.0,56.0,toys
230ce9f6bbf76fd85d941adb9213b018,10.0,2000.0,75.0,35.0,13.0,toys
cedbdbe58192cf6de6833ae9c4edaac7,2.0,1050.0,25.0,11.0,13.0,toys
b0137f9102be5a094d59c061fe106b83,1.0,200.0,16.0,10.0,11.0,toys
65a487289033740a0a896d72a6f2a1e1,3.0,700.0,39.0,30.0,29.0,toys
10b121bc6ceb3f390402649881a15554,1.0,300.0,16.0,16.0,16.0,toys
28eb85d51fea7b4c3a49284f09a558bd,2.0,600.0,21.0,7.0,15.0,toys
a53bd24a78bd7d3ebe735b7d6ad672f5,2.0,4400.0,39.0,30.0,29.0,toys
47e7d651866159ed3a5fe00d3dbe813d,2.0,150.0,20.0,10.0,20.0,toys
73a79a46f21913c65ebb8071f480ee11,1.0,500.0,17.0,16.0,14.0,toys
c5e9b73e5f4c644885862ba3e1137b57,10.0,733.0,29.0,11.0,28.0,toys
ba9f160a6ae1c23f25d690fd06fe4fd8,5.0,7050.0,20.0,62.0,35.0,toys
64dad5d113076a6e59a39108fcfe1385,1.0,150.0,28.0,2.0,26.0,toys
e14736de1aa61cedecf657207bce5ffa,2.0,400.0,32.0,10.0,26.0,toys
79da19ec2e6e6658145790d93991da9b,3.0,3876.0,41.0,29.0,36.0,toys
c90526921508388bf77c6f45ff36c412,1.0,450.0,45.0,15.0,35.0,toys
afd433e52d4e615fc6dbb0b098167e4b,6.0,1100.0,20.0,40.0,13.0,toys
210e7569afac412f6f444621ed323449,1.0,300.0,16.0,17.0,11.0,toys
127b372f0c2ee673b04d38f8a6325a2b,6.0,1000.0,35.0,20.0,20.0,toys
b2c5824a747b4f147644f28103b45f93,1.0,550.0,33.0,7.0,22.0,toys
1c973679d17e2e7505000add215699f6,4.0,14400.0,60.0,60.0,50.0,toys
96a93504eed4c39c0f000d30277f9104,2.0,330.0,20.0,14.0,12.0,toys
2cb8d42b598aeb720fc9a0087f69d938,1.0,300.0,17.0,10.0,12.0,toys
6a7410f88fe57e3fd4e353cfc04e7b31,2.0,1350.0,35.0,26.0,25.0,toys
3f2146831fb32311f584fd931a0d51ad,5.0,850.0,35.0,22.0,15.0,toys
85567ceb8a1521a09cdab785ab726b03,2.0,650.0,40.0,20.0,20.0,toys
d0ff425695a253710c5768f9069c6f0b,2.0,1300.0,24.0,30.0,20.0,toys
0d1d0db051b49daf3c58068768d8fd2d,2.0,500.0,16.0,45.0,12.0,toys
79e98bde1cf4a5e68c97cfd1872de142,1.0,200.0,16.0,10.0,11.0,toys
9d4a7bc5b3d2011e781e3e877ed1281f,2.0,300.0,20.0,5.0,15.0,toys
fd9becacfcf0cebb9756687af69c716a,1.0,400.0,28.0,18.0,28.0,toys
486cebbfac430b06cf0aa980b89a3543,6.0,2025.0,50.0,27.0,27.0,toys
33d26f298db59a201858e0248d9cee6c,2.0,600.0,16.0,34.0,26.0,toys
1bcdbe14eef2fb18157a8bb2d05b5605,2.0,300.0,24.0,15.0,15.0,toys
ef61eac41af4d480bf8e6c728136397d,3.0,1250.0,30.0,8.0,30.0,toys
26479f7e6b832d2e19a14dd8393bb30f,1.0,5200.0,30.0,30.0,30.0,toys
677ea65357366d30a013af105b2c8a0f,1.0,450.0,17.0,13.0,16.0,toys
50ac60f74b28ed25e7812fadbd8e71e9,1.0,300.0,28.0,13.0,22.0,toys
442d90d66ceaa3f50027f7430c672820,2.0,525.0,21.0,23.0,20.0,toys
26dbcaad027ebbead6bb387c7d68abca,2.0,1300.0,16.0,40.0,28.0,toys
cc28101310964f961bf1086fa0ffc922,2.0,300.0,18.0,18.0,18.0,toys
8b2324a023b9cc0dce6e05c530b5f2b4,1.0,500.0,25.0,30.0,15.0,toys
067e1aaf685cc3da73e97a0abf22561c,1.0,200.0,16.0,17.0,11.0,toys
e649a85841d392b8d1f6b31233baff82,5.0,1200.0,30.0,7.0,30.0,toys
6f6d0c21d57a3bac0a6dc84cae4c0bcb,1.0,450.0,25.0,20.0,20.0,toys
04601b648d7d2dcae6e285a41e276a3f,1.0,1775.0,31.0,21.0,21.0,toys
c22ae79dc52790933cd1b5e129b893ee,2.0,850.0,35.0,10.0,40.0,toys
1bfe62f326ac7bec0f5a83c10cfff228,2.0,5700.0,39.0,30.0,29.0,toys
a126c7c571620711d095a4e8690a7240,1.0,510.0,25.0,15.0,25.0,toys
0a71a1f1eefa516fe0d1121e9ad00f75,3.0,382.0,37.0,7.0,26.0,toys
83081dc6244771b9cc1ab17b14fb5f31,2.0,1750.0,42.0,20.0,40.0,toys
2fd91ba79b5f4f8342b67bd79cb54b3f,3.0,450.0,38.0,12.0,20.0,toys
6e2e6746f4200ebbb71dfaa3c6ba31dc,1.0,1850.0,39.0,7.0,29.0,toys
a9fb80187bf64d19dd2804f25e83c5e6,2.0,966.0,22.0,45.0,27.0,toys
8c0c5d88d9ec2bc8e02395bda8ea52f2,1.0,400.0,21.0,9.0,21.0,toys
f788dd44fc883f0664693a6dea50437f,3.0,600.0,40.0,10.0,25.0,toys
8cc8c4d7141c82262576156f95ff3907,2.0,750.0,20.0,58.0,21.0,toys
3c261802e239d1f2dcda5ed49aa14220,5.0,250.0,16.0,7.0,11.0,toys
ef7bac3fcd96b1f97400cb9cf17902d8,7.0,4900.0,23.0,16.0,31.0,toys
5b45b90d432972e54f815d543084e6ae,3.0,400.0,18.0,14.0,12.0,toys
9907fd083a5dc5b7dab8b53fed5a119c,2.0,690.0,40.0,17.0,18.0,toys
f47aba0548334576be219248646ff695,3.0,900.0,21.0,25.0,21.0,toys
a5c3ddb1a400f50d1cf7138727aec136,1.0,7811.0,45.0,28.0,46.0,toys
6bf834c3fe86ab984f80c2914fef03e3,4.0,4300.0,20.0,62.0,35.0,toys
9023ae99d5663286ea4602528149ed45,3.0,450.0,18.0,10.0,13.0,toys
ba47e9a1c96e01fc866a0b30f9c78e00,4.0,3000.0,20.0,62.0,35.0,toys
bd85550f79aa4e7452a75c55921cd5c7,2.0,250.0,40.0,10.0,25.0,toys
e899d44e1fbd1131a4c94b9f7bb1ff2a,1.0,700.0,43.0,7.0,30.0,toys
adf9f5989ed8d85d68ea6b941de7a633,2.0,3500.0,62.0,11.0,22.0,toys
1be077a2d74abc6941e3fe47906df83c,2.0,150.0,16.0,18.0,18.0,toys
e3af4b7c220aca1535b34416de24dfb7,1.0,250.0,16.0,10.0,11.0,toys
0dcbc0d012d42719216ea7dff6b90a6f,5.0,1700.0,28.0,50.0,24.0,toys
aea6413d9a7fadfe4a7479cafef92650,1.0,200.0,30.0,7.0,20.0,toys
c00627ba53d46c497a4d302caa6d43bf,1.0,925.0,40.0,21.0,29.0,toys
2f9c82f3ca3b33585ac101579a28933d,4.0,300.0,16.0,7.0,20.0,toys
3c1fe640b9b303b8f12b612e350b9446,2.0,3075.0,44.0,45.0,23.0,toys
011ae9863bd5b15e528a16dd8ceb4772,6.0,1575.0,19.0,51.0,20.0,toys
dee88ebd74f8109d7dab6d12d77a7a64,1.0,1284.0,43.0,17.0,24.0,toys
97df437aeb3472b9d42b4c2e9a9d88f6,1.0,2600.0,35.0,25.0,35.0,toys
416095891c3eb407eb70756068f7837f,3.0,650.0,37.0,5.0,23.0,toys
1a90af24f474949bdc928a39b627fd57,3.0,1483.0,35.0,35.0,29.0,toys
58b0b0b3e6b7f8ecd3874db9c141250d,4.0,850.0,25.0,55.0,25.0,toys
d3013b06b7a68f7ea7f29d55377d9bd2,2.0,925.0,43.0,38.0,38.0,toys
751fe3ca6058edd02011a3cd408211f3,6.0,1600.0,23.0,41.0,16.0,toys
1f9a992e9e20d544dead76bd2a0560f9,1.0,200.0,16.0,16.0,16.0,toys
45f59788a3a09e09ab433234d03afd2a,1.0,1050.0,26.0,30.0,19.0,toys
2682dfb6d7c4f21e56ab529a91129877,2.0,550.0,37.0,7.0,26.0,toys
9255fec6c5428d1d69871b8d98741e1f,1.0,250.0,17.0,14.0,17.0,toys
b04942f7c5539423237bd420009dc291,1.0,300.0,32.0,10.0,26.0,toys
c41f7d21dd7456c83470a1ab0076794f,3.0,1458.0,24.0,22.0,15.0,toys
da549e6a420b6f352a9d7d9b50d7b575,1.0,400.0,25.0,12.0,40.0,toys
69abb160096c6a83656bff3c715a7497,1.0,150.0,20.0,20.0,20.0,toys
f5eeb0828b6adcc6d7a313db480a9037,1.0,333.0,18.0,15.0,13.0,toys
db1974a41d276776c3fe1e917aa1117e,1.0,105.0,18.0,13.0,16.0,toys
4daa4067268d95d34658a10bdc86f1af,1.0,600.0,35.0,13.0,25.0,toys
54ad5859b44c8ff3b83abf1f024a2007,1.0,1450.0,40.0,20.0,30.0,toys
6d1d611877ca6fe8901e27ea00df988b,1.0,650.0,33.0,14.0,23.0,toys
df64236f60ba2eb87cfd76fd7cc73198,2.0,2300.0,61.0,26.0,26.0,toys
3d5837f86205fe83f03fb5f7e4d5b9cf,4.0,1017.0,37.0,5.0,37.0,toys
fbaefac04950112a7da468bc016cc257,4.0,350.0,16.0,25.0,15.0,toys
f02eae5fd95b59b1ec82397e1ef7ccf1,1.0,1300.0,34.0,21.0,34.0,toys
f42ce455e63158d56c2323bd054270e3,5.0,350.0,21.0,22.0,22.0,toys
0beb5829bba86b3b5301af11bff8be6a,2.0,400.0,30.0,9.0,18.0,toys
6f33a4a09ae1180a0ee1ff4682b2d21f,7.0,700.0,44.0,12.0,22.0,toys
bc0bfbb69aec0f46d1058bfeb5b973b3,1.0,300.0,22.0,8.0,28.0,toys
1147151b874f436976ef5ad14a8a7694,1.0,450.0,30.0,15.0,20.0,toys
893286a6bb8c754b4c7082d8705e6443,1.0,600.0,39.0,29.0,32.0,toys
70d01ae15a5d5ee38388b90c0470d9b0,2.0,850.0,35.0,6.0,37.0,toys
66b538ce389d817a5123146347c3fdc8,1.0,4433.0,70.0,25.0,30.0,toys
b5a97d1ae181cd34c8cb1bef20add54c,2.0,500.0,45.0,15.0,15.0,toys
c154ff1c4c87fe2e76bf46db6cd29d59,1.0,600.0,17.0,8.0,14.0,toys
029e44e66d4690b45077bee6d76799f6,2.0,500.0,21.0,10.0,15.0,toys
daa634b8673533acf6639172bc4b2d99,5.0,900.0,34.0,7.0,18.0,toys
50fb810523dcd3bd271eb7b6d2468988,1.0,4633.0,57.0,73.0,36.0,toys
118fa7a08a83564776c37433aca3ca71,1.0,200.0,28.0,13.0,22.0,toys
dbd5107cd9a31627000efe028e81a5aa,5.0,12050.0,101.0,12.0,56.0,toys
4e5eda933b048f124bd30b15f5d6b166,2.0,850.0,45.0,5.0,28.0,toys
4ebab6a2135a2477b657bda38646b64b,3.0,442.0,20.0,16.0,14.0,toys
5274be797b84797764c9199c5312240c,2.0,1354.0,26.0,27.0,34.0,toys
600dd8d6e08f57945bf0798abe1b1b5b,1.0,10350.0,43.0,40.0,44.0,toys
23bcd6822a33df5534f9b290216eec1f,6.0,7000.0,20.0,62.0,35.0,toys
a0755bd1c7262433b4973f9e348cfc37,2.0,2690.0,39.0,24.0,40.0,toys
c01a0404d9e87149110648c7005ce81e,3.0,1600.0,31.0,27.0,25.0,toys
4af813a3e5bc89370ef80fe126542076,5.0,10450.0,35.0,45.0,70.0,toys
ee09ee7eb35b51192aee2dcdeea4286f,1.0,550.0,52.0,12.0,16.0,toys
147a0207903133d4593e9f5d14793e45,1.0,450.0,18.0,14.0,15.0,toys
2d4114b81581f8c123e9d78743d9221a,2.0,806.0,34.0,21.0,32.0,toys
07133eebda0768a2ad3d68ef4d95b597,3.0,1063.0,31.0,26.0,35.0,toys
4addc533339aaf0023334f26403cd814,2.0,883.0,32.0,15.0,17.0,toys
d3a45de279a0bde9b598a181bd2a9815,1.0,500.0,17.0,10.0,12.0,toys
d2239567438e335a463191a43f2f02ff,3.0,2400.0,16.0,50.0,22.0,toys
813e0977846de5206007de2bb18e44ba,2.0,30000.0,70.0,75.0,37.0,toys
31887df536e908af09cab47ed21e31bb,1.0,1625.0,45.0,18.0,48.0,toys
eb22f762af342455275ede8a95b5f189,1.0,150.0,20.0,8.0,11.0,toys
c35614188d97c66c2a9c7b251267d86d,2.0,8875.0,50.0,39.0,39.0,toys
530a4d5b0359677df7cb03484804509e,2.0,300.0,23.0,6.0,23.0,toys
adb1f4589c0848c3f4ed116ade592400,2.0,583.0,24.0,22.0,23.0,toys
2ff677af9af410da689ac8299bab93c9,2.0,3725.0,41.0,32.0,25.0,toys
551e8141f88ef14ec41f77f67575f6f5,2.0,1020.0,43.0,15.0,28.0,toys
45a9a8115c62ad1ce34845e5ec4cfd48,2.0,300.0,20.0,20.0,20.0,toys
a7bd5cdf5ec9debc822d3d64b5c4a80f,3.0,1250.0,30.0,20.0,40.0,toys
4266fb7733672876b00788ede26da7d0,1.0,200.0,17.0,4.0,13.0,toys
bb2655e0acfc0f24ea18f8727788d8ed,2.0,1250.0,33.0,18.0,23.0,toys
868766ed2172644fdd977d6bd395a107,1.0,250.0,45.0,15.0,35.0,toys
83d68ad4e5707409089afff26a40b2df,1.0,13150.0,50.0,14.0,104.0,toys
acb11dae3b9cd1cb63995716d264271c,2.0,5193.0,34.0,38.0,29.0,toys
2d5bb6fc16b9fb75539ddcd93de86aa4,1.0,500.0,17.0,10.0,12.0,toys
3c2417f0f42bc3de63d08893b06571e9,1.0,200.0,45.0,20.0,30.0,toys
4e0afd86a9a0dc22b20d920808613b19,2.0,1904.0,38.0,9.0,35.0,toys
95a32290cbf617eef9053042fb61dea3,1.0,799.0,17.0,13.0,16.0,toys
e6a4a19d87a5ea827c2da90f28433450,2.0,1436.0,34.0,27.0,27.0,toys
49d2e2460386273b195e7e59b43587c3,3.0,750.0,26.0,15.0,26.0,toys
1d38e85c3c89665e3c1d5cc5e6a829d6,2.0,1133.0,33.0,23.0,21.0,toys
8cdcb4646ea91e2ad69608553a04285b,4.0,4150.0,64.0,12.0,36.0,toys
e28e0ee4dffaf8ed5508c35aaf1d0d25,1.0,200.0,16.0,17.0,11.0,toys
6b0259a861d01b67ff7d9d323569e022,1.0,600.0,21.0,7.0,15.0,toys
e38bfda757257dee1985af625f8911fc,2.0,2033.0,27.0,30.0,32.0,toys
e8b61f78db501ea0ca45677d1ca27de2,1.0,400.0,50.0,10.0,25.0,toys
1603fa7aafd20f7aff7f05bf4616355b,3.0,450.0,32.0,18.0,19.0,toys
f88c49a33f73e7c5d2f5cbf231f5b536,3.0,5453.0,53.0,37.0,31.0,toys
efffe8edabbb56fd0a7f1bfb8803bee4,3.0,1400.0,28.0,13.0,21.0,toys
f0cd6312ce0b0d7f04fe8dfd3480e278,3.0,2400.0,40.0,15.0,40.0,toys
7189fb70393a0b87189f93f19655f8db,1.0,1100.0,54.0,18.0,18.0,toys
7fab1a1472fdd934397068931f63f3ca,10.0,600.0,30.0,25.0,20.0,toys
21a95b5525c6d658ff4e5e1b50f7c02d,2.0,650.0,18.0,25.0,19.0,toys
cfbd9afef85eecef5aecf32844d2bc07,5.0,4450.0,39.0,30.0,29.0,toys
3468ce5f37112c609796bcb9ca2c67fb,8.0,50.0,20.0,8.0,17.0,toys
a878af5e9510ef64c82ce4badf85b20a,5.0,150.0,19.0,3.0,11.0,toys
3688427aeccf5d04ba3b89a068005b6f,1.0,600.0,33.0,10.0,25.0,toys
238314b88e4b8ffa496db6b1a201d897,4.0,300.0,21.0,7.0,16.0,toys
64a61d46c4d9928025bd4463a432959e,2.0,1100.0,36.0,30.0,27.0,toys
146e38440bfc14b0d923856ddac3709f,2.0,1300.0,16.0,35.0,58.0,toys
8a1fccc6b1baa3ff391c89b916176091,4.0,400.0,25.0,11.0,20.0,toys
ee7250e9df8dc96851637180e9498509,1.0,964.0,32.0,45.0,20.0,toys
e956b38fdf54d43c60061a1ab1254b24,7.0,265.0,18.0,7.0,16.0,toys
c8c6606a94a40c89625b72cf7079aa1d,3.0,350.0,22.0,35.0,19.0,toys
ed647aab9859ee8a1e0dc6bdb6f4ba0b,4.0,9800.0,51.0,29.0,38.0,toys
928206689f0543a9844ec994c66400fd,3.0,400.0,31.0,6.0,11.0,toys
a896b01f0fb94712f1e92bf9b0ebbe0e,4.0,300.0,17.0,5.0,12.0,toys
39a9942865c056ed2006a5e8c11d9537,5.0,800.0,37.0,14.0,37.0,toys
b35fdaf3bc14c8bdeed3f6bea571d5e1,1.0,1200.0,60.0,26.0,49.0,toys
37d83d294c825fd69de0dea08933cf40,1.0,150.0,20.0,6.0,11.0,toys
7f72a8900b3d2fc8fa2635b7836d6e6e,1.0,147.0,14.0,10.0,12.0,toys
6ac9af102b44f348819e072be3bb57c2,2.0,625.0,22.0,17.0,24.0,toys
dde21a870db774b452a7286b5e3035c5,1.0,800.0,60.0,25.0,35.0,toys
3a264b078bf20e98f315ff65c23fa263,2.0,8100.0,30.0,36.0,46.0,toys
a029ecbeadd18685578725691cb11160,4.0,400.0,18.0,8.0,11.0,toys
37069e4948699834521d16065d934abd,1.0,600.0,23.0,25.0,11.0,toys
dd6a505f83dd3c6326aa9856519e0978,5.0,200.0,16.0,7.0,11.0,toys
f7bd9877cbaebdd3c596190ac46802b9,3.0,400.0,20.0,14.0,12.0,toys
9c8c60eaae5f2f6bcb59a42e314cb400,2.0,900.0,16.0,22.0,22.0,toys
6f7064aeb028bc3a214a6e2bd5795e9d,1.0,1202.0,44.0,24.0,23.0,toys
f4e2a2b20493c1c8e4f3dbf86cb4712a,1.0,7100.0,61.0,41.0,41.0,toys
41483859d76267ad9a2c8d0af4a76266,1.0,300.0,40.0,15.0,35.0,toys
0f677d256ee3a3fa0e23419b98573cdb,9.0,400.0,21.0,17.0,18.0,toys
92d68e4fc956bc1c90a3aa37916b212f,2.0,1175.0,54.0,33.0,29.0,toys
196908bf446216a714bf739c09522dcd,4.0,1300.0,48.0,9.0,32.0,toys
0ddee7337ebe743e2d8f2fdfd671729a,2.0,340.0,24.0,13.0,18.0,toys
13f58613ded23f25a9eec9136316253b,2.0,553.0,30.0,14.0,25.0,toys
70f4c097cdc97babddd3f3bd03c43c26,1.0,300.0,25.0,25.0,25.0,toys
11b095275420b5d5123e163f058256c3,2.0,5700.0,39.0,30.0,29.0,toys
6f3062e8569fca6660777bc0b0f13384,2.0,300.0,19.0,7.0,14.0,toys
dabbb10b2f36548cf2aff2993f4cf5e2,5.0,950.0,40.0,6.0,37.0,toys
12f749c76f15e9bf5743bebda92da24a,5.0,8050.0,30.0,20.0,50.0,toys
aa8ecd9a418507baaf0c42f26ffe71df,4.0,1600.0,16.0,33.0,33.0,toys
6feecc05ee0c88b6194450c8a580629b,2.0,1380.0,38.0,36.0,19.0,toys
2fd89f236e3e8f4b81b7b74f09f40186,1.0,150.0,17.0,4.0,13.0,toys
9fb7b543084835bfe56b0094501dee9d,1.0,1500.0,66.0,18.0,41.0,toys
2e06288cce0a0fdfeb537263dd3b3f3f,4.0,1330.0,38.0,23.0,18.0,toys
54c6e073a97ecff74a31e51d53c600ae,2.0,1600.0,25.0,17.0,50.0,toys
c1c4271977e10331523b010496ab2f9b,1.0,7300.0,60.0,60.0,12.0,toys
08065cf579a61fed0a11f26426a30d6c,5.0,400.0,22.0,12.0,22.0,toys
f71493db6e7483d84f937e1d15eddb38,2.0,700.0,20.0,30.0,30.0,toys
c69ba46dec8f8fe69ba08a6e8cc6ef05,1.0,500.0,28.0,8.0,16.0,toys
ff415a8a6bfbaf8244f4ee0c7c30d905,1.0,1500.0,54.0,16.0,12.0,toys
fb7a100ec8c7b34f60cec22b1a9a10e0,2.0,150.0,16.0,16.0,16.0,toys
589c0d57d007f11fee1db92a2ae3f376,1.0,12400.0,66.0,35.0,78.0,toys
b33250fb5abd199c0bff38eb1db5bc7b,1.0,1454.0,28.0,27.0,24.0,toys
1226cd37bd51c6407009e8fe54f1cf29,1.0,400.0,23.0,35.0,16.0,toys
a370599bb36b6aa53a8a4f428440f860,3.0,1500.0,39.0,30.0,29.0,toys
7f0c916c7cb73601e0a606a3c23a90d6,1.0,150.0,16.0,16.0,16.0,toys
14aa47b7fe5c25522b47b4b29c98dcb9,1.0,1100.0,16.0,10.0,16.0,bed_bath_table
f53103a77d9cf245e579ea37e5ec51f0,1.0,500.0,16.0,10.0,16.0,bed_bath_table
518ef5de2c2b3a255e326a4594ba15d9,2.0,800.0,36.0,8.0,16.0,bed_bath_table
47859fca9dd7485cbd93c3e8993bb74f,1.0,650.0,16.0,10.0,16.0,bed_bath_table
db46052aed7dff59ba38cf2fe29b87f9,4.0,6350.0,45.0,15.0,35.0,bed_bath_table
a3c95dc653d9a279b160bc0179385ed1,1.0,1750.0,30.0,18.0,30.0,bed_bath_table
32ee3f4e2493045726807808d7abbab6,2.0,1400.0,38.0,9.0,27.0,bed_bath_table
c2367eda4f9623d0355dc5d7796d857a,1.0,6450.0,100.0,10.0,11.0,bed_bath_table
3f0f8de616df6efb39a48f3c64eea974,1.0,1300.0,50.0,12.0,12.0,bed_bath_table
c33d78b97260227119fb2b71be168fca,1.0,650.0,27.0,10.0,22.0,bed_bath_table
9e87e3ee09baee5f5c0513ff37bc60ab,2.0,1550.0,43.0,8.0,33.0,bed_bath_table
a0abcee0132a5aed003d98e459b37698,1.0,2700.0,45.0,13.0,35.0,bed_bath_table
ad67f74682943e3857eebf3ca2538d1a,2.0,1800.0,41.0,9.0,34.0,bed_bath_table
f2396540fbfac27b5117f0dbd6744b50,1.0,3600.0,40.0,20.0,40.0,bed_bath_table
dd768d259ee6054e0dadd66c8e2be0b6,2.0,350.0,16.0,10.0,16.0,bed_bath_table
a5bc1334f1762ce0a844f3f694dc08e1,1.0,1200.0,16.0,10.0,16.0,bed_bath_table
c45a1de8cdb00af9ba1f3c097561b77a,2.0,1000.0,30.0,10.0,25.0,bed_bath_table
f4d705aa95ccca448e5b0deb6e5290ba,1.0,250.0,20.0,2.0,15.0,bed_bath_table
9cafef108028ea326352e901a8b729a7,2.0,1750.0,45.0,20.0,40.0,bed_bath_table
d1fbb5683c8e93f314d0f2bf40d07761,2.0,1500.0,39.0,12.0,25.0,bed_bath_table
54910b8287ecea5f93a008ebfa94a15c,1.0,4850.0,75.0,5.0,50.0,bed_bath_table
23ab7bb9eac81e85ec43ed71064cf7ce,1.0,550.0,16.0,10.0,16.0,bed_bath_table
4ceab0364ce2bef8363b89f4719bbff7,1.0,2100.0,53.0,27.0,40.0,bed_bath_table
3c883b9d3fd2d0ce448d4136349dc0a4,1.0,550.0,23.0,15.0,23.0,bed_bath_table
f2c1df0fc307ec60e3321c708c1dcac3,1.0,850.0,40.0,6.0,50.0,bed_bath_table
4da06dee0a480b5d666886ea00b4d9b3,1.0,250.0,32.0,3.0,23.0,bed_bath_table
ce130b350f529a1d6288f927da7404ea,1.0,1450.0,45.0,10.0,15.0,bed_bath_table
debefa981200019b8c4a45d0176125a6,1.0,2200.0,42.0,11.0,36.0,bed_bath_table
e117ca2a90cfd40b93450b0b60f834e4,1.0,1800.0,45.0,10.0,34.0,bed_bath_table
c354569eefd558bf201d0aedf35608ed,1.0,700.0,49.0,4.0,50.0,bed_bath_table
3eb0cd17f2bfe15716e113962806a5de,2.0,1000.0,30.0,7.0,24.0,bed_bath_table
b97114b2893e68400ae867459b491bcd,1.0,360.0,36.0,6.0,26.0,bed_bath_table
288d91794eb2b14fed9ed5e469cb87c3,1.0,1100.0,16.0,10.0,16.0,bed_bath_table
4c505e52bedf9651c08793647c925e65,1.0,350.0,16.0,10.0,16.0,bed_bath_table
c8a0fe4fb537a7864e6aca0477a6da9c,1.0,2000.0,49.0,16.0,39.0,bed_bath_table
c571bd52d56c393e52b38a593da5950f,1.0,550.0,16.0,10.0,16.0,bed_bath_table
b2083bcfc8768380dd0e31d612e96d08,2.0,1100.0,16.0,10.0,16.0,bed_bath_table
e91f30f35875789d4b7d14610aa88c15,1.0,500.0,16.0,10.0,16.0,bed_bath_table
a314a62cff3e5725f545fa263aed7a7b,1.0,300.0,40.0,4.0,30.0,bed_bath_table
3bcf64d8d26d6e06bd568d27fe31d8e8,1.0,1650.0,35.0,20.0,30.0,bed_bath_table
9d0a2db5144d569d5ce5375bb0f4de36,1.0,75.0,17.0,12.0,17.0,bed_bath_table
d2fac83bdc41acb845baf953df64155a,4.0,450.0,45.0,15.0,35.0,bed_bath_table
f28fd17099749b33b6e5081515b2e797,1.0,550.0,30.0,5.0,25.0,bed_bath_table
4d777d8c652076edf63299034cc4c599,3.0,950.0,26.0,15.0,19.0,bed_bath_table
45852eb1811c96c22787d9a3cb3875dc,2.0,1100.0,35.0,9.0,35.0,bed_bath_table
120ed962437fbd2a403ab98f630d8e85,1.0,2650.0,33.0,10.0,33.0,bed_bath_table
6668e2c5a29f47a016858f28a3673e4a,2.0,3950.0,33.0,14.0,33.0,bed_bath_table
060ea530ba6184d49f7b1cc031c4c97e,1.0,950.0,50.0,5.0,50.0,bed_bath_table
f66bfba86b78fa48e0834bb209e1555a,1.0,1950.0,58.0,15.0,46.0,bed_bath_table
9b76503b35ee45adf532e291d5c7de0d,1.0,2200.0,45.0,25.0,35.0,bed_bath_table
049b55359c60ea6403938b9e408f40b8,2.0,1400.0,37.0,23.0,35.0,bed_bath_table
386486367c1f9d4f587a8864ccb6902b,1.0,835.0,40.0,9.0,33.0,bed_bath_table
fac0337908b983ba98c810f03d25f278,1.0,3850.0,20.0,30.0,30.0,bed_bath_table
d4de08feff9533e02efa79613935336e,1.0,1250.0,19.0,17.0,22.0,bed_bath_table
f303e2cdf0967ef1a153d12f2685d280,1.0,1400.0,25.0,10.0,25.0,bed_bath_table
1fa4ef78e1b8f0afea31e4ae9578affd,1.0,1600.0,40.0,20.0,20.0,bed_bath_table
4079a95ae53890e5c268117864020aa8,1.0,2350.0,33.0,7.0,37.0,bed_bath_table
ebf6a0215aa3523486a430e93f6d56ec,2.0,1150.0,32.0,5.0,30.0,bed_bath_table
a878ce3514b37e8bfeac8f881438b775,1.0,1250.0,19.0,17.0,22.0,bed_bath_table
54af11c815f92135fb554bd9c97dd418,1.0,950.0,29.0,10.0,25.0,bed_bath_table
8375cac77900898b899b33ef7b966bb0,1.0,1200.0,16.0,22.0,11.0,bed_bath_table
60bb4500843105345ef9541e59a7a87a,1.0,1200.0,40.0,10.0,37.0,bed_bath_table
19d97e807df39d7af6311ba423eaecc3,1.0,8850.0,16.0,10.0,16.0,bed_bath_table
296ae6fd1ff55a39b63dbbb3ea7a36a0,3.0,8150.0,50.0,20.0,40.0,bed_bath_table
f1202530b474dade246e7fe77cdda463,2.0,1700.0,34.0,10.0,34.0,bed_bath_table
1eb44be9d824d20602d68a0f3346d8d7,1.0,6200.0,35.0,15.0,25.0,bed_bath_table
1cb4e06ac5f21ccde771561d17ec0afb,1.0,1250.0,16.0,10.0,16.0,bed_bath_table
a928a2cfd4d897610150b956e89a4e56,1.0,1550.0,32.0,8.0,29.0,bed_bath_table
3932e37f1f658768ac53fbe680f145bc,1.0,1100.0,40.0,10.0,30.0,bed_bath_table
1fd68fefef8ff576fc3fac7db97f67f1,1.0,2400.0,41.0,11.0,36.0,bed_bath_table
c8aa3a6754ab1ad362858eca26f58c8b,2.0,10900.0,45.0,15.0,35.0,bed_bath_table
9b191ab94826390cd135c837fb7bc881,1.0,2700.0,20.0,30.0,30.0,bed_bath_table
b5075db67f027daed66cc97a6626a7b8,1.0,4200.0,34.0,10.0,38.0,bed_bath_table
4a0c2a56e65c941a0bb9874c47dd66d8,6.0,1400.0,30.0,20.0,26.0,bed_bath_table
c1b555c58d48d228480072f1492cc14f,1.0,550.0,23.0,37.0,35.0,bed_bath_table
a1fcd4b731530eed7fa5531f3f0c2fe0,1.0,2100.0,40.0,6.0,29.0,bed_bath_table
88cd1536cced07ce8b7eb699521f841e,1.0,900.0,16.0,10.0,16.0,bed_bath_table
57b46ac6f5503699255bab6cdde8222f,1.0,3000.0,55.0,25.0,35.0,bed_bath_table
aeb4a18fc6dad1f6cb6474d69f634ad2,1.0,6400.0,30.0,30.0,30.0,bed_bath_table
b7ffd29379437fd3b580dd2deb8e50c4,2.0,1350.0,50.0,11.0,11.0,bed_bath_table
3512f777c335f8297b5ad43416b69cf8,1.0,350.0,16.0,10.0,16.0,bed_bath_table
c2c951d6f458fe552a49dcd590bdb4a6,1.0,1200.0,35.0,3.0,30.0,bed_bath_table
3ea344b27741300cc4724d2a5af94460,1.0,1500.0,20.0,30.0,30.0,bed_bath_table
0f8977d115c52d93a05dd4eb7052baff,1.0,3975.0,46.0,12.0,43.0,bed_bath_table
3ae4b63ae37e03994e257921c73d50b8,2.0,7683.0,38.0,45.0,52.0,bed_bath_table
a93ad122024312ca432da7f7b32474b4,1.0,1588.0,48.0,12.0,44.0,bed_bath_table
7446478ea3cd9ec46d67ad284c09df66,1.0,1800.0,30.0,23.0,11.0,bed_bath_table
057229db0353dff9e12e298e8f6429b9,1.0,1900.0,16.0,2.0,11.0,bed_bath_table
18047039004204f52054f74b9503b9fe,1.0,2555.0,55.0,17.0,48.0,bed_bath_table
1708d4cfc42166dc7f44e1ad501f4933,1.0,11550.0,50.0,20.0,50.0,bed_bath_table
933bdcaec5fb56654d35ffaae48c7068,3.0,250.0,28.0,4.0,18.0,bed_bath_table
6ebdbcab1f0dc7e1d3ecb01c1b140ade,1.0,2300.0,40.0,10.0,40.0,bed_bath_table
9e572ff4654f7064419d97a891a8b0fc,1.0,1900.0,47.0,7.0,35.0,bed_bath_table
d7205c0ebebe2744d7c2e44b6d69cc95,3.0,150.0,26.0,6.0,19.0,bed_bath_table
ee8eb0990ff05d13d55e89350ce16a3d,4.0,600.0,31.0,4.0,17.0,bed_bath_table
54668f8d7fb456c8977d5ca817dab50c,1.0,800.0,43.0,23.0,23.0,bed_bath_table
15a9e834e89eab39d973492882c658d6,6.0,949.0,30.0,20.0,26.0,bed_bath_table
1fd5b8526b883f92d22dc09cda3031e3,2.0,350.0,70.0,8.0,45.0,bed_bath_table
f706789a48ef8564b44640d0180b1aa7,1.0,1300.0,41.0,7.0,41.0,bed_bath_table
7e5fe07db814cff1e50a7561a10e37ef,2.0,250.0,16.0,10.0,16.0,bed_bath_table
6ef76b1a0c15eb96ed49c78d38f37b68,1.0,600.0,45.0,15.0,35.0,bed_bath_table
a9bd39d11fe4d2d378c44eee9b11d9ce,1.0,550.0,60.0,10.0,40.0,bed_bath_table
7736ea239e147291f6adb766c992beb1,1.0,250.0,40.0,4.0,30.0,bed_bath_table
2655d926d7d25a339682b6d8b2d53a49,1.0,690.0,25.0,11.0,22.0,bed_bath_table
2012a57204f00f8fd57f8196130bee26,1.0,1050.0,35.0,3.0,30.0,bed_bath_table
5907ee011dfad4ad998e382fe4df3d14,1.0,700.0,16.0,10.0,16.0,bed_bath_table
9c74c26ab807a4a6a5c1dd3c0a112d76,1.0,500.0,20.0,10.0,20.0,bed_bath_table
4710a0bdb9d5f433754a8c77de67ed88,2.0,300.0,20.0,10.0,20.0,bed_bath_table
84c14b1bdd1a86dad802e0863ef5385e,1.0,2200.0,35.0,20.0,30.0,bed_bath_table
2eb73af678f6999d0c48d617f5bc42bb,2.0,4150.0,51.0,11.0,51.0,bed_bath_table
a742e0f6787ec4e2ae3a124d40d82c6c,1.0,2150.0,45.0,13.0,35.0,bed_bath_table
3d870b8af7dbdc91b10cfb0139f3d44d,1.0,250.0,16.0,10.0,16.0,bed_bath_table
3321ad579f19476d0d668f726f8dffec,1.0,2650.0,46.0,8.0,38.0,bed_bath_table
5031f2af0894d36e3f6fe78b6f2d52bc,2.0,1100.0,50.0,16.0,16.0,bed_bath_table
69eeb1281add8e5d8b916637f9f11a1b,1.0,14750.0,58.0,28.0,48.0,bed_bath_table
e83e5f5ff7ef69f7a09c848795df56a7,3.0,2000.0,38.0,14.0,25.0,bed_bath_table
23658e8d5d2c1d61b0d59b34ebbabb44,1.0,1050.0,22.0,16.0,18.0,bed_bath_table
06b55f15e3505bd276acabbb4d3633f5,4.0,96.0,25.0,8.0,19.0,bed_bath_table
3d3cd6379eb6ac4e8e617574a1d0d145,2.0,300.0,40.0,8.0,30.0,bed_bath_table
45cc9e057103e5e2176034fec87a06ca,1.0,1000.0,50.0,12.0,12.0,bed_bath_table
1f180c96859564dd5857185f5914d2c7,1.0,1900.0,36.0,7.0,29.0,bed_bath_table
446a112adf10992c2e26eb566a68bd46,1.0,700.0,28.0,8.0,22.0,bed_bath_table
2a97ccde48b4f516a7a76352d03eff88,5.0,825.0,29.0,17.0,28.0,bed_bath_table
ff96895c6b1d31f34b2d82f86670fa85,1.0,2450.0,35.0,10.0,35.0,bed_bath_table
2145a2868aaca837f92fd4bf1b6db163,1.0,1600.0,43.0,15.0,32.0,bed_bath_table
ead3077a141a9c800d6a4bb9d0d415b6,1.0,1150.0,22.0,4.0,28.0,bed_bath_table
ce341595864bee3e380631fc5f61ff06,5.0,800.0,20.0,20.0,20.0,bed_bath_table
92e2d2146e433cd4d1f09a3f8633ead0,1.0,1200.0,33.0,18.0,26.0,bed_bath_table
cb319c5e10eb5b7a23ded617e71fbd92,1.0,2900.0,42.0,11.0,36.0,bed_bath_table
86332b1229c41aeb4ab9d85472de3ed9,1.0,2350.0,28.0,10.0,28.0,bed_bath_table
7aa666012fbfab4464142b1055b9e1d5,1.0,1200.0,28.0,14.0,16.0,bed_bath_table
c36a207be2a4ee8f04bd838f97f1711c,1.0,2150.0,47.0,9.0,38.0,bed_bath_table
b9cdd87d963a750d114ff2b6971e9290,1.0,1600.0,40.0,5.0,30.0,bed_bath_table
a511bdae1b7671858cdc3398cd601ab1,1.0,600.0,16.0,10.0,16.0,bed_bath_table
1c6b0760060e08631997f228e1d07a78,1.0,350.0,40.0,4.0,30.0,bed_bath_table
166afe76948e93ed13181b01febfeb25,1.0,4200.0,53.0,20.0,34.0,bed_bath_table
a9ad8b0011994d657f5398d864999f61,2.0,1150.0,32.0,17.0,22.0,bed_bath_table
354b4462c54cd203759f94de3b02b4aa,1.0,2550.0,42.0,16.0,36.0,bed_bath_table
02fcaaaba3a4b4882987a3639d968572,3.0,950.0,36.0,6.0,27.0,bed_bath_table
3e5b75c297ba6534b5188202c4a6a58b,1.0,1350.0,45.0,15.0,35.0,bed_bath_table
8da77162e41d47464f9806727417cf6e,1.0,3600.0,50.0,10.0,30.0,bed_bath_table
7f2097ece1964900e1f72465c57dcc67,1.0,300.0,25.0,3.0,19.0,bed_bath_table
811809cbfd4d37f3fa4b2849bc288167,1.0,3800.0,58.0,14.0,48.0,bed_bath_table
f9be8e0e5acd947d8f49dbc390b9ab20,1.0,2400.0,45.0,15.0,35.0,bed_bath_table
16b691e994cb81b2e7e31c93ba603136,1.0,1550.0,35.0,19.0,45.0,bed_bath_table
09df4169c3678074ca16ab1941cfd1dc,1.0,1400.0,44.0,2.0,35.0,bed_bath_table
34502b3a0c6af7c9b8bce8a8af0aa048,1.0,1500.0,38.0,13.0,31.0,bed_bath_table
188c9cb0aff9e485e3f84752731c633a,1.0,150.0,16.0,11.0,11.0,bed_bath_table
500909059ad72b36b2554150cc327edb,1.0,3100.0,30.0,25.0,30.0,bed_bath_table
3c61c8a6d10b84ba973228169282b294,1.0,1250.0,35.0,3.0,30.0,bed_bath_table
b11f3f1a834f8df4ca743db95563670b,4.0,500.0,47.0,3.0,37.0,bed_bath_table
b1e189f4b3dc3352ba24db1688e06d4b,1.0,1100.0,34.0,7.0,32.0,bed_bath_table
715a15449266fede35b4a667372a2b11,1.0,4900.0,36.0,15.0,45.0,bed_bath_table
8e26e1c242d575871d8074986b625bfa,1.0,2150.0,16.0,10.0,16.0,bed_bath_table
89e8ae28657101d78ae7be99d7230390,1.0,2900.0,55.0,25.0,35.0,bed_bath_table
ec72148301904394ad2c3f6204781102,1.0,650.0,16.0,10.0,16.0,bed_bath_table
a79c0d179a6de79b23a81b64b3980c04,1.0,1200.0,45.0,15.0,35.0,bed_bath_table
ba4c06dba31764d34fd6446894754568,1.0,970.0,36.0,4.0,26.0,bed_bath_table
9f683084a0b0211109fef6e538cb4767,1.0,800.0,45.0,11.0,11.0,bed_bath_table
aa0d48704d551d1247be98ca06dfa990,4.0,250.0,16.0,22.0,11.0,bed_bath_table
79e193444d3b3ba2e2f28d0e0f9bd97a,1.0,800.0,20.0,30.0,30.0,bed_bath_table
fd5c5a67cd369732c2ac20dbd574d1d4,4.0,450.0,29.0,9.0,21.0,bed_bath_table
ee34e3cf023de19e886e2a55f714ddfa,1.0,1250.0,38.0,20.0,25.0,bed_bath_table
b3129f40b427408e82987db1b30eefd9,1.0,650.0,30.0,8.0,25.0,bed_bath_table
ffe8083298f95571b4a66bfbc1c05524,1.0,1350.0,40.0,5.0,30.0,bed_bath_table
9ae3dacfd2327107a1e28274fac25a4e,2.0,1900.0,48.0,8.0,39.0,bed_bath_table
630a236cea73f2eb6900f74e1cb2eb62,1.0,1200.0,30.0,5.0,30.0,bed_bath_table
bea29aa4974e69f7e5873c7df0393b16,1.0,1050.0,22.0,16.0,18.0,bed_bath_table
05696da7eee323669666f62228d00f78,1.0,12900.0,60.0,27.0,50.0,bed_bath_table
bd08f3b4263a91e6d82b7ed0e8c4b75d,1.0,725.0,35.0,10.0,18.0,bed_bath_table
4845d1e797e8d6c21a975df4fae03ee1,1.0,700.0,25.0,15.0,20.0,bed_bath_table
58151ad2f10829fca9c53a2a0dfb5535,1.0,950.0,38.0,10.0,38.0,bed_bath_table
537ac9105a4aeb58599b4e4581fe8f04,2.0,1100.0,40.0,6.0,30.0,bed_bath_table
168b1b45c68037b0490157ee10540349,1.0,3150.0,39.0,13.0,46.0,bed_bath_table
086351823300e0339f6955b27998c186,1.0,3305.0,65.0,12.0,45.0,bed_bath_table
ec242882027ee23182f0e790e4117128,1.0,1400.0,45.0,15.0,35.0,bed_bath_table
b6c312bb8b2e0c3ab0a23d207802f82f,4.0,5967.0,48.0,37.0,53.0,bed_bath_table
29fd9022374ff3fef2e8f82c39b4133e,1.0,800.0,45.0,15.0,35.0,bed_bath_table
d64738c7b2e2d1778a51e835d8f02568,1.0,790.0,22.0,15.0,22.0,bed_bath_table
bd2c3709849255acdbf5855094cdaa01,1.0,1525.0,50.0,15.0,38.0,bed_bath_table
11e70144cff3fcf2bb31adf12b91178c,3.0,900.0,40.0,7.0,34.0,bed_bath_table
e8452a21116fc579999d65cb5279797a,1.0,850.0,20.0,30.0,30.0,bed_bath_table
a67265ec07daf7b3d86238c34721f702,1.0,2150.0,34.0,9.0,33.0,bed_bath_table
b06e4ddd013b4a1a81e80fe575d9b762,1.0,1500.0,49.0,7.0,40.0,bed_bath_table
4fde8dfa310a17fa27bd63e6607dcd2d,1.0,1700.0,30.0,23.0,11.0,bed_bath_table
b570f2a8228eeaa87e224f25264576b5,1.0,800.0,20.0,2.0,15.0,bed_bath_table
6eba58100f906fe0965290b28ca3c45f,1.0,1450.0,16.0,10.0,16.0,bed_bath_table
c0603988d17e4588dfce0f7f01978557,1.0,400.0,26.0,18.0,23.0,bed_bath_table
3dcb77af8b9587985d046b195e105475,1.0,3400.0,36.0,10.0,35.0,bed_bath_table
9f7f468f60c25b1f2b5183c259116c46,2.0,400.0,40.0,3.0,40.0,bed_bath_table
2add772ac1b21ad0f2a8f7bfda8723db,3.0,7550.0,60.0,30.0,60.0,bed_bath_table
d4b07c2026024b816cd6685fd312cd19,2.0,3250.0,34.0,8.0,41.0,bed_bath_table
da857fc20bb0eb099a186790add9b298,1.0,2200.0,45.0,15.0,35.0,bed_bath_table
6c2ab90b87f928321701b7515be9ca38,1.0,16050.0,64.0,32.0,47.0,bed_bath_table
3c95f0e78d88cdfb8af7f72dd586a4a0,1.0,1200.0,34.0,17.0,28.0,bed_bath_table
0992e0d1ee0fefb9a73e3b1bb829f396,2.0,11850.0,50.0,40.0,43.0,bed_bath_table
a37ac4848a06b9240e633912b5e03eda,1.0,2600.0,45.0,15.0,35.0,bed_bath_table
2fefcfd2d56f54c3587e08e1442b36dd,1.0,900.0,40.0,15.0,30.0,bed_bath_table
a537bc52f4b925ec56cc9937a7601636,1.0,3450.0,20.0,30.0,30.0,bed_bath_table
2c3210fa1dfe1fdf8b8e3254287c9e4c,1.0,1400.0,40.0,10.0,30.0,bed_bath_table
e30aaafe45e34ce07003ef0cfcb6e49d,1.0,1550.0,40.0,9.0,32.0,bed_bath_table
155815f7173905f1e5cde0b82adfc113,1.0,200.0,16.0,12.0,11.0,bed_bath_table
d31ef0d2022ce16ea2ccc36bb4ad6cb9,1.0,4083.0,56.0,16.0,50.0,bed_bath_table
3bb3e5caf47c7e92ed97227247e942a8,1.0,3000.0,40.0,9.0,32.0,bed_bath_table
323c53e2d6f8bace877b0df931ab58f9,1.0,1300.0,20.0,16.0,20.0,bed_bath_table
f8cdee3eb5ab9b7c357469dedbe2b6c8,3.0,750.0,37.0,23.0,35.0,bed_bath_table
e01c8d063562c93e7caa8306abde6a6e,1.0,302.0,26.0,4.0,20.0,bed_bath_table
cf08577e1af3a53a0c2b0769af31b31d,1.0,500.0,20.0,10.0,15.0,bed_bath_table
1491a8ff192d4b5c369b0eaa2fe33ee5,5.0,4600.0,60.0,19.0,50.0,bed_bath_table
60a82b9f55ecd2035ad8d9c61e2afe18,1.0,200.0,32.0,3.0,23.0,bed_bath_table
b581509b156a8fbc97230b31e9ff5892,1.0,3550.0,45.0,15.0,35.0,bed_bath_table
476b6df477189e80a6b8eaaa75b07200,1.0,7950.0,45.0,18.0,38.0,bed_bath_table
9221870543e7f515a11b884fdcd84cc3,1.0,3025.0,44.0,14.0,38.0,bed_bath_table
a0951eca8e874597dc3abaefc1940679,1.0,1250.0,16.0,10.0,16.0,bed_bath_table
d6693a8a60b625f2c5eff7f475b5ed22,1.0,5550.0,45.0,15.0,30.0,bed_bath_table
6dfe5ffea29ecbbe138a4066b5ebec9b,2.0,17100.0,56.0,38.0,48.0,bed_bath_table
b9142260cefbbd5688748061179bb7fe,1.0,5850.0,45.0,21.0,37.0,bed_bath_table
3e6ccb382c617b7e07b5865257f8bdec,2.0,1000.0,45.0,10.0,15.0,bed_bath_table
72f50924c42f32d9a236b7602686a49f,1.0,3450.0,36.0,10.0,35.0,bed_bath_table
3cc4b421c1f28dd22e86fc4aaafb600e,1.0,1100.0,44.0,2.0,35.0,bed_bath_table
30fdc68482fb0487e68aaf09260b22cf,1.0,1200.0,45.0,25.0,35.0,bed_bath_table
31c1d1dfbb4b2730140b8bd9248bcd58,1.0,200.0,20.0,2.0,15.0,bed_bath_table
837ef63763b3259b5a50d8984f3a7b42,1.0,550.0,30.0,3.0,19.0,bed_bath_table
2ce17ef87d6bb64be1a0b36a4a614ced,2.0,1050.0,50.0,11.0,11.0,bed_bath_table
b91a91c07533369ef426985f93170068,1.0,2900.0,46.0,8.0,38.0,bed_bath_table
116a034e82f0914338091260ec0fc668,1.0,1300.0,35.0,19.0,45.0,bed_bath_table
20ecd51a1e2c3e5cc72096b2ce0d29d5,1.0,1300.0,37.0,5.0,34.0,bed_bath_table
680561e0bd744ea20f4db761ef21b475,1.0,1600.0,39.0,16.0,39.0,bed_bath_table
588ec31c89dea5de5dc87e15790df3f4,2.0,6650.0,20.0,40.0,50.0,bed_bath_table
9f7b48e2d4e4d7375f71a10791faa1b8,4.0,2050.0,50.0,10.0,40.0,bed_bath_table
1ebd1450a2b8d51ffda696956426024a,1.0,300.0,26.0,3.0,21.0,bed_bath_table
7a6750f9cb558b9fc79dbfa0d121a589,1.0,1600.0,45.0,25.0,35.0,bed_bath_table
4b397ec5dfbf6faba2d7d99322f20146,1.0,8750.0,55.0,35.0,45.0,bed_bath_table
57d87687241f1aeb1a202f93ceccb0f3,1.0,1150.0,38.0,10.0,38.0,bed_bath_table
8eea5d1c23054af9c31cbac7f9b27af3,1.0,1150.0,36.0,8.0,27.0,bed_bath_table
54971206521793b44053a9c348d148c2,1.0,500.0,20.0,10.0,15.0,bed_bath_table
96d1c06692244e2fed6e1f9aa9552770,1.0,625.0,70.0,15.0,50.0,bed_bath_table
c68cb347b4ee03689ba20e2ff229fb1a,1.0,200.0,32.0,3.0,23.0,bed_bath_table
66b7fa94628214c463164097cfbadb7c,1.0,2250.0,30.0,30.0,30.0,bed_bath_table
3e8f6864be117d2690e410b934840f87,1.0,1225.0,34.0,14.0,29.0,bed_bath_table
1c21c1ed398eae61184065889ca3d4b0,1.0,900.0,42.0,8.0,37.0,bed_bath_table
822f877cb8e4faaee2607d90cd61a3f2,1.0,1300.0,34.0,14.0,30.0,bed_bath_table
084e67a8fc02c8ac030154244701f1c5,1.0,400.0,16.0,10.0,16.0,bed_bath_table
6597e697b00067b2d762e1ea16a933da,1.0,10050.0,50.0,30.0,40.0,bed_bath_table
41594ae99a5916fee609489c289ca3a6,1.0,1400.0,51.0,26.0,36.0,bed_bath_table
052fa8abc4bd8f9e32329a610fc878e2,1.0,200.0,16.0,12.0,11.0,bed_bath_table
430315bedd89f81ceec11ba8cc51ebe1,1.0,800.0,38.0,10.0,38.0,bed_bath_table
3bbc659a6c046bc03d8285cacb9e68f9,1.0,950.0,40.0,5.0,30.0,bed_bath_table
5adf18557fb630bec009793ac8ae4483,1.0,1650.0,16.0,10.0,16.0,bed_bath_table
12a3f3a8ef6c5e3c29c88e670fd61ee9,1.0,1000.0,39.0,11.0,28.0,bed_bath_table
4413e2f854c2f02d80065a178decb9c2,1.0,2400.0,40.0,15.0,35.0,bed_bath_table
e2652b87f51c488f334f7f4f0b2ca935,1.0,550.0,26.0,2.0,20.0,bed_bath_table
a08a20499b36a88c1ded2d041a863a9a,1.0,1000.0,30.0,5.0,20.0,bed_bath_table
413f42e07324c88bf0dc54e21a69a3c0,2.0,1950.0,43.0,8.0,33.0,bed_bath_table
9388e84da6051e85eb86fc653c3aa64f,2.0,1100.0,50.0,12.0,12.0,bed_bath_table
ebf7d9b8166c02eb72e573eebd630458,2.0,526.0,44.0,6.0,33.0,bed_bath_table
f15962856ffeba607559e662ad9f8c9b,1.0,603.0,28.0,7.0,25.0,bed_bath_table
37116a322ceabbe82c30430000af0db3,1.0,200.0,20.0,10.0,15.0,bed_bath_table
f7fb8cbbcb9cd35f6fc536c77ae02ebe,1.0,2000.0,45.0,15.0,35.0,bed_bath_table
72f47ace173a4fa96b05a1462e025aee,3.0,2000.0,44.0,17.0,34.0,bed_bath_table
715ff1d94c99db18163cae1eb40f9bb0,1.0,400.0,16.0,12.0,11.0,bed_bath_table
3626035966a7aaee90d68108caebd386,1.0,3175.0,52.0,15.0,31.0,bed_bath_table
2700e8b4a64d5e7fae2677755e44b9d6,1.0,11450.0,54.0,30.0,45.0,bed_bath_table
ea99c9c7061d17bbfe7e85d842f2c3ee,1.0,1600.0,36.0,8.0,29.0,bed_bath_table
cf3ac799e2dc1bfbd6c97ea023171f9d,1.0,4700.0,36.0,15.0,45.0,bed_bath_table
8d23da47a7828cf786103f1c3fbeab43,1.0,3300.0,34.0,8.0,38.0,bed_bath_table
e54cb69cc7bf5d21921991aae48501fb,2.0,1000.0,50.0,12.0,12.0,bed_bath_table
b30bd2570ba0ad3ce06e785a7b23d544,2.0,2900.0,45.0,15.0,35.0,bed_bath_table
b8316b6fcbdee6f6e8760865065dc0f5,1.0,600.0,20.0,2.0,20.0,bed_bath_table
3ae3ff1822dea42b242b5902e605c1bd,1.0,3150.0,45.0,15.0,35.0,bed_bath_table
56324522787b0f1b85cc081fffadc3f8,1.0,2400.0,42.0,11.0,36.0,bed_bath_table
10dfb99fdae9b721c39b7458564397f6,1.0,3450.0,50.0,10.0,30.0,bed_bath_table
41225bba70a14ede03816d7baf0a88f8,1.0,1000.0,16.0,10.0,16.0,bed_bath_table
a1dd59756b92c62cd39375d0b0222698,1.0,200.0,16.0,10.0,16.0,bed_bath_table
cbdbabc3d8b1a111329afd03a9f6a8d6,3.0,3850.0,20.0,40.0,40.0,bed_bath_table
070d4b13c8ef5cc3d81259789b3bd973,1.0,2200.0,55.0,15.0,35.0,bed_bath_table
bea68931a4e8aeb29404dfc74b4ce5fc,1.0,600.0,16.0,10.0,16.0,bed_bath_table
a94036c0bb4dfce8d5762777c07b7be2,2.0,2500.0,43.0,8.0,33.0,bed_bath_table
4d38e93bf8056fbb01a32e72f0257df8,1.0,1950.0,43.0,20.0,31.0,bed_bath_table
7334d00edefdee21be7eefd05f5433f6,1.0,800.0,16.0,10.0,16.0,bed_bath_table
c477957dd9b5f51032f3631c50630585,1.0,1600.0,35.0,20.0,25.0,bed_bath_table
39342c8e5e512bb1757779a3821a450f,1.0,20900.0,45.0,15.0,30.0,bed_bath_table
0b3c2ee3c7994b5b9ebdddb2372d6f9c,1.0,1250.0,45.0,10.0,15.0,bed_bath_table
10d9c039b5dcb3b2a4a4fd507fd187a0,2.0,900.0,50.0,5.0,50.0,bed_bath_table
3daf6db466fe8366db873ecbb2fd45d6,1.0,5350.0,16.0,50.0,40.0,bed_bath_table
30364952b2a2bd659cfdda1b5112358c,1.0,2700.0,55.0,25.0,35.0,bed_bath_table
8b51c6ccc9c0548c951214e1cd1547ff,1.0,1000.0,28.0,14.0,16.0,bed_bath_table
4613efcec95c18902f5e8b117df56188,1.0,666.0,36.0,5.0,27.0,bed_bath_table
5e2ac503775a811be6aeeb9f87830e92,1.0,1250.0,19.0,17.0,22.0,bed_bath_table
0f789be671fe3bd93cabfbb4a710f282,5.0,450.0,20.0,10.0,12.0,bed_bath_table
a131898c2e4bf38b5d4c0b27da5066f5,1.0,500.0,16.0,10.0,16.0,bed_bath_table
1f792af77962621fcc80d95c2897bb19,1.0,250.0,22.0,5.0,16.0,bed_bath_table
7bc54db14f2630ffad57c1a57fd16e97,1.0,250.0,25.0,10.0,20.0,bed_bath_table
b8c89bc5fa5dc01a5d0e9d7ff0c6ecdb,2.0,700.0,50.0,16.0,16.0,bed_bath_table
a1efe4a86746c22541813e22e1d23e33,1.0,1950.0,34.0,9.0,33.0,bed_bath_table
739e8ddbbd7a0d61e33949614a14d8cb,1.0,1150.0,55.0,15.0,45.0,bed_bath_table
a06766fec51c96d4d0bce282906735eb,2.0,650.0,16.0,10.0,16.0,bed_bath_table
38fbe42a76e0c841c9445467b7e5ab30,5.0,550.0,16.0,10.0,11.0,bed_bath_table
33b0f8037510c23d243bb510d7d6e07d,1.0,1200.0,20.0,16.0,20.0,bed_bath_table
81a715d81e8758ea2cc757359c2272a4,1.0,1420.0,38.0,13.0,31.0,bed_bath_table
167a7aad1e1e0717b9b5ab7d6c724ad5,1.0,850.0,25.0,5.0,25.0,bed_bath_table
127a2524a6031c086994214acb167abb,2.0,900.0,37.0,23.0,35.0,bed_bath_table
6d279e8024e26a17c156a724bbfc1e8d,2.0,950.0,37.0,23.0,35.0,bed_bath_table
dc66bd48cefb7c7c6ad6684a305b6bf7,1.0,13050.0,55.0,40.0,40.0,bed_bath_table
0cd64dc65679876c896236bea326589b,1.0,2100.0,37.0,23.0,35.0,bed_bath_table
bd3a02d6af913ac8e4c07501e2a13dd5,1.0,2146.0,42.0,11.0,36.0,bed_bath_table
4abee1df902ca6e48fbe864fce3859bc,2.0,30000.0,80.0,40.0,70.0,bed_bath_table
8c6d562d9dde3d9658cf7496f61c1bc0,1.0,225.0,21.0,10.0,14.0,bed_bath_table
422b4786464320e3645a7e018ba60d8e,3.0,98.0,25.0,8.0,19.0,bed_bath_table
d4bf1e29f41deda5c71da49e4d39fb1d,1.0,250.0,30.0,4.0,40.0,bed_bath_table
04a3191f211edc97716020026d05d260,2.0,950.0,42.0,29.0,28.0,bed_bath_table
658fc5dfe583ae91ca3268d4d3762a6e,1.0,700.0,20.0,10.0,15.0,bed_bath_table
6aa994db5bc7ea9506451c75383e8769,1.0,850.0,45.0,15.0,35.0,bed_bath_table
fc04e723b53a7b372e081da67cf6aca2,1.0,1500.0,38.0,7.0,28.0,bed_bath_table
8171a6838a6c6eec7d768990eb7ecd42,1.0,300.0,31.0,6.0,26.0,bed_bath_table
d3d4e7e463c2dfee7980633905a71cdd,1.0,300.0,26.0,3.0,26.0,bed_bath_table
181097c3de536f867a3c1dcfb06970de,1.0,1200.0,38.0,20.0,25.0,bed_bath_table
7eedc4bfd32856b0c2b78657036d203e,1.0,16000.0,45.0,15.0,25.0,bed_bath_table
0214e4741dab5812bb31a61af1dc3de5,1.0,2100.0,45.0,15.0,35.0,bed_bath_table
293ee8ac0a45f559cdeba37b938fdb66,1.0,8550.0,40.0,32.0,40.0,bed_bath_table
22d180b9ee4f302fea5be73325dfea3b,4.0,18900.0,41.0,15.0,51.0,bed_bath_table
5bf57bdef224b9486b45ebba37ec6191,1.0,1300.0,38.0,7.0,28.0,bed_bath_table
19884358087155dcb193ae99f344fa30,1.0,1550.0,40.0,10.0,30.0,bed_bath_table
fa89410dfdb2990c73083756cefe198b,1.0,550.0,40.0,5.0,30.0,bed_bath_table
e71979722971f0e661a45658746f8af7,1.0,950.0,34.0,7.0,32.0,bed_bath_table
e8f2a49b96a3da4142c6bb44902b1d78,1.0,1500.0,30.0,20.0,25.0,bed_bath_table
4886ee6eaf4ab72e0e91ed0c42815f49,1.0,1950.0,40.0,3.0,40.0,bed_bath_table
96b200840d3b01d948ee9d507f6bcb3e,2.0,950.0,16.0,10.0,16.0,bed_bath_table
981f6a96c09b7d28e5c5f2fbb282fcde,4.0,1750.0,50.0,10.0,40.0,bed_bath_table
9565229244e9341fb8c8069879cf73cd,1.0,1700.0,34.0,7.0,32.0,bed_bath_table
1f9799a175f50c9fa725984775cac5c5,1.0,1000.0,40.0,5.0,25.0,bed_bath_table
73e3a34b5edba4b4b715a0fc46024230,1.0,2150.0,40.0,6.0,30.0,bed_bath_table
ec2d43cc59763ec91694573b31f1c29a,5.0,800.0,20.0,20.0,20.0,bed_bath_table
1a6706786a1ae8f9e6e4e36a3bed68ed,4.0,1100.0,40.0,27.0,17.0,bed_bath_table
736f1b87428f9cfe5f5184c4ac0fbe05,1.0,1500.0,40.0,15.0,32.0,bed_bath_table
1c86a1539e8f7551ac5c09a15b6a3c88,1.0,1150.0,45.0,10.0,15.0,bed_bath_table
d4ef01e7655c13ceef1d7d248e0fdd99,1.0,195.0,32.0,4.0,23.0,bed_bath_table
557313563f418e18cc4a19159774cecd,2.0,600.0,70.0,10.0,40.0,bed_bath_table
6d15ca3157a742ef1911e16ab7b180b4,1.0,1000.0,34.0,5.0,26.0,bed_bath_table
516efbd604d9a7325f93967192ff86b7,1.0,745.0,32.0,4.0,26.0,bed_bath_table
9f01cb375b4185be6cb9d2f7588c5b46,2.0,1100.0,45.0,10.0,15.0,bed_bath_table
991dc21288b4d582f86f85f7af02aba5,1.0,800.0,25.0,5.0,25.0,bed_bath_table
8afd99798fadd878e37b5bca830e6525,1.0,3400.0,45.0,15.0,35.0,bed_bath_table
fe547f9a78a612634a416e6be45fe693,2.0,3718.0,44.0,16.0,40.0,bed_bath_table
9330504b97ecb321002b3f0af1f0f467,2.0,467.0,45.0,4.0,35.0,bed_bath_table
cf82a4158ba3a1135ca9618d4ad1b204,1.0,1800.0,40.0,6.0,30.0,bed_bath_table
c58fc7dab2a718f8aa5522dd57c2b18d,1.0,1900.0,45.0,25.0,35.0,bed_bath_table
0f0143975760d1205a4285a4e2a1bdea,1.0,1050.0,16.0,10.0,16.0,bed_bath_table
f86ab4e67c4b9e24b61a0abab8cba388,1.0,500.0,45.0,15.0,35.0,bed_bath_table
f2f411f86bd5bd427e28e2a30771761f,1.0,1150.0,44.0,2.0,35.0,bed_bath_table
96cfc21d191df7257d9a6dfef4d897fd,1.0,550.0,30.0,3.0,19.0,bed_bath_table
001c5d71ac6ad696d22315953758fa04,1.0,1800.0,47.0,21.0,41.0,bed_bath_table
8c59dc491e73996f708d433188285ed1,2.0,850.0,30.0,10.0,25.0,bed_bath_table
503a975b7fd96719d7cdb8b88e7f5d0e,1.0,20900.0,45.0,15.0,35.0,bed_bath_table
42a2bd596fda1baef5719cb74f73030c,1.0,1300.0,44.0,2.0,35.0,bed_bath_table
95d4404184aa5ce72e590362cc471d62,1.0,1300.0,37.0,23.0,35.0,bed_bath_table
1aa2ed670a95e9f475723707a7c3f386,1.0,1000.0,38.0,6.0,29.0,bed_bath_table
36f8f85fb4edf9d4e94bf65e8d3298d4,3.0,950.0,29.0,4.0,21.0,bed_bath_table
ec1a2701e8f1d9d8703e876f5c0342d4,1.0,3600.0,34.0,8.0,38.0,bed_bath_table
a038fb43df28bc37115e29e63d9809b7,1.0,1050.0,38.0,10.0,38.0,bed_bath_table
6ce07ff93c0dbafa9df5c10038e41287,1.0,4150.0,26.0,26.0,36.0,bed_bath_table
1f7164d40ac0579d08c5b77af30f8dd0,1.0,7850.0,16.0,56.0,50.0,bed_bath_table
b8411dee248601bc460bac8e1fb8a102,3.0,525.0,24.0,7.0,29.0,bed_bath_table
c86dde6d75b1c5f5c6ac95000a63b7a7,1.0,1650.0,50.0,5.0,50.0,bed_bath_table
37fe4cdce8bd0f643d3f943a6a3b8e89,3.0,1000.0,40.0,10.0,30.0,bed_bath_table
eaeb396efeff789c9e55a5126a2c6885,1.0,550.0,25.0,2.0,20.0,bed_bath_table
b1ae85955829e28646e38ed2ff6ae776,2.0,600.0,60.0,10.0,40.0,bed_bath_table
e068d6beb383500788df589d811cbda0,1.0,1900.0,45.0,15.0,35.0,bed_bath_table
af9418dfcdd7f19b51906a2f32cd6bc0,1.0,2150.0,34.0,9.0,33.0,bed_bath_table
52064f1a0937c3c72679b986b8ad7661,1.0,1850.0,45.0,15.0,35.0,bed_bath_table
2c004d873fda9131eb12f6b71538087a,1.0,1517.0,32.0,5.0,29.0,bed_bath_table
531e80cf1d0a71c020c1814e474a2045,1.0,1650.0,28.0,25.0,11.0,bed_bath_table
bf818ef79f0bf94fcefe6d0f1c707cda,1.0,2075.0,35.0,9.0,25.0,bed_bath_table
65223c26538a2226610efc437e488b77,1.0,300.0,16.0,10.0,16.0,bed_bath_table
c0a3d13743c894a0bd017a85acb658f3,1.0,1500.0,49.0,16.0,39.0,bed_bath_table
5f16ef3125578cddb22c481431d8d0b4,1.0,1050.0,20.0,16.0,20.0,bed_bath_table
d33f55fbec1f19c63fc6854c2fd65925,1.0,14050.0,16.0,10.0,16.0,bed_bath_table
0fa81e7123fd0ebe03adbbe99d912827,1.0,1350.0,46.0,2.0,36.0,bed_bath_table
574498be1ecac5af243037bfcc6f8b22,1.0,1000.0,30.0,5.0,30.0,bed_bath_table
3822a27bc32b4e20694f1819c6d6e7ec,1.0,6400.0,30.0,6.0,25.0,bed_bath_table
58fd8873cf12a178215b4339d2b34ec5,1.0,4900.0,42.0,12.0,42.0,bed_bath_table
6f4ed02e363461e27168f72bc33ffb80,3.0,12000.0,60.0,23.0,54.0,bed_bath_table
f06301dd6d54c3e4300920991f2af380,2.0,700.0,50.0,16.0,16.0,bed_bath_table
fc9f1b7e877d87c6e78cc32686a73a27,1.0,1000.0,50.0,12.0,12.0,bed_bath_table
774dd887b3739f005c7097b568000536,3.0,1650.0,36.0,12.0,26.0,bed_bath_table
8dc41bbd4f596aff149d8aa3e29521e7,1.0,4325.0,54.0,19.0,42.0,bed_bath_table
12a8571feabc765bfe057c37217daf75,1.0,1983.0,29.0,49.0,58.0,bed_bath_table
3bc16db3924d3cf2ced69b26691f3d77,1.0,1650.0,40.0,15.0,32.0,bed_bath_table
8347d3b517ab185dea43991aebb46737,1.0,200.0,32.0,3.0,23.0,bed_bath_table
297a5f6e0aaf7b32fb0fc7483944105d,1.0,2067.0,38.0,5.0,35.0,bed_bath_table
53db2a5b8c80df5392dd028c0f7c13e9,2.0,333.0,30.0,4.0,26.0,bed_bath_table
d4fa4ad0e82fea0c12d7cf3f773a03b1,1.0,1300.0,20.0,40.0,20.0,bed_bath_table
df6d00c24fc224b84e9ad17708d0f4d7,1.0,650.0,30.0,4.0,19.0,bed_bath_table
bb42f37fc3d9130e4a4339d24a47dd7c,1.0,400.0,20.0,2.0,15.0,bed_bath_table
9190ce23001d7618017faae67788ea09,1.0,4442.0,57.0,36.0,42.0,bed_bath_table
eff40981f3d4639fb50c5dd51ac00d7a,2.0,623.0,30.0,7.0,31.0,bed_bath_table
4c5cc632a68ce10ff22b58b5b8c8b8f3,1.0,6300.0,51.0,22.0,36.0,bed_bath_table
221734613a802d62bb706f54ae56f970,1.0,1500.0,20.0,40.0,20.0,bed_bath_table
8f41c6ba389c91b377bba94e332bf925,1.0,1200.0,20.0,12.0,20.0,bed_bath_table
2a33c8929309d51853186bd18ff3e3f2,1.0,4300.0,34.0,12.0,43.0,bed_bath_table
e91b0c7b4d9cd642c111a68c8a337ebc,1.0,1850.0,35.0,15.0,25.0,bed_bath_table
447934cd014b033280977350b730d892,1.0,3100.0,60.0,16.0,16.0,bed_bath_table
be1d0cae4c4acf0350ad1295fe5a3299,1.0,350.0,16.0,10.0,16.0,bed_bath_table
607533a152a7db3664c7bd5b24fa0e36,1.0,613.0,37.0,20.0,38.0,bed_bath_table
3706bfca98c324436c9037eb9b35f594,1.0,200.0,26.0,6.0,19.0,bed_bath_table
9bc39c44d241610638729a32026eb37a,1.0,6300.0,58.0,20.0,46.0,bed_bath_table
a7363ecea2a94dac7cd78479fb39b0cd,1.0,2400.0,20.0,30.0,30.0,bed_bath_table
bec7585cabd7834bae06fc5bd3475cc9,3.0,2150.0,50.0,10.0,40.0,bed_bath_table
bc805087d4afe16910733e594081ac29,3.0,17450.0,50.0,50.0,65.0,bed_bath_table
dc6185221ef0ba24510b48e0612fd51f,1.0,6700.0,30.0,20.0,20.0,bed_bath_table
3bfd31bd6ca35eba88eab292090ca291,1.0,21000.0,40.0,20.0,36.0,bed_bath_table
c816e7f68945b875d70f82b82f7b0495,2.0,900.0,95.0,8.0,50.0,bed_bath_table
71e54303c8b80673889bfc98bc5ecb0e,1.0,2700.0,42.0,16.0,36.0,bed_bath_table
001b237c0e9bb435f2e54071129237e9,1.0,6000.0,40.0,4.0,30.0,bed_bath_table
a7961e6620228e0f227361f0668e37ba,1.0,200.0,20.0,12.0,20.0,bed_bath_table
ba3f298a122a95c4928e8b8628e8520e,1.0,2200.0,30.0,20.0,25.0,bed_bath_table
74824accb4f777403366c8e6b4e32d9b,1.0,1000.0,50.0,12.0,12.0,bed_bath_table
736b01e650e996639d732e4aa356da84,1.0,300.0,16.0,10.0,16.0,bed_bath_table
cd82271424be9568801391194697361c,1.0,400.0,19.0,13.0,15.0,bed_bath_table
509869967faff93ff8a7a229abed8641,1.0,950.0,16.0,10.0,16.0,bed_bath_table
5f6d8e9b4925b2a5cb271f55aea07896,1.0,2050.0,39.0,11.0,35.0,bed_bath_table
f32bca3145053bbfb83b7f3d464691ca,1.0,1225.0,19.0,17.0,22.0,bed_bath_table
ed61f9d2b8837c3aeebb563b7305ef78,1.0,3500.0,40.0,12.0,40.0,bed_bath_table
9d6c66334a27b9dcf34b71cd371638de,1.0,4850.0,20.0,30.0,30.0,bed_bath_table
5f728acb77ac6cfbe96f6c64d2bd4694,1.0,2350.0,36.0,16.0,36.0,bed_bath_table
48a12f318432c4b6a1fdfd5d79372e66,1.0,1200.0,33.0,8.0,23.0,bed_bath_table
fd45ce2fbdcaa362dfb5d1a21e87a711,1.0,500.0,16.0,10.0,16.0,bed_bath_table
1aa5ffb5e73a8635a5d4619a96d012fe,2.0,2400.0,70.0,10.0,60.0,bed_bath_table
4a0103d2363d388d3b209cea1773c254,1.0,200.0,20.0,12.0,20.0,bed_bath_table
33ec1056063990a554e2e2cd85219de5,2.0,400.0,57.0,4.0,28.0,bed_bath_table
aa21b6a3f4c75c7a9ae8d9ba32796914,1.0,2250.0,42.0,16.0,36.0,bed_bath_table
1bef08f119466a85a83919d5b80facd3,1.0,250.0,40.0,4.0,30.0,bed_bath_table
9d8fa7002a036708c4cf8730214ad1b5,1.0,450.0,40.0,5.0,25.0,bed_bath_table
12b81d15ffa819dd535e30cb2d00172f,1.0,500.0,30.0,10.0,30.0,bed_bath_table
c53136cc2d9c25f291925712487f22eb,1.0,1600.0,49.0,7.0,40.0,bed_bath_table
5c59756861f289b773f83871924200eb,1.0,3100.0,20.0,30.0,30.0,bed_bath_table
3bbfc7ab9b28d67dee1c87ab14c2ec07,1.0,1600.0,35.0,8.0,29.0,bed_bath_table
64dbc216907de33e11d8b5e501667623,1.0,600.0,16.0,10.0,16.0,bed_bath_table
e05daac6288336fe9e903937aed44199,2.0,500.0,30.0,10.0,30.0,bed_bath_table
7d9f42ecf65ca91f7e28483c5008dc4b,1.0,1600.0,34.0,7.0,32.0,bed_bath_table
c38d96175ed7d2d5c3391317b77f8eb0,1.0,850.0,16.0,10.0,16.0,bed_bath_table
46f5ded2b6575266fc1458155a3f1fad,2.0,1150.0,40.0,9.0,50.0,bed_bath_table
dde1e366db6c0e996f4e1d92122b431c,1.0,950.0,36.0,14.0,26.0,bed_bath_table
7ac5f520abfc0589418bc7c76cea7a7c,2.0,1550.0,30.0,10.0,30.0,bed_bath_table
8ce450d8a20c20e17ba1536a19f60d39,1.0,3400.0,20.0,30.0,30.0,bed_bath_table
314fa2ee03eff6af10bc8f7ff0c4dc9f,1.0,1100.0,45.0,25.0,35.0,bed_bath_table
35675af4fd3065f5e56b6d609ae385f5,2.0,900.0,50.0,16.0,16.0,bed_bath_table
18ed3f872eef3229cb62008dc963ae78,1.0,850.0,35.0,15.0,25.0,bed_bath_table
300666e2638b1c8f5528bd23a6e9dea3,2.0,1250.0,48.0,10.0,12.0,bed_bath_table
db61ac5970110fba38fe6caf8844dbf5,5.0,650.0,26.0,5.0,25.0,bed_bath_table
cfb79bfbdaf59cfe2e9ae0a071451f32,1.0,550.0,30.0,3.0,19.0,bed_bath_table
96b2b30b853845064514e83f4d5a387b,1.0,800.0,40.0,7.0,30.0,bed_bath_table
ae23e5838bdd9b5fa518342c066b8290,1.0,1325.0,19.0,17.0,23.0,bed_bath_table
2b4662eb979b4254e70b334e76ba0470,1.0,6700.0,30.0,30.0,30.0,bed_bath_table
985fb72c3a110e7e966f5b7677dc1322,1.0,625.0,30.0,4.0,22.0,bed_bath_table
2f20a2013902657c0800ddf524514e4e,1.0,1450.0,20.0,30.0,26.0,bed_bath_table
e379ed3f57a2c6e994258ffda975ce15,1.0,2600.0,33.0,7.0,39.0,bed_bath_table
d79269e0532dd1d04403600e14565046,1.0,10150.0,50.0,30.0,30.0,bed_bath_table
45c16b5961d3c6b54f202121673a2c44,1.0,2600.0,42.0,16.0,36.0,bed_bath_table
9298a9128d39e1ff0dc62e143e8bd328,2.0,1300.0,47.0,21.0,41.0,bed_bath_table
ab5471c55ab7dcdfbf32ed5f4edbd592,2.0,2450.0,35.0,10.0,20.0,bed_bath_table
9ecfbbfd26a92d596e5f4f7dfead98e3,1.0,2550.0,40.0,10.0,30.0,bed_bath_table
de68fdc66141ead95fd569f01245e523,1.0,18800.0,50.0,30.0,40.0,bed_bath_table
c689470c5a069795896edc7b896d9251,1.0,1300.0,43.0,5.0,30.0,bed_bath_table
c55fe8cbb36a1353e443dc9e773b80da,1.0,250.0,28.0,4.0,16.0,bed_bath_table
fdbd77fe1773263558126c16e0b4b67c,2.0,1500.0,30.0,10.0,30.0,bed_bath_table
0c002598a0876501a172ffcea9496008,4.0,9150.0,50.0,30.0,40.0,bed_bath_table
2511e504fd7794c668a8521aabe3713d,1.0,2650.0,33.0,7.0,39.0,bed_bath_table
4d4ae73d24cd635b5ca58cf89d988cc9,1.0,250.0,16.0,10.0,16.0,bed_bath_table
6522b16614da30655a6a5ce4c8f2fb8b,1.0,550.0,18.0,10.0,18.0,bed_bath_table
b2ca2c6a893354e1429f316eb07cfcff,3.0,650.0,51.0,11.0,12.0,bed_bath_table
25fed921a4e724b34b87435bac8cb845,1.0,500.0,25.0,2.0,20.0,bed_bath_table
1d4de03a6141ce2a2ae5a97f51cabb37,1.0,4050.0,40.0,15.0,23.0,bed_bath_table
042426e17752f5d722a5b80940edc915,1.0,2400.0,40.0,6.0,30.0,bed_bath_table
4f56687034ae954bc6d4e464041b22e1,1.0,2150.0,34.0,8.0,32.0,bed_bath_table
681d59c14b2515dcc09149055ba5b0c8,1.0,500.0,25.0,37.0,36.0,bed_bath_table
0becf258ac9a4ab1b6b3da6f0ad205fd,1.0,2000.0,16.0,10.0,16.0,bed_bath_table
bce004834359cc123bae0e39e86175d5,1.0,1100.0,28.0,10.0,20.0,bed_bath_table
404a57563d487aecbc2b1a01d9b89aab,1.0,3500.0,45.0,15.0,35.0,bed_bath_table
9f6b6b828b980352cbd59ff7a03a7277,1.0,675.0,35.0,20.0,35.0,bed_bath_table
887ce53cffeba9788502f60e33f1fcf3,2.0,750.0,35.0,8.0,30.0,bed_bath_table
7c7ba34fc22db0ff31a7d075991eeade,1.0,950.0,35.0,7.0,24.0,bed_bath_table
24c738bedb5c15ea352ad1a278f95327,1.0,1350.0,19.0,17.0,23.0,bed_bath_table
fd0cabf47b122be0cbaaac86fc34b4a8,1.0,1200.0,60.0,20.0,60.0,bed_bath_table
cd38d11012543d1a98cc357a3bbbb1cb,1.0,1900.0,25.0,25.0,25.0,bed_bath_table
1b73aaabcddf5be28fba09916e1ed907,1.0,500.0,20.0,2.0,15.0,bed_bath_table
491cc3d85596f60cdc9fac9d202c9fb8,2.0,900.0,50.0,7.0,38.0,bed_bath_table
c41eca01a8bceb6c987b2a935a5ad1cb,1.0,1550.0,40.0,20.0,20.0,bed_bath_table
73caf722f1a3ff0dddd0b0aa162da0f9,1.0,1164.0,41.0,18.0,37.0,bed_bath_table
9cb3c4a5a0a1c8536b2651af5f73e403,1.0,700.0,20.0,2.0,15.0,bed_bath_table
d25bbb182b51d1594fe3b54a27ae143e,1.0,1900.0,58.0,15.0,46.0,bed_bath_table
da596542f9179c1021970d21d9b53b76,1.0,750.0,36.0,4.0,29.0,bed_bath_table
cb8cd725d42cb2362a6069f76e50aac6,1.0,6600.0,55.0,25.0,35.0,bed_bath_table
65e1b99d6a0daa104350e07aa3693ef1,1.0,1500.0,30.0,15.0,20.0,bed_bath_table
5bc5b37461d0d4ee9b6e9507b01fc1d7,4.0,250.0,16.0,22.0,11.0,bed_bath_table
2c42bf0cba650bd08bfeac2412b06ef6,1.0,800.0,40.0,7.0,34.0,bed_bath_table
eac9f4e3a6148ef63f16aaec0cd9731f,1.0,700.0,16.0,22.0,20.0,bed_bath_table
b216627ec2c376d682722970832aa2c1,1.0,700.0,16.0,10.0,16.0,bed_bath_table
550299c725cac9511da2b6f40543270c,1.0,200.0,21.0,10.0,14.0,bed_bath_table
3ec2984cb2de1675a0306bfc60dbe5a5,1.0,1860.0,39.0,12.0,33.0,bed_bath_table
5174f9e08f01fe6b72a7eca26d562a05,1.0,2250.0,25.0,25.0,25.0,bed_bath_table
3a12fe499b9342f78cb827ee18393e7f,1.0,1050.0,25.0,10.0,25.0,bed_bath_table
4f469a5f807d396370c43aa7d536a2a8,1.0,550.0,40.0,5.0,30.0,bed_bath_table
621dce691c2ff3f99e21c21057ddc0ba,2.0,950.0,50.0,16.0,16.0,bed_bath_table
5947c33d0250e65638336c25f5a8ab48,1.0,26600.0,45.0,15.0,35.0,bed_bath_table
0f7720c31413b5c7790e3f301342464d,1.0,1125.0,30.0,15.0,31.0,bed_bath_table
f744418ea0467967ce11d829d1f9419a,1.0,1300.0,45.0,15.0,35.0,bed_bath_table
3976b9f62045be05e8bbd11c4fc19360,1.0,6100.0,36.0,15.0,45.0,bed_bath_table
54f4b6d719759dc811ee18cc95104ed2,1.0,3000.0,45.0,15.0,35.0,bed_bath_table
6e62e31b1ec621d6182feb6b39c4194c,5.0,800.0,20.0,20.0,20.0,bed_bath_table
20dba3cc0c6689b10b0a422ae43f45b7,1.0,7725.0,52.0,26.0,47.0,bed_bath_table
8782f61059db25b333638e5ed8cc9e65,1.0,2250.0,35.0,10.0,35.0,bed_bath_table
015e652da4f31f2f7a051a6de66094c0,3.0,700.0,22.0,13.0,16.0,bed_bath_table
4660b448a9e1499945013a9fb3f11ec4,2.0,700.0,50.0,5.0,50.0,bed_bath_table
1486ffdf6241755c77f5345b01232361,1.0,1600.0,40.0,4.0,28.0,bed_bath_table
a25fb4516757403b129bcfe366dddb9b,3.0,6050.0,60.0,10.0,60.0,bed_bath_table
0b575b7f0277a4fa1e89af27590b438d,1.0,850.0,35.0,20.0,35.0,bed_bath_table
340ba571a6250a5346180e4fc4f1c7e6,1.0,1650.0,40.0,6.0,30.0,bed_bath_table
cee96128d25ffe3429e69452233838dd,1.0,266.0,28.0,5.0,16.0,bed_bath_table
116a75888dbca93a1c26c5d5c949b175,3.0,800.0,22.0,13.0,16.0,bed_bath_table
5babb170cd172ec25690087d7018f26c,1.0,1275.0,19.0,17.0,23.0,bed_bath_table
e66b4ebb16777b24037fe7eda706add9,1.0,1500.0,46.0,9.0,37.0,bed_bath_table
578075103bbe96f4ed89f77852b81b98,1.0,1000.0,16.0,10.0,16.0,bed_bath_table
233316af7adf040484dbeccfecad6042,1.0,1250.0,33.0,9.0,38.0,bed_bath_table
7f44ab248492a301a87d8966739d8796,2.0,500.0,70.0,8.0,45.0,bed_bath_table
bfc121a2f5d97868f3a02ae6c5b5f5a2,1.0,1850.0,47.0,7.0,35.0,bed_bath_table
bed99325df634e823ffb18a9e84fdb2d,3.0,1900.0,50.0,17.0,31.0,bed_bath_table
611a736015e65141abd844f0f37c84af,1.0,450.0,16.0,10.0,16.0,bed_bath_table
1a06cc924ba852bef5a19bb5aefa4d6c,1.0,4700.0,45.0,18.0,35.0,bed_bath_table
9ab93790313438fe487cb321d7248b13,1.0,5350.0,40.0,16.0,50.0,bed_bath_table
f23d24b737a58861ed576d2128c439e4,1.0,1800.0,16.0,50.0,40.0,bed_bath_table
2c118aabf0b8b0f52167c7741512d699,2.0,1100.0,95.0,8.0,50.0,bed_bath_table
820dd5eac7a0890ebab9d0866afe62b0,8.0,800.0,30.0,14.0,16.0,bed_bath_table
14ae64f095e11f8010d2381ba2845cff,2.0,800.0,95.0,8.0,50.0,bed_bath_table
b7900dadb2e17d3f270cd487b7df185d,1.0,800.0,25.0,5.0,25.0,bed_bath_table
c007861a802946f6b56220f281da6d38,1.0,3600.0,48.0,13.0,40.0,bed_bath_table
1d417ca09479182e9fdf13a1c77c309f,1.0,1300.0,20.0,30.0,30.0,bed_bath_table
350688d9dc1e75ff97be326363655e01,1.0,600.0,30.0,3.0,19.0,bed_bath_table
a94bae2ca6c0f6530af830bda6dae563,1.0,900.0,45.0,15.0,35.0,bed_bath_table
7c78931da71b756d23d98d0e53e01fb0,1.0,1250.0,45.0,10.0,15.0,bed_bath_table
51555187e14ed8bb8addc25344848ef7,1.0,1325.0,19.0,17.0,23.0,bed_bath_table
3033b785da7b2b5dea9e41fb29b72109,1.0,1850.0,40.0,10.0,30.0,bed_bath_table
f3c5707e7c539ab6533e3611da02b648,1.0,2250.0,35.0,20.0,30.0,bed_bath_table
bd1aace4fad5609f005fd721b45dcec4,1.0,2150.0,34.0,8.0,32.0,bed_bath_table
0ea4159212776c6cc70d802d45145353,2.0,200.0,16.0,6.0,20.0,bed_bath_table
cc2634460dcfbfdd94dc43f5ac3f8963,2.0,600.0,50.0,8.0,40.0,bed_bath_table
f3c2725b2c9d0ebe936dd613b3984688,1.0,1250.0,20.0,20.0,20.0,bed_bath_table
3477030902c7c383db840003051d8115,1.0,20700.0,58.0,50.0,49.0,bed_bath_table
999a19b6168bea2f4575a3011e84a687,1.0,1500.0,37.0,9.0,30.0,bed_bath_table
0d98754cfefd5a306f6633725f3aed59,1.0,11150.0,45.0,18.0,38.0,bed_bath_table
dd44ecaddb22d00c140856b180f5d9b4,1.0,2400.0,20.0,30.0,30.0,bed_bath_table
ed093290e543139864511e4f41b9400a,1.0,300.0,16.0,22.0,11.0,bed_bath_table
82f57f97ebc983ae3eb96fe5bb9d9be6,2.0,500.0,16.0,16.0,16.0,bed_bath_table
d19e5d8dfe80f249d215c3e5f9a4b6d2,1.0,8550.0,50.0,20.0,45.0,bed_bath_table
f2e53dd1670f3c376518263b3f71424d,2.0,1975.0,41.0,13.0,31.0,bed_bath_table
f011deae0b381d8abd76d0ee747370fb,2.0,500.0,28.0,10.0,23.0,bed_bath_table
c36bbb0e95d7546794ee5170baf0df93,1.0,300.0,28.0,13.0,12.0,bed_bath_table
b184461ba53ea15b7fc5858a5fd7b518,2.0,567.0,45.0,4.0,35.0,bed_bath_table
536f5439f278dff98e415fce685cc77b,1.0,4940.0,65.0,18.0,55.0,bed_bath_table
50f45d42cdfecd33a2424a1c617d251f,1.0,450.0,16.0,20.0,30.0,bed_bath_table
bd69e6d599b9a3d9c298617c14e46f9f,1.0,700.0,45.0,15.0,30.0,bed_bath_table
d487d19bd9ea9420465fc556ce17ef4e,2.0,1300.0,50.0,5.0,50.0,bed_bath_table
23fa975ce8503131504051933f2643af,3.0,3200.0,37.0,10.0,40.0,bed_bath_table
04d752c2cda8f0972a8ab10ac9abdf12,2.0,900.0,50.0,5.0,50.0,bed_bath_table
a52c53c58fd2105adfe80a817dfa5a76,1.0,1750.0,40.0,6.0,30.0,bed_bath_table
ef69b63fe95d8d9ff6ac136f213db1bc,1.0,3600.0,35.0,35.0,35.0,bed_bath_table
8e910a5a78e3378d8c570c13e143d631,1.0,250.0,16.0,10.0,16.0,bed_bath_table
3581c0b0a9a0bcd1a49381b65b4cd7e6,1.0,2050.0,45.0,22.0,33.0,bed_bath_table
ccaa7b6a66901b63116131e619520822,3.0,3300.0,44.0,18.0,34.0,bed_bath_table
8e6dfa2ec54784c9cc3b54dbfc03cf28,1.0,750.0,16.0,16.0,16.0,bed_bath_table
0e8667de30891d1a7de8ab9ebae611d9,1.0,950.0,35.0,15.0,25.0,bed_bath_table
70d105fdaaef81ef28419e11afe0372c,1.0,1750.0,40.0,6.0,30.0,bed_bath_table
542d6af4881a5a647cde02c201f43916,1.0,550.0,16.0,10.0,16.0,bed_bath_table
40cb7bb3d30559b9b6c4fb62bc837962,2.0,350.0,47.0,4.0,35.0,bed_bath_table
313f8ed3413f949a1c0eb1cd6495ae5d,1.0,7150.0,40.0,20.0,40.0,bed_bath_table
9e56be75b16c105f33d3f033597080a2,2.0,900.0,50.0,11.0,11.0,bed_bath_table
fb7b0b000e62f37b2d53546b843201b8,1.0,2800.0,33.0,19.0,45.0,bed_bath_table
4793826002e5bd292a4f0057c11f670b,1.0,600.0,63.0,15.0,28.0,bed_bath_table
8812d73b9937b5bd3648ff9d11f9c3fb,1.0,1325.0,19.0,17.0,23.0,bed_bath_table
900c2341f3b48dcc07b37f6e9e080b9d,1.0,5050.0,57.0,18.0,51.0,bed_bath_table
64df949908a46fb485e56ba12c1ed052,1.0,1950.0,43.0,10.0,33.0,bed_bath_table
3dd519e4024a114cdf2825caa88c6091,1.0,1650.0,44.0,24.0,37.0,bed_bath_table
0f8fbb821185443113de3e04ef989be6,1.0,2600.0,45.0,17.0,35.0,bed_bath_table
0a72af236c73afbd2e2a52dfdb14c667,2.0,840.0,37.0,23.0,35.0,bed_bath_table
07a949f27854f64558f8babcfec441cc,1.0,2800.0,40.0,20.0,40.0,bed_bath_table
36cacc00d6c8a439a65077fd08294322,5.0,550.0,16.0,10.0,11.0,bed_bath_table
dee86721a08f1d5b57abb73f61eea265,1.0,750.0,34.0,18.0,44.0,bed_bath_table
a81fc5e66120ebdb295873f74a45c5b7,2.0,2350.0,33.0,8.0,33.0,bed_bath_table
1ca5c007b08c0c47cae4809750e4c6ad,2.0,400.0,50.0,11.0,11.0,bed_bath_table
c0d133f59b1b9482e5b66b398ea60a69,1.0,1900.0,34.0,8.0,32.0,bed_bath_table
1f5a00433bd192f9ecdbb987e7866c3e,1.0,1400.0,16.0,16.0,16.0,bed_bath_table
9de5773a55b6893af083cacd786cde9d,2.0,1600.0,43.0,8.0,33.0,bed_bath_table
d9d3c966af100aeb7047ac8b59a70d4c,1.0,1800.0,30.0,10.0,38.0,bed_bath_table
7aac56e58e89831fecb41998f93049ea,3.0,750.0,37.0,6.0,35.0,bed_bath_table
12cabe5229bf1f037e257f645f04caa4,1.0,3300.0,45.0,13.0,35.0,bed_bath_table
6506fe6d39dbfe5539082b749f6654c8,1.0,600.0,16.0,10.0,16.0,bed_bath_table
e1d6e56531bd9c3dfad4f905f81072c7,1.0,1400.0,46.0,2.0,36.0,bed_bath_table
66a296c4ca6e6b89a44c7d6ab252aacd,1.0,200.0,50.0,8.0,35.0,bed_bath_table
9f98cbe573253ebd8cc1c0f5f061451d,1.0,1422.0,42.0,10.0,36.0,bed_bath_table
66c88e3c982951328e1d8a0b32b7f60c,1.0,10050.0,50.0,30.0,40.0,bed_bath_table
eb048e296b8db6cd64b1bafd9500786c,1.0,250.0,16.0,10.0,16.0,bed_bath_table
33f41a54822aa8a1ecd90ee3e986a4ce,1.0,2600.0,45.0,15.0,41.0,bed_bath_table
5c4a7b17b6fa8383e978922772ababb7,5.0,600.0,16.0,10.0,11.0,bed_bath_table
49026f19cf3e18f394328d81cba27708,2.0,200.0,49.0,10.0,40.0,bed_bath_table
9ae12b29023f393609663f7e954400d7,1.0,300.0,33.0,5.0,23.0,bed_bath_table
b28c74943399164661bb5350e482ae98,1.0,1917.0,46.0,9.0,37.0,bed_bath_table
057041a5c3e1080ad700db092badca71,1.0,8950.0,40.0,25.0,48.0,bed_bath_table
ae7799f14ab78798325fba1c61aac7d3,2.0,1075.0,43.0,8.0,20.0,bed_bath_table
4d272fe20c57c64dc74b3db191fc31ef,1.0,350.0,40.0,4.0,30.0,bed_bath_table
252dc23ff7e1241d046a1c2c5041ffb5,2.0,1000.0,43.0,8.0,33.0,bed_bath_table
d496f7647d2eceba04455a3e682c59a6,1.0,2050.0,30.0,5.0,30.0,bed_bath_table
4e4533c3f5832b58737e5a6229fe39f5,1.0,1000.0,16.0,10.0,16.0,bed_bath_table
0e6596a7fa2e81995e1ddaddc650cbee,1.0,1640.0,21.0,10.0,29.0,bed_bath_table
32dfa38395ccd47d7b320470b0514fee,2.0,150.0,16.0,10.0,16.0,bed_bath_table
95f76a3205f55d54b001e730486c6737,1.0,17800.0,58.0,40.0,50.0,bed_bath_table
bb02c40ca38878b8986798de4842d134,6.0,975.0,28.0,17.0,29.0,bed_bath_table
7d8f983b213d00e33e83aeabe1ecea40,2.0,8800.0,50.0,25.0,25.0,bed_bath_table
ecb16469f307330a111729808a16db55,1.0,700.0,35.0,8.0,30.0,bed_bath_table
e1559fbf98a69c9a54d3df4c359aa164,1.0,650.0,30.0,3.0,19.0,bed_bath_table
baff65b3343271414a092f28893eeb70,2.0,467.0,45.0,4.0,35.0,bed_bath_table
c36982ca95045ed1f077134eac1e94f2,1.0,7175.0,50.0,18.0,28.0,bed_bath_table
2d1e6a6907dcf4b2299622df6cc03c84,2.0,1600.0,30.0,10.0,20.0,bed_bath_table
152d8bb1e16d0a4f567c7cece5e92b6a,1.0,2700.0,42.0,16.0,36.0,bed_bath_table
37c269354554b312f0c614582c19cf91,1.0,1100.0,39.0,17.0,33.0,bed_bath_table
dd4924bdb39ff70888cda30b57f46035,2.0,10950.0,51.0,23.0,51.0,bed_bath_table
f35013cb05a9538a4428fa6161b2c96b,1.0,1275.0,19.0,17.0,23.0,bed_bath_table
de35b12d754d29dc6d48ae30cfe1c23f,1.0,2200.0,43.0,8.0,36.0,bed_bath_table
abe171a94bee936786955f928bd764ab,1.0,1300.0,35.0,9.0,25.0,bed_bath_table
688ad0169550f8e2eb0307b61df3ba12,2.0,1050.0,35.0,10.0,45.0,bed_bath_table
a4fa3b8fa5953b0bd18bf4e0b4de499d,1.0,1350.0,46.0,2.0,36.0,bed_bath_table
ca230e32eccabf9d497e3776f6801f5f,1.0,3250.0,29.0,7.0,36.0,bed_bath_table
38f894aa22356ddb9e98478fbc016083,1.0,600.0,16.0,10.0,16.0,bed_bath_table
5626de2494437b1b23f9f6ecebc25faa,1.0,1250.0,35.0,20.0,30.0,bed_bath_table
4b6c44983d57ae2a934d661aca96d267,1.0,1150.0,38.0,10.0,38.0,bed_bath_table
01ef0716b68c8493434ad32430c24e18,2.0,1250.0,16.0,10.0,16.0,bed_bath_table
5c973b4202aac5c372a483e712306f4f,2.0,350.0,25.0,9.0,19.0,bed_bath_table
d348ac5af6bfd272f42c47f26e56a425,1.0,1100.0,45.0,11.0,11.0,bed_bath_table
97282eb8f31c2cd056e836a69923bab0,2.0,3200.0,50.0,10.0,40.0,bed_bath_table
d6c90261eb664ba97949a548e55d6c34,1.0,4100.0,40.0,12.0,38.0,bed_bath_table
f7d7b5c58704fb359a74580622800051,1.0,950.0,45.0,15.0,35.0,bed_bath_table
8815734317fa2693bcce3db610158d92,1.0,1400.0,20.0,20.0,20.0,bed_bath_table
54d9260785f11c05ad373ce8465212da,1.0,750.0,20.0,10.0,15.0,bed_bath_table
9a6ff23254c73d6c6e1f630d220fec9f,2.0,1850.0,50.0,10.0,40.0,bed_bath_table
724bdb3b1f6738521676856d7577e451,1.0,500.0,16.0,10.0,16.0,bed_bath_table
060965aa6dfa817b80abda0c9413cc77,5.0,22250.0,85.0,23.0,68.0,bed_bath_table
3ab181ea2f9cc4be74bad27ef8a03492,1.0,3650.0,40.0,10.0,30.0,bed_bath_table
39d5577b413907bf3a1d2f9ab9510863,1.0,1500.0,40.0,5.0,30.0,bed_bath_table
b935c4a30d29406e3633e74b9b887307,1.0,2200.0,38.0,7.0,31.0,bed_bath_table
36e3be906f26fd10ba0470f646f66c91,1.0,1700.0,30.0,23.0,11.0,bed_bath_table
811f973313e8219988a69cc140c447f0,1.0,13350.0,20.0,20.0,20.0,bed_bath_table
0b3f89ace3b97bec2e2d981cfd2537b3,1.0,1150.0,40.0,5.0,30.0,bed_bath_table
4d0ec1e9b95fb62f9a1fbe21808bf3b1,1.0,1550.0,30.0,5.0,30.0,bed_bath_table
966746deb2173a72d95ca8b80223f014,1.0,750.0,16.0,10.0,16.0,bed_bath_table
868b3136c5b206f91b8208fbfdf2cb7c,2.0,800.0,45.0,10.0,34.0,bed_bath_table
aa2f69939ecb8795adbd9d1fddb05728,1.0,700.0,30.0,3.0,26.0,bed_bath_table
ac1fcaf7402bfbf019afdcce1a784ad4,2.0,450.0,45.0,11.0,11.0,bed_bath_table
2d915801b31f1140810a5bfe56f40276,1.0,1650.0,45.0,15.0,35.0,bed_bath_table
0164201c7c8b81dc5779e015e2d7be59,1.0,600.0,32.0,5.0,30.0,bed_bath_table
96e04f182dfc420d17e333f362b56ab2,1.0,1600.0,54.0,9.0,42.0,bed_bath_table
8cd0af4160df609b19513a93e40899a6,1.0,1925.0,38.0,13.0,20.0,bed_bath_table
f9eb0aeafb5aa02dd5889376063550b9,2.0,400.0,50.0,11.0,11.0,bed_bath_table
5486b0f9faa264ae6cbbd2bf230bbb00,1.0,1250.0,35.0,20.0,30.0,bed_bath_table
96f608a5fe010cb34dc25baee3274444,2.0,500.0,50.0,11.0,11.0,bed_bath_table
de5bf668dfa4391ee96a5fd5c9fa4f06,2.0,2700.0,40.0,10.0,34.0,bed_bath_table
4f27f86d1573b8b74b0928ca649abeac,1.0,3100.0,47.0,21.0,41.0,bed_bath_table
dc23131445c27852a44f8ad0d94b3d0f,1.0,3600.0,38.0,20.0,25.0,bed_bath_table
34f43f2313b41bbb5cd668a24d2f33e3,1.0,800.0,60.0,16.0,43.0,bed_bath_table
d689618825d1a2151d263f5969380e0f,1.0,250.0,16.0,12.0,11.0,bed_bath_table
9d9352588abf60036a50fd28e3bec382,1.0,3300.0,20.0,30.0,30.0,bed_bath_table
7b564d6b4c926ddf0a111006209e1088,1.0,1300.0,40.0,8.0,35.0,bed_bath_table
c49c7c01a63850cb995c304b97c11bcd,1.0,14300.0,70.0,30.0,60.0,bed_bath_table
24decea9d84c24b8c6c53a2df90066e9,2.0,550.0,50.0,11.0,11.0,bed_bath_table
6464a70bdd9b0f0dd41a7ceee51c9c7e,1.0,1700.0,35.0,9.0,36.0,bed_bath_table
9c3eb520c98b5461454930ccc3c5be7b,2.0,2710.0,44.0,38.0,40.0,bed_bath_table
ad2b6bedd7908a039ae14d7758805299,1.0,4325.0,49.0,23.0,38.0,bed_bath_table
976f5de0b6a1c79fedf4e1f713251efa,1.0,2374.0,42.0,11.0,36.0,bed_bath_table
afc3541eb2b7d457d08b0b8f4526b350,1.0,2225.0,43.0,10.0,33.0,bed_bath_table
e40cc7dc28dcdb3c15e8d03141f7b336,1.0,3750.0,48.0,13.0,40.0,bed_bath_table
f28b94930035f99d65318418b424750c,1.0,7200.0,60.0,5.0,40.0,bed_bath_table
607ef4aa416b93fdeb2a811c2c73ad81,1.0,1650.0,46.0,3.0,34.0,bed_bath_table
053c1c7045cfb67d04d8c5a8dc9fc054,1.0,1650.0,31.0,9.0,31.0,bed_bath_table
e4c7ed7a832858c17d60ad5e38b00aba,1.0,750.0,40.0,4.0,30.0,bed_bath_table
45a19bf9dddef525a5881b62c01f164c,1.0,1500.0,34.0,12.0,40.0,bed_bath_table
8a2c3b7ed6d098de813279ade9a1d0de,1.0,15300.0,40.0,25.0,37.0,bed_bath_table
bee84ad17517656f609763f0b124c7e6,1.0,3250.0,30.0,20.0,70.0,bed_bath_table
bd5b04e67f3659248acfb0c61c08a9c1,1.0,2750.0,42.0,11.0,36.0,bed_bath_table
09e40d66cfc38cddf812d8a495376722,3.0,500.0,24.0,10.0,27.0,bed_bath_table
677c80cd5ba8c0099fac5606e53648ae,1.0,3900.0,50.0,10.0,30.0,bed_bath_table
9e4cc01dcef75a47d9cd6c816d874cca,1.0,3675.0,46.0,12.0,43.0,bed_bath_table
439d0c278b77ddc4b1488de210c8df35,2.0,1950.0,50.0,10.0,40.0,bed_bath_table
46014d47c7acdbd7ab5850d95ec85106,2.0,1200.0,47.0,7.0,45.0,bed_bath_table
a2ee607f03a8f581d1625b68fbaa6166,1.0,550.0,16.0,10.0,16.0,bed_bath_table
746cc974fbb29d7d1bb638e588b7c8d8,2.0,1100.0,50.0,12.0,12.0,bed_bath_table
14d9afd912784344d5bb9a12b23478d2,1.0,4825.0,48.0,25.0,40.0,bed_bath_table
aa50ff149386fb0469e22f41b39652a6,1.0,7325.0,25.0,63.0,63.0,bed_bath_table
ca815d1a82897d9d4503e2e367931d03,1.0,2100.0,45.0,20.0,25.0,bed_bath_table
625522e2041f5759bc483af612e22718,1.0,1450.0,35.0,19.0,45.0,bed_bath_table
568ba441f7f464dc73d23a91cf8ca671,1.0,2200.0,40.0,15.0,27.0,bed_bath_table
c9058c144a2fef1c5b35f319457f6083,2.0,1600.0,48.0,6.0,39.0,bed_bath_table
9da6fbcdb4cc9d08de3c70331ea19a5f,1.0,1700.0,48.0,8.0,39.0,bed_bath_table
75b1325940492d3513fd4f50897b1bf9,2.0,433.0,45.0,4.0,35.0,bed_bath_table
652b18ad9473f05a20e25e9b7c6107ef,1.0,850.0,25.0,5.0,25.0,bed_bath_table
525cb8d7fb28b9615a1cf6dd55074865,1.0,450.0,16.0,10.0,16.0,bed_bath_table
956cf733a4632646a751590fbac2efaf,1.0,650.0,16.0,10.0,16.0,bed_bath_table
f77dd338d9f75229a09cbb9a18fd0c9a,5.0,400.0,20.0,20.0,20.0,bed_bath_table
5d20d66851c990b39754f6fe9b1376f4,1.0,550.0,30.0,3.0,19.0,bed_bath_table
fc0c0ec18acc7de4c5d1eb3d4c274e72,1.0,426.0,31.0,13.0,23.0,bed_bath_table
1935200f62df6baaeef37dca2f2a6435,1.0,2400.0,47.0,21.0,41.0,bed_bath_table
5cbecf1b44b9abf491a61aadf2809f1a,1.0,700.0,40.0,4.0,30.0,bed_bath_table
2fc7741cb6ea76e7164f448adc44652d,1.0,700.0,26.0,7.0,26.0,bed_bath_table
c7f94c1833b036167fcebd72310a4e5d,3.0,3200.0,37.0,10.0,40.0,bed_bath_table
74cee16411adfa1d4d9a343d75aa6177,1.0,850.0,25.0,5.0,25.0,bed_bath_table
b1851a67aab3aafb8c62f81b64d31278,1.0,8700.0,33.0,44.0,33.0,bed_bath_table
7c4bc321009f51cefbb3877de6b98bae,1.0,3600.0,41.0,8.0,36.0,bed_bath_table
b0c89945c034268074f5f80b362bda34,1.0,550.0,16.0,10.0,16.0,bed_bath_table
8dfb03487cbe37c4d46e3e372a7df1b7,2.0,18050.0,85.0,23.0,55.0,bed_bath_table
292fb25ba428fb067c8b7cf3f70b58be,1.0,2200.0,29.0,8.0,38.0,bed_bath_table
c686d4fd1e845efd1b98db8220f0af3b,1.0,3050.0,48.0,16.0,38.0,bed_bath_table
5f896a5d3a7944fc986b28d1ecfe25e6,1.0,1000.0,39.0,8.0,33.0,bed_bath_table
e8f487b9cb03fdb7daf2505822570853,1.0,875.0,20.0,22.0,27.0,bed_bath_table
f4d18451e6c35980e6898e36dfd6fb55,1.0,900.0,45.0,15.0,35.0,bed_bath_table
0603179793e4bf68b9dbdb4ba238a3b7,1.0,1150.0,43.0,7.0,30.0,bed_bath_table
4ee931ba1980085a969d498d63e69f72,1.0,650.0,31.0,13.0,20.0,bed_bath_table
00be617b58175bf207fd35910d5097a4,1.0,900.0,45.0,15.0,35.0,bed_bath_table
afdb083178822a8d5ead45e3e69c9ebf,2.0,650.0,35.0,12.0,35.0,bed_bath_table
9116d72465bec45e9931216018aa5b2d,4.0,1150.0,40.0,5.0,30.0,bed_bath_table
a52ed2fb26d435066d6613134afcb439,1.0,220.0,32.0,4.0,23.0,bed_bath_table
01e25be2c25019945382e057a8292e72,1.0,1575.0,41.0,6.0,31.0,bed_bath_table
6b7c7bc412636b6e82fbb11eb157df21,1.0,1300.0,40.0,35.0,40.0,bed_bath_table
9373cd8d23754193eb73e734128d55bf,2.0,850.0,55.0,7.0,34.0,bed_bath_table
98b22c1129886cbd7fcae69d1c93e442,1.0,1350.0,44.0,2.0,35.0,bed_bath_table
bc79c7b682c43251149b8546f189e646,2.0,300.0,50.0,8.0,34.0,bed_bath_table
5a1a5bb0e9e3dbd18e6d8d3c326d3fed,1.0,850.0,38.0,10.0,38.0,bed_bath_table
32edb2bfa4cfffed1e335945b86bc872,1.0,5350.0,16.0,50.0,40.0,bed_bath_table
09c083c98ccb0062e23ddfa6f70adf13,1.0,600.0,30.0,12.0,23.0,bed_bath_table
1269d60fc5efbcf03e7eea49213091c6,1.0,200.0,16.0,12.0,11.0,bed_bath_table
fde0eff565370716f3400d2bdf4e148a,2.0,6350.0,95.0,8.0,50.0,bed_bath_table
230aa1590e1e7bc88252d8f1649109c2,1.0,1175.0,28.0,8.0,28.0,bed_bath_table
5a4ff3aa2e6d215d457a8d706fbf2272,1.0,1325.0,19.0,17.0,23.0,bed_bath_table
2ca577417c24f9ac43a02a55de095d32,1.0,450.0,28.0,10.0,26.0,bed_bath_table
4dfbe01419f983d397ed0439f090541d,1.0,2350.0,20.0,30.0,30.0,bed_bath_table
00905d58c87afcbce21420b3712cacaa,1.0,3875.0,46.0,12.0,43.0,bed_bath_table
e79cd83f9050b980118e3e3a5930b577,1.0,2100.0,40.0,10.0,30.0,bed_bath_table
835fdb74fa8c0da45cd0879b1307fcd0,1.0,1100.0,35.0,25.0,30.0,bed_bath_table
45f4784fe1b64e1e5a1b9dade6a83e88,1.0,2250.0,36.0,16.0,36.0,bed_bath_table
e2e426d1332240070b0a836a854d057b,2.0,1100.0,50.0,12.0,12.0,bed_bath_table
202d6bc7af7609f371b94e032925d314,1.0,550.0,16.0,10.0,16.0,bed_bath_table
41da75141264c3bde21ecea85a4cb8b7,3.0,8800.0,33.0,12.0,33.0,bed_bath_table
fb829a6572df5239767c1ccde5c6916c,2.0,1350.0,50.0,11.0,11.0,bed_bath_table
b64ed807e9a505b54796b0937146d0bc,1.0,1900.0,49.0,7.0,40.0,bed_bath_table
e869c12a2f4763dbfc1a8398d20a1213,1.0,300.0,33.0,5.0,23.0,bed_bath_table
78e289a7c7224015c83ae9b7dd4d29c9,1.0,2300.0,20.0,30.0,30.0,bed_bath_table
659ad89a496494282d5dc1af1428c582,2.0,950.0,50.0,16.0,16.0,bed_bath_table
3b40b07af370eaeb124725c4c70ed73a,2.0,833.0,48.0,7.0,40.0,bed_bath_table
ef703385b2707af7f9af3e185679811c,1.0,1000.0,42.0,8.0,36.0,bed_bath_table
96b0a882d11b17ce51238420ec63e3a1,4.0,2150.0,50.0,10.0,40.0,bed_bath_table
3ecdca110c08b28987d694dc625bea20,1.0,1600.0,40.0,7.0,34.0,bed_bath_table
5264cb4a58b418d789758d2f82913ca2,2.0,450.0,35.0,3.0,28.0,bed_bath_table
ec7dad92a5f70cbc21297b16d7a2be96,3.0,1400.0,35.0,20.0,48.0,bed_bath_table
283dc451ad3918badb976d56ff887289,1.0,1650.0,44.0,2.0,35.0,bed_bath_table
86304b9e4529f2686bc91f37c6392801,2.0,3700.0,50.0,10.0,40.0,bed_bath_table
337a76815f8f765a51535e787101c8fa,4.0,1956.0,45.0,18.0,35.0,bed_bath_table
53a0052cf484bbda6ee2de455d79ce9f,1.0,450.0,45.0,15.0,35.0,bed_bath_table
70c88258b8fd97e776fb7f57022427bc,2.0,3200.0,47.0,21.0,41.0,bed_bath_table
b463e740932577be6bedc720f216e79c,1.0,1000.0,16.0,16.0,16.0,bed_bath_table
737d944446ee3b1e8c234bc57ecf7ca8,1.0,2900.0,47.0,13.0,35.0,bed_bath_table
1558f7b0a51472d4c2af9153a2255beb,3.0,3150.0,60.0,10.0,60.0,bed_bath_table
153409f359e71cf10b3935f68a69875d,1.0,850.0,48.0,13.0,37.0,bed_bath_table
bd160228a5f454ada5a6b0354c96a0d2,1.0,4500.0,45.0,15.0,35.0,bed_bath_table
bbc9e653c2f5794542ac3867ab5ab757,1.0,570.0,30.0,4.0,26.0,bed_bath_table
ebc76392dcafcf451f626382c71680cf,1.0,3250.0,33.0,8.0,40.0,bed_bath_table
e9a19740a95180e871a7fd864bf65dd7,1.0,1175.0,29.0,19.0,26.0,bed_bath_table
fa243e761ae871597627e917611eeb23,1.0,1800.0,40.0,10.0,30.0,bed_bath_table
328de56b9fe359835173118dee79a12a,1.0,600.0,16.0,10.0,16.0,bed_bath_table
c24e49a2c52e4cd8067f8753b955e407,3.0,750.0,22.0,13.0,17.0,bed_bath_table
1729a1b7ec6947d5c878e70e80172790,3.0,3300.0,34.0,10.0,41.0,bed_bath_table
fc8379cce9f27ea602b3c16f7eb121b3,1.0,473.0,18.0,17.0,21.0,bed_bath_table
acd9803fca3010f5ad0f3ebefb53e5e6,1.0,5000.0,40.0,15.0,23.0,bed_bath_table
1f6cbd49dcb5d56eb874bf9889f9fd72,1.0,3550.0,45.0,15.0,35.0,bed_bath_table
fcb6c42b17e6fe27366fe1fcc98b7032,1.0,1500.0,36.0,6.0,27.0,bed_bath_table
5bd6c3f52d2574ceaa8f55cbed201dab,1.0,500.0,16.0,40.0,30.0,bed_bath_table
cf583a690e5ac989acc4694f35093975,1.0,300.0,25.0,3.0,19.0,bed_bath_table
67fc455b96e0908bc5e0d917237b2977,1.0,250.0,16.0,15.0,15.0,bed_bath_table
c041f64d4b8255fa6c227d4b64a3838d,5.0,4350.0,23.0,50.0,23.0,bed_bath_table
4c0f00c6b8f193c1cb9459e6b97e0320,1.0,1625.0,34.0,24.0,24.0,bed_bath_table
2b0ee2d07306f7c9ac55a43166e9bb4b,1.0,1450.0,30.0,15.0,30.0,bed_bath_table
f71954485428cf87945953ea0a0a6229,1.0,7800.0,33.0,44.0,33.0,bed_bath_table
03bb06cda40712fb8473f7962fb7d198,1.0,2000.0,34.0,9.0,33.0,bed_bath_table
53f022fb540ac66bc0374331d2342a60,1.0,5775.0,56.0,34.0,46.0,bed_bath_table
fb783e3e545937820b57fe539b2c5a6c,1.0,1100.0,41.0,9.0,31.0,bed_bath_table
9d32095f76b97762307e86cfc18dd7a0,2.0,400.0,25.0,9.0,19.0,bed_bath_table
9cb1c8fe9936376b813bd401471faaf8,1.0,600.0,16.0,30.0,30.0,bed_bath_table
146fed9eb1d0f9db43dad0c7c96fc6e8,1.0,1400.0,35.0,10.0,35.0,bed_bath_table
444d53deb5d80250e5e44dd416f20298,3.0,2400.0,33.0,12.0,33.0,bed_bath_table
76cdcc9133ea25f1fac4b03ede26e062,1.0,250.0,34.0,12.0,22.0,bed_bath_table
d93d759b483dd2545be204be0fcdfb82,1.0,5200.0,20.0,30.0,30.0,bed_bath_table
0f8016710ce920034150241f0b8b5def,1.0,4400.0,42.0,16.0,36.0,bed_bath_table
fec565c4e3ad965c73fb1a21bb809257,1.0,1400.0,34.0,7.0,32.0,bed_bath_table
38907b29879ddc50f67e714102146e61,2.0,500.0,70.0,8.0,45.0,bed_bath_table
aa5a3fa92cb1221a38267376d25cfd8a,1.0,1150.0,41.0,13.0,13.0,bed_bath_table
2b374e497b3474d748a54c5883d37ee2,1.0,350.0,20.0,13.0,17.0,bed_bath_table
0896208dd8490b3dbb75344a92ab4106,1.0,1350.0,36.0,20.0,36.0,bed_bath_table
4e6b5c6e9884fdb15eccc9f5e83be842,1.0,2220.0,20.0,30.0,30.0,bed_bath_table
de41a36499155c8c19a9eff9e8f7d52f,1.0,300.0,28.0,13.0,12.0,bed_bath_table
5e23fad8767d85b3bd6f91821ea5b1b5,2.0,1650.0,35.0,20.0,30.0,bed_bath_table
98c2f7da94217786e372e7d85462c354,2.0,2700.0,30.0,11.0,20.0,bed_bath_table
2a0cbfbf0006e0d28dee8a5f20e1ebf2,1.0,17400.0,50.0,30.0,40.0,bed_bath_table
48fed1b321d23ca8ba0752b138e7fbe5,1.0,1275.0,39.0,14.0,29.0,bed_bath_table
8c881951778b843dd2567fe997812ded,1.0,804.0,34.0,5.0,33.0,bed_bath_table
db8ed3d08891d16a2438a67ab3acb740,1.0,2700.0,42.0,11.0,36.0,bed_bath_table
c50db74048e3d2e0d3d6dc83e1f92d02,1.0,5600.0,39.0,25.0,45.0,bed_bath_table
b6bdb28b376292b83135644ff8d4d6a2,1.0,2200.0,34.0,7.0,32.0,bed_bath_table
f4be3cfe721d891dab8f4025132fe7c5,1.0,700.0,27.0,12.0,22.0,bed_bath_table
eda141a3df363e0374e85007d1b4bc85,1.0,2150.0,45.0,15.0,35.0,bed_bath_table
a87567bdce60de6f901e3d7c6d8df820,1.0,1800.0,55.0,10.0,35.0,bed_bath_table
3ff22524016b71a48fd1e5054632985c,3.0,24050.0,80.0,30.0,60.0,bed_bath_table
812caec8528c1f3b1bed583530023cb5,1.0,950.0,49.0,6.0,39.0,bed_bath_table
062907032db5e0c065bab136233a9544,1.0,606.0,30.0,9.0,28.0,bed_bath_table
872c150bc3167f3a4fd9214f82931358,1.0,1650.0,40.0,15.0,32.0,bed_bath_table
40562621def0bbc3080d94f54b9d1f61,1.0,800.0,16.0,10.0,16.0,bed_bath_table
cc4b51ca9b5ca05b7fd5337bddb7341c,2.0,550.0,40.0,8.0,50.0,bed_bath_table
4bc15899b2cd7ade6db2fb0a5188cd24,1.0,400.0,40.0,5.0,25.0,bed_bath_table
fe05ad488982d6de6373f13486d92d99,1.0,750.0,30.0,5.0,25.0,bed_bath_table
dd95c89de4ce416b6a2714b39266a7ed,1.0,2150.0,25.0,25.0,25.0,bed_bath_table
0e9923b15d37f33cac70de6648429148,3.0,2000.0,40.0,6.0,30.0,bed_bath_table
5bc6f966c95b579fc0982b73007f1917,2.0,1200.0,25.0,10.0,25.0,bed_bath_table
be8aef10cd8c8a52fa98f5f7f71bb373,1.0,2200.0,45.0,15.0,35.0,bed_bath_table
3d50229001636cd5e9851e53383c6b8a,1.0,1100.0,29.0,4.0,36.0,bed_bath_table
289dfe89bc0d1eb6bea5a0a3bde85552,5.0,1700.0,50.0,10.0,40.0,bed_bath_table
73ae8d8ca7df19a982c92fc1265d9e46,1.0,1150.0,34.0,7.0,32.0,bed_bath_table
2f48e99df2052ce8a7d14855ea40e838,1.0,1150.0,35.0,10.0,35.0,bed_bath_table
96b98d97d2ecc26af3bc439935d9dc46,6.0,7500.0,50.0,17.0,49.0,bed_bath_table
ba141ee1157c8499edebf350c898084b,2.0,3150.0,56.0,12.0,38.0,bed_bath_table
95df8ca600dda9824d93795c9066eb6c,1.0,2300.0,40.0,6.0,29.0,bed_bath_table
52817a1b17d101c0656923254b92aed8,1.0,150.0,16.0,10.0,15.0,bed_bath_table
a5502e9954017124d95f7bce4c89d339,1.0,1300.0,50.0,12.0,12.0,bed_bath_table
1be9435dc0c47cf6b58c34d3bb7d6f54,1.0,1225.0,38.0,15.0,31.0,bed_bath_table
d328462624ad874c591813fcfadbf1a0,1.0,1850.0,42.0,11.0,36.0,bed_bath_table
fe6550863a0e6a0167e2d2859f8f3b9e,1.0,650.0,16.0,10.0,16.0,bed_bath_table
39bb2f298480bb8f763c1729a4db03cb,1.0,300.0,20.0,7.0,16.0,bed_bath_table
83b4e88ac4a5689bfe0f7afe4a2b07cc,1.0,1300.0,45.0,15.0,35.0,bed_bath_table
d16a80644f464c2525a662b0567c281f,1.0,350.0,20.0,2.0,15.0,bed_bath_table
4c0f34e546c8f735ab44af10ca679f20,1.0,400.0,26.0,8.0,20.0,bed_bath_table
b370dd237db6a8a0bd74a6da9e367a80,2.0,2150.0,38.0,9.0,27.0,bed_bath_table
9a9469abcf027566dce48059c28ea832,2.0,1300.0,36.0,6.0,27.0,bed_bath_table
4e83195accfb3316528acc16d754fdb1,2.0,3500.0,34.0,20.0,41.0,bed_bath_table
deaa363c2aa7c56c84e888bb74cc7176,1.0,300.0,16.0,10.0,16.0,bed_bath_table
7506f10f7460992e59f979011541e00e,1.0,6100.0,37.0,17.0,47.0,bed_bath_table
39af958c865cffb372490d50c207d776,1.0,2850.0,42.0,12.0,40.0,bed_bath_table
01d4157fd9738ea81038316ae4cfc192,1.0,355.0,34.0,21.0,40.0,bed_bath_table
1e595b3b56d00f9d6ad0c3215ae2f56d,1.0,300.0,18.0,8.0,18.0,bed_bath_table
fcad6e5643f855de4b616a24e6dd25e4,1.0,15150.0,63.0,30.0,43.0,bed_bath_table
94950d6ddd0b24c0d15f7f09d61a8148,2.0,2500.0,45.0,20.0,35.0,bed_bath_table
05d80513da078badb81a5f232e489376,1.0,1100.0,20.0,16.0,20.0,bed_bath_table
11969b52203d89d67f5d9aff274fc35d,1.0,700.0,25.0,15.0,20.0,bed_bath_table
12717f7dc7e2daec2771d44b39f477b3,1.0,650.0,34.0,18.0,44.0,bed_bath_table
67a0da468c31cff23c32dbfb6dcb6b70,1.0,900.0,33.0,9.0,38.0,bed_bath_table
964dd0fcba2ca4eff8e31ec74a77d41d,3.0,1250.0,40.0,10.0,30.0,bed_bath_table
e61c78a7343d82c0539d27df0f7dfc31,1.0,2700.0,41.0,8.0,36.0,bed_bath_table
b32a26b904950912fc8f6c1f88019d1b,1.0,615.0,20.0,30.0,30.0,bed_bath_table
3548e75fd407073147486bbc50226ac4,1.0,1500.0,31.0,8.0,21.0,bed_bath_table
9dbe11c361aecc0afe873e04c3dd13f5,1.0,1000.0,30.0,5.0,20.0,bed_bath_table
d76b1ee683f4e9d177c7bc938b6fc0bf,2.0,650.0,36.0,5.0,26.0,bed_bath_table
785365b9ad25d832bdde56f305159fdb,1.0,900.0,32.0,14.0,27.0,bed_bath_table
2bf81ae622207551768a47a59930c69f,2.0,600.0,55.0,10.0,50.0,bed_bath_table
2ffe22d10951d7d1a864c7117bcfe6c7,1.0,450.0,37.0,5.0,30.0,bed_bath_table
2c5fcc9e14a473d00b0b538c1aded7f7,1.0,1800.0,16.0,10.0,16.0,bed_bath_table
dd66beca916c169c2a77e40ae2858623,1.0,3300.0,40.0,15.0,35.0,bed_bath_table
2d2cdc4b136fabbf2f932bf1d1f3a891,1.0,2600.0,35.0,9.0,33.0,bed_bath_table
632921e8d6c6b23ae47ff20950a56854,1.0,25.0,45.0,18.0,35.0,bed_bath_table
f337ef897cbb898bf66be49d94c0bba8,1.0,900.0,25.0,5.0,25.0,bed_bath_table
01a5038835acf17f141c7247956b72d6,1.0,1350.0,34.0,7.0,32.0,bed_bath_table
9ddb814372412f8135d4ed285dccf347,1.0,650.0,28.0,2.0,23.0,bed_bath_table
902f869d68a62356e8f9d054ad5e9072,1.0,3400.0,34.0,8.0,38.0,bed_bath_table
8443cb4cf7bf64bd0ff6e70cd9c2b246,2.0,400.0,50.0,11.0,11.0,bed_bath_table
fcb300f1ac9a1231f70f3d2be2db9af2,1.0,700.0,16.0,40.0,30.0,bed_bath_table
7a754c36445d45f1992c14b2586c5ffa,1.0,8500.0,54.0,20.0,47.0,bed_bath_table
84d2224f05ad630241d7676b3e4ad297,1.0,1400.0,45.0,3.0,35.0,bed_bath_table
6f58f28210b611d0907de2b23c2e78a9,1.0,300.0,16.0,10.0,16.0,bed_bath_table
efab00780753fd85d64e8c727c331a60,1.0,13650.0,50.0,50.0,50.0,bed_bath_table
a4f6f1f22e3d5cae41187879ded62616,2.0,500.0,50.0,11.0,11.0,bed_bath_table
70cd303f8e2dc6c00f5908aa72acdea6,1.0,4000.0,40.0,12.0,38.0,bed_bath_table
8ce5f222608f6e18ea3b7acb84313c6b,2.0,1400.0,47.0,21.0,41.0,bed_bath_table
b95d6edcfc7b19639b18dc095f757d09,1.0,1150.0,16.0,10.0,16.0,bed_bath_table
7a0f37fda63d1cd7dac2451494eb6e69,1.0,1550.0,30.0,5.0,30.0,bed_bath_table
609b1b50202d276e56b2468006fa82aa,1.0,1075.0,29.0,27.0,18.0,bed_bath_table
e934947ca6b64f5a6d864e21dca13b73,2.0,900.0,41.0,8.0,24.0,bed_bath_table
4a579d3f0c38c12a0e22c0146f2356f4,1.0,1000.0,40.0,5.0,25.0,bed_bath_table
9766ad53f42ee034fbc0e29c85fe626c,2.0,2500.0,47.0,21.0,41.0,bed_bath_table
50a88b3bd7a9d8db2f1addc427b4446b,1.0,2450.0,45.0,15.0,35.0,bed_bath_table
99a4788cb24856965c36a24e339b6058,1.0,1383.0,50.0,10.0,40.0,bed_bath_table
8e33c9b032f34f04d9480045e1ec8da5,1.0,1350.0,40.0,40.0,40.0,bed_bath_table
4ab7490d3e55de79cae5fc88e1657276,1.0,1200.0,36.0,8.0,26.0,bed_bath_table
7494075d75b7855aae586070f6a12113,1.0,350.0,16.0,10.0,16.0,bed_bath_table
75b4d33f2d9c5de8f5f27d4e807aa9f9,1.0,400.0,25.0,25.0,20.0,bed_bath_table
88ab3ce1ded665150c5cd6adcc5287e0,2.0,400.0,60.0,8.0,50.0,bed_bath_table
692ac900c71e8e83e8ff029083018179,2.0,1544.0,47.0,15.0,40.0,bed_bath_table
eb8851552616597cd924ef25f16706ed,1.0,2400.0,16.0,50.0,40.0,bed_bath_table
3f37f32e535d54ae9b3c1cf62aa76c43,2.0,450.0,45.0,5.0,37.0,bed_bath_table
730f1927f42fda4370209c28203eb0ab,2.0,200.0,16.0,10.0,16.0,bed_bath_table
284264387dc92cbf305e75ece3852958,2.0,400.0,50.0,11.0,11.0,bed_bath_table
f60fedc54d28bf29480f654d90a2f8ff,1.0,950.0,30.0,16.0,16.0,bed_bath_table
81781c0fed9fe1ad6e8c81fca1e1cb08,1.0,0.0,30.0,25.0,30.0,bed_bath_table
0f2210490db477cfc80743481d0b6399,1.0,7800.0,40.0,40.0,40.0,bed_bath_table
e09134e776e503444db67bd5b239b56a,2.0,950.0,50.0,16.0,16.0,bed_bath_table
0343ce4ce35af74dd177bfc133eabb45,1.0,600.0,30.0,7.0,26.0,bed_bath_table
787268a8ccbecd1ae02d8001b61ca46d,1.0,2125.0,41.0,13.0,26.0,bed_bath_table
e0e2e29a516b06947e388d20aa7bf7a6,3.0,3700.0,40.0,15.0,40.0,bed_bath_table
23227b07fc69250d2fa4be6602011aea,2.0,1250.0,45.0,10.0,15.0,bed_bath_table
5b4c8ab4477bb00b57cd5edb1af9aff8,4.0,2000.0,40.0,6.0,35.0,bed_bath_table
5b7692c4f3cff85f88ad6255269c696c,1.0,1650.0,40.0,15.0,32.0,bed_bath_table
17f99ae9c53e7e8804b2c78492d11744,2.0,400.0,50.0,11.0,11.0,bed_bath_table
72d0cc6588b5d4f4e26007c2e709315c,1.0,3250.0,31.0,51.0,16.0,bed_bath_table
0603d2d85bcc46beb11bd247870c4841,1.0,1450.0,55.0,14.0,43.0,bed_bath_table
2f0f230a6d1c2189c346d0992df870fa,1.0,6550.0,30.0,30.0,30.0,bed_bath_table
fc5888c7df7361d2582b2fd195a827eb,2.0,850.0,37.0,23.0,35.0,bed_bath_table
c62bc42d383a40b285eee3f95240c817,2.0,1800.0,43.0,8.0,33.0,bed_bath_table
47bc2406d0edb0a2ac3cee99de9eec1b,1.0,3550.0,45.0,15.0,35.0,bed_bath_table
0f293868e6ee0f67892919e9ca2f83d7,2.0,610.0,31.0,6.0,29.0,bed_bath_table
7721582bb750762d81850267d19881c1,1.0,1400.0,43.0,5.0,30.0,bed_bath_table
e87093a08e761c9fbf7dd461227f66c1,1.0,1100.0,35.0,15.0,25.0,bed_bath_table
1b9fd1e2ba8bf3e4249ee0c838893e4e,1.0,1100.0,48.0,8.0,39.0,bed_bath_table
2ae5ed1d99afbb14a8b24041a81df16b,1.0,1450.0,37.0,9.0,30.0,bed_bath_table
16c1c1a3dc1ddc2fd5e32ae7fe616b0b,1.0,2800.0,43.0,8.0,36.0,bed_bath_table
9e33c417f7f6ba6c1212d91ccbfbe2f5,1.0,1100.0,20.0,20.0,20.0,bed_bath_table
8f0ff18b3c249ca69a6a4c6571e38335,2.0,1150.0,35.0,10.0,35.0,bed_bath_table
dbe30cd7571498ff45963ea671014c6a,1.0,350.0,16.0,40.0,30.0,bed_bath_table
9ab61676eb915c81c3c893adca21364c,2.0,650.0,60.0,10.0,50.0,bed_bath_table
f6fa93875f4a7dac03e0a22143f4d815,2.0,450.0,25.0,9.0,19.0,bed_bath_table
199a45cf96d7240df6c364154d370a5d,2.0,6050.0,50.0,18.0,40.0,bed_bath_table
0884a967f6a45838a8fa6cec1c74cf2f,3.0,600.0,28.0,6.0,23.0,bed_bath_table
805967bd91579942b3caac4ebcc39a54,2.0,400.0,25.0,9.0,19.0,bed_bath_table
5336e9f40a9319a44392237298533904,1.0,1400.0,45.0,11.0,11.0,bed_bath_table
67810bda0db346d0eee1ac3c6314af35,2.0,1650.0,48.0,8.0,39.0,bed_bath_table
9095a5b548eb913258279d5aea381643,4.0,1150.0,40.0,30.0,20.0,bed_bath_table
ee9d3ff88f7800b3144967778bb000de,1.0,1150.0,25.0,17.0,35.0,bed_bath_table
d67c3a409aba425d0b60555276bbefd5,1.0,300.0,16.0,10.0,16.0,bed_bath_table
21a53da27d4b830f32f475a09f0bd54a,1.0,1500.0,45.0,15.0,35.0,bed_bath_table
ce5a5a85a0704113bd7fd75b3fbaed71,1.0,733.0,19.0,12.0,18.0,bed_bath_table
e9ceb9123d3103b7ad293c168dd3a547,1.0,6410.0,50.0,26.0,44.0,bed_bath_table
871760e304a33f81d67fc135d2c437ac,2.0,1950.0,43.0,8.0,33.0,bed_bath_table
867860cb9f8724722b424497dfe1d491,1.0,1100.0,20.0,16.0,20.0,bed_bath_table
9cfca0dc6dd43d12b7de84a5e1e0a429,1.0,750.0,39.0,3.0,27.0,bed_bath_table
e2f714fbe2ae1f8ef2d9827295ddc972,1.0,550.0,16.0,10.0,16.0,bed_bath_table
300a260403e9dddec957d7f272faf20e,1.0,815.0,16.0,50.0,40.0,bed_bath_table
e3f7b3cbb0ccf1f1e361e6974b22e346,1.0,650.0,16.0,10.0,16.0,bed_bath_table
c697e67e0129d1836951f781a913cb4a,1.0,650.0,16.0,10.0,16.0,bed_bath_table
c7bcab3a7039340cf46705f43bab3ee2,1.0,1200.0,40.0,7.0,34.0,bed_bath_table
205448428c05215b1d0bd5c9d2a1ee3c,1.0,733.0,28.0,2.0,23.0,bed_bath_table
5e72175cdfc45b8211c357f26d5c3b01,2.0,533.0,54.0,6.0,37.0,bed_bath_table
4107643eab592b95cf9d0e376d522aeb,1.0,6450.0,30.0,30.0,30.0,bed_bath_table
25e8c983d94d410066929065c0d9cf53,1.0,1650.0,40.0,6.0,30.0,bed_bath_table
013ee64977aaa6b2b25475095162e0e9,2.0,1350.0,45.0,10.0,55.0,bed_bath_table
11b2b219c6995bd51ac7973c2b352a0d,1.0,1250.0,19.0,17.0,22.0,bed_bath_table
b27f54561f44d7036b4c0a62349626ee,1.0,850.0,45.0,15.0,25.0,bed_bath_table
6acb66c4ad0cd9bc25065f19c96e1eeb,1.0,975.0,25.0,25.0,25.0,bed_bath_table
6df0c13a282c590880f960a873c2989d,1.0,950.0,53.0,10.0,36.0,bed_bath_table
a3349ee806d1e1e98d582a2aba5cedcd,1.0,350.0,105.0,20.0,20.0,bed_bath_table
3798521ff8982fd9b5a3e026676b7707,3.0,800.0,37.0,23.0,35.0,bed_bath_table
b12d44209afd3493a2b1e4f19cf4ec19,1.0,250.0,40.0,4.0,30.0,bed_bath_table
f5662ef809d3a6f3f5b0dc551aaa819a,2.0,22200.0,56.0,38.0,48.0,bed_bath_table
937c825572d26b9e5a723527c6d625c6,2.0,300.0,25.0,8.0,19.0,bed_bath_table
74a92612f70f4ae7bb26ead72c53b5d3,1.0,800.0,45.0,15.0,35.0,bed_bath_table
27855ab0b06ec76e035b2df0aefb5f39,2.0,900.0,30.0,10.0,25.0,bed_bath_table
aa5c7ccc97c30087e5183ed27708905a,1.0,3367.0,67.0,16.0,48.0,bed_bath_table
2dcbb450bd8303344a342b60610f3d22,1.0,1500.0,40.0,15.0,32.0,bed_bath_table
fa87bc5ccdd8ea6e54117916e485cb48,1.0,1000.0,16.0,10.0,16.0,bed_bath_table
4eb6c37059502e3b0b8fdfc77c69289f,1.0,550.0,32.0,5.0,30.0,bed_bath_table
ea0e3d94bcd573d99c06fc115d82500f,1.0,550.0,16.0,10.0,16.0,bed_bath_table
b039629191cbc785dd3ebb5def03dd7c,1.0,800.0,20.0,16.0,20.0,bed_bath_table
393564b0bcdda0d8c4ada9d780ebcebe,3.0,1800.0,44.0,16.0,34.0,bed_bath_table
cd1715585df363c8ad738d72414ab616,2.0,3100.0,37.0,10.0,40.0,bed_bath_table
50b2ddbf47bd0b8eecabb404613e2a45,2.0,1050.0,40.0,10.0,30.0,bed_bath_table
a9561ee69e9f8808eb4add53d720a447,1.0,24300.0,50.0,50.0,40.0,bed_bath_table
0e8d9a894d190db0d5c32075ab02ea38,1.0,1150.0,40.0,5.0,29.0,bed_bath_table
0a4c11f70d3d4d9f2a540804b873e9e2,1.0,2800.0,42.0,10.0,36.0,bed_bath_table
b75ad41bddb7dc94c7e555d9f78f5e8a,1.0,1000.0,25.0,5.0,25.0,bed_bath_table
e69de7cd67f5bb13797a8530acd9c711,1.0,1600.0,45.0,15.0,35.0,bed_bath_table
6814dd9a0fcc3213534377d08d8a24fa,1.0,1450.0,34.0,12.0,40.0,bed_bath_table
d791e6e94247e3655aa849b1d4d7d2c3,4.0,1550.0,33.0,8.0,22.0,bed_bath_table
25bf7c5e5f9d008845212122805014e5,1.0,300.0,40.0,4.0,30.0,bed_bath_table
8e14e42d480e0c520d2f8ee0e7d3249d,1.0,700.0,16.0,40.0,30.0,bed_bath_table
972a5189877b9f484978bb58ef311003,2.0,2100.0,40.0,15.0,40.0,bed_bath_table
f8f5e2fc20dd79d9f322fe9522fcd77e,1.0,500.0,20.0,10.0,15.0,bed_bath_table
0e62e9412bc4636f89f83b9dc9dfd897,1.0,2700.0,42.0,11.0,36.0,bed_bath_table
2b19dbb6e225fc04cf9a80d83f949b88,1.0,21200.0,45.0,15.0,25.0,bed_bath_table
f0bdec4f1c899ce1258888fa9d6db7d0,1.0,2700.0,53.0,21.0,42.0,bed_bath_table
be1c4cf8a2d2aade623eb7a646d2a0bc,1.0,850.0,45.0,15.0,30.0,bed_bath_table
8acf0061d1c7b72c3a4857db994ecc79,1.0,1150.0,16.0,30.0,40.0,bed_bath_table
0b4b59f6bcaf697444a8b7b14f630b15,2.0,12150.0,45.0,40.0,32.0,bed_bath_table
66bea887d912474498434fcb72df5a8b,3.0,1000.0,20.0,10.0,15.0,bed_bath_table
d82737410a435ec11bf7355cc6ce2d4c,1.0,300.0,20.0,12.0,20.0,bed_bath_table
9f890da4bf8473aca1996ca037005902,1.0,550.0,20.0,2.0,20.0,bed_bath_table
b8e79f302f220a17a1166ef201116f2d,1.0,7500.0,17.0,50.0,49.0,bed_bath_table
d1e88df8a078e4c427128a12f4f45844,3.0,3250.0,50.0,10.0,50.0,bed_bath_table
5ece3fdf078107e1fccade3738044135,1.0,800.0,25.0,15.0,20.0,bed_bath_table
f6192c622ef0023ec493f1929d602176,1.0,100.0,16.0,26.0,26.0,bed_bath_table
14a174908a08ad7cfb56d3814d8e0ea5,1.0,1150.0,28.0,26.0,23.0,bed_bath_table
a282446835c36ab70ca9fd48edbbc4e6,1.0,2000.0,35.0,10.0,25.0,bed_bath_table
0afdab080dc525494d5a0adc4c1c0854,2.0,533.0,52.0,6.0,40.0,bed_bath_table
d75ee8bd2f182827d5a26a09ed584c9a,2.0,700.0,60.0,10.0,50.0,bed_bath_table
4b703444923b5e57bb73ba343f5ebab7,1.0,264.0,17.0,14.0,16.0,bed_bath_table
6abb8f3aa658704b9845176c7ff453c8,1.0,1400.0,55.0,10.0,40.0,bed_bath_table
13050bbc5cf6938a3760e43f1a845fcd,1.0,950.0,44.0,3.0,33.0,bed_bath_table
74fd207bb446a56583153f85de68b73c,1.0,1950.0,20.0,30.0,30.0,bed_bath_table
3ec7c8f47e7cd1e67a54c90edf527b5f,1.0,550.0,23.0,37.0,35.0,bed_bath_table
f1baace9e7cf087eaa42ca6716ec1359,2.0,5650.0,98.0,35.0,48.0,bed_bath_table
95380c355d1a589a9f3e7bfe9e5920d3,1.0,4100.0,34.0,10.0,38.0,bed_bath_table
29bc923d3ecb389b5b1b6fe2a6e4799a,1.0,1830.0,41.0,10.0,40.0,bed_bath_table
af486dc9cfbc2b2dbcbd35a8b8b5e96f,1.0,1150.0,37.0,23.0,35.0,bed_bath_table
2676f64fccc9174a0c843ecd4dcd44d8,2.0,7600.0,50.0,15.0,55.0,bed_bath_table
46ffa04dbcbc5783861687bf69fc4f85,1.0,888.0,25.0,9.0,30.0,bed_bath_table
1c4dbd58e9b07007a271122f96bb0add,1.0,6350.0,30.0,30.0,30.0,bed_bath_table
a2ba5bcfe3ee03832bf8f324caa32dad,4.0,7825.0,35.0,35.0,40.0,bed_bath_table
693e8a3550dfe12cd2a3f2a3f01b6130,1.0,14900.0,16.0,10.0,16.0,bed_bath_table
16d13ab2d640065882cddcafa3359116,1.0,483.0,28.0,2.0,23.0,bed_bath_table
0185e6719ca5c224fc53853997fa3f68,1.0,1600.0,40.0,15.0,35.0,bed_bath_table
b42c05a477c94b52587fa47d777928df,1.0,1350.0,39.0,18.0,39.0,bed_bath_table
3cfabfc4cf61ee4c29199d346f5653c1,6.0,833.0,30.0,18.0,27.0,bed_bath_table
b60c241f66e031959b70e1c60725f0bc,1.0,650.0,16.0,10.0,16.0,bed_bath_table
24a046fcc8b971ab9962537f2694bc77,2.0,2150.0,33.0,19.0,45.0,bed_bath_table
156687e7a24c248ccf007521b1b49857,1.0,1650.0,36.0,19.0,43.0,bed_bath_table
e7a6f33d382bca6fa19f52ff13e440bd,1.0,1500.0,45.0,15.0,35.0,bed_bath_table
c0d6c8a21420b7d6641cc0582af7203e,2.0,850.0,32.0,5.0,30.0,bed_bath_table
7bff21aabd6f1c9055ef5c2a262fd62c,1.0,500.0,16.0,10.0,16.0,bed_bath_table
3c332c78cd1032a39727291af7ad2932,1.0,350.0,45.0,8.0,45.0,bed_bath_table
50da612213d35f8d8681b0535651b30d,1.0,850.0,34.0,23.0,42.0,bed_bath_table
2d2294e3367e0514a129389d9da68670,8.0,27050.0,90.0,20.0,90.0,bed_bath_table
a8d2af10596b8acd5f45c720fe9745aa,1.0,500.0,16.0,10.0,16.0,bed_bath_table
f16129eac8470e4e6d0e40033ebc5250,1.0,683.0,35.0,14.0,21.0,bed_bath_table
63ae63c279f3ccd864bc7756f81bec2a,1.0,1825.0,40.0,14.0,33.0,bed_bath_table
d296d7996d75ec35fcfc75b3a06cae63,1.0,600.0,16.0,10.0,16.0,bed_bath_table
9668ae227893ed924319574e98f60c7d,1.0,1350.0,35.0,19.0,45.0,bed_bath_table
0c22c51625fc11357a8356efa31fe89f,2.0,11400.0,16.0,2.0,11.0,bed_bath_table
74d70f0700daedecb18089fa693f5ca2,2.0,4000.0,45.0,15.0,35.0,bed_bath_table
641444946fe3a839d726c32804cd1aff,3.0,3900.0,45.0,15.0,35.0,bed_bath_table
7f880e0dc3777afaf5fe4f21b0ce0279,2.0,900.0,50.0,11.0,11.0,bed_bath_table
dfc9d9ea4c2fbabe7abb0066097d9905,1.0,3300.0,19.0,35.0,31.0,bed_bath_table
82f0d5f5a4d52cf6ca68a2080bdd0d02,1.0,1625.0,40.0,5.0,30.0,bed_bath_table
c1ed7eeb2ac3e40d069da245ac1d3492,1.0,2250.0,25.0,25.0,25.0,bed_bath_table
9ceac7c9fb2a8689bdba0978375b86ed,1.0,550.0,16.0,10.0,16.0,bed_bath_table
3beef4346c92eb0b4ad0b7d025dfe15b,1.0,717.0,30.0,8.0,28.0,bed_bath_table
f8ddde5f054858a4316860ee89414db1,2.0,350.0,47.0,4.0,35.0,bed_bath_table
77b22dbf8c7b5ba7b64f212c1344f7a9,1.0,3000.0,40.0,25.0,25.0,bed_bath_table
cd6d8b8b983f406dd1b95e3c1bf8a8a5,1.0,1050.0,34.0,10.0,29.0,bed_bath_table
36826c711e5778c8d88a7311cc29c446,1.0,5450.0,20.0,20.0,20.0,bed_bath_table
4025ee582ef6b8c478af3b44cf89054b,1.0,200.0,20.0,2.0,15.0,bed_bath_table
c901d0a681fff9a4cb6ca99d25a3cf08,1.0,900.0,40.0,4.0,30.0,bed_bath_table
25a69adae1b354beb056d4b740e841cd,2.0,900.0,30.0,4.0,20.0,bed_bath_table
542ad0ab955876d25ddf09684a3b3c5e,1.0,500.0,43.0,12.0,16.0,bed_bath_table
208eaf2a4764834fb8da989159a30a20,1.0,925.0,36.0,6.0,39.0,bed_bath_table
42e81d5b55c06ce473ee24c7e5d1d1f4,1.0,1100.0,28.0,10.0,28.0,bed_bath_table
4dda033e39cdc37ce2932b7ba6e8a0f7,1.0,2300.0,45.0,16.0,45.0,bed_bath_table
74292882eb4c7736c0fff087e62768f8,2.0,1250.0,45.0,10.0,15.0,bed_bath_table
4b7528d093f5acaec2a072366a4106bc,2.0,1100.0,33.0,9.0,38.0,bed_bath_table
d33f1be367bc59207ebc488a28635827,1.0,600.0,16.0,10.0,16.0,bed_bath_table
eac8b9e1c1eaa41a41acc9f41d1287e5,1.0,350.0,37.0,5.0,30.0,bed_bath_table
81b6c7c058add831803fcbba6dcc1df2,1.0,1400.0,34.0,7.0,32.0,bed_bath_table
c4ac3cc6a0553682784fe2a569e3df4f,1.0,350.0,40.0,4.0,30.0,bed_bath_table
0009406fd7479715e4bef61dd91f2462,2.0,300.0,45.0,15.0,35.0,bed_bath_table
32bcf7ca75070a7d951264d40b28d90d,1.0,650.0,40.0,2.0,30.0,bed_bath_table
d706b383dcd20613f06ed5af5412b4d7,2.0,700.0,50.0,16.0,16.0,bed_bath_table
20317fb1b6bc61c03c53d595462f4e96,1.0,2100.0,36.0,8.0,27.0,bed_bath_table
b7605b5b483063d12bd90a772bff9d21,2.0,550.0,40.0,7.0,50.0,bed_bath_table
c07d367dd7b78b0558e7a3e1e1a975c8,1.0,12850.0,60.0,20.0,40.0,bed_bath_table
55a48e6b72c24fe47eaf37b6eb999e90,1.0,850.0,16.0,10.0,16.0,bed_bath_table
c81fba3eddbbb1ea8c6300e880673021,1.0,2200.0,35.0,10.0,35.0,bed_bath_table
b09cd20111b8c27705b617c3b5af7608,2.0,1100.0,50.0,11.0,11.0,bed_bath_table
466c3d5cdc2189e98333b68c00a1c756,1.0,650.0,30.0,3.0,19.0,bed_bath_table
8d8fb201f4475a184e799a7f9989cff6,1.0,2100.0,45.0,15.0,35.0,bed_bath_table
46e477d89da734ac9f6b12073503711a,1.0,700.0,16.0,10.0,16.0,bed_bath_table
ac44def10e24998cdee20a208d691127,1.0,1175.0,45.0,7.0,35.0,bed_bath_table
e5897f494af72d083f3899808f341659,1.0,1100.0,41.0,13.0,13.0,bed_bath_table
9707e3409376d631f1044f987d63bdc7,1.0,450.0,40.0,8.0,23.0,bed_bath_table
ebf9bc6cd600eadd681384e3116fda85,2.0,1300.0,50.0,9.0,41.0,bed_bath_table
7755707fe561ddbc56cefcce33c97945,1.0,19100.0,62.0,47.0,47.0,bed_bath_table
07c892834f576948885b91255a310002,1.0,1200.0,37.0,9.0,30.0,bed_bath_table
c1678c7353738f1698430b8ea0d6a488,1.0,6100.0,20.0,50.0,50.0,bed_bath_table
ef0c5d08ef672e2e8beffeac308625b2,1.0,1450.0,38.0,7.0,31.0,bed_bath_table
db3ba840cdd9eee2918e3b1080a135e1,1.0,600.0,16.0,10.0,16.0,bed_bath_table
badc98cb4b92b5452a49c1a9e7406b51,1.0,250.0,25.0,15.0,25.0,bed_bath_table
0906a34d45f9f37ebc1f2aa5ad4582c4,1.0,650.0,16.0,10.0,16.0,bed_bath_table
477aa9a85d7002688bae2cbbd93198f8,1.0,600.0,16.0,10.0,16.0,bed_bath_table
5f8d452952e14aea06671fcc55e9b3f2,1.0,6800.0,45.0,36.0,19.0,bed_bath_table
94f3e056fe4489bd919679e1bb343edb,1.0,2975.0,60.0,25.0,28.0,bed_bath_table
c233a2dd158de2f5877ef680906a2c33,1.0,2250.0,37.0,10.0,37.0,bed_bath_table
7f4b1b38659d1ee551f9bb8f959da24a,3.0,1050.0,91.0,15.0,21.0,bed_bath_table
8e6774f213b2625176287ad6c3d38be6,1.0,10800.0,40.0,25.0,25.0,bed_bath_table
d1ea91b8c54f9200cfee8d6a1d1fc5e7,1.0,1533.0,41.0,16.0,37.0,bed_bath_table
d6a6fc54f6c78f3ac3d583da2fbf598b,1.0,783.0,23.0,6.0,16.0,bed_bath_table
cf8c83ef74f69705d1bec196473b1b45,1.0,600.0,20.0,40.0,30.0,bed_bath_table
b84f38d9e0124bc0aa4429a79dc3f96e,1.0,3100.0,45.0,19.0,35.0,bed_bath_table
b8ca27a8b7658a95a8040f0a9489c952,2.0,10300.0,51.0,21.0,51.0,bed_bath_table
97b788c43a70403f7a9646d778ecc9c9,1.0,6550.0,30.0,30.0,30.0,bed_bath_table
1a69b9ec6d25d7656d024ad51f55c0ec,1.0,2950.0,19.0,35.0,31.0,bed_bath_table
90147b75b794b38e8a6e69b3657430fd,6.0,7500.0,55.0,17.0,48.0,bed_bath_table
1fbeaaa01377d3f600de52f455ef578c,1.0,2800.0,44.0,10.0,34.0,bed_bath_table
23206e13f48ea61c1ce141465951d74f,1.0,1700.0,45.0,25.0,35.0,bed_bath_table
4931c278377ca00652dec3734798fd7f,2.0,300.0,60.0,10.0,40.0,bed_bath_table
5bd7e57735a44e529bf066fee83a9c60,1.0,1250.0,19.0,17.0,23.0,bed_bath_table
c1803577315d1501dae3033b5cfa3993,1.0,2200.0,60.0,10.0,40.0,bed_bath_table
a75142054d1e335a68625bb7f3c2f130,1.0,2900.0,47.0,21.0,41.0,bed_bath_table
f8cfb63e323be2e1c4172f255d61843d,2.0,550.0,50.0,9.0,60.0,bed_bath_table
b74d57e3377dd78aace6d070fc48cc88,1.0,675.0,40.0,18.0,35.0,bed_bath_table
f5c3f6159135311269c45b2b88f67464,1.0,2350.0,33.0,7.0,37.0,bed_bath_table
f7c3fc384cd3ac71650982c2c6fcbe77,1.0,600.0,16.0,10.0,16.0,bed_bath_table
47a3fbd41bb53db64dacc4562ba3aa52,1.0,1000.0,50.0,12.0,12.0,bed_bath_table
e57ef623983cba8948397a3d7d52adc4,1.0,1450.0,35.0,19.0,45.0,bed_bath_table
da98518441170ed0b0afcc0b471806ee,1.0,1700.0,38.0,8.0,28.0,bed_bath_table
446a60562915e8223780cd142b8dc26d,1.0,4050.0,45.0,15.0,35.0,bed_bath_table
916374202158056c771887d99dfef212,1.0,450.0,30.0,5.0,20.0,bed_bath_table
bf2748a809c70af53394e915c95c9963,2.0,7650.0,50.0,40.0,43.0,bed_bath_table
6610dc3cac3b77009d969495cc2d7037,2.0,1250.0,30.0,10.0,55.0,bed_bath_table
4bd0fb9aacc02728b9c082f154011d3f,1.0,500.0,25.0,15.0,25.0,bed_bath_table
11de130b38213ed7f93d2af1e91bb771,1.0,300.0,16.0,10.0,16.0,bed_bath_table
c0293bb52f87cea29cbf4cfa3fa873bc,1.0,1100.0,16.0,10.0,16.0,bed_bath_table
c9dbe2eec19a8093cb5ac57486531c18,1.0,1375.0,30.0,6.0,22.0,bed_bath_table
368ab9ae54053acc2a79f2e9f5fb4cbf,1.0,1800.0,45.0,15.0,35.0,bed_bath_table
064f1ab0fbfe1fffb87fbf1acb5d4af7,1.0,1800.0,46.0,3.0,34.0,bed_bath_table
f81d6d7097c75414e1b030de345ed740,1.0,1925.0,20.0,11.0,43.0,bed_bath_table
50805a148492a9e871186240363cd2e8,1.0,2146.0,42.0,11.0,36.0,bed_bath_table
06edb72f1e0c64b14c5b79353f7abea3,2.0,350.0,25.0,8.0,19.0,bed_bath_table
d25939c0074d27039e0e544878f12372,1.0,2290.0,34.0,9.0,33.0,bed_bath_table
eac691ff8062bb3ed4f465466245accd,1.0,8875.0,48.0,43.0,53.0,bed_bath_table
d52dd3c4961c3508d6003c37a1b08a7d,1.0,700.0,38.0,8.0,30.0,bed_bath_table
3c8403a4f7135ffcb0e050a81764088f,2.0,700.0,40.0,14.0,30.0,bed_bath_table
1cdfaf0cc5abd6063d3a10ae3318f345,1.0,2350.0,33.0,7.0,39.0,bed_bath_table
21eec44e96af78db0af3e283c61b5200,1.0,1475.0,50.0,10.0,30.0,bed_bath_table
c5b8815ee43b843ac97d093df96bb8b1,1.0,6600.0,45.0,25.0,35.0,bed_bath_table
3b4d34dcf6c8a7fd6733db2a5fadf5e5,2.0,1200.0,16.0,50.0,16.0,bed_bath_table
39e3d246a3edd7b9ceba203155c1542c,1.0,1050.0,16.0,10.0,16.0,bed_bath_table
0c46b8ef03f8b4da7c2813be4287a281,1.0,6600.0,40.0,25.0,25.0,bed_bath_table
f05cd18872164e75d946139c27cc9844,2.0,675.0,33.0,7.0,30.0,bed_bath_table
c7843df62cbb199241a00e90a988aac2,2.0,250.0,70.0,8.0,45.0,bed_bath_table
ff7c7524d5f9a8386ab27088ec03c1fb,2.0,1000.0,40.0,10.0,30.0,bed_bath_table
935f558c04547a5f298f32c65d665c23,2.0,1350.0,50.0,16.0,16.0,bed_bath_table
ea3be87c5c6c69043c9eb7836199c200,2.0,600.0,60.0,9.0,50.0,bed_bath_table
ced87016b816472a7e668e311d127ae0,1.0,1800.0,28.0,10.0,24.0,bed_bath_table
42a5c4d918ca01a2dcb5baf385d64200,1.0,6600.0,20.0,30.0,30.0,bed_bath_table
4ea626d476d64c8230844ea3ae17c3b9,4.0,2555.0,55.0,17.0,48.0,bed_bath_table
ad0bce7600c071e450d162970917de7d,2.0,750.0,50.0,16.0,16.0,bed_bath_table
50147c350ddbaff0646aeac455c7473e,6.0,4200.0,56.0,37.0,49.0,bed_bath_table
acff82f566da3a3d6e33d770bfbe9ce2,1.0,1300.0,45.0,25.0,35.0,bed_bath_table
a787d9cee40e9de33b13d740c32359e8,1.0,2500.0,35.0,10.0,35.0,bed_bath_table
ebf24ee072330cc6f6ff44a74185d716,2.0,483.0,44.0,6.0,33.0,bed_bath_table
35c7e6723b080a78be6fc25d81eff5ea,1.0,1350.0,45.0,15.0,35.0,bed_bath_table
6d12af216c3a452ad40ca5ccb6f15929,3.0,1000.0,22.0,13.0,17.0,bed_bath_table
113f80f12c8892f0c59206f70b862b40,1.0,250.0,16.0,10.0,16.0,bed_bath_table
a1a3ba5db44e0714148c89186c04c01d,1.0,1400.0,45.0,25.0,35.0,bed_bath_table
9712e67c33f564648b46afc6505db72a,2.0,900.0,50.0,5.0,50.0,bed_bath_table
f03db1ea02e265f0f1a5ae2a5e0984a7,1.0,1200.0,20.0,30.0,30.0,bed_bath_table
d966b3fb4175fb014b8c120ac820a41d,2.0,1200.0,50.0,8.0,50.0,bed_bath_table
56bf569283c7e75dbd7bd5ebaf6339e4,2.0,600.0,70.0,10.0,50.0,bed_bath_table
00d2fa6f2a87633084c8e0400d41a65a,1.0,18550.0,54.0,35.0,45.0,bed_bath_table
53713c210da42f7fd172e7853020ddf6,1.0,800.0,40.0,4.0,30.0,bed_bath_table
363218ba55c610b750224f90bdd34be1,1.0,1813.0,67.0,12.0,47.0,bed_bath_table
7cfb84c1323fb861a17478de42b1839f,3.0,1450.0,37.0,23.0,35.0,bed_bath_table
015e04445dedbd5da301ef29cbb03f83,2.0,550.0,70.0,10.0,40.0,bed_bath_table
0d8a610fba87a613abc873be8d164bb7,1.0,2000.0,29.0,8.0,38.0,bed_bath_table
410fdf98ab61894c35ffe4e1f76e204b,1.0,850.0,36.0,14.0,26.0,bed_bath_table
4a1a97d058036c89da35d3e66bcaa5d7,1.0,2450.0,43.0,12.0,34.0,bed_bath_table
539cf9fd268552759c133043a1dcc5f8,1.0,700.0,16.0,10.0,16.0,bed_bath_table
c3da218d508e5f56c8b7f9e254ef8cef,1.0,500.0,25.0,10.0,20.0,bed_bath_table
b8355aca8662d7e0c913ed67412d8ecc,1.0,750.0,50.0,11.0,40.0,bed_bath_table
8d37ee446981d3790967d0268d6cfc81,1.0,1100.0,16.0,10.0,16.0,bed_bath_table
8268f227748ea57889478c74ca12d151,2.0,14550.0,50.0,14.0,70.0,bed_bath_table
d800be06cad2262f48d1c2982fd31189,1.0,1950.0,58.0,15.0,46.0,bed_bath_table
cdc67f292e1e8ca492ec7b16ab5bf299,2.0,800.0,60.0,8.0,60.0,bed_bath_table
43d08d005661de0f514987971512b9fd,1.0,200.0,16.0,40.0,30.0,bed_bath_table
271267c730bcc8b1f657e6c0bfbe058c,2.0,750.0,70.0,10.0,20.0,bed_bath_table
d4cbb6517d22b1d8114cb1dcbd40cb25,2.0,700.0,50.0,16.0,16.0,bed_bath_table
59f45392c714ab32c9902fd909411e3e,1.0,1550.0,40.0,15.0,32.0,bed_bath_table
8aa87bc5f3053b4df2b05a2d3059790b,9.0,1400.0,16.0,15.0,15.0,bed_bath_table
c3c47cc2c109b294de98015792804e64,1.0,1525.0,33.0,10.0,21.0,bed_bath_table
71d22271ee986bf5a46a2c199da0265b,4.0,850.0,35.0,10.0,25.0,bed_bath_table
aba4ddea6c5ac1d37fd10898ac1e8bf4,1.0,1550.0,47.0,12.0,37.0,bed_bath_table
a71d0bc0c279b81bda788ecaca585ca5,1.0,9300.0,45.0,15.0,35.0,bed_bath_table
6743e2040ded41c39d0df37e1ab6667f,2.0,3000.0,34.0,8.0,41.0,bed_bath_table
c5fff00bf5f821911d676badbb286675,1.0,1550.0,35.0,9.0,36.0,bed_bath_table
40540b68d7fd077e46c33308fb59c2f5,1.0,900.0,60.0,15.0,50.0,bed_bath_table
895fc53d66ecb6c1afc40138dbc2a73c,3.0,600.0,41.0,14.0,14.0,bed_bath_table
4c2a4ab2efb349db80f195f4b122eb6b,1.0,550.0,30.0,8.0,26.0,bed_bath_table
56a46955ecaf11d037f22e3f11b903d7,1.0,5350.0,16.0,50.0,40.0,bed_bath_table
13b4ff901d43edec666e3253b14b3a8f,1.0,23450.0,16.0,10.0,16.0,bed_bath_table
c32b1155b886162db8e1ec114699a799,1.0,825.0,25.0,18.0,40.0,bed_bath_table
88646c24f1972c70b1da7ab8ff378d8f,1.0,850.0,40.0,20.0,20.0,bed_bath_table
a565c2e7c2af3eaf353b14a2e82daa53,1.0,2150.0,40.0,10.0,30.0,bed_bath_table
249da6972f14b13495be6a75239e9a91,1.0,750.0,30.0,5.0,26.0,bed_bath_table
5570e58fb62fc2a83e5bda3974e35be5,1.0,1050.0,38.0,10.0,38.0,bed_bath_table
64e054669023deb2bfa82f61a2829404,1.0,1550.0,38.0,10.0,38.0,bed_bath_table
8b9c8e85433275b6ff2beec69943e2c3,2.0,563.0,44.0,8.0,35.0,bed_bath_table
4cd6ba4ea3112de8fc238307c4dc6307,3.0,1000.0,35.0,8.0,25.0,bed_bath_table
c9e2166d65e4f9986c1ed219bb5f8606,1.0,5210.0,60.0,23.0,54.0,bed_bath_table
92d9e76c3678dc402b5d1a49f1ccc7f2,1.0,2550.0,45.0,13.0,35.0,bed_bath_table
10262dd1d69315c5a855b40812520578,1.0,800.0,50.0,16.0,44.0,bed_bath_table
315c6373ff469f7b7f60bbb36c319f7b,1.0,550.0,20.0,10.0,15.0,bed_bath_table
67d1732a904be023de826d53879c3534,2.0,650.0,50.0,5.0,50.0,bed_bath_table
8fdce6f1db3b75b035989f673164487e,1.0,900.0,16.0,16.0,16.0,bed_bath_table
e5ea77a1575b40961598bca64f081976,3.0,1500.0,45.0,15.0,35.0,bed_bath_table
fc5db2fc460f284583971cf23f3fc75e,1.0,650.0,34.0,18.0,44.0,bed_bath_table
8e070d077d43019c6ab43765f69d8401,1.0,1200.0,60.0,15.0,40.0,bed_bath_table
4f88323d03ffaf090b8fb0116b33c95e,1.0,1700.0,30.0,5.0,30.0,bed_bath_table
3c40f1198e8e92e3c84c84bf8a8e1f0e,1.0,450.0,40.0,4.0,30.0,bed_bath_table
22d4437444eadc9f1c695f24d3f1aac5,2.0,5200.0,31.0,43.0,21.0,bed_bath_table
37246960437c4a40a03c40f0ea2e957c,1.0,1800.0,38.0,10.0,38.0,bed_bath_table
7488482ecdc1096af0d1f23338dbdb4d,1.0,650.0,20.0,2.0,15.0,bed_bath_table
e8545000ce984caa603de4cfa1e0c5a6,1.0,720.0,32.0,4.0,26.0,bed_bath_table
3e13b2ef84dd5351ce75832722d8a1e2,1.0,350.0,37.0,5.0,30.0,bed_bath_table
a99b48b5e48dad4129ce5bb0cd079153,1.0,2550.0,35.0,9.0,33.0,bed_bath_table
c6bc6e6265a9e3e202b0e843c983e77f,1.0,950.0,16.0,10.0,16.0,bed_bath_table
48cd33248ca35fac04a3b751ac966810,1.0,350.0,20.0,10.0,20.0,bed_bath_table
d29e5a0b39b09b0f48f685968cf4f833,2.0,300.0,40.0,8.0,30.0,bed_bath_table
321cea6c65a44a9abde31f677f976c63,1.0,1450.0,38.0,18.0,29.0,bed_bath_table
6dc18860905adba3a2d55fc1298f1701,1.0,600.0,20.0,10.0,15.0,bed_bath_table
bd4b8ef786f95b66ded2f483293318ea,1.0,2200.0,45.0,15.0,35.0,bed_bath_table
ff7aa48b8bc68495866b40c4010d58c9,2.0,1800.0,30.0,15.0,30.0,bed_bath_table
5bfc7506459ae2a7b4b573fe557a58e1,1.0,800.0,45.0,15.0,35.0,bed_bath_table
0ff06f670421802f36a7082dc962c6fb,1.0,5700.0,60.0,20.0,40.0,bed_bath_table
b182ae89270d77dd4a99aa1c72e40480,2.0,17450.0,40.0,20.0,30.0,bed_bath_table
29a0f402bfb08e1e4602102eea060d04,2.0,400.0,50.0,8.0,35.0,bed_bath_table
71eb412501d048544056785e00b1889a,2.0,13250.0,50.0,40.0,55.0,bed_bath_table
b09790edda54333116f9cf1decc580a1,1.0,400.0,40.0,4.0,30.0,bed_bath_table
3609e71ee429fe986330f9709564fdfe,1.0,1200.0,29.0,8.0,38.0,bed_bath_table
9f4a55260fae788c26fcbb2b934ffa52,1.0,1400.0,46.0,2.0,36.0,bed_bath_table
f86ab7cb275f6f3343848966310160e3,1.0,650.0,16.0,10.0,16.0,bed_bath_table
0fdfe56a4dfd7aab5a321fe89f7fc63d,1.0,1350.0,35.0,15.0,25.0,bed_bath_table
13b6735a82ec831943957f19fe66f71e,1.0,1500.0,38.0,8.0,28.0,bed_bath_table
37ca4ae4320cdda8a0ef625049f4cb88,1.0,1900.0,30.0,20.0,70.0,bed_bath_table
f6f3ed4a8a7846316a1295a5a1f531c3,2.0,400.0,50.0,11.0,11.0,bed_bath_table
565a133f9141f4a8a1b51562afdf4c1e,4.0,3500.0,40.0,15.0,30.0,bed_bath_table
6e6871e43a893c9ae57beb404ec02067,1.0,1600.0,28.0,6.0,28.0,bed_bath_table
4328139cbe9adde0aac493ca9871eab3,2.0,1150.0,30.0,10.0,30.0,bed_bath_table
abf7c583f35ff13ce82c05debdef8ef0,2.0,650.0,35.0,5.0,25.0,bed_bath_table
c0fc1b0ec16005c9a01f5795e23235c2,1.0,400.0,40.0,4.0,30.0,bed_bath_table
d466e01b668c15dcefe2e800e1557ab5,5.0,800.0,40.0,10.0,30.0,bed_bath_table
049ac5dce8536884a652ce73c58022ab,1.0,250.0,26.0,6.0,20.0,bed_bath_table
ea5e798481ff9bb1edc6823d98d83634,1.0,650.0,20.0,16.0,20.0,bed_bath_table
023a60ac6b3484afe23d788ce2444df0,1.0,14300.0,45.0,15.0,35.0,bed_bath_table
292339442aafc77526bf025a199db898,2.0,12100.0,56.0,21.0,59.0,bed_bath_table
38da2dd3fddf4b5eda6d46d781fde41b,1.0,1150.0,29.0,15.0,15.0,bed_bath_table
7e7b779b89f4a8db5303391167c0377e,1.0,1150.0,32.0,5.0,30.0,bed_bath_table
44053ed0088d0655ed338810cd2d4d51,1.0,6900.0,64.0,17.0,53.0,bed_bath_table
c1617123e66d2491ca93ceadfd36203e,2.0,1050.0,32.0,5.0,30.0,bed_bath_table
0be487faac01dd57fd7ed17cfbdf2dee,1.0,300.0,40.0,4.0,30.0,bed_bath_table
c6551980937d526509d73caffd222a1b,2.0,650.0,30.0,10.0,20.0,bed_bath_table
968439b7a7310e1a62e2b36d7a581403,1.0,2250.0,25.0,25.0,25.0,bed_bath_table
8c89b3cebb0a18a89a173e79375b44bf,1.0,9350.0,45.0,40.0,40.0,bed_bath_table
f30a908aadfed5d9edd5619eef796819,1.0,1650.0,40.0,6.0,29.0,bed_bath_table
37c1807e0414c64365b34aac29e0d186,1.0,900.0,34.0,7.0,32.0,bed_bath_table
fcdb929c70287379ce31deed3f733d72,1.0,1625.0,41.0,30.0,33.0,bed_bath_table
4c9d4ba4d612c9cb5c7180d711077d33,1.0,1800.0,40.0,8.0,35.0,bed_bath_table
844db1c4faa883826f99972c1ce3895d,1.0,650.0,30.0,10.0,25.0,bed_bath_table
a6509ce76da01c1027fea6d7aae4099d,1.0,2250.0,25.0,25.0,25.0,bed_bath_table
f045db2493d42bb131ef8e37c3aef061,1.0,5600.0,35.0,35.0,35.0,bed_bath_table
39aa98469aa7460a9764311b3f8efb12,2.0,350.0,25.0,8.0,19.0,bed_bath_table
2a2d22ae30e026f1893083c8405ca522,2.0,8350.0,50.0,27.0,38.0,bed_bath_table
f1101904aa253b3812582e5df6cc09ee,2.0,1250.0,50.0,11.0,11.0,bed_bath_table
43c78a3f875907bf2e94679f591c4724,1.0,900.0,40.0,2.0,30.0,bed_bath_table
ff50a7795bf14586aeb06610fae49095,1.0,2100.0,60.0,10.0,40.0,bed_bath_table
ea0342e49437a3633a3a35c326aa1e46,3.0,940.0,35.0,20.0,48.0,bed_bath_table
20dfc860c4bf533f00053ad778d01a66,2.0,5175.0,54.0,31.0,46.0,bed_bath_table
f5878588566e438fc92fbe0cc38d4cac,1.0,5850.0,56.0,17.0,51.0,bed_bath_table
6931796bb4e63c4dd0919290c8cb699e,1.0,1800.0,30.0,10.0,38.0,bed_bath_table
51c6445e30f155ba9dcbca79b13edf36,1.0,2250.0,34.0,8.0,32.0,bed_bath_table
08a02dac474e64a14808f8078407eff2,2.0,4850.0,43.0,15.0,33.0,bed_bath_table
0c8ff033bfaf9bd1d24ab20a8ea2914e,1.0,2750.0,45.0,8.0,39.0,bed_bath_table
7d351c4e73f90af8f1e092a95bf57a3c,1.0,600.0,20.0,30.0,30.0,bed_bath_table
b69e1a77c55daed30e26f8a1fc534424,1.0,200.0,20.0,12.0,20.0,bed_bath_table
18796df281656da4036dd926561a6030,2.0,500.0,52.0,6.0,40.0,bed_bath_table
e56b42f71554ce1f5b7dbd07ec8dca6d,1.0,850.0,16.0,10.0,16.0,bed_bath_table
3458b4c1fcbe46e2eedb48e00960a60e,2.0,1700.0,20.0,45.0,35.0,bed_bath_table
8038040ee2a71048d4bdbbdc985b69ab,1.0,0.0,30.0,25.0,30.0,bed_bath_table
d0c118c2509abde6fdad3d7bac3ebef5,2.0,4233.0,27.0,40.0,43.0,bed_bath_table
7ab3f33e0baeb7d996e1f95d25acc003,1.0,850.0,25.0,15.0,15.0,bed_bath_table
95320d70592f898880af9c3d5394728c,1.0,3783.0,70.0,20.0,50.0,bed_bath_table
c31539851232e3accbf0ef4c571f97f2,1.0,500.0,16.0,10.0,16.0,bed_bath_table
a54f6200fb09c904053b05461c2e91f8,1.0,2400.0,48.0,18.0,36.0,bed_bath_table
925e74f05a815d63be377531002e29b3,1.0,1500.0,36.0,14.0,36.0,bed_bath_table
4b2653088591de362e6ba85b4a474c75,2.0,18800.0,40.0,30.0,50.0,bed_bath_table
1379437fdb5620cec92ee180f1f16ebd,1.0,3300.0,45.0,15.0,35.0,bed_bath_table
bf2ccdfcde5e9644cc41491d56f4921a,1.0,2000.0,40.0,15.0,40.0,bed_bath_table
01849445c151d94a1f0cfff03c9ed154,2.0,1200.0,34.0,6.0,41.0,bed_bath_table
165b735d5e65bee3592afb5d43af3397,1.0,817.0,32.0,6.0,28.0,bed_bath_table
80728f3330e40b60b5ebfa9c6f740b8c,1.0,3600.0,45.0,15.0,35.0,bed_bath_table
804b8b7fa3fa43cfed7ceaa5fa0f6898,1.0,750.0,30.0,4.0,24.0,bed_bath_table
341624e20527d473745831850a7263ea,1.0,900.0,38.0,20.0,28.0,bed_bath_table
b469675b10244fe989f232d3b38b41f4,1.0,1581.0,42.0,18.0,36.0,bed_bath_table
48f27eae43a6ecfccfd61052113cd322,2.0,600.0,55.0,10.0,50.0,bed_bath_table
1d2b9594d78df158a9dadc8fd3438d4a,1.0,550.0,16.0,10.0,16.0,bed_bath_table
d6bdc30ad1fdc8e4ee7d1712df81357b,1.0,1350.0,36.0,6.0,36.0,bed_bath_table
d9d2b0bf83edf2fe776c707efe5d0b41,1.0,3200.0,35.0,20.0,30.0,bed_bath_table
595b8278e4e5c52c86a4da3812b70081,1.0,2450.0,16.0,2.0,11.0,bed_bath_table
cc4a0eb659a396153f572dddc1c098a4,6.0,333.0,25.0,13.0,23.0,bed_bath_table
a2a1d57880bb40e60b59530ba0177ccf,2.0,900.0,50.0,11.0,11.0,bed_bath_table
830102bc96abe72181372676df005601,1.0,2250.0,42.0,16.0,36.0,bed_bath_table
0d16d327b79bf9a0ccc7a4fa02ff7a83,1.0,400.0,20.0,10.0,20.0,bed_bath_table
1034b97aafcca692c8a2157f58f5b637,2.0,467.0,45.0,4.0,35.0,bed_bath_table
707cd72f139010dc381720ad8a4010e7,1.0,700.0,30.0,3.0,26.0,bed_bath_table
c8c969c3a6423f48df9fde8a13e6770b,1.0,550.0,28.0,4.0,22.0,bed_bath_table
5b2b72f58d212a6e4733884ef0ece564,1.0,3000.0,45.0,19.0,35.0,bed_bath_table
6d3dc397c315b4afa15c2cedda354740,1.0,600.0,45.0,15.0,35.0,bed_bath_table
f8fd25407acaa78a395f224cbdc062c8,5.0,1600.0,35.0,8.0,35.0,bed_bath_table
4a345c3b756b1f0089af0f3bf0ad8202,1.0,1900.0,37.0,25.0,36.0,bed_bath_table
fe6f03cedd96bcbc5c8726c5963fd35c,1.0,1250.0,20.0,16.0,20.0,bed_bath_table
759a621a474d573cb8c2e402a51955bb,1.0,750.0,31.0,9.0,26.0,bed_bath_table
c0f0a0118a333081ca6786f7661c3853,1.0,3300.0,46.0,15.0,35.0,bed_bath_table
85af7fadae5de53760a7d131bdf776f7,4.0,250.0,16.0,22.0,11.0,bed_bath_table
04fd8d64a2539d188bef33bb288410bb,1.0,800.0,45.0,10.0,30.0,bed_bath_table
ea9c7e08863cdaf1e40261c8b6c005a4,1.0,1700.0,31.0,8.0,24.0,bed_bath_table
9d717f96236e39a3dbe6326b9d51d681,3.0,450.0,27.0,6.0,22.0,bed_bath_table
9246f7bd279121747dcb909a41f44df2,1.0,400.0,36.0,6.0,26.0,bed_bath_table
c5d4587c8ff1775a879008a4f804eb70,1.0,1750.0,35.0,35.0,20.0,bed_bath_table
fe4098f3eb43b02ba19c15d81bde2b2d,2.0,1500.0,30.0,10.0,25.0,bed_bath_table
af680b3406a3179e4a4c2051c5384cfd,1.0,950.0,28.0,14.0,16.0,bed_bath_table
9a8200a7f3448bfb18683080c03b54b1,1.0,2000.0,42.0,12.0,34.0,bed_bath_table
c395a11dd90b985496c100861b7c4710,3.0,150.0,16.0,6.0,20.0,bed_bath_table
d90e83fe1a0e31440db1dc015f1c1512,1.0,150.0,36.0,4.0,28.0,bed_bath_table
a84c7b893ea37674ef896fa866793e7d,4.0,3950.0,45.0,10.0,40.0,bed_bath_table
a846839e8367f61f140f082e5ffef625,1.0,2220.0,20.0,30.0,30.0,bed_bath_table
151133751552ad5bdd6645dfdcb0e728,1.0,1475.0,38.0,11.0,30.0,bed_bath_table
9cc29fd22ea5b1a3e7f95ba41ae039c5,1.0,700.0,60.0,8.0,50.0,bed_bath_table
85b39215c2d7de985b5a34b759255d03,1.0,1700.0,30.0,16.0,40.0,bed_bath_table
db26a82710b642e5d25b7ae009cdcff3,2.0,1200.0,70.0,10.0,50.0,bed_bath_table
f10d3472b287e627cf92e5ff1d8b88f2,1.0,900.0,37.0,23.0,35.0,bed_bath_table
e390a486e30fd924501447fb663de0b7,1.0,1000.0,29.0,8.0,34.0,bed_bath_table
d4fe034cde911805af12724d73fde7e0,1.0,1100.0,20.0,16.0,20.0,bed_bath_table
428142062f95deb5d5c834e4f0313000,2.0,1025.0,30.0,8.0,20.0,bed_bath_table
19c3fb52d07985c61da89d4fb7f66cad,1.0,950.0,16.0,10.0,16.0,bed_bath_table
11e5f8670ab66f75fd2b979a6d2a14b2,1.0,4600.0,50.0,23.0,36.0,bed_bath_table
70b487a87fee25bc56455501bdc83501,1.0,3000.0,42.0,12.0,40.0,bed_bath_table
39f3ae59da5b8f220b4a98a157b93af2,1.0,2550.0,40.0,10.0,30.0,bed_bath_table
b21239d9e018b809f9c5a9707b214235,1.0,850.0,25.0,15.0,25.0,bed_bath_table
44aadbb26d5c81d9846b0c48bc00d7a3,1.0,575.0,34.0,17.0,28.0,bed_bath_table
f58f86b3091f0a1080607870539f2e56,1.0,303.0,26.0,23.0,23.0,bed_bath_table
4b9a4b0697670351564e07258fa677ee,1.0,650.0,16.0,10.0,16.0,bed_bath_table
de6613726492b95ae1c23f0c2a0121e1,2.0,800.0,16.0,20.0,16.0,bed_bath_table
f0290bc56bf94b187683c02b638c181f,1.0,1650.0,16.0,10.0,16.0,bed_bath_table
63dfa8b12200610ed7b5e41d3c888a25,2.0,1250.0,34.0,6.0,41.0,bed_bath_table
7304acc3196eb4cb479464c421de747f,1.0,7700.0,20.0,30.0,30.0,bed_bath_table
3d2c99e2be6594fc0a56af7754498c7b,1.0,21500.0,58.0,50.0,49.0,bed_bath_table
063daeb82f41e36a160549515ef28e75,1.0,1975.0,43.0,10.0,33.0,bed_bath_table
ea43b87d74397400228d42e26adb7f24,1.0,300.0,16.0,12.0,11.0,bed_bath_table
20c69858ff6c402d1713747d81b5c23f,1.0,1550.0,37.0,9.0,30.0,bed_bath_table
580f59d167b4ded91943ef2b1f3d0077,1.0,400.0,45.0,15.0,35.0,bed_bath_table
183219d1fb636eb94e843223054122ae,1.0,1800.0,30.0,20.0,70.0,bed_bath_table
abafccbe06074c732dceed6675d5a7ac,1.0,594.0,15.0,17.0,24.0,bed_bath_table
0f5d0170c03b333aa1a44fa11e040e75,2.0,900.0,40.0,4.0,30.0,bed_bath_table
b808914cdb615d812fd24aab699cf952,2.0,3100.0,47.0,21.0,41.0,bed_bath_table
baf59a3a8f15ea34f04394f44bad573a,2.0,450.0,43.0,48.0,43.0,bed_bath_table
e4bb5bd18b0b3b6e9b7107ecf4fd11cc,1.0,1800.0,45.0,15.0,35.0,bed_bath_table
655110abedc57d73d3b2150d8ba2092a,2.0,1250.0,30.0,10.0,30.0,bed_bath_table
ac4de777c210c46c3aea5fd5703d2a16,1.0,375.0,28.0,5.0,19.0,bed_bath_table
13b65def7883556df481f81caf3908c2,1.0,1000.0,16.0,10.0,16.0,bed_bath_table
4cfd7d1aae59a0b4f117e39ccbb0deec,1.0,900.0,29.0,4.0,36.0,bed_bath_table
9111e84f174a6bef20d95fa5d5f8dde2,1.0,1625.0,43.0,8.0,31.0,bed_bath_table
b8f2f150810c5ddaef91dc06f045c597,1.0,550.0,16.0,10.0,16.0,bed_bath_table
fb8ec7f3124032e812713f60633e6167,1.0,1050.0,35.0,3.0,30.0,bed_bath_table
29353bc591cb0f1a7cfa75382a0c6170,1.0,1900.0,48.0,8.0,39.0,bed_bath_table
902746d948b5ade6ebe39e5930992bde,1.0,2750.0,49.0,13.0,45.0,bed_bath_table
6177675afbea0665b11380c36caf10bd,1.0,1700.0,45.0,15.0,35.0,bed_bath_table
6e2a68aa94eb2a3b5b3499bf2314d544,2.0,1900.0,40.0,10.0,30.0,bed_bath_table
47d8c187a4b3aaab2ecc32715203de8c,4.0,1500.0,55.0,17.0,48.0,bed_bath_table
df44d84f970884476b76a32ddf1ace55,2.0,300.0,70.0,8.0,40.0,bed_bath_table
2ba4f78910f6fe61e7ae7bfa4efe2726,1.0,380.0,34.0,21.0,40.0,bed_bath_table
3e9d1d635c7325575515ee564ea54556,1.0,2900.0,45.0,25.0,35.0,bed_bath_table
d2ff5f62363de6bace21676323900d0d,1.0,12050.0,60.0,30.0,40.0,bed_bath_table
bc9f168ac01066f4f007d17ee4e2ea6a,1.0,600.0,20.0,10.0,20.0,bed_bath_table
29ee9b71de5e569cdb8256ae5c854fd4,1.0,950.0,16.0,10.0,16.0,bed_bath_table
090481b27cff4d143f62be584cba5ed1,1.0,600.0,34.0,17.0,28.0,bed_bath_table
c5e31bcea566d7f28ebc011e9fee182f,2.0,800.0,16.0,10.0,16.0,bed_bath_table
08e2ebd22ce2347ede845d0f3b64270c,1.0,4900.0,40.0,4.0,30.0,bed_bath_table
6aa4055e16d1128cc90fc11fb43b7082,1.0,588.0,24.0,13.0,31.0,bed_bath_table
2150745318bfb3f51bb7b99fb9b38ca7,2.0,1695.0,36.0,9.0,35.0,bed_bath_table
2e9ebd07bf8a1740376abd8be93f6fb9,1.0,20600.0,45.0,15.0,25.0,bed_bath_table
030f129f7f4681d3996e2531840057af,1.0,800.0,25.0,5.0,25.0,bed_bath_table
b09498d706ad48db2b1a2275d92b41f9,1.0,2350.0,43.0,13.0,40.0,bed_bath_table
48ef156012e010507e2e96a9ef9e79f0,4.0,5683.0,47.0,36.0,56.0,bed_bath_table
3472b106bf41b1e7223330cdfb8a3673,1.0,250.0,40.0,4.0,30.0,bed_bath_table
5cf32074c765ce825b53e1241b79e544,1.0,1000.0,36.0,16.0,36.0,bed_bath_table
7a1fcafd251c9e1014d0e9a88a5fcc46,2.0,1800.0,43.0,8.0,33.0,bed_bath_table
ebf969336461d98e41d31673d8af75ba,1.0,900.0,38.0,6.0,29.0,bed_bath_table
e52df1e744f358d08c58c2371609d616,1.0,1600.0,35.0,8.0,35.0,bed_bath_table
5fc9976b2e864ae065866725645c716e,1.0,2630.0,26.0,21.0,23.0,bed_bath_table
31e3036d804e63b859b964d0c8bf9ddf,1.0,1100.0,22.0,22.0,22.0,bed_bath_table
c66f4d77ea8fb8fb4cd25ecc70dbacf7,1.0,3400.0,48.0,16.0,35.0,bed_bath_table
eb2b562ff5f5dd3af46e13264146f0c0,1.0,4000.0,42.0,16.0,36.0,bed_bath_table
838445b2f00d1f21a97ad3f33f93a956,1.0,300.0,36.0,6.0,26.0,bed_bath_table
ac4e5dadd39e115c7e7d1f72e8ef128b,2.0,7130.0,50.0,17.0,43.0,bed_bath_table
16e1eefb15c1601a11fefb18fd3d6036,8.0,1225.0,43.0,38.0,37.0,bed_bath_table
afcb7e4c28a7bd94e28dc126c3968c6f,1.0,3500.0,37.0,20.0,60.0,bed_bath_table
34c7fd3fa27cf255abc9ac1f3120e35e,1.0,700.0,20.0,30.0,30.0,bed_bath_table
128d1c88b601731fe8ed4044b1ae7a6a,1.0,650.0,34.0,18.0,44.0,bed_bath_table
6a0713a63e990052795623e76cc2995e,1.0,900.0,40.0,4.0,30.0,bed_bath_table
c23bb9673ec1f70f31171d5a7dff1260,1.0,550.0,16.0,10.0,16.0,bed_bath_table
22c5e15506cbdfe5acd1b6a89e607868,2.0,647.0,30.0,5.0,29.0,bed_bath_table
36ba42dd187055e1fbe943b2d11430ca,1.0,0.0,30.0,25.0,30.0,bed_bath_table
afbe1e973aefbf72a330e3bc72d4b476,3.0,1450.0,45.0,15.0,35.0,bed_bath_table
d30115c5c4af6437de4bbf9faa668de1,1.0,250.0,40.0,4.0,30.0,bed_bath_table
c801dac0ec4865c5d42cf44b03a7d626,1.0,850.0,20.0,12.0,20.0,bed_bath_table
9cbe4a1fd4db99c14512e9b2ff033ec4,1.0,500.0,40.0,4.0,30.0,bed_bath_table
4f897da4ce74100b6cedfb66916f205d,2.0,1050.0,40.0,10.0,30.0,bed_bath_table
98495a200164656ae8cbfe649729ba4d,1.0,1000.0,70.0,20.0,50.0,bed_bath_table
efaeb3361423a3cb388b7bf8741ca075,1.0,1800.0,42.0,7.0,35.0,bed_bath_table
62cf23497081c863dc4b2935c279d5a0,1.0,2700.0,20.0,15.0,20.0,bed_bath_table
3ea30fb7b4c6d17f44c1594a713c224c,1.0,1100.0,34.0,7.0,32.0,bed_bath_table
b05fae603a3a28a977633c139cece058,1.0,525.0,39.0,14.0,33.0,bed_bath_table
de01db017586d557505e72625f9f49d4,1.0,2600.0,42.0,11.0,36.0,bed_bath_table
94e6d7727bd670351f1a806a221d1dba,2.0,1300.0,50.0,5.0,50.0,bed_bath_table
20f9d67f27a7593da8c9e8981d4f81c8,1.0,500.0,20.0,10.0,15.0,bed_bath_table
8084d3582278c047f32ce0b24a42869d,1.0,641.0,35.0,4.0,26.0,bed_bath_table
04f982a576e5d149919df37e292fa79e,1.0,5800.0,58.0,50.0,49.0,bed_bath_table
f5f8b37f379db82195a477981fdd5ccd,1.0,200.0,16.0,12.0,11.0,bed_bath_table
608e8b2a725333b7f6c8cec028b90698,1.0,200.0,21.0,8.0,12.0,bed_bath_table
1f58ebdc810e1d5c7cead7f763c27a94,1.0,550.0,30.0,5.0,25.0,bed_bath_table
818b2f7d6fe6abc4575e94c7dcccfcc4,1.0,1200.0,67.0,11.0,47.0,bed_bath_table
6c78bff5bec87601a4039b471189c489,2.0,1500.0,50.0,10.0,40.0,bed_bath_table
77a42b3538a80ebe0556a6d9f3a40483,1.0,1500.0,30.0,15.0,20.0,bed_bath_table
3a081630438070b86de554fac9edcc7a,1.0,900.0,25.0,5.0,25.0,bed_bath_table
75fd4b482095ed05dd23030260e65300,2.0,3250.0,37.0,10.0,40.0,bed_bath_table
6eb6618376baf873225738ce4fe760ac,1.0,300.0,36.0,6.0,26.0,bed_bath_table
4f130a13e2dd77a6f88f31e7addcec0c,2.0,500.0,50.0,10.0,45.0,bed_bath_table
f4e6bfb807b4a576105982a590147673,2.0,367.0,48.0,4.0,40.0,bed_bath_table
88821a8093b316b2679fd44c828a31c2,3.0,500.0,36.0,8.0,38.0,bed_bath_table
fc1d8637c0268af3db482c14b7ef8e75,1.0,1700.0,34.0,7.0,32.0,bed_bath_table
12d73d80462aa0c73d8a6a9f77e127f0,1.0,1650.0,47.0,21.0,41.0,bed_bath_table
c55065b87cbfeb89e7714d838d588afd,1.0,2300.0,40.0,7.0,30.0,bed_bath_table
02ed3b595447e948efc3eac897e4df0e,2.0,725.0,31.0,7.0,31.0,bed_bath_table
6358f5d1f8bea46b44615a9eaad26f81,1.0,700.0,16.0,10.0,16.0,bed_bath_table
5101f008a270fb10336de6703f32221e,1.0,2400.0,30.0,30.0,30.0,bed_bath_table
f9d32dfeb09bfb527111ca6c7a06f2ee,1.0,2950.0,20.0,30.0,30.0,bed_bath_table
7f723c53515b44e16b93397c4149afdc,1.0,9625.0,50.0,30.0,35.0,bed_bath_table
1bb0f142789375f5709d08b2f2355c2b,1.0,4050.0,40.0,12.0,38.0,bed_bath_table
1434a45fb0e95dd43f674ddff1df8ca7,1.0,2000.0,35.0,10.0,25.0,bed_bath_table
0609678aec06f28cd8e177550d26e73b,1.0,1400.0,20.0,30.0,26.0,bed_bath_table
366655b7359eec947f873c83398a2548,1.0,300.0,16.0,10.0,16.0,bed_bath_table
4f71868d83b41619b1159399663a0e67,1.0,11500.0,50.0,25.0,25.0,bed_bath_table
3ebbc0870d51b62783c45e0e61ccb78d,1.0,400.0,18.0,8.0,18.0,bed_bath_table
64ea282a67530101b655f890b4ac8e90,1.0,300.0,45.0,15.0,35.0,bed_bath_table
94396cdadbac626041d3349bc6bbc558,2.0,350.0,45.0,16.0,20.0,bed_bath_table
724fe07643503d3d092cd5017207c164,1.0,800.0,29.0,9.0,22.0,bed_bath_table
c88e123d9b0b4aca866a9ed646b7a72f,2.0,2908.0,67.0,15.0,48.0,bed_bath_table
6eae8bb77df405fcfe9161b1d694f70c,1.0,1000.0,16.0,10.0,16.0,bed_bath_table
5cf189f48af24c605a16bcdb701df823,1.0,750.0,45.0,15.0,35.0,bed_bath_table
c9b8a74a8865b966e660cc1f7b4e32a9,1.0,18050.0,16.0,10.0,16.0,bed_bath_table
a12fc4a1c79238df0015e1a0c48f0314,1.0,1500.0,46.0,3.0,34.0,bed_bath_table
b81acdcca96f82c5ee01cb299f086a91,1.0,1250.0,35.0,10.0,20.0,bed_bath_table
42540fea6f9b72c5c6f0e426b733cf08,2.0,200.0,25.0,5.0,20.0,bed_bath_table
c18dfe3165eaa55de9ec8f462cd7556f,2.0,500.0,30.0,10.0,30.0,bed_bath_table
6a3bbf3124c96579f7cd0b2519490cd2,2.0,1500.0,50.0,16.0,16.0,bed_bath_table
7f5a2ea09fee327672a7cf2f97d40242,2.0,1250.0,25.0,10.0,25.0,bed_bath_table
e25a1bed3de19f42a0719cff1c771436,1.0,1250.0,19.0,17.0,22.0,bed_bath_table
fd28b464cf1660a67606f7b48c8c38c6,4.0,700.0,32.0,11.0,23.0,bed_bath_table
4247b4b7b6026cb234f47c0b95193997,2.0,3550.0,45.0,15.0,35.0,bed_bath_table
d5d6b56db7971e5aeb2c676fa9821d65,1.0,2150.0,16.0,50.0,40.0,bed_bath_table
cd304278981c392c0b5ea2de4bcb6e2b,1.0,1400.0,30.0,5.0,30.0,bed_bath_table
2ab38f02a646dc3972785867d5234306,3.0,950.0,36.0,6.0,27.0,bed_bath_table
2f774e2a255ff8cdb3e0f8568c969dc4,1.0,1500.0,55.0,25.0,35.0,bed_bath_table
339c5b81bf45deff28dabce4b8f05517,1.0,1050.0,45.0,15.0,35.0,bed_bath_table
8cee1d824765335c48ccc515c2ecf4b8,2.0,900.0,30.0,9.0,20.0,bed_bath_table
ca210a9b56b93ad0b8f27c41e04da8b2,1.0,2350.0,20.0,30.0,30.0,bed_bath_table
777d2e438a1b645f3aec9bd57e92672c,1.0,950.0,45.0,15.0,35.0,bed_bath_table
f79503580bd375ac194bb6d145398e03,1.0,2300.0,42.0,10.0,36.0,bed_bath_table
f38b966670d58abe147f913bbf9a7ad1,2.0,6700.0,50.0,20.0,40.0,bed_bath_table
8f1138aa9a4a3c0127a10b19fe956cee,1.0,1150.0,37.0,9.0,30.0,bed_bath_table
fe28979be307dfef18cb028e5bd4e8e6,1.0,600.0,30.0,12.0,12.0,bed_bath_table
abe2c60707c1e11cfa710dc7328b4bf6,1.0,450.0,16.0,10.0,16.0,bed_bath_table
1e8c9a649b9c92a2acf771c3168e15b8,1.0,9550.0,33.0,44.0,33.0,bed_bath_table
5496a07083e7727282eb3d1c97d5c054,1.0,2400.0,45.0,15.0,35.0,bed_bath_table
af0a917aec9cea3b353ece61a8825326,1.0,1200.0,44.0,2.0,35.0,bed_bath_table
6c1a3375a7b0cb7b5a454e123c61311b,3.0,2650.0,16.0,16.0,62.0,bed_bath_table
117f28333ddc9e8907cb03431b06fa80,1.0,3050.0,45.0,20.0,25.0,bed_bath_table
1fcb60b5848efd11d95695cbad320c14,1.0,4300.0,35.0,35.0,35.0,bed_bath_table
2ed4ea5a5394cfcb0d052cdc587fc78f,1.0,713.0,34.0,6.0,29.0,bed_bath_table
a32c3352c3c5fbaa5fc5f8a8f593e2af,1.0,2150.0,35.0,9.0,33.0,bed_bath_table
2e281b1a8143fa9ed84694fe44d66b3d,1.0,2350.0,40.0,6.0,30.0,bed_bath_table
952e73f7e8bee61569a32b35c19bc981,2.0,950.0,50.0,5.0,50.0,bed_bath_table
68151bf28b319e198d9b5a4c7a8698a1,2.0,467.0,45.0,4.0,35.0,bed_bath_table
834b8e004b7448cade7c0fcbe6bb84ee,1.0,400.0,16.0,10.0,16.0,bed_bath_table
8a72ecadce1dfc792b333bead4eb3600,1.0,2600.0,35.0,9.0,25.0,bed_bath_table
66d8fb4ea4391a1f36cf50152c26b4ca,1.0,2300.0,25.0,25.0,25.0,bed_bath_table
60525d5b6a1658c5eea3c64713922000,1.0,1700.0,30.0,10.0,38.0,bed_bath_table
5adf9ead456c61f48967714f56b46cce,1.0,300.0,33.0,5.0,23.0,bed_bath_table
3a39c179470806b09fb138536170cca3,1.0,2146.0,42.0,11.0,36.0,bed_bath_table
e788814dbb6e72ac15d42d8651324b56,1.0,1250.0,41.0,7.0,41.0,bed_bath_table
ed194a0dca1f25a7f40e0a2992517a3e,1.0,4700.0,20.0,30.0,30.0,bed_bath_table
5715a3dc7df27aa1c131f51e17e614df,1.0,950.0,50.0,5.0,50.0,bed_bath_table
3f24e35922fa51c0626c7c51d2f3a9a4,2.0,1250.0,45.0,10.0,15.0,bed_bath_table
1f3b8727459b932736f709be23eef109,1.0,19200.0,58.0,44.0,53.0,bed_bath_table
5c5378e8476e24c149e5b2e678ff4212,1.0,6225.0,47.0,32.0,50.0,bed_bath_table
77a5f8bbf0093ff1724692679af6e0a4,1.0,3900.0,42.0,16.0,36.0,bed_bath_table
c975b90be565c8327e1b854ef05201fa,1.0,18050.0,50.0,30.0,45.0,bed_bath_table
528dac9e82a36e6b5150d263d1bdaaa9,1.0,300.0,16.0,12.0,11.0,bed_bath_table
c045b19fdb30a3035c56d04c6fe2e622,3.0,2050.0,50.0,10.0,40.0,bed_bath_table
7a2428849e8c9e1cfac00494791ca876,1.0,900.0,38.0,6.0,29.0,bed_bath_table
cd2c0529e45020c77a7c05b4ef2408fd,1.0,1000.0,32.0,17.0,52.0,bed_bath_table
71bd53a5303fc543fd563e913eb586cb,1.0,1000.0,25.0,10.0,25.0,bed_bath_table
914997fa7aef743334b7c0da8580fd5e,1.0,5000.0,42.0,16.0,37.0,bed_bath_table
efeb7b23db334d617250aca97cd3f1e8,1.0,1500.0,30.0,15.0,20.0,bed_bath_table
1dd85d42702d499bdccd33e6e3227a61,1.0,1200.0,45.0,10.0,15.0,bed_bath_table
b7f66bbeb513b61097de54949631a759,2.0,1150.0,43.0,8.0,33.0,bed_bath_table
8a27fbb311995ff454749a35fc0bd9a9,2.0,500.0,40.0,8.0,30.0,bed_bath_table
193c2cb87c6687a9da7f8ec495d19382,1.0,1250.0,30.0,30.0,30.0,bed_bath_table
55363f487ca324087a49ddfcfb91b971,1.0,200.0,20.0,12.0,20.0,bed_bath_table
7d6dbf339def0ac9e8da299cfe91bc3a,1.0,600.0,21.0,12.0,14.0,bed_bath_table
d6bd998d3d01aaf250bd790a3dab71ac,1.0,500.0,46.0,16.0,66.0,bed_bath_table
5943b9184c3b6abd2bce573f1fa0a780,1.0,1100.0,50.0,12.0,12.0,bed_bath_table
aedb09a73deda537456636dad7696b64,1.0,1150.0,16.0,30.0,40.0,bed_bath_table
ba18c48184ce58f0ffd8b656c4edf21c,1.0,1150.0,45.0,25.0,35.0,bed_bath_table
9b1430fd2db68dd26abc986921680143,1.0,350.0,20.0,2.0,15.0,bed_bath_table
b48ac8fbef9f889656ccef21bd7ca87b,1.0,2800.0,35.0,9.0,34.0,bed_bath_table
f944a3a652d3ee586c585e3f7dab8a41,1.0,1500.0,19.0,35.0,31.0,bed_bath_table
77d3c6966d712652953a0ddc6e6f24ea,2.0,500.0,70.0,8.0,40.0,bed_bath_table
77fdeb8d4f7502f75b6779205f30a875,1.0,12250.0,62.0,27.0,47.0,bed_bath_table
9bdc5ff7cc2ec4a654f101b764b293c1,1.0,1975.0,34.0,14.0,21.0,bed_bath_table
b9adb834b99082140e354bdd3bda7eb5,1.0,1100.0,40.0,8.0,33.0,bed_bath_table
d8bf954d364f9ed61bcb3af7fd78a70d,1.0,1000.0,50.0,12.0,12.0,bed_bath_table
3b714ee872338c6248d2f51934935f2c,1.0,2000.0,43.0,15.0,32.0,bed_bath_table
0ebe8f2e60fadb8f9ebf63a5841f34f1,1.0,2783.0,65.0,14.0,46.0,bed_bath_table
10244e4307f7a1575e022f248b51402a,1.0,1400.0,30.0,10.0,20.0,bed_bath_table
3e34bd85f22345773b39aaa3b20dfc3f,2.0,1067.0,27.0,6.0,27.0,bed_bath_table
696b2df83e0459ec8c60dfe72a77cf66,1.0,250.0,35.0,10.0,30.0,bed_bath_table
8c23bb9086f957dd72ca80085f06697e,2.0,2400.0,70.0,10.0,60.0,bed_bath_table
90b86c830114ddc888f6380a223ee285,1.0,300.0,40.0,4.0,30.0,bed_bath_table
691951678a17b3cf3667385513e1137b,1.0,3600.0,16.0,50.0,40.0,bed_bath_table
cfa2bd05555fbec9767d053b9e457d0d,2.0,350.0,50.0,8.0,40.0,bed_bath_table
94bb0da423501924c41368236d88e808,1.0,925.0,20.0,17.0,32.0,bed_bath_table
3aec7cc616c8c08edba18d7d2f50e43f,1.0,2700.0,33.0,7.0,39.0,bed_bath_table
6aa640325da3a535ae4266a0252105bc,2.0,900.0,50.0,11.0,11.0,bed_bath_table
2af3bc8c9414aa21fdcb986aba6fe286,1.0,5850.0,50.0,20.0,35.0,bed_bath_table
dabc8335b58a49ec2f5fcb06255cd733,2.0,1800.0,38.0,7.0,28.0,bed_bath_table
68b92c941d4052c59ba87c2b2824bfa8,1.0,1750.0,40.0,5.0,30.0,bed_bath_table
68adc7ef3ecf3eb05f76509ee7a1c0ab,1.0,800.0,25.0,25.0,25.0,bed_bath_table
8bb0e27f7d87b511b5c4ed35e514e34a,2.0,2100.0,50.0,20.0,40.0,bed_bath_table
b9ec59c34a1b048fa9c2bbe3296a7842,1.0,850.0,16.0,10.0,16.0,bed_bath_table
6d83ca45d94919027131b87caf3b2a6c,1.0,250.0,16.0,10.0,16.0,bed_bath_table
a6413454f8b18d633f57f5ade4de8fdd,4.0,2100.0,45.0,10.0,34.0,bed_bath_table
d8173f1b5264436afbac20af6b37402e,1.0,900.0,50.0,5.0,50.0,bed_bath_table
8384a437925520e96cb6acc65235e499,1.0,550.0,25.0,10.0,25.0,bed_bath_table
27fde8707fbe094d54bcbabc9dd5f7d3,1.0,10800.0,16.0,10.0,16.0,bed_bath_table
f1565c6b7be8ebed9fafb07bcb6435a9,1.0,1650.0,40.0,5.0,30.0,bed_bath_table
94fb18015068e3550e6a8f0729558904,1.0,1700.0,30.0,23.0,11.0,bed_bath_table
d59adec5f338fc378737245a857f662b,3.0,700.0,37.0,23.0,35.0,bed_bath_table
4d38a4daf13a87012b73156f834afec0,1.0,300.0,36.0,6.0,26.0,bed_bath_table
07145f317bd27c212bbc49377b3940dd,4.0,400.0,20.0,10.0,30.0,bed_bath_table
9c6d5d4aaea6884ee19112567691a1da,1.0,1575.0,33.0,10.0,21.0,bed_bath_table
e411491f59e292ac3d3cf9d9d79b3313,1.0,2100.0,38.0,7.0,29.0,bed_bath_table
a55d10eb698c768ef447648197bb0da9,1.0,1300.0,42.0,16.0,32.0,bed_bath_table
0874407d58fad5ce1eecc2f372fc8dbd,1.0,2950.0,40.0,13.0,43.0,bed_bath_table
2a5ce93df0dd4ec1b23ebc2e599d793e,1.0,2100.0,55.0,25.0,35.0,bed_bath_table
3b10cf7d1e08c598428ad6eb7c59d09c,1.0,1550.0,32.0,10.0,28.0,bed_bath_table
fb05d01823da2c4e90924c5486134808,1.0,1750.0,45.0,15.0,35.0,bed_bath_table
180a3dd286404dc8a9154904eadaec99,1.0,13475.0,55.0,50.0,50.0,bed_bath_table
5d92abea542c2022dfee91dd630f2697,2.0,1580.0,66.0,13.0,45.0,bed_bath_table
f092d3abbc2f3281c56b4497e5c150f0,1.0,556.0,30.0,9.0,28.0,bed_bath_table
8b90be4893a4277a9f33c5b2348cf9c6,2.0,2000.0,42.0,10.0,36.0,bed_bath_table
bb5142bfd51f0ca814eb6d8c78fa9842,3.0,550.0,28.0,21.0,23.0,bed_bath_table
de115e41e8332aa7b5a04e027243fcbf,1.0,1800.0,55.0,15.0,35.0,bed_bath_table
9d274c8de79fabb3f4c65b64b9feb02c,1.0,7800.0,40.0,15.0,35.0,bed_bath_table
8dc0c7343c861029f0455cf20b0c19c0,1.0,650.0,30.0,4.0,19.0,bed_bath_table
61b6e5d2e3ee58d2b341b8ef1a652b26,1.0,750.0,30.0,10.0,25.0,bed_bath_table
79b0cb968ca5e0ef4d6338171123a3df,1.0,1000.0,36.0,4.0,29.0,bed_bath_table
acb4bf13aa9ccb88c7c399fc6b025130,1.0,600.0,45.0,15.0,35.0,bed_bath_table
fb18a1cb28af3e0832439bde416a3407,1.0,300.0,27.0,9.0,20.0,bed_bath_table
7b1f55eb9b85b0aa6b1d4c16108eac61,1.0,1850.0,46.0,12.0,43.0,bed_bath_table
e09b8cac0ce917d36559ef40c1d17a37,1.0,2900.0,35.0,9.0,34.0,bed_bath_table
3fae92f8d0ebb3317991934a6d717c47,1.0,1250.0,16.0,10.0,16.0,bed_bath_table
387f1559343d513c4383bdb99672e431,1.0,1050.0,40.0,15.0,35.0,bed_bath_table
94972ba3b1856e8453d8a0b4d522aa36,1.0,200.0,16.0,10.0,16.0,bed_bath_table
e082a9cbbc454309a78654e6699f387c,1.0,500.0,20.0,10.0,15.0,bed_bath_table
03d10117bf5dbd1e4f194566be73de5a,1.0,2350.0,45.0,15.0,35.0,bed_bath_table
ca813b8942f85ee66b7b16d0e3855c37,1.0,15700.0,16.0,10.0,16.0,bed_bath_table
3017341f6eb19840f64bd672370a91cc,1.0,1750.0,45.0,15.0,35.0,bed_bath_table
334f9a7bc70ecefea3a1fc7dd1c7ec76,1.0,700.0,16.0,10.0,16.0,bed_bath_table
5cfd0dd99d6abe195fbac37da351697c,1.0,1150.0,43.0,7.0,30.0,bed_bath_table
f83a5f8708629c8efc042168299e8641,1.0,1100.0,16.0,10.0,16.0,bed_bath_table
56e4165a2811a685d231891404533e01,1.0,4000.0,80.0,33.0,60.0,bed_bath_table
16c47be00ea2407eaa988afdc442e863,1.0,3200.0,40.0,12.0,40.0,bed_bath_table
933de9d29576bc63831e54f7b5bacb8c,2.0,400.0,45.0,5.0,30.0,bed_bath_table
d0efdc4a1cc12f88f6a290fda8861fa7,1.0,900.0,38.0,6.0,29.0,bed_bath_table
be69b1c83725cafaa993146ad08b11ca,1.0,2450.0,36.0,16.0,36.0,bed_bath_table
5af8eddd880e2463740be6828d2b51dd,1.0,5550.0,40.0,10.0,30.0,bed_bath_table
77d479fd8a450f7ff6c0340e76b79657,1.0,950.0,28.0,14.0,14.0,bed_bath_table
1498bc64386d231c0b467a99561b1760,1.0,750.0,40.0,10.0,20.0,bed_bath_table
9dd0fd592126e075d4af49897c0b8f71,1.0,250.0,24.0,15.0,20.0,bed_bath_table
e4b0f340d2552f744b4c2d48dffbc0e2,1.0,850.0,16.0,10.0,16.0,bed_bath_table
b8ee2d9ffb92532b852ec6111bf3966a,1.0,1150.0,20.0,20.0,20.0,bed_bath_table
d4def1654a0aa1191e270b888f1981f1,1.0,1275.0,25.0,17.0,35.0,bed_bath_table
56d7faef0f7d847eea91b3302698bcc4,1.0,2600.0,46.0,8.0,38.0,bed_bath_table
47b0f8596ee6dafbb4438cac16fa6275,1.0,3367.0,36.0,21.0,36.0,bed_bath_table
2621700be84cca4a1797b54785f43b1b,1.0,1363.0,68.0,19.0,48.0,bed_bath_table
e906fa76a27488f805ba8584a4c10cba,1.0,650.0,16.0,10.0,16.0,bed_bath_table
97478538ef6ed323f4ed85e2139d4a24,1.0,2250.0,36.0,16.0,36.0,bed_bath_table
0efc91aa52d1f0669126d3000a94279b,1.0,2100.0,15.0,18.0,25.0,bed_bath_table
85d343db501f388dc453ddce58bc5921,1.0,370.0,34.0,17.0,28.0,bed_bath_table
db6796aa712a2626572bb3d0b9a039cf,3.0,1350.0,45.0,15.0,35.0,bed_bath_table
07abca077ba83f4feab7d89db0b74df1,1.0,20850.0,50.0,50.0,50.0,bed_bath_table
7358faf3ccce6ed3a2913667ffc1a395,1.0,1900.0,26.0,26.0,23.0,bed_bath_table
399656db7a0d49d36300b81120bffeb1,1.0,3225.0,40.0,5.0,30.0,bed_bath_table
0c954b7ab8bff085742e3c01a02936b8,1.0,1550.0,49.0,5.0,39.0,bed_bath_table
dea9b88ceaceff342424e0a74ae36af7,4.0,3000.0,35.0,12.0,30.0,bed_bath_table
8d9d31dc8d8c05062987d883cefa98be,3.0,1200.0,37.0,23.0,35.0,bed_bath_table
43a05187c418edc20a55682107c9d7fa,1.0,900.0,34.0,10.0,28.0,bed_bath_table
62d8daeee0db3a60c234c2d1bfd10651,1.0,350.0,40.0,4.0,30.0,bed_bath_table
4a01cbeb8bae0d662fa07b73e357d864,3.0,1200.0,37.0,27.0,35.0,bed_bath_table
abe236a52dbc43e90bad00fe6d794582,1.0,800.0,34.0,17.0,22.0,bed_bath_table
c73c029653f68c6a83cb371dd148adbd,1.0,2550.0,40.0,6.0,30.0,bed_bath_table
98c99bc0b3ee623212b9fbcaba10740a,1.0,1800.0,30.0,20.0,70.0,bed_bath_table
e22a9f25f31fca1777a128c2655bbdda,1.0,3450.0,42.0,12.0,40.0,bed_bath_table
498366f301125d450cf3b0d56920f8ac,1.0,1250.0,36.0,6.0,28.0,bed_bath_table
3db10af4436918fa150bb41ae578d812,1.0,5850.0,30.0,30.0,30.0,bed_bath_table
5c2696e18040dd69ca61f8f7c4207114,2.0,2450.0,35.0,10.0,35.0,bed_bath_table
ed5e88f9b72cfcd1e26db93ebe4b30fd,1.0,450.0,45.0,15.0,35.0,bed_bath_table
bb9b0c89e9d58f5cd33126ab223de642,1.0,12600.0,50.0,28.0,40.0,bed_bath_table
c5c7cac0e35d3343b86942baf5c92f79,1.0,450.0,45.0,15.0,35.0,bed_bath_table
630e57ced9d2d899f556e0664be676ab,1.0,200.0,20.0,20.0,20.0,bed_bath_table
382db2ed3015c04d4b844d2a0712494c,2.0,1500.0,39.0,12.0,25.0,bed_bath_table
0d32505442753393a3f7eece24855c4d,1.0,1350.0,19.0,17.0,23.0,bed_bath_table
e9e1e0a297e5a8f045e8c0395c4c745b,1.0,1250.0,19.0,17.0,22.0,bed_bath_table
8cc117b0bec16e2f0b683e40846ad09c,1.0,850.0,16.0,10.0,16.0,bed_bath_table
a03b43c945af2e3500b0dde49fbd87c6,1.0,6083.0,51.0,32.0,50.0,bed_bath_table
31edc407aaeb20e9126f4f8553bdfd39,1.0,1400.0,37.0,23.0,35.0,bed_bath_table
3ddc79cbdf7e79ea75449765656c3b3e,1.0,1250.0,45.0,10.0,15.0,bed_bath_table
848064637fb2f160e5456e94f1f58d5c,1.0,1200.0,38.0,7.0,29.0,bed_bath_table
6d1a636d0dfad7437edea256c20c8c79,1.0,3500.0,37.0,23.0,35.0,bed_bath_table
d59349a33fcba18707a61aa852c02c5b,1.0,850.0,30.0,6.0,26.0,bed_bath_table
39a1a3b9314738724fce4b2907ae6686,1.0,1550.0,34.0,7.0,32.0,bed_bath_table
6856ab01ef22301e08a45d5842ccb247,1.0,1600.0,45.0,15.0,35.0,bed_bath_table
5dcceb4689c06ac693117bc4296986ef,1.0,1000.0,28.0,14.0,16.0,bed_bath_table
c560413e458f53c059e83a25d2c2338c,1.0,1000.0,40.0,4.0,30.0,bed_bath_table
22dd24a9dd84994cf260ad173576d1d5,1.0,8250.0,31.0,71.0,51.0,bed_bath_table
ba31c397eec007a164fa766c6b90fa97,1.0,2350.0,20.0,30.0,30.0,bed_bath_table
72e13fd16060f40fa8bb8e40533a7f6e,1.0,950.0,35.0,3.0,30.0,bed_bath_table
0cdd996d482a30e6a2c4d222a9685c73,1.0,350.0,25.0,2.0,20.0,bed_bath_table
21a60ea134ec6f7e1544c4c71b998235,1.0,200.0,16.0,10.0,16.0,bed_bath_table
0c53752695db72c0c10c14f6b89322b9,1.0,2350.0,45.0,15.0,35.0,bed_bath_table
28ef7ba5765422d40274d5ebeac97c9b,1.0,10900.0,45.0,15.0,35.0,bed_bath_table
952670bc019a73f0933157ec82ff6e4f,5.0,3300.0,60.0,18.0,50.0,bed_bath_table
d40ab3a40d37ebabeaf061efefb4a40d,2.0,1100.0,41.0,13.0,13.0,bed_bath_table
0ec09d10ef472b982d230612dbd5bd16,1.0,3250.0,36.0,10.0,35.0,bed_bath_table
80736543f7c5c511bccb61d1544d9d0b,1.0,4600.0,36.0,10.0,20.0,bed_bath_table
c1234c80dafde7ef3311b3eabd5069ed,1.0,300.0,20.0,2.0,15.0,bed_bath_table
81258a06e30546c898c31a062ae3da08,2.0,30000.0,43.0,19.0,35.0,bed_bath_table
8f2c823e12d58a9eec1a9191e3c34718,2.0,900.0,16.0,10.0,16.0,bed_bath_table
076a6117fb6e62d15ef45ad6be8ddb1c,1.0,1754.0,44.0,14.0,33.0,bed_bath_table
946b20e2799c73ad1f8f95440f723ce4,3.0,16800.0,45.0,15.0,35.0,bed_bath_table
bff2390f68a7b76b01ef61b684888261,1.0,600.0,16.0,10.0,16.0,bed_bath_table
f07dfd51b27ae763526ca43745920b7d,2.0,175.0,23.0,6.0,13.0,bed_bath_table
c45d02cc82cd779835094de9b29272cb,2.0,950.0,46.0,6.0,36.0,bed_bath_table
e2b9488ff4e25e7fb5a2973a65eb79e2,1.0,2300.0,42.0,12.0,36.0,bed_bath_table
99b7af24fd7be364e3621b9e751b048e,3.0,2500.0,46.0,17.0,35.0,bed_bath_table
5911c9189c5956116eff6542156a1b32,1.0,850.0,36.0,4.0,29.0,bed_bath_table
16245c0134a3dedc3e2c124260925f70,1.0,600.0,16.0,10.0,16.0,bed_bath_table
f9392dda35e35d69c08288c2c670897f,1.0,200.0,16.0,12.0,11.0,bed_bath_table
0a8611ab07b16ada9f45900722ed0e5d,2.0,683.0,57.0,4.0,28.0,bed_bath_table
a3a7f611af275e93e51407214929f119,1.0,1000.0,25.0,5.0,25.0,bed_bath_table
cefd572c70bd7ed476b5538fea3e0bce,1.0,1500.0,45.0,25.0,35.0,bed_bath_table
616c497aa9cc2d4ce93eb380cf5cc121,1.0,30000.0,45.0,15.0,35.0,bed_bath_table
10cb4574e88302b21a629d95fe74c54f,6.0,4950.0,56.0,12.0,40.0,bed_bath_table
c3cdb28ed53f4ec5d9afe32753961641,1.0,3000.0,30.0,20.0,25.0,bed_bath_table
b1434a8f79cb3528540d9b21e686e823,1.0,13500.0,55.0,25.0,35.0,bed_bath_table
4bae57411011b77f088dddbbde9a1f86,3.0,840.0,37.0,23.0,35.0,bed_bath_table
7094fadc9773845c7d453e51b04289a8,1.0,1150.0,33.0,9.0,38.0,bed_bath_table
3d13d2c1176a1a94d48df83ac45204bb,1.0,5350.0,16.0,50.0,40.0,bed_bath_table
8fa15c06c596b8e4c43a9ff94ed8b410,1.0,1500.0,16.0,50.0,40.0,bed_bath_table
69d110cc75a123721c86bcfc77fa8afb,1.0,1500.0,45.0,3.0,37.0,bed_bath_table
0ec7b6a863e219792bc4d50d3a62a839,4.0,7474.0,54.0,29.0,40.0,bed_bath_table
2fc854e3ed45da2c8e6031bf79521203,2.0,900.0,40.0,10.0,50.0,bed_bath_table
8baa04d18d4b88b620189531e5222f1c,2.0,500.0,70.0,8.0,60.0,bed_bath_table
7efd7d1a1a985eae9fecdb134fd657d3,6.0,2750.0,30.0,20.0,26.0,bed_bath_table
b476230a04eae3e3bfdb0be6b6d61556,3.0,2100.0,40.0,10.0,33.0,bed_bath_table
120fa011365fc39efe382cba4e50999e,1.0,2050.0,34.0,8.0,32.0,bed_bath_table
8e312c483d79e02dbc1d68cce77e26c8,1.0,500.0,25.0,5.0,15.0,bed_bath_table
562f0027bf0b43b487536b01b2002a3e,3.0,1100.0,21.0,29.0,17.0,bed_bath_table
6471da78a18edb60d175c10871161356,1.0,13400.0,45.0,15.0,35.0,bed_bath_table
68fd321167f27536e8c0b182d358f854,1.0,1800.0,47.0,21.0,41.0,bed_bath_table
b627df9914b9bf141437c51b8a749d35,1.0,950.0,16.0,10.0,16.0,bed_bath_table
985fda1ced7e13375bf52220071610e3,1.0,1000.0,37.0,23.0,35.0,bed_bath_table
d3a8b40808854363a045f0f4131b0894,1.0,2726.0,24.0,28.0,28.0,bed_bath_table
a0bcb790b8f1249bec0369de04a72d33,1.0,450.0,42.0,10.0,29.0,bed_bath_table
c53ca80f7d74aa37ac1512e8d9a8cb6b,1.0,2100.0,30.0,15.0,30.0,bed_bath_table
deb8261d5bf5744407141a9447fb7662,4.0,16550.0,85.0,15.0,55.0,bed_bath_table
79997ca1a57c069a3bd377b86f844c04,1.0,1000.0,25.0,5.0,25.0,bed_bath_table
d16c0ea701551e609316c77d5c533591,1.0,635.0,22.0,11.0,22.0,bed_bath_table
2a3337404b573f113e7297f5c349db44,2.0,800.0,37.0,23.0,35.0,bed_bath_table
5f00c50de3d989194f0439e343480372,1.0,1350.0,40.0,5.0,30.0,bed_bath_table
97407223aaefebbaeb89d285e7c64f75,1.0,1050.0,41.0,13.0,13.0,bed_bath_table
4629acd4e2c278e7787b2c48b006246e,1.0,350.0,40.0,4.0,30.0,bed_bath_table
d3dc47db6d5ab70560dcba1eee4d01ae,6.0,6975.0,54.0,39.0,54.0,bed_bath_table
0d86ab499a2af7f2352d18e2a6be12f4,1.0,951.0,22.0,15.0,22.0,bed_bath_table
631304377d9ae9aa0a4c1f21b571a502,4.0,1550.0,20.0,20.0,20.0,bed_bath_table
393a34515d1baf69f595647e2d74c62f,1.0,1600.0,43.0,5.0,30.0,bed_bath_table
b5b7b02332726bc71ed7ad7899bc3b58,1.0,3800.0,35.0,15.0,25.0,bed_bath_table
e2f8ac7485aeb713af570cb9e117c6e6,1.0,2000.0,31.0,9.0,31.0,bed_bath_table
24e3e6b37adf838150e7bd4dda394c31,2.0,600.0,50.0,10.0,60.0,bed_bath_table
cb80d84cdedee288c467491ed98f5e1f,1.0,2000.0,28.0,10.0,26.0,bed_bath_table
1891f20b2a27a8b700d7a7ff5a7a0039,1.0,400.0,40.0,4.0,30.0,bed_bath_table
d8d6eb6c89543ae74874e910422e1089,1.0,4550.0,38.0,25.0,25.0,bed_bath_table
286bcf62e47dfc1e51cf0d525bd4d1bf,1.0,4200.0,31.0,43.0,21.0,bed_bath_table
ac800affc1cff06ce347292284498993,2.0,550.0,70.0,10.0,40.0,bed_bath_table
c445e66ff5aed16191fd41e4d9fcf2aa,1.0,1175.0,29.0,7.0,28.0,bed_bath_table
d3f466b2502b985d472e7f0fb60eb678,1.0,1000.0,50.0,30.0,40.0,bed_bath_table
0ae6165016bbebd759d0ac2414e59049,2.0,400.0,27.0,7.0,27.0,bed_bath_table
6d23462e8e2016e7e18692e67a9c5b4b,1.0,250.0,34.0,12.0,22.0,bed_bath_table
53b7965906cf23c063da1ff89f50a257,1.0,600.0,16.0,10.0,16.0,bed_bath_table
0ed343b480193b11dbe4dfa81ac98ff1,1.0,1500.0,43.0,5.0,30.0,bed_bath_table
f72b7888719ff77bf96e14bc97b64430,3.0,9800.0,65.0,20.0,45.0,bed_bath_table
1d32c0582d833b02199e449713fad071,1.0,13500.0,55.0,25.0,45.0,bed_bath_table
9847d08b81ab75c5bdaf6823c7fe00b2,1.0,900.0,39.0,19.0,18.0,bed_bath_table
b4ce8d32dea944f1720681420c4cd5ef,1.0,2050.0,43.0,11.0,35.0,bed_bath_table
24c5c7be57099780f07ded545f898d8b,1.0,26550.0,58.0,50.0,49.0,bed_bath_table
6947c3397dae24c49aa4b34b68bf3b09,1.0,300.0,20.0,10.0,15.0,bed_bath_table
134afbb1d3ef60a407f8e4491dd63622,1.0,500.0,30.0,5.0,20.0,bed_bath_table
9957ffc65a8cdbdc39584b7fc0b42aae,1.0,1600.0,16.0,50.0,40.0,bed_bath_table
55173a802b298464557e1f61c71927bf,1.0,1100.0,20.0,16.0,20.0,bed_bath_table
e307be52f60992a07fd121769b8ea9e8,1.0,1450.0,35.0,15.0,25.0,bed_bath_table
79bd832302282bb4f305c5947c2bee1a,1.0,6550.0,30.0,30.0,30.0,bed_bath_table
23f11493a631ec3806f6a0b529e82820,1.0,1050.0,35.0,15.0,25.0,bed_bath_table
bbf76ccd9b620fb13136c95bc5adb5da,4.0,18600.0,58.0,40.0,49.0,bed_bath_table
5494497e1078148d7b0e41d4551412a7,1.0,1250.0,19.0,17.0,23.0,bed_bath_table
da21de83c22b0b56be14738b1bd6348f,1.0,450.0,27.0,6.0,22.0,bed_bath_table
40422223c107e3094c19c4709a320ead,2.0,850.0,30.0,4.0,20.0,bed_bath_table
4f921f8c68e266afadbeacb7897b2803,1.0,1950.0,45.0,15.0,35.0,bed_bath_table
d12429bcf1d0ffe5940f9df2a8761c79,1.0,6900.0,31.0,51.0,26.0,bed_bath_table
591d4f16311726b70ab348c9e3c49a33,3.0,12000.0,60.0,30.0,70.0,bed_bath_table
4cc8bfa581f41841ce5e24aba773a44a,1.0,875.0,25.0,18.0,40.0,bed_bath_table
628677036f276f6c0792cded8e9211ee,1.0,1300.0,40.0,40.0,40.0,bed_bath_table
eaf84e31d1e891449aa5cf7130e75fc6,1.0,1350.0,50.0,5.0,50.0,bed_bath_table
87c622f009c352a3c10cb90169b2a21b,1.0,300.0,40.0,4.0,30.0,bed_bath_table
b45f7bdbcde1de2d0d4641caa10001a6,1.0,250.0,26.0,10.0,26.0,bed_bath_table
ba22b6bb8962ab07830d463eeff99b9d,1.0,1290.0,22.0,22.0,29.0,bed_bath_table
b1642ee7c8c39a5516b207935b1fe108,1.0,4800.0,43.0,15.0,39.0,bed_bath_table
0e0b3c0d93556bb5357924c59cad48c9,1.0,3900.0,36.0,10.0,35.0,bed_bath_table
06de2a2e4731091ff794ab6240951b7d,1.0,2560.0,16.0,2.0,11.0,bed_bath_table
25c9bd06b9af867e935cca386b6acece,1.0,7550.0,21.0,47.0,41.0,bed_bath_table
7b07f25dab76a821beca96d40ee0553e,1.0,300.0,40.0,15.0,35.0,bed_bath_table
55c92040e28679eab480673900f0cf51,1.0,14200.0,16.0,10.0,16.0,bed_bath_table
446cf7e594fa3103f5d26069356b55e2,1.0,800.0,16.0,10.0,16.0,bed_bath_table
7fa1ba3a83d923bea1b21e52ba66b384,1.0,700.0,43.0,8.0,33.0,bed_bath_table
de754726ed19ef7c77b2b6164046c9dc,1.0,550.0,16.0,10.0,16.0,bed_bath_table
525947dbe3304ac32bf51602f9557c12,1.0,2600.0,34.0,7.0,32.0,bed_bath_table
5fec075d001fba20a6bdeeb5d9b22dbe,1.0,1050.0,16.0,10.0,16.0,bed_bath_table
9c4eeb196595cc056eb99a83f6ee3034,3.0,16500.0,70.0,30.0,70.0,bed_bath_table
e61bf3c66ce1e3491166b89fd29baf58,1.0,19200.0,58.0,40.0,50.0,bed_bath_table
c060e10a2d12cc32962f598397156c20,1.0,600.0,16.0,22.0,11.0,bed_bath_table
1c19fc5db55cbd645b6021cd2841bdb4,1.0,1200.0,44.0,2.0,35.0,bed_bath_table
e97c75fa6d2e8a1b94aeb56327b25493,1.0,3050.0,20.0,30.0,30.0,bed_bath_table
01886ce599b5837b3e1966cdafacd080,2.0,1000.0,50.0,12.0,12.0,bed_bath_table
af14fe70f0c9ddfe9914b0ced0998d40,1.0,1650.0,36.0,14.0,42.0,bed_bath_table
c3b9c5a3a88d5cd18800fb865741d9ad,3.0,2800.0,35.0,12.0,30.0,bed_bath_table
09a1f8a0ac3f2a9d3eed87339b7fd9d2,2.0,400.0,50.0,8.0,34.0,bed_bath_table
f50038f8fae2efed02781cfcb79122d5,3.0,1150.0,16.0,10.0,16.0,bed_bath_table
f23459b2e5eda87926f1f1a12dd87723,2.0,1200.0,37.0,23.0,35.0,bed_bath_table
d81c7dbb2e9fc8baa4ef878a57de8980,1.0,1350.0,36.0,8.0,29.0,bed_bath_table
f5889057b0c061390ce20f4b7b842ac0,1.0,1100.0,25.0,20.0,20.0,bed_bath_table
9c064667d9ec4411a799e80642919849,1.0,504.0,22.0,11.0,21.0,bed_bath_table
7041ae473941c8270e3a0f3cf73a379f,1.0,2400.0,42.0,11.0,36.0,bed_bath_table
cfa2843c6df5537243befd7c3553d65b,1.0,1500.0,39.0,14.0,26.0,bed_bath_table
8ee4a65ca0dcdad7f10393ca2788bce5,1.0,1000.0,40.0,8.0,35.0,bed_bath_table
762c5d72dfd6cb77f19a9e1fd79e43fb,1.0,550.0,16.0,30.0,20.0,bed_bath_table
bfde0959ec5f62871403b693d2fe68d2,1.0,850.0,16.0,10.0,16.0,bed_bath_table
bafb66175e7c8250500ed50faf512dc8,1.0,700.0,50.0,6.0,40.0,bed_bath_table
790b3ea50b7d2c4e44e6221a402e1e5d,2.0,3120.0,56.0,26.0,53.0,bed_bath_table
bae07c7efc89a25b04daff4b11b7d853,1.0,1700.0,45.0,14.0,34.0,bed_bath_table
53edb39964473cfdfad5b78c9134bc7f,1.0,450.0,45.0,15.0,35.0,bed_bath_table
f2bcc887769f563eb4f126389e64715a,1.0,700.0,35.0,7.0,27.0,bed_bath_table
3afa7dd2f0f5984b7949daa0860a6448,1.0,500.0,40.0,4.0,30.0,bed_bath_table
20d458d013a3988f71009298fecd8607,1.0,300.0,40.0,4.0,30.0,bed_bath_table
86271c025e6ff0c1d327388c0b4c811b,1.0,2500.0,55.0,25.0,35.0,bed_bath_table
cd2d21b047041ab1b899a91aadb7f9d0,3.0,600.0,22.0,13.0,16.0,bed_bath_table
642a40d4d73b4b2604968937de13634a,1.0,250.0,40.0,4.0,30.0,bed_bath_table
fb98e86cfbfbff699907f0a84784d474,1.0,1400.0,37.0,23.0,35.0,bed_bath_table
6029bc50edfd5d03b89293c6316b570c,1.0,1100.0,16.0,10.0,16.0,bed_bath_table
bdeca320bdf54d3cdbb982d737526dc5,1.0,1500.0,50.0,5.0,50.0,bed_bath_table
e354794c0460552b2c9932026a6e0f22,1.0,7350.0,31.0,71.0,51.0,bed_bath_table
a04f52ded97b5530e8783e3c002b90f0,1.0,900.0,44.0,2.0,36.0,bed_bath_table
0d86ff0b639e969a11a7b3dce67e181c,1.0,1850.0,40.0,5.0,30.0,bed_bath_table
1b1bde24cbdf36a390e1abd717b2f7b0,1.0,300.0,40.0,4.0,30.0,bed_bath_table
5b2b9681569c4b3088f3ac605b8576c4,1.0,1083.0,28.0,6.0,20.0,bed_bath_table
c8fade3c4ba064e104828c4ad4461178,1.0,3850.0,40.0,12.0,38.0,bed_bath_table
3836f0abd1d2ccdd858b09f3101e1aad,1.0,2267.0,35.0,14.0,33.0,bed_bath_table
e273c62ea30d5ca1753739e6d25d15a1,1.0,1300.0,19.0,17.0,23.0,bed_bath_table
1eaf224c19e07b6e50bf0119eea1dd26,1.0,1350.0,48.0,9.0,38.0,bed_bath_table
de7be0e706ff92660bc06681f07ca950,1.0,500.0,16.0,10.0,16.0,bed_bath_table
d6b80738418fd3491b89c8d2cf5f8256,1.0,2837.0,36.0,8.0,37.0,bed_bath_table
4cee4c57bf2e00c0c0e10918245491c1,1.0,3750.0,70.0,16.0,50.0,bed_bath_table
299f6d537aa695fad79a42bcf3fdd3a2,2.0,3200.0,45.0,15.0,35.0,bed_bath_table
512bcb8dec32fae04f4e4f0b407e8e74,1.0,250.0,16.0,10.0,16.0,bed_bath_table
1ccead49ab8f345a022f75586ecfc1b2,2.0,1800.0,35.0,20.0,25.0,bed_bath_table
38fae4a77e7b8728d1ac50ff3c5bc7a9,1.0,1100.0,28.0,6.0,20.0,bed_bath_table
479c131b7a9955b2e137e8d8d2187c63,1.0,1400.0,34.0,12.0,40.0,bed_bath_table
e5ff2945f13a69162a72acc5170ba684,1.0,20600.0,61.0,52.0,44.0,bed_bath_table
64fb265487de2238627ce43fe8a67efc,1.0,1825.0,44.0,14.0,34.0,bed_bath_table
8155728af949f234b666bf60ed257e6a,1.0,550.0,34.0,23.0,43.0,bed_bath_table
c6aa164ce2d179e87318dacf63ba9d9f,1.0,583.0,28.0,2.0,23.0,bed_bath_table
6845447c5d4495dcddca6e6b494df3e7,4.0,1950.0,40.0,6.0,35.0,bed_bath_table
7ce4db889dbcd395526f583dbbd40080,1.0,1400.0,42.0,9.0,36.0,bed_bath_table
4e299043dd819cc6f103f77b4bcf11eb,1.0,4000.0,45.0,14.0,42.0,bed_bath_table
ab6894479165254fa26f0fbb31c53ce4,6.0,9900.0,50.0,30.0,40.0,bed_bath_table
fc2053a22dde0b067898ea436a86ec6e,1.0,1900.0,38.0,10.0,33.0,bed_bath_table
a3c933b29543a2b90e9aca184ee7397a,2.0,350.0,50.0,8.0,40.0,bed_bath_table
85b6cd7f57f7a06d180c93e8c74f6381,1.0,650.0,16.0,10.0,16.0,bed_bath_table
4c2f7da64105e3313b293f6a11950c17,1.0,1200.0,28.0,5.0,20.0,bed_bath_table
4e122118ed3917312e52ddd02a164b13,1.0,1400.0,45.0,8.0,35.0,bed_bath_table
8c5de6354d95c9a3cd8243bbab60d301,1.0,300.0,16.0,10.0,11.0,bed_bath_table
979a52ea2c0c4e9e7e7e4a766d4eeda4,1.0,1550.0,35.0,10.0,45.0,bed_bath_table
d275bb0f793c1f80031e1f6ae7e1ab00,1.0,2676.0,42.0,16.0,36.0,bed_bath_table
bc7cf3d66f149d2e85e57f93106201f9,1.0,1750.0,35.0,15.0,25.0,bed_bath_table
866294ab885455ed4543a8be0ddb0b99,1.0,600.0,30.0,10.0,25.0,bed_bath_table
2c2d16b60daef1f9ffb0eaec89527624,2.0,6700.0,50.0,20.0,40.0,bed_bath_table
38a3986954ae656fba0263c496a8b447,1.0,1300.0,46.0,7.0,51.0,bed_bath_table
7ea98051d29fdd0f6c015c6cdb4cb79f,2.0,600.0,30.0,10.0,20.0,bed_bath_table
8a33c55582d40e0d441c76c2990c467f,2.0,600.0,60.0,8.0,50.0,bed_bath_table
9835c8bfc26821647d0074e609402773,2.0,350.0,50.0,8.0,34.0,bed_bath_table
cdb19f3ee5c8bd5e98f566e4670612da,2.0,500.0,70.0,8.0,40.0,bed_bath_table
9c7da616e5b3dd8100858b72e883b7a8,2.0,300.0,50.0,8.0,34.0,bed_bath_table
b2deacef3cd033a4c5b247c4e03b1744,1.0,800.0,16.0,10.0,16.0,bed_bath_table
706800c6a2efb6aab86c1fe3745917f8,1.0,550.0,40.0,21.0,20.0,bed_bath_table
fedaaeb6d54cd9772c003ec97ce92ff7,1.0,13000.0,50.0,20.0,50.0,bed_bath_table
d3a386ad58b99f0ddcc216ed9efb03c3,1.0,840.0,22.0,15.0,22.0,bed_bath_table
acb9adf09c2067284e67a72f46cc17cf,1.0,5900.0,30.0,30.0,39.0,bed_bath_table
d73a7e3009d1b8f498a0ffd3e8ae6565,1.0,700.0,50.0,11.0,40.0,bed_bath_table
e5196a46c6c0e0874d6e41ed149dcf20,1.0,250.0,40.0,4.0,30.0,bed_bath_table
7db0be610d29a1eef23666fd3da04544,1.0,1200.0,45.0,10.0,15.0,bed_bath_table
a8a6407563f042ecbfd5e63dca6453c5,2.0,1940.0,48.0,8.0,39.0,bed_bath_table
bb48c8fda6bcf73c9a0178fd1a1a366d,1.0,400.0,20.0,2.0,15.0,bed_bath_table
e03f15d18d2bd7da2bf129890fadd8db,1.0,400.0,25.0,15.0,25.0,bed_bath_table
75a47765c76d844336312e1fe832184e,2.0,567.0,53.0,4.0,40.0,bed_bath_table
daafec509b3be08be40be8318dcd1b79,2.0,350.0,70.0,8.0,60.0,bed_bath_table
4e1346d7b7e02c737a366b086462e33e,1.0,250.0,16.0,10.0,16.0,bed_bath_table
90ba60817ac3ba85da42f002b2eb1360,1.0,200.0,16.0,12.0,11.0,bed_bath_table
d1180aba69fb6030500e0f31034779e3,1.0,500.0,20.0,20.0,20.0,bed_bath_table
a1c4fe3ca474066396d42c07b0194fb0,1.0,1350.0,45.0,15.0,35.0,bed_bath_table
7e67ad012ae8e50272b3856ec8e63667,2.0,800.0,95.0,8.0,70.0,bed_bath_table
563d3acc8617b83d2db122e43905a17d,1.0,1950.0,16.0,10.0,16.0,bed_bath_table
a2975d20c0bbb1c763629eee19615fc1,1.0,450.0,16.0,10.0,16.0,bed_bath_table
10717ff440b2320081989126e858b220,1.0,4867.0,70.0,16.0,50.0,bed_bath_table
4fc38c7dd401191c16f9ced89baf4877,1.0,3117.0,44.0,14.0,34.0,bed_bath_table
2cd4861a56a6f98288e0281e47f4b1d5,1.0,6250.0,60.0,10.0,40.0,bed_bath_table
a743637eea3be2e0ab81acc155c9cce2,2.0,7600.0,30.0,30.0,30.0,bed_bath_table
0856c40d9a18fc6aa8bb4be6a092f95b,1.0,10965.0,52.0,24.0,52.0,bed_bath_table
4e76a66033e3afa48e5ec8bf18e1c855,3.0,1250.0,35.0,7.0,28.0,bed_bath_table
0f025e441822f059a260a6ec3001ec0e,1.0,550.0,30.0,6.0,22.0,bed_bath_table
d60c281a9b31d5342030a89846998c5a,3.0,2550.0,53.0,23.0,48.0,bed_bath_table
a73521e768a217ac6a47c1752ceaf71e,1.0,5600.0,57.0,16.0,45.0,bed_bath_table
56a37c8f41558bf4f515e0a835083543,2.0,300.0,66.0,6.0,49.0,bed_bath_table
b19e331e05bee8900ed6e582b4c8dab6,2.0,3500.0,47.0,21.0,41.0,bed_bath_table
aae719054702e4738807983cf772e8ac,2.0,1500.0,47.0,21.0,41.0,bed_bath_table
3465048c898b00affaf9ec533dc95351,1.0,1200.0,34.0,6.0,41.0,bed_bath_table
b0b302c4ad94c584fba79e1252093ceb,1.0,1215.0,37.0,7.0,29.0,bed_bath_table
5ef15970297e8282ea1f0e3ddc528503,1.0,475.0,16.0,13.0,18.0,bed_bath_table
7e50b75774c90a76cd3fa12f33de892e,3.0,19800.0,58.0,40.0,50.0,bed_bath_table
a883c6cc6b971869a2c962f76fb73ab1,4.0,1100.0,33.0,15.0,42.0,bed_bath_table
e707c577789af56087a82650995ed3c8,2.0,2450.0,45.0,14.0,34.0,bed_bath_table
754cad4d4066b7675d65d47ac51d29fd,1.0,20100.0,45.0,15.0,25.0,bed_bath_table
9cd247c427356957dc2478f5691192c5,1.0,750.0,24.0,15.0,18.0,bed_bath_table
6c273bcb49e4c78e0de3043e5efe81f9,1.0,400.0,26.0,2.0,20.0,bed_bath_table
0693bcecfea57f2ad547d1ff56c7d9ea,1.0,1000.0,35.0,5.0,20.0,bed_bath_table
b72999ed0f16aa488170a68272834792,1.0,550.0,16.0,10.0,16.0,bed_bath_table
3bdb08012e5381f32cf7618d008aebee,1.0,3000.0,35.0,15.0,35.0,bed_bath_table
17d8b8e9c21ec0fc5b33724e32fe422e,2.0,1000.0,30.0,4.0,40.0,bed_bath_table
ad1810f996eee7a0049c7f1e7e74a62f,2.0,2700.0,37.0,23.0,35.0,bed_bath_table
95d9302f8b3a134daca8adb478c92813,1.0,25200.0,58.0,40.0,50.0,bed_bath_table
c0737ec7b87906c79f130f39cec3d3ee,1.0,1025.0,35.0,10.0,18.0,bed_bath_table
47ae44a186225b8a87ebb7bf39cc1444,1.0,1700.0,30.0,23.0,11.0,bed_bath_table
9290dcd745e8dcacde07c289f4af71c4,1.0,900.0,29.0,8.0,34.0,bed_bath_table
d5bf1e6386a450dd26acf14a6f41768f,2.0,450.0,45.0,11.0,11.0,bed_bath_table
1c45430f3f3063bdb54d28e87824ed34,1.0,5200.0,20.0,30.0,30.0,bed_bath_table
a58d73d571793d350bfd31a624416f2d,1.0,1600.0,28.0,10.0,26.0,bed_bath_table
3f4a7c8646dfebf0d04ed19adab8e9cb,1.0,1950.0,37.0,8.0,35.0,bed_bath_table
704ef63ad0ac345842ea734060a83db2,1.0,850.0,38.0,10.0,38.0,bed_bath_table
11ebbade0d9bf72ea23f49ef78f4b6b8,1.0,600.0,20.0,10.0,20.0,bed_bath_table
6cbfc716ebf92d25d1047a5fe47af5de,1.0,2000.0,45.0,15.0,35.0,bed_bath_table
6c1f4831ccdb5827090656c9f1551d3e,1.0,1840.0,48.0,8.0,39.0,bed_bath_table
cba54528d3adcef3c12d8e8b9a48bc17,1.0,700.0,45.0,10.0,35.0,bed_bath_table
4a1759556510b507ede067b7e191b927,1.0,1100.0,31.0,8.0,21.0,bed_bath_table
25e3dbdd14cfd1a5b4638f0a9d41e70f,3.0,1850.0,45.0,15.0,35.0,bed_bath_table
aa36c2127048efdcd47f4ad5b6b68810,1.0,1600.0,46.0,3.0,34.0,bed_bath_table
27f7b5c6bcf21bb57da65887d11cbd51,2.0,1200.0,40.0,10.0,30.0,bed_bath_table
d9fbc33029641ba345b15a2c8dd86f10,1.0,2250.0,38.0,8.0,38.0,bed_bath_table
509db8ad81eb83b247f4b73569bacc76,1.0,500.0,45.0,15.0,35.0,bed_bath_table
d8e68bbaf74b873af3726c252399e2c9,1.0,1000.0,70.0,10.0,11.0,bed_bath_table
e76572c2ae4cede1e3b2ead512423efe,2.0,450.0,45.0,11.0,11.0,bed_bath_table
d212ad4ac52091c8d50442a89fbbc7af,1.0,350.0,16.0,16.0,16.0,bed_bath_table
0ebeefa6b739bd9605dec426c7c8a11e,1.0,5350.0,16.0,50.0,40.0,bed_bath_table
953db9f56394a544b5659c4246eb37c9,1.0,2200.0,55.0,25.0,35.0,bed_bath_table
d64a5abc068bfa0e7e1b7ad7f64fe96c,1.0,1300.0,16.0,10.0,16.0,bed_bath_table
0accb86cd9322f97f4d1523781e10fa5,1.0,5350.0,40.0,20.0,40.0,bed_bath_table
fbce4c4cb307679d89a3bf3d3bb353b9,1.0,6550.0,30.0,30.0,30.0,bed_bath_table
c91d8f1735fd6207567a03390d4ee309,1.0,800.0,65.0,10.0,45.0,bed_bath_table
a2133c4dcac2ab7510a8c6136474f3fc,4.0,600.0,38.0,7.0,30.0,bed_bath_table
567c45f86af8863b92fd65d77298a599,1.0,15650.0,58.0,50.0,40.0,bed_bath_table
99a227ce7657e0627fae79ca776081c3,2.0,5300.0,20.0,45.0,35.0,bed_bath_table
48ee9be392f28ae3a64518a070f4d06a,1.0,700.0,45.0,15.0,35.0,bed_bath_table
8279f484b70cb6fb2a87f36e766bd559,1.0,1050.0,50.0,5.0,50.0,bed_bath_table
ee4a5109a6b0bf0dd3a3347b73955c95,1.0,5833.0,36.0,6.0,21.0,bed_bath_table
1fe7076c53248559454a7e1d6c1037f9,1.0,500.0,20.0,10.0,15.0,bed_bath_table
17eebb377a986cfb90285ec913767939,2.0,6700.0,50.0,20.0,40.0,bed_bath_table
7fd5ed44c2c119be619555591475b233,1.0,1100.0,46.0,14.0,40.0,bed_bath_table
97c2f81082289198f18c18dd5d936971,1.0,27500.0,60.0,52.0,52.0,bed_bath_table
bbe3ff3b83f04f410e79b2209005cb9e,1.0,7760.0,25.0,32.0,59.0,bed_bath_table
a28836d8a1918cbaac2b19733784f9d9,1.0,1350.0,19.0,17.0,23.0,bed_bath_table
8c24ef6ef31f7c7b9e989cb1e0a66c9f,1.0,9050.0,16.0,10.0,16.0,bed_bath_table
9aaa1a6ffcb1d4a15ae80b602b8def1f,1.0,2000.0,45.0,15.0,35.0,bed_bath_table
e731dfad79b4686d049d024b9fc97360,2.0,7900.0,20.0,40.0,40.0,bed_bath_table
2fd409cb89bdd869516f53cf84e69cd9,1.0,725.0,30.0,13.0,20.0,bed_bath_table
a6d040e128bd9c3f2f4c04f27f3ffbf6,2.0,1400.0,34.0,14.0,34.0,bed_bath_table
df2e41520cb6197bd02beaebfa6e788b,1.0,6500.0,57.0,16.0,45.0,bed_bath_table
36a3aa7d9d4e2bfcd7edb9c2abf061a6,1.0,2450.0,45.0,15.0,35.0,bed_bath_table
046eee903d62294ffad4e38ae6aa730e,1.0,9325.0,50.0,18.0,28.0,bed_bath_table
38ef3053f28ce654357313ac96520552,1.0,5300.0,30.0,20.0,25.0,bed_bath_table
42a735673c53cddc4fcb42935065465a,1.0,1200.0,16.0,10.0,16.0,bed_bath_table
50046ff3c7e886839388c4532a5ba24f,1.0,1100.0,45.0,11.0,11.0,bed_bath_table
7d761cef314675473eda87ecc3b7e751,1.0,1250.0,20.0,30.0,30.0,bed_bath_table
f78d57eae3aa976bdfd5f0db33141a79,1.0,2100.0,35.0,20.0,30.0,bed_bath_table
38ef617a023fc4398829dd8c2b9e8be6,1.0,650.0,16.0,10.0,16.0,bed_bath_table
ff2c1ec09b1bb340e84f0d6b21cc7dbb,1.0,500.0,16.0,10.0,16.0,bed_bath_table
93f1cce4b913dbf3213569661cb978bc,1.0,750.0,36.0,11.0,36.0,bed_bath_table
ceeb8b2d571b23399910f1b83980c973,1.0,650.0,16.0,10.0,16.0,bed_bath_table
8d944f9367ba7f153e0ab5b6dc7d063b,1.0,1500.0,37.0,10.0,37.0,bed_bath_table
770049e2da707b6ba5eea61685852652,1.0,850.0,18.0,10.0,18.0,bed_bath_table
86003fbbec2202f29e74ada517cec5a8,1.0,300.0,40.0,4.0,30.0,bed_bath_table
f8a93b735aa0b631fe2c1047c3427365,1.0,800.0,32.0,13.0,20.0,bed_bath_table
93dd9d8291fad4757cf910f1a80eb0ac,1.0,900.0,38.0,7.0,29.0,bed_bath_table
a3f39453cb3bacd60e3828f50a2c9c23,1.0,1350.0,45.0,10.0,15.0,bed_bath_table
681ac28f018f90684e23492046fcdb76,1.0,225.0,21.0,10.0,14.0,bed_bath_table
10aecaf5be4119fd6b8b9e2e8a5a1454,1.0,650.0,40.0,2.0,30.0,bed_bath_table
7fda46e6f8996ebe3acf684cca0124c2,1.0,4825.0,51.0,16.0,36.0,bed_bath_table
10c4eaf55e7f131da4a031ab54b62274,1.0,3950.0,40.0,12.0,38.0,bed_bath_table
4cd28afd5262ba4525b795febecee98b,1.0,1100.0,30.0,10.0,20.0,bed_bath_table
3dc31714cd00417f915d86a494e6b598,1.0,967.0,36.0,7.0,31.0,bed_bath_table
22f5b63060a1185e5ec7721efd622321,2.0,400.0,90.0,6.0,12.0,bed_bath_table
a7861561f6e0aa93c35750fa1633faa0,1.0,3837.0,48.0,15.0,37.0,bed_bath_table
06ad93d66e91d09df5ce746906d9658b,1.0,3250.0,36.0,10.0,35.0,bed_bath_table
174b4bb32fd935b233654b5d48c438d8,1.0,500.0,33.0,3.0,23.0,bed_bath_table
50e1b118f266b655f613f753914c42db,1.0,800.0,16.0,20.0,28.0,bed_bath_table
ac034106148bc5d510565d4b640f74c2,1.0,1250.0,19.0,17.0,22.0,bed_bath_table
2555fdb6a9df9fa378f024937c86d07a,1.0,995.0,48.0,8.0,39.0,bed_bath_table
47ea90e9a2976bc290c3cdf3b5e0573d,1.0,1600.0,45.0,3.0,37.0,bed_bath_table
0981ba54d8ddc68299f7c7a7d23bb2c9,1.0,1150.0,40.0,8.0,32.0,bed_bath_table
3234b4f9542a9f6a450e988820390fab,1.0,500.0,16.0,10.0,16.0,bed_bath_table
13944d17b257432717fd260e69853140,1.0,400.0,35.0,5.0,24.0,bed_bath_table
41e69d7f18786d26805f7067f605e675,2.0,8400.0,50.0,25.0,25.0,bed_bath_table
366fc6db2f1be11fe79d739bc5c69799,1.0,195.0,32.0,4.0,23.0,bed_bath_table
e8750c9a319a8eddd30f0abc4646bd75,1.0,600.0,16.0,10.0,16.0,bed_bath_table
ae7fbf136a49b58f2d38fafb2f3205b8,1.0,500.0,16.0,10.0,16.0,bed_bath_table
80d26752db9f24b4822df9aed428d3b6,1.0,100.0,16.0,10.0,16.0,bed_bath_table
ecfe9a892071ef1c94ee53f77e2e063b,1.0,2800.0,35.0,6.0,40.0,bed_bath_table
33cf505f7d94c2283766b8b1b13ef3cd,1.0,900.0,25.0,15.0,20.0,bed_bath_table
675f0378d4f337bc076b40d006202ab4,1.0,1900.0,40.0,6.0,29.0,bed_bath_table
65b8088cea1e67b54a517052979d07a0,1.0,1225.0,19.0,17.0,22.0,bed_bath_table
a8b89693eabf7221621a71285e07f486,2.0,6750.0,47.0,21.0,41.0,bed_bath_table
bd95c4b0bfc450567eef9efbb0fed500,6.0,1550.0,35.0,8.0,35.0,bed_bath_table
e1a91fda8eae059cb6b8150856ef23fd,1.0,13700.0,65.0,35.0,45.0,bed_bath_table
08c5039f843aa1a03854fb33b713ef37,1.0,500.0,44.0,11.0,14.0,bed_bath_table
66d59b954a33c0c14fc6b88548833370,1.0,3300.0,20.0,30.0,30.0,bed_bath_table
23588f7d2da3b618063a218a390fdd0d,1.0,3400.0,20.0,30.0,30.0,bed_bath_table
1ae80eade3400d1468bf84ce7bd6b479,1.0,900.0,45.0,15.0,35.0,bed_bath_table
8a1fd01f61a59d065493359a492e754b,3.0,2750.0,70.0,20.0,25.0,bed_bath_table
64dd98c857401579d7f88ddb97821b4c,2.0,450.0,35.0,4.0,28.0,bed_bath_table
2e9bd0889214bee4b1990c9f7aef78b4,1.0,550.0,30.0,3.0,19.0,bed_bath_table
55b8781171d27966e82ed1faa77a4c7a,1.0,3800.0,46.0,12.0,43.0,bed_bath_table
730937a8c78836ad923291765cbd8b38,1.0,600.0,30.0,3.0,19.0,bed_bath_table
9eae06d51aaa383b2bed5547a19d581c,1.0,800.0,16.0,10.0,16.0,bed_bath_table
6fe801b4e77def81fd949001c8b935c8,1.0,950.0,19.0,12.0,19.0,bed_bath_table
29428180f6710d477f3c85fb06adb593,2.0,5500.0,45.0,25.0,40.0,bed_bath_table
3cc8beafc2e30054e0af2e8439561303,1.0,1700.0,45.0,15.0,35.0,bed_bath_table
1d33febb6ca114fb1b9490005ee49de6,1.0,8917.0,36.0,27.0,50.0,bed_bath_table
e00bca3fc8267dabace41fc4bc7366d7,1.0,633.0,32.0,17.0,29.0,bed_bath_table
471a32499c740e72816ee0d71185dafc,1.0,975.0,13.0,20.0,28.0,bed_bath_table
c68fdf078b3ec0596bbc5c7ac409e458,1.0,450.0,40.0,4.0,30.0,bed_bath_table
50fe86b557f5fa0dd5d24d5d105e4ec7,1.0,3647.0,41.0,21.0,37.0,bed_bath_table
8a852e038778b1f5f20b41824892c3b8,6.0,1750.0,50.0,20.0,50.0,bed_bath_table
9394f87dc3875b085ec46efca4822642,3.0,1050.0,21.0,29.0,29.0,bed_bath_table
82dc110dca3af4a0345cdb4500781357,1.0,300.0,16.0,7.0,15.0,bed_bath_table
427a6366149d0da432a4f01146b70275,1.0,1117.0,45.0,12.0,45.0,bed_bath_table
bdb71a735c94e9c7779d5d2084d91698,1.0,1450.0,38.0,7.0,31.0,bed_bath_table
24a014458ccc6e989b4fcef5fa71da58,1.0,2000.0,45.0,15.0,35.0,bed_bath_table
22f49044bc3eaead7cadfb045391582f,1.0,1050.0,45.0,15.0,35.0,bed_bath_table
72030f5a9528ee708f8d865fee65b29b,1.0,1150.0,29.0,8.0,28.0,bed_bath_table
bb18d09a22b3b9bc474e0b1437302666,1.0,1021.0,35.0,5.0,32.0,bed_bath_table
f3a0e8de0d8bada90f638dd837416ad7,1.0,2150.0,45.0,15.0,35.0,bed_bath_table
df2dc5b34edb94bedfa04203cd9d6e9f,1.0,700.0,45.0,15.0,35.0,bed_bath_table
17606c7d7254ed1f0351fd48a28be932,2.0,1100.0,16.0,10.0,16.0,bed_bath_table
fe281ff6eb3a52425dca9c76f4b505c0,1.0,2150.0,37.0,10.0,37.0,bed_bath_table
aaa86ad1d7ea86a2a753f71b5575736b,1.0,1633.0,32.0,5.0,29.0,bed_bath_table
94809f6d31cc08cd78ab5169fe132549,1.0,1450.0,35.0,19.0,45.0,bed_bath_table
ad0a798e7941f3a5a2fb8139cb62ad78,1.0,600.0,16.0,10.0,16.0,bed_bath_table
b35350b4bec82c6f2935b3919be35427,1.0,400.0,40.0,4.0,30.0,bed_bath_table
fc7d2de677b4aec44e4c6c900d3f8b79,1.0,3400.0,45.0,15.0,35.0,bed_bath_table
e7e8b8c62baed3c11bdbf4fad8a32dde,3.0,3300.0,50.0,19.0,35.0,bed_bath_table
1ebde342c905182ffc07333fc569c590,2.0,738.0,38.0,8.0,24.0,bed_bath_table
cdd37c09b1f47401bdce0f38d3a7f485,1.0,1000.0,20.0,16.0,20.0,bed_bath_table
0dd8f23d6e66d8b4246e3068d13091f9,1.0,200.0,16.0,3.0,26.0,bed_bath_table
0085dddda27567189f1dfd1eda7c286e,1.0,1800.0,40.0,8.0,30.0,bed_bath_table
0d89e155a6cf12de15e19e2d67ad14ad,1.0,550.0,16.0,10.0,16.0,bed_bath_table
44ce1d7bd584edde67a1d743349829f2,2.0,2800.0,47.0,21.0,41.0,bed_bath_table
6f5c977cd6fb4cea20db551bc8728ff9,1.0,2200.0,38.0,8.0,30.0,bed_bath_table
5b2bc7f0927cf91077fcb99abcde248a,1.0,1100.0,18.0,25.0,33.0,bed_bath_table
c311d5be814260032f54c7ea77fc1dbe,1.0,600.0,16.0,10.0,16.0,bed_bath_table
d3ab527ab0d134eb8a034cab8e52a589,1.0,700.0,35.0,8.0,30.0,bed_bath_table
94976cc078d10e74c19c62f0b3b52432,1.0,6150.0,52.0,16.0,44.0,bed_bath_table
366dbf5b3f67b090f640ae9573b757ee,1.0,1275.0,25.0,17.0,35.0,bed_bath_table
98115d94da1f4b2b439f197586e69ae8,1.0,1900.0,20.0,20.0,45.0,bed_bath_table
741158fada4f10d804c017c381d6925e,1.0,17800.0,58.0,40.0,50.0,bed_bath_table
84f456958365164420cfc80fbe4c7fab,1.0,1550.0,44.0,14.0,34.0,bed_bath_table
c6b0d66ba7993cb94d4a19d1578ba802,1.0,1100.0,35.0,20.0,20.0,bed_bath_table
84b88b5f25e4651dbc4c1c9c7e4b7d27,1.0,1850.0,44.0,18.0,34.0,bed_bath_table
6520088dce31a24d4fafaf79cfc10baa,1.0,600.0,50.0,12.0,14.0,bed_bath_table
c403e106353e1aa40efe783ecb39ed7a,1.0,550.0,40.0,5.0,30.0,bed_bath_table
4c2a4020fcd651812100ebbeac1b2753,2.0,22300.0,45.0,40.0,55.0,bed_bath_table
56d45b2c27871322801134f57d1b9dfb,1.0,1800.0,35.0,20.0,30.0,bed_bath_table
5ad97c18f1705aac59da3384ba9d8f43,2.0,1800.0,50.0,34.0,14.0,bed_bath_table
4a642c826cde0ba3b3e7dd93bf83d575,1.0,1200.0,40.0,15.0,29.0,bed_bath_table
bb3bac7219d5d0b390326ddf5a562366,1.0,1567.0,32.0,5.0,29.0,bed_bath_table
14e3a1344aba7a9d568e0aa446da24be,1.0,4100.0,34.0,12.0,43.0,bed_bath_table
39184c850194aa002371b2d16c373f3e,1.0,5950.0,50.0,18.0,28.0,bed_bath_table
42d3ba4dd1a78c5ba05ccc0d3417706c,3.0,1400.0,35.0,5.0,20.0,bed_bath_table
0da83a01a5c35fa359ae0553c618d5bd,1.0,1000.0,40.0,5.0,25.0,bed_bath_table
253412fae9b77af02cb40b30a829bcfe,1.0,1500.0,40.0,5.0,29.0,bed_bath_table
f7641ea085e47945ed59b892a0e2fb4a,1.0,875.0,34.0,23.0,42.0,bed_bath_table
7ee482af805775c6a03ea2817054d1c5,2.0,575.0,26.0,3.0,26.0,bed_bath_table
dd6171dfce1d62dbf472f83fa352d309,1.0,600.0,20.0,10.0,20.0,bed_bath_table
7b8617aa0d6db3af504337cc7a88e460,1.0,2300.0,39.0,6.0,29.0,bed_bath_table
b6043ee21e4366052419dc419b85a029,2.0,2200.0,39.0,6.0,26.0,bed_bath_table
83c77d39ee16193430f019d3f090d222,1.0,1000.0,50.0,30.0,40.0,bed_bath_table
74939659dbb10592e383bebf2f78272c,1.0,500.0,16.0,10.0,16.0,bed_bath_table
1a7e98c48e146130016fab89a43c00da,1.0,2000.0,36.0,8.0,27.0,bed_bath_table
fafe25fbb0bcbd7b5112ab0070940790,1.0,450.0,28.0,2.0,23.0,bed_bath_table
bf348f19164cdedd0ae1cf7b1d72fede,1.0,1000.0,70.0,6.0,40.0,bed_bath_table
16d47089f9bc7f16de16cc4bd3b9dd49,1.0,450.0,16.0,10.0,16.0,bed_bath_table
7b7867b1566350578959e705c5a46b2f,1.0,500.0,20.0,10.0,15.0,bed_bath_table
8ae1198dd85742fe30b74a96968f250e,1.0,1700.0,40.0,6.0,30.0,bed_bath_table
d6fad98893f5848590aee04c63832cd0,1.0,350.0,16.0,40.0,30.0,bed_bath_table
5edf955f0c8417e3fea7288360c2e22d,1.0,150.0,16.0,11.0,11.0,bed_bath_table
7ad1208884270048a2176ff437f49a9b,1.0,2300.0,45.0,15.0,35.0,bed_bath_table
67d86761b499b15c9a7d7f56c777f350,1.0,1100.0,25.0,5.0,25.0,bed_bath_table
58dd922cad1a0d8aa9e2eb27ebfbf1d9,2.0,900.0,50.0,11.0,11.0,bed_bath_table
a755921e6627c919c9693f6b34884767,1.0,1200.0,29.0,15.0,15.0,bed_bath_table
96569e968da124eb728f96aa8700b75b,3.0,900.0,37.0,23.0,35.0,bed_bath_table
f4f13035436c9678ca32d0130c0cdbc2,1.0,500.0,35.0,8.0,30.0,bed_bath_table
2647221a6a477afe2d0268b378f1fdcd,1.0,750.0,40.0,4.0,30.0,bed_bath_table
5f6ab61ba623091b2ced14e75d9e56a6,1.0,1250.0,25.0,25.0,25.0,bed_bath_table
d45677ec0d65c4faa31698316a6be391,1.0,1750.0,38.0,10.0,38.0,bed_bath_table
72b781d37ad5c06da9a06f01248d3f48,1.0,1400.0,40.0,5.0,30.0,bed_bath_table
f97a136cf6e5f5d9333b513afc8b153e,2.0,400.0,16.0,10.0,16.0,bed_bath_table
7583d9a579408cb84bbc7b0e4548ec18,1.0,5650.0,40.0,15.0,23.0,bed_bath_table
fa94f25a73969e3a25d52706e246dfcc,2.0,1700.0,42.0,10.0,36.0,bed_bath_table
3348355c60a53ca51a5bb5a4b63e77a6,1.0,750.0,45.0,15.0,35.0,bed_bath_table
88a3a882d28c386d79c18ac2141eaea1,2.0,1750.0,43.0,8.0,33.0,bed_bath_table
6a4bdc32bf81f50cb387fd6178ce7b07,1.0,2300.0,35.0,10.0,30.0,bed_bath_table
744846f62c7ba12b43c59c5ff57782a7,1.0,900.0,38.0,6.0,29.0,bed_bath_table
17f05cc6ef5563b5e096ab059ca926b4,1.0,3000.0,35.0,15.0,25.0,bed_bath_table
07451cd3b4079198af66b134853aee75,2.0,6000.0,50.0,20.0,40.0,bed_bath_table
e8cb961b90ee6176d66183e712e0dcfb,2.0,1300.0,38.0,8.0,28.0,bed_bath_table
16dd49ee10e688f75c41e83b4863f85b,1.0,1500.0,40.0,9.0,30.0,bed_bath_table
acc2b77287b61cff79eb763499a4571b,1.0,750.0,30.0,7.0,23.0,bed_bath_table
b0e635fac3add17a617e868e78dcaf62,1.0,200.0,20.0,12.0,20.0,bed_bath_table
62f7d6b239a31f7931c5b769313887d3,1.0,1500.0,34.0,6.0,41.0,bed_bath_table
60f3f578a77557a165e174623faa427c,2.0,425.0,21.0,16.0,16.0,bed_bath_table
e34f7accdfa3f3f2ab0c16db77858f6d,1.0,1800.0,45.0,15.0,35.0,bed_bath_table
acca44839604b80bb0f222453e281976,1.0,327.0,22.0,11.0,19.0,bed_bath_table
b3be1f83cef05668c25e134852d44545,1.0,1750.0,42.0,11.0,36.0,bed_bath_table
82cff05560eae73466f8778690b037fa,1.0,2700.0,44.0,19.0,34.0,bed_bath_table
eebe0f0f8b8d4e13e07a558b90e1a6dd,1.0,1200.0,36.0,14.0,36.0,bed_bath_table
f6434e7eb6bcf886ebd61c123c5bf060,1.0,1850.0,16.0,10.0,16.0,bed_bath_table
8ebb1bc470f9bfd4017c0be0773211ad,1.0,400.0,27.0,7.0,17.0,bed_bath_table
093f7389fa2eccda5e86add8da4aa19e,1.0,2000.0,38.0,20.0,25.0,bed_bath_table
d801caede80d4819d4976e8bfdbc2861,1.0,650.0,16.0,10.0,16.0,bed_bath_table
0781ed724941f4eaafbd9e6c5a20be49,2.0,600.0,70.0,10.0,40.0,bed_bath_table
ef59185c3acc6f127418c82873215194,1.0,1600.0,42.0,11.0,36.0,bed_bath_table
a4052f2adbcfe3e5dcf30229fa0f7c68,2.0,300.0,16.0,10.0,16.0,bed_bath_table
f65464750198350b78735037a9b35dd2,1.0,20100.0,45.0,15.0,35.0,bed_bath_table
098d2dad07d012b54e469c5ba2cedbe7,1.0,4700.0,53.0,32.0,43.0,bed_bath_table
821a07e1e2a0382df1f3761ae3cd435c,1.0,1550.0,46.0,3.0,34.0,bed_bath_table
c3e275e10cfd7f3b56f7f657699cfafe,1.0,1250.0,38.0,10.0,38.0,bed_bath_table
28bc7d95951d962dd5cdda791e07b56f,1.0,400.0,26.0,18.0,23.0,bed_bath_table
61963c77fd2c3db173915d9dc837ee12,1.0,16050.0,70.0,50.0,45.0,bed_bath_table
0c65fcdb1caeb8a35c08eb455361ee01,1.0,150.0,16.0,5.0,17.0,bed_bath_table
821719b9a2288a792ba3ca0c9962f467,5.0,27050.0,90.0,20.0,90.0,bed_bath_table
085f9fe187c082982f23152f97f4e0c0,2.0,1900.0,45.0,15.0,35.0,bed_bath_table
bbc8f8ad8f885679e489afbbd29eee61,1.0,1500.0,37.0,23.0,35.0,bed_bath_table
48972c4d034d78bb520475d037515238,1.0,550.0,60.0,7.0,40.0,bed_bath_table
9af62fae6f9a2b963c40a81d29d02ab3,1.0,800.0,17.0,17.0,17.0,bed_bath_table
9f0599e0b0d3f41749a3288e0043f21e,1.0,3500.0,36.0,10.0,35.0,bed_bath_table
e89672a9d3b43c622e5301b36eb87cda,2.0,5700.0,50.0,20.0,40.0,bed_bath_table
867dda95bbba37fe56fa288449fa122f,1.0,600.0,40.0,4.0,30.0,bed_bath_table
960a5bc8efefeecedab46b41324591df,1.0,1000.0,35.0,20.0,20.0,bed_bath_table
8b8422bfeaebcd02e897666185ca2c2c,1.0,400.0,28.0,13.0,12.0,bed_bath_table
8562e2c780a345b609e1b802d7e3e4ae,1.0,1100.0,45.0,8.0,35.0,bed_bath_table
f6e4d73b54219f7078a6a6cf139d87cd,1.0,2100.0,53.0,27.0,40.0,bed_bath_table
acd9f2e9edc814a31a3a5ba586c28241,1.0,750.0,25.0,5.0,25.0,bed_bath_table
7340a3839a1de1e99d149b8cf052a2ec,1.0,800.0,45.0,15.0,35.0,bed_bath_table
2475f9f6b36857e1a35292cf761ffa48,1.0,650.0,45.0,15.0,35.0,bed_bath_table
4fbe3ca0032bccfba232332f06ed4146,2.0,433.0,47.0,4.0,35.0,bed_bath_table
33c18a3e86c00fca807265cf34354996,1.0,200.0,36.0,4.0,28.0,bed_bath_table
9cdea37a09cb505b1c3c5d4f50670032,4.0,6011.0,56.0,20.0,50.0,bed_bath_table
943b5ef98806bd96e4f933bca1d2f130,1.0,2000.0,38.0,13.0,20.0,bed_bath_table
34d25803f90d0109da75922858aa8aec,1.0,650.0,30.0,3.0,19.0,bed_bath_table
019d8b8866a5555ac955b45ffd35e039,1.0,1400.0,28.0,9.0,25.0,bed_bath_table
b627957ffcd19ace5037a5df4230d1fa,1.0,1250.0,20.0,20.0,20.0,bed_bath_table
726d7fdfe0fa5d6f13f13c47ddf88d8b,2.0,275.0,40.0,48.0,38.0,bed_bath_table
025dd9fac2544d8e7e3451ec87bc6511,2.0,1100.0,95.0,8.0,50.0,bed_bath_table
b55dc1f03665edbb665ad508d87d3ae0,1.0,150.0,16.0,10.0,16.0,bed_bath_table
3a2c32450609ca9f17e919385cc2c943,2.0,11700.0,40.0,20.0,30.0,bed_bath_table
3a166c25c4271d3b28fdb6aeadc0897c,1.0,1100.0,28.0,5.0,20.0,bed_bath_table
d8a314ed69c17df21051f28ca7af2e48,1.0,975.0,20.0,17.0,32.0,bed_bath_table
9d82a263e18f0b5ede827b8dd9825e74,2.0,1600.0,35.0,15.0,23.0,bed_bath_table
e45f2a329621593cdfa31be2b8a3bb3a,1.0,8900.0,48.0,30.0,35.0,bed_bath_table
b8b8c1d09039868046cdc2251e973b1b,1.0,2250.0,40.0,6.0,30.0,bed_bath_table
5257dd683d8359dff1b1359ee84bee76,1.0,450.0,16.0,10.0,16.0,bed_bath_table
1c42a107473d6b20db8ac7772b870e33,2.0,1900.0,25.0,10.0,25.0,bed_bath_table
95a10f05868096cb2180c6a0bfbbbc39,1.0,550.0,40.0,4.0,30.0,bed_bath_table
b57469faf40b556e16b9a49308953700,2.0,6700.0,50.0,20.0,40.0,bed_bath_table
7c5eedf954659c8014c0671ba5e1b99b,1.0,2200.0,40.0,15.0,30.0,bed_bath_table
fad3ac91e2ae2e3e0e3f0bed36a565b8,1.0,6600.0,30.0,30.0,30.0,bed_bath_table
4673b61bd1649eb349682ceb2449e34b,1.0,200.0,23.0,3.0,16.0,bed_bath_table
5dfc5bdca7ee27155face9d4e89201ae,1.0,900.0,16.0,10.0,16.0,bed_bath_table
9077a120c5f0a94bf904d737b07e116f,1.0,4600.0,43.0,15.0,39.0,bed_bath_table
be59d6c35e43e4bae41772d4b87136a4,1.0,2250.0,45.0,15.0,35.0,bed_bath_table
955ef07f4e61b2033c9d6af6a6b61783,1.0,1700.0,34.0,9.0,33.0,bed_bath_table
01ece5f98b5fe510881404f92229a49f,1.0,900.0,16.0,10.0,16.0,bed_bath_table
f699f028e07048734e21b89d3d14e5b1,1.0,750.0,31.0,18.0,39.0,bed_bath_table
19f78d4a9dd029e7a9115a8e1d5ccd94,1.0,1800.0,50.0,7.0,35.0,bed_bath_table
c927fb6e90732272045f357a48eaf58b,1.0,5950.0,40.0,20.0,40.0,bed_bath_table
1b363f393faf61f11af873b840645eb9,1.0,1050.0,38.0,10.0,38.0,bed_bath_table
7c1af6529d6dc15a19b722e39f20db2a,1.0,600.0,16.0,10.0,16.0,bed_bath_table
0f398da178a64533d9576940656d23cb,1.0,2600.0,47.0,21.0,41.0,bed_bath_table
37b975d07892522e3022d5f87abb097c,1.0,350.0,20.0,25.0,25.0,bed_bath_table
4211583ce8f0b2bfb7471b49d9bacbdf,3.0,250.0,16.0,22.0,11.0,bed_bath_table
85156b6f3e9ba85d83b17b0c3c8cc627,1.0,1650.0,40.0,15.0,32.0,bed_bath_table
7b3b38b62de0edfa802192d5c18d5489,1.0,1300.0,46.0,2.0,36.0,bed_bath_table
b214e7013d82644243e8560287d1ea90,1.0,1200.0,45.0,15.0,35.0,bed_bath_table
5483dc3f61a1d385ccc49cec3a560617,2.0,1000.0,32.0,12.0,26.0,bed_bath_table
14081f2d6a3ce46cfa9d852c9b1b92ba,1.0,1800.0,34.0,7.0,32.0,bed_bath_table
523d21a1122c8f0de30617d8515d75c0,1.0,800.0,41.0,3.0,32.0,bed_bath_table
ba2fafdf0c3e7418202575a48d00bd15,1.0,1000.0,35.0,15.0,25.0,bed_bath_table
1d0b9497ac4f258fbd822c52ff61b5f4,1.0,400.0,16.0,10.0,16.0,bed_bath_table
1584ce1843990c0f62e353fd0478c2df,1.0,1500.0,45.0,15.0,35.0,bed_bath_table
fc831da5307b1a3e23ed0259a2b6b2a1,1.0,1250.0,50.0,15.0,30.0,bed_bath_table
d77688ff55bbbc28706814a06538c8bc,3.0,1400.0,30.0,16.0,30.0,bed_bath_table
b658e76d7f0fddb37f87ac02a5fa2554,1.0,1500.0,38.0,10.0,38.0,bed_bath_table
6180d1972499e39b4313fce108e75a8d,2.0,1100.0,45.0,10.0,15.0,bed_bath_table
cd3ee451bebe79ab56e507d101897b91,1.0,1000.0,50.0,12.0,12.0,bed_bath_table
2356ba945ec07ec8fab8223d9e98906b,1.0,600.0,20.0,10.0,20.0,bed_bath_table
285da42a6ddd51a0d38372df5597aed2,1.0,8450.0,55.0,25.0,45.0,bed_bath_table
eeb2d1e155818957df60a76fc47e75a8,1.0,1477.0,28.0,20.0,29.0,bed_bath_table
3ff90de8afa748b1f8441607fb2b1e49,1.0,1300.0,45.0,15.0,35.0,bed_bath_table
e2cd18ee8f14173a56ae0ddbe05a9cf9,1.0,1800.0,45.0,15.0,35.0,bed_bath_table
b95dbc4fd2649678edb475921d43bdc8,3.0,9900.0,56.0,36.0,37.0,bed_bath_table
976738868bdcc86e959ba2a7b726d4d5,1.0,2700.0,35.0,20.0,30.0,bed_bath_table
65d347978d3b5418fd6db2a855f73258,1.0,435.0,32.0,5.0,27.0,bed_bath_table
8607de65564eb8365dff1cd491ba80d4,1.0,1500.0,30.0,10.0,34.0,bed_bath_table
690eb1f6541f9107b7cdb77fb461fe5f,2.0,350.0,50.0,8.0,34.0,bed_bath_table
7f9f228320c43765cfe30cdc090e0be4,1.0,1250.0,43.0,15.0,38.0,bed_bath_table
7dd1038514093bf30a37d0865dfef351,1.0,3300.0,46.0,18.0,35.0,bed_bath_table
114a9cb094339f99851ada566136661b,4.0,1450.0,41.0,15.0,51.0,bed_bath_table
39f000b98dd611ffc87b68c5a6efc550,1.0,7500.0,50.0,18.0,28.0,bed_bath_table
9359cb8632f702a16b12ff5464d82d03,1.0,722.0,33.0,6.0,25.0,bed_bath_table
b959a3da753577b24670d59bc55eced9,2.0,500.0,50.0,11.0,11.0,bed_bath_table
9cc4f78d8deda3da85bfd76aea339cbd,1.0,2900.0,45.0,15.0,35.0,bed_bath_table
5f8fd0bd52dabcd1e9e2427dccbcea18,2.0,400.0,50.0,11.0,11.0,bed_bath_table
28600a6299796e69bd5e7b4bbfc230d6,2.0,500.0,90.0,8.0,35.0,bed_bath_table
c9120546166e49a3a3c27b8dcb6a42c5,1.0,2075.0,30.0,20.0,70.0,bed_bath_table
50cc66c6e578448681d7f5951979db3d,1.0,1550.0,20.0,20.0,20.0,bed_bath_table
04e9efe8ce063de2e031eb806396f456,1.0,750.0,30.0,3.0,24.0,bed_bath_table
4ee8542bbedeb1c6d01e48c66986af49,1.0,550.0,16.0,10.0,16.0,bed_bath_table
608396ec032711eb443596cb8cdce050,1.0,500.0,16.0,10.0,16.0,bed_bath_table
5cf337446524f9125e42b40abd6ccb73,1.0,950.0,16.0,10.0,16.0,bed_bath_table
d1b1a0e78589ee89279d0be1e4a8b905,1.0,1500.0,45.0,3.0,37.0,bed_bath_table
5192b3aef1e52554497d72e7f5b97f28,1.0,2200.0,35.0,12.0,25.0,bed_bath_table
87d780fa7d2cf3710aa02dc4ca8db985,1.0,1350.0,46.0,2.0,36.0,bed_bath_table
f4041d76285c2a34ad5013e8d287a400,1.0,800.0,16.0,10.0,16.0,bed_bath_table
52557b5771eba333f455ba6486ea6f19,1.0,1387.0,37.0,20.0,40.0,bed_bath_table
fe673b1b9f582dfe9077e7ecfb03446a,1.0,800.0,29.0,4.0,36.0,bed_bath_table
59ae536b07c3621a400369e60805398b,2.0,1200.0,41.0,13.0,13.0,bed_bath_table
948c22764c5080442c29a9c3da89b40f,1.0,3400.0,20.0,30.0,30.0,bed_bath_table
2a478a360a293f087e352e88f10af8af,1.0,600.0,16.0,10.0,16.0,bed_bath_table
91472a5abca63bed91ade04c71c203ce,1.0,100.0,27.0,5.0,20.0,bed_bath_table
8e7d8117454aa017a9800633a0b0a05a,1.0,2500.0,47.0,21.0,41.0,bed_bath_table
1d6d7be70107889e3193819aca4dc1dc,1.0,900.0,24.0,5.0,20.0,bed_bath_table
70d57e1031cc2064017c1dadbb672a1b,1.0,1100.0,45.0,10.0,15.0,bed_bath_table
d7b0d640fed3084549c593479d40556f,1.0,1900.0,38.0,13.0,20.0,bed_bath_table
476f613bc92f3a20cf80a586fa45a232,1.0,500.0,50.0,11.0,40.0,bed_bath_table
724079b3201139ea9f397edcf3ec90b9,2.0,600.0,70.0,10.0,50.0,bed_bath_table
61779602040b50203b4cdb85dbf2fa83,2.0,25700.0,45.0,40.0,32.0,bed_bath_table
7c45216f5d973dbd72f3a6e5186438c0,1.0,350.0,25.0,15.0,25.0,bed_bath_table
26c927e65e1f0e55dd678ab40436bc99,1.0,900.0,36.0,4.0,29.0,bed_bath_table
5b226d7c52f86ac72457617f78cff95d,1.0,875.0,25.0,18.0,40.0,bed_bath_table
7668f663b32b0678da61622125b39545,3.0,1100.0,37.0,6.0,27.0,bed_bath_table
98475d9717984fc80373a380bbfb0d81,1.0,2050.0,16.0,10.0,16.0,bed_bath_table
4c4fd057b307bd432dd7588d56ee9636,1.0,3150.0,45.0,17.0,35.0,bed_bath_table
57ba9fd4b96512b1aced2dd46e1aea68,1.0,650.0,40.0,4.0,30.0,bed_bath_table
06dce482ace017e78349b6f1fa83a022,1.0,550.0,30.0,3.0,19.0,bed_bath_table
798d450aedc86f840c17c0aabd4e9303,3.0,3100.0,37.0,10.0,40.0,bed_bath_table
16376850de9d7788d802f09e462231d0,1.0,2200.0,45.0,14.0,34.0,bed_bath_table
59af9f8790e7a3f82851c321f0e825bf,2.0,22525.0,45.0,55.0,65.0,bed_bath_table
aa2f410b8f9a8e3e6320540174a4edfe,1.0,1900.0,30.0,20.0,70.0,bed_bath_table
ec03b7c4f40b96139d2ce2ef0b798284,1.0,5900.0,45.0,15.0,35.0,bed_bath_table
65d081bf2ebe1e9b8dd59a72a55a2a6d,1.0,2150.0,49.0,10.0,39.0,bed_bath_table
8d72bd9268379ba4f39affd5ac80ac39,1.0,1650.0,42.0,11.0,36.0,bed_bath_table
568b50dd27d5d76c97dc2f871cb93e9a,3.0,3225.0,60.0,13.0,30.0,bed_bath_table
fa99f765b9d185e1726708bdaf27f8e7,1.0,2100.0,45.0,15.0,35.0,bed_bath_table
144e17b0496772329803ee3007951ec8,1.0,1221.0,40.0,12.0,40.0,bed_bath_table
266cb817d01b77ace5dc383d8cfd0540,1.0,4200.0,36.0,10.0,35.0,bed_bath_table
21e09cd30bfe8dd795517cf1fab6359a,1.0,8350.0,45.0,15.0,35.0,bed_bath_table
72c6ce77ce1addb023ae0e0c483b4193,1.0,5100.0,20.0,30.0,30.0,bed_bath_table
76807d09e53b1c8c2d8afd8695005e7f,2.0,12050.0,60.0,20.0,60.0,bed_bath_table
f324dfdc1e7097c078c8b2e3fb1dce0e,1.0,5600.0,45.0,20.0,37.0,bed_bath_table
b217a380fe548cd65a8d6f18a9c0eb28,1.0,400.0,16.0,12.0,11.0,bed_bath_table
cf6514025ef5d3a93d69d2a7bfa4036b,1.0,250.0,40.0,4.0,30.0,bed_bath_table
75b65bf02912d0c0ec94785f80216982,6.0,2628.0,56.0,37.0,48.0,bed_bath_table
4a7531e96f92f841439a63a41ccb24af,1.0,750.0,45.0,15.0,30.0,bed_bath_table
0e942ba3342dde6fd0f8d2e735ac4264,1.0,1300.0,29.0,8.0,34.0,bed_bath_table
7bb73fff8e232153ed20fef83e34e84c,1.0,1800.0,47.0,21.0,41.0,bed_bath_table
4d53c4c283619d61ff3638ec8e2854d3,5.0,1550.0,32.0,6.0,25.0,bed_bath_table
97431528e0740266bf471bc728adb66e,2.0,600.0,52.0,4.0,38.0,bed_bath_table
cda960fc8a8987dd224a17dddfffdaa5,1.0,700.0,16.0,20.0,16.0,bed_bath_table
fa304c5424fd292aed9c35eb36d9f495,1.0,1250.0,19.0,17.0,23.0,bed_bath_table
ead9c2792c74012806ed1ca06f82a515,2.0,250.0,50.0,8.0,35.0,bed_bath_table
e716e067c266c9785c18204cb3592422,1.0,1150.0,28.0,14.0,16.0,bed_bath_table
1a428b685ede76217c9efb550c4aaa59,1.0,400.0,40.0,4.0,30.0,bed_bath_table
42e408dbdc12442635dfc2ea9c6a97cc,1.0,1200.0,36.0,14.0,36.0,bed_bath_table
59b215ecd21969237a8ebb0f8a2bffc2,1.0,500.0,30.0,5.0,20.0,bed_bath_table
ce6f74096c84567f22728c84f3d6e7fc,2.0,1300.0,30.0,10.0,30.0,bed_bath_table
ae386a85b1db680ff31ad0f2d07a9965,1.0,1900.0,45.0,15.0,35.0,bed_bath_table
f3fad6d734fb27bf8a548562e04f9a5e,1.0,1350.0,19.0,17.0,23.0,bed_bath_table
71d9c2b8b10871fa61851922aabc292d,1.0,800.0,16.0,10.0,16.0,bed_bath_table
06bfe79d999bcce96f9ebfc74280d1d7,1.0,250.0,30.0,5.0,15.0,bed_bath_table
f1261761d91b574288d60a6390a007b6,1.0,1600.0,45.0,15.0,35.0,bed_bath_table
878446a0acbf50aaffcad66218c018ea,1.0,3450.0,39.0,12.0,33.0,bed_bath_table
6fdbc2d597f906254d258d8d64d71925,1.0,550.0,30.0,3.0,19.0,bed_bath_table
8d1224321dc883703df71dcb5be296b3,2.0,750.0,55.0,14.0,38.0,bed_bath_table
53e4fab5d825e39cb1c18642a71c5f82,4.0,2000.0,45.0,10.0,34.0,bed_bath_table
e45976e9ff4d139ed0e9bf83abeb5c80,1.0,1700.0,40.0,7.0,30.0,bed_bath_table
99e365fea0b15ee63272ff391fdde785,1.0,550.0,16.0,10.0,16.0,bed_bath_table
4487261e208ce5d3a8d1a997ccd99dcf,4.0,2050.0,40.0,10.0,32.0,bed_bath_table
4fb3a6cb6e0aa78466566ab0ec0666c6,1.0,2000.0,40.0,7.0,30.0,bed_bath_table
081d21aa3dc9b583104a15fc4dfd1160,1.0,2150.0,35.0,9.0,33.0,bed_bath_table
9478ba3a27de728ec65cf5048a23f34c,2.0,467.0,45.0,4.0,35.0,bed_bath_table
ecfb5255f55715e1faec3e6a316da6c3,1.0,1500.0,37.0,23.0,35.0,bed_bath_table
4363f22966358bced013833537034474,1.0,2689.0,54.0,13.0,46.0,bed_bath_table
c6ea63369936552872ae890c82175b4b,4.0,2900.0,35.0,12.0,30.0,bed_bath_table
488d60f672d1e67be88006cd4dbce218,4.0,1550.0,41.0,15.0,51.0,bed_bath_table
10163fabc9375e9bb72a109272730c6b,1.0,400.0,45.0,15.0,35.0,bed_bath_table
add6fbcc94b517d1875ab4a9484e49f5,2.0,3100.0,47.0,21.0,41.0,bed_bath_table
750a49a83f6ad13ccdf4a761309483f2,1.0,2050.0,45.0,15.0,35.0,bed_bath_table
e9ef247417650a07f8cf312c16904d74,1.0,1600.0,21.0,8.0,18.0,bed_bath_table
8e8d71f2bb02bf4ebb57a8017789f98d,5.0,3350.0,50.0,12.0,40.0,bed_bath_table
c29267da9f1200284d707aa632ce1138,1.0,1500.0,40.0,15.0,32.0,bed_bath_table
c64dc566d642dcb1e4d6e1d94ce93506,2.0,850.0,55.0,6.0,65.0,bed_bath_table
7ca5f56188492e30c50ba64de188aae7,1.0,200.0,30.0,4.0,40.0,bed_bath_table
b35ce9c1e37f5b0f4134da0fe4c93b84,1.0,1200.0,20.0,16.0,20.0,bed_bath_table
429e7401fafb76436f15e86498bd7364,1.0,2500.0,41.0,8.0,36.0,bed_bath_table
db31f6c4f2b2a910fab39406640ef294,1.0,475.0,28.0,4.0,28.0,bed_bath_table
0e95d6eef2bedaf4ecf3c33f78199059,1.0,1250.0,50.0,20.0,35.0,bed_bath_table
38956cecc0bc8d8837371d0aeeefeb59,1.0,350.0,40.0,4.0,30.0,bed_bath_table
4293865e4ead3d446609086b4cfedb4f,1.0,1650.0,46.0,3.0,34.0,bed_bath_table
fafa8d1635b1fa204785386f79112a58,1.0,1000.0,30.0,8.0,26.0,bed_bath_table
6e080931a13058facb0fc1fd930a98fe,6.0,1250.0,60.0,20.0,60.0,bed_bath_table
d85ee6b5fa57f68444d86f77b51ae69d,1.0,1100.0,41.0,18.0,36.0,bed_bath_table
2827ebfb043a328a13a06ca9165cad0a,1.0,1350.0,16.0,10.0,16.0,bed_bath_table
287aafe80d2beee0ac805deb436fdd89,2.0,850.0,50.0,5.0,50.0,bed_bath_table
0915ff4c13dc62982f2a0a3ae788945c,1.0,500.0,60.0,5.0,40.0,bed_bath_table
1f30aacc69904c0d0bf8d05cb2abef72,1.0,1850.0,40.0,10.0,30.0,bed_bath_table
3933e8a85308e9e9e9bc428355ba203e,2.0,1900.0,45.0,15.0,35.0,bed_bath_table
68e6674feb1930d0886bf0227361433d,1.0,2543.0,34.0,12.0,30.0,bed_bath_table
28fd7231afb14b368127513ae6ffe144,1.0,300.0,16.0,10.0,16.0,bed_bath_table
80ec2c3e9b6567d1b32714e79282d57f,1.0,600.0,16.0,10.0,16.0,bed_bath_table
4025cbfac798d74f87c30ee87e6e9f70,1.0,9450.0,38.0,7.0,26.0,bed_bath_table
e31e8a63c7576088f21c33a8365823e1,3.0,300.0,16.0,29.0,26.0,bed_bath_table
b22fd976711109004375eea45d21fe23,1.0,5200.0,45.0,10.0,37.0,bed_bath_table
46bc77b0444a94513691377cfcd3152f,2.0,283.0,51.0,4.0,32.0,bed_bath_table
edb5629baae4be4447033a2d14b1d2d3,1.0,4500.0,58.0,20.0,38.0,bed_bath_table
76cd6488b0486efc2652c4180c07f6ad,5.0,4400.0,73.0,40.0,47.0,bed_bath_table
69ddd03e946aeb806f29e21da4518329,1.0,1650.0,30.0,20.0,25.0,bed_bath_table
553e0e7590d3116a072507a3635d2877,5.0,800.0,20.0,20.0,20.0,bed_bath_table
64769a595cce4c13428fbbd069fb285e,1.0,1000.0,30.0,5.0,30.0,bed_bath_table
b7a812ed1b86b3b00e566dc29ba7ec7c,1.0,550.0,35.0,2.0,50.0,bed_bath_table
1594615cd50616d0ac086f5581d04ac0,1.0,1900.0,40.0,15.0,32.0,bed_bath_table
f1e0c91e748d3ddfb2728c51078c2b08,1.0,200.0,40.0,10.0,30.0,bed_bath_table
056d012d264624accb7f73d31caee034,1.0,1750.0,30.0,5.0,30.0,bed_bath_table
31b69c5458a15ce93c1f3b25276514d9,1.0,2200.0,35.0,20.0,30.0,bed_bath_table
47cc9106e1bc828d424f9439933ca075,1.0,1100.0,22.0,18.0,18.0,bed_bath_table
372645c7439f9661fbbacfd129aa92ec,1.0,1500.0,34.0,7.0,32.0,bed_bath_table
66e08854f9319c6aa4874ca435598331,1.0,1400.0,33.0,8.0,23.0,bed_bath_table
564f6ff7ae760d6eda6d32c551724036,1.0,2500.0,33.0,7.0,39.0,bed_bath_table
0b118a49dedaae5a3d10b55467aad998,5.0,400.0,16.0,10.0,11.0,bed_bath_table
c785fffd281ac9afffc38c8015455fd8,2.0,600.0,60.0,10.0,50.0,bed_bath_table
11a10f5773a7da9fb352dfe9e119803b,1.0,1600.0,32.0,9.0,21.0,bed_bath_table
fa559a64fdb8719b675a8baf140b3d9e,1.0,600.0,16.0,10.0,16.0,bed_bath_table
e931f0b36e64979ba569e7efd36b1736,1.0,11500.0,48.0,30.0,35.0,bed_bath_table
18fc07433ae4bcd5a8bdf658b2c6e40d,1.0,900.0,20.0,2.0,20.0,bed_bath_table
bd6e6fce9ada76ea2db0f1912e8e478f,1.0,850.0,25.0,18.0,40.0,bed_bath_table
5fe7fd1b8ea02958b45106dcd79874e8,1.0,1050.0,28.0,14.0,16.0,bed_bath_table
3918438461819ce9da3aad383410a292,1.0,8800.0,40.0,6.0,29.0,bed_bath_table
b7f1a22cf39550d036ddf4f9ee1295b5,1.0,2050.0,42.0,11.0,32.0,bed_bath_table
f4ff31c676834c31a24648df290aa349,1.0,300.0,16.0,10.0,16.0,bed_bath_table
5bdfe8e8b816fda68f9f8eb7c0c08e62,1.0,1050.0,35.0,10.0,18.0,bed_bath_table
a9e0e7b3976de987fdbd2773ec699f0c,3.0,1350.0,40.0,6.0,30.0,bed_bath_table
e840aad8112818661548fda5d12653f2,3.0,1400.0,36.0,8.0,29.0,bed_bath_table
c4c428c423b8dfbfeae8ecd499d9a048,5.0,21400.0,82.0,23.0,68.0,bed_bath_table
b86a41241c8b868c080b433563dc9223,1.0,800.0,30.0,3.0,24.0,bed_bath_table
2b3ded25b94fa59143322115fce48003,1.0,1250.0,20.0,20.0,20.0,bed_bath_table
4219bea6cb9e38ad99b7e380bc11fb16,1.0,2300.0,25.0,25.0,25.0,bed_bath_table
6cc859e89d080218ff4416539ffa030c,1.0,1600.0,35.0,8.0,29.0,bed_bath_table
7768494922ec00df78713cb957ae63c8,1.0,3000.0,55.0,25.0,45.0,bed_bath_table
5e939a93f81b2b628f2c09510001742a,3.0,1800.0,45.0,15.0,35.0,bed_bath_table
77eb902dbce27d7867fa9c6a9108966d,1.0,1550.0,40.0,6.0,29.0,bed_bath_table
a8706ec14f38594a6c118b7eeb8ae1e3,1.0,600.0,33.0,17.0,36.0,bed_bath_table
b80d1191f28486e54df2e4c6bdeac10d,1.0,900.0,33.0,9.0,38.0,bed_bath_table
1bab2e484686f57566de99a627223576,1.0,900.0,30.0,5.0,35.0,bed_bath_table
306b0c58328826c0564cbc520787d508,3.0,765.0,35.0,20.0,48.0,bed_bath_table
c60d6fe365c9718c407170dd8a8223c3,1.0,2200.0,47.0,13.0,35.0,bed_bath_table
f268298baf71005ba24a9c97a4964a7e,2.0,800.0,33.0,14.0,23.0,bed_bath_table
e6df15acc550c0878f3fdaa84f57f9e1,2.0,1194.0,36.0,17.0,31.0,bed_bath_table
6aa063e063f2ab982b471e58afe06d72,2.0,9000.0,25.0,55.0,50.0,bed_bath_table
0cd0a2334c30b335c4a4e73205bfd366,1.0,3400.0,45.0,19.0,35.0,bed_bath_table
9e0bbeed8f6cb9acb9809733f155800b,1.0,800.0,16.0,10.0,16.0,bed_bath_table
485977d79fe47209050d22d220aaab7f,1.0,7625.0,50.0,35.0,45.0,bed_bath_table
f25b4b41194b370120c42e1b19bd2a8a,3.0,1600.0,37.0,23.0,35.0,bed_bath_table
73fbb5c7d95425e37d003af6ee943997,1.0,800.0,16.0,10.0,16.0,bed_bath_table
d692d19cee022f7acab76373f297ad6a,1.0,1850.0,70.0,17.0,50.0,bed_bath_table
b6bc721dd9f8308b569e8a73982a560e,1.0,650.0,16.0,22.0,11.0,bed_bath_table
db666be3f0d386b173b91c54e6824e05,1.0,450.0,25.0,2.0,20.0,bed_bath_table
4a1dfb01e40129a3bf4fde8c01d93ff3,2.0,800.0,58.0,12.0,37.0,bed_bath_table
5c96b436c3812334679b74dc5da4cb6f,1.0,1500.0,49.0,7.0,40.0,bed_bath_table
7172a7870fee91850dcbcb1f4de40cfc,1.0,1850.0,45.0,15.0,35.0,bed_bath_table
c9c64ed470b1fd9239c456fd6fe99738,2.0,6125.0,35.0,25.0,30.0,bed_bath_table
9cec1c525c7f0c91eb24c74d790d59ef,1.0,8750.0,16.0,50.0,40.0,bed_bath_table
364e789259da982f5b7e43aaea7be615,1.0,750.0,16.0,10.0,16.0,bed_bath_table
26644690fde745fc4654719c3904e1db,1.0,40425.0,13.0,65.0,28.0,bed_bath_table
5a76b277c6c31033b89362512fb80274,1.0,500.0,20.0,10.0,15.0,bed_bath_table
5ec2e292f7f45809fd14d9f45583e2c1,1.0,350.0,30.0,18.0,22.0,bed_bath_table
7514a3aab09ede7053ace487b3c89873,1.0,1000.0,37.0,23.0,35.0,bed_bath_table
8afa66574cf6cd61a7bff6af5494b37a,1.0,7413.0,44.0,29.0,47.0,bed_bath_table
21fadcf38b21749b444f0619ccecd90c,1.0,1300.0,35.0,15.0,25.0,bed_bath_table
5f61715df376d28bae7088fde14894e9,4.0,6050.0,50.0,18.0,40.0,bed_bath_table
753a7c03962394fbdf40fbe595048b89,1.0,450.0,16.0,20.0,15.0,bed_bath_table
ec7b2b334516bb56c78c6c26dc1136d9,2.0,2125.0,38.0,9.0,31.0,bed_bath_table
fd87595e4b416c50ca77899592f2bef3,6.0,1117.0,31.0,15.0,26.0,bed_bath_table
5c995522494b7e399aa98537516e1c20,1.0,1650.0,30.0,10.0,20.0,bed_bath_table
7d0b7e7fe3e96e047cacafa33a808bd7,1.0,750.0,34.0,18.0,44.0,bed_bath_table
03aad9707028422f38b0563410912177,1.0,1500.0,38.0,11.0,30.0,bed_bath_table
19288b027391bb4c6280b7ef7d129438,3.0,1900.0,50.0,22.0,36.0,bed_bath_table
47cd48073d67f91f09cb5ef9496c920b,1.0,2584.0,68.0,17.0,49.0,bed_bath_table
44b63b148b673cb9a06672f06683b9b4,1.0,2555.0,55.0,17.0,48.0,bed_bath_table
b9a4c42463488180d477e980b5bca0d7,1.0,1850.0,48.0,8.0,39.0,bed_bath_table
0424d4d1508370eb771126734ec9740e,1.0,2100.0,36.0,21.0,36.0,bed_bath_table
8fd0367b363b1c5cdce93b1f60116f88,1.0,4925.0,42.0,26.0,32.0,bed_bath_table
19501e8fc293f90acb1b233f4c02e1ec,1.0,1350.0,22.0,9.0,33.0,bed_bath_table
d0807c73a4a44baf809ff7bee3ea5c97,1.0,1350.0,33.0,10.0,29.0,bed_bath_table
36c2fb4fa746273709c373f6d6ec6796,1.0,6038.0,68.0,17.0,47.0,bed_bath_table
2cc6b9c8353f08189f70b928d2185a9d,1.0,650.0,16.0,10.0,16.0,bed_bath_table
419538c5c0c21d892928586bee1ea16a,1.0,2900.0,35.0,9.0,34.0,bed_bath_table
986af931e7ce399914deaa43d224b124,1.0,300.0,40.0,4.0,30.0,bed_bath_table
ca169d8dceee80e88508bc636a2aac96,1.0,1900.0,47.0,7.0,35.0,bed_bath_table
62953ad36e6c894ce69fc72d9a5246f3,1.0,13050.0,45.0,15.0,35.0,bed_bath_table
8a6187b2665118d5095f99a25fd7ba7a,1.0,1300.0,45.0,15.0,35.0,bed_bath_table
9fc98e39f04be8e382d8aa5e259f5489,1.0,600.0,40.0,5.0,30.0,bed_bath_table
37eb540beaaf7aebd7d20b2f384af63d,1.0,250.0,16.0,10.0,16.0,bed_bath_table
6698f23d5d6f5815239e55660f30a0b1,3.0,3050.0,35.0,12.0,30.0,bed_bath_table
9d6332c3e975253362b8cfbbd71f5a25,1.0,350.0,16.0,10.0,16.0,bed_bath_table
ad8efe3688ce3a566187905f9830fa97,1.0,1700.0,38.0,7.0,28.0,bed_bath_table
5a90c762ed3f5a71bbe44860342fd112,1.0,13550.0,63.0,30.0,43.0,bed_bath_table
49f906609418f32ad932aa7a24396268,1.0,250.0,40.0,4.0,30.0,bed_bath_table
24d7b551f0ea7c3cea080d402b211132,1.0,400.0,40.0,4.0,30.0,bed_bath_table
98eb4ae2cc4f0aa3f5c7762583b71e51,1.0,1350.0,32.0,4.0,22.0,bed_bath_table
d3e87f5919c07582b6b4ead0f7eb15c0,1.0,600.0,45.0,5.0,30.0,bed_bath_table
9969f7caa71f4ddb8127440e8d5890e8,2.0,4000.0,50.0,10.0,20.0,bed_bath_table
e27e689c4ce425f2fe7e2a270fd4d2db,2.0,825.0,28.0,3.0,29.0,bed_bath_table
fe95eb948375116da759c8ef60295001,1.0,800.0,45.0,15.0,35.0,bed_bath_table
fa680bff04bea02bfc06fd7feef8d347,1.0,525.0,37.0,7.0,31.0,bed_bath_table
47ca911aa7f3febfc2478f63fc1aed07,1.0,4200.0,60.0,25.0,40.0,bed_bath_table
54bb3470c28291c7252832f0437ca469,1.0,500.0,50.0,11.0,40.0,bed_bath_table
7b6b9dcfd2e81d13feaea2b0681b9976,1.0,600.0,24.0,15.0,18.0,bed_bath_table
e2765be8c962369ccda8f9880e6c3b6b,1.0,1000.0,40.0,10.0,30.0,bed_bath_table
86766d5e84f560b949d8a4582e9fdbdb,1.0,2910.0,42.0,16.0,36.0,bed_bath_table
559f77dc39e5cb5aad61c0e0d32594e8,1.0,22200.0,56.0,38.0,48.0,bed_bath_table
3f56545df76cf762c62d35d987a29962,1.0,1000.0,50.0,12.0,12.0,bed_bath_table
45986044725e448e85eb0d81251a8892,1.0,3950.0,70.0,20.0,70.0,bed_bath_table
bf2f8efdd119b43056e1355c46119f04,1.0,650.0,40.0,2.0,30.0,bed_bath_table
5a9e59a4796fdb38dfd89e0977993f31,1.0,200.0,16.0,16.0,16.0,bed_bath_table
d3796e73f7d260e45f5d5b9dc1c5a7a1,1.0,2600.0,37.0,23.0,35.0,bed_bath_table
99407e203910716731e1644a5a0bccd5,1.0,2000.0,16.0,10.0,16.0,bed_bath_table
857dae9f7ebd67d5920e6543f24c3841,1.0,4700.0,20.0,30.0,30.0,bed_bath_table
adae758556f8338f07f3064736416064,2.0,9375.0,40.0,35.0,45.0,bed_bath_table
1d25200882dc5bcbff689ba2ba117f9f,2.0,17100.0,56.0,38.0,48.0,bed_bath_table
b9871eecffc86e4ce44299d2e0d10cdd,1.0,2700.0,42.0,16.0,36.0,bed_bath_table
3b0fbb3ab5b1512278d2e1c695b07e85,1.0,400.0,40.0,5.0,30.0,bed_bath_table
2fb51d5cb775a68676826ebe06a17dc5,1.0,1000.0,35.0,7.0,24.0,bed_bath_table
9414323ebb3ebedacbca284868df0eb5,1.0,5900.0,44.0,14.0,34.0,bed_bath_table
52d7a7207b9646509bdc754fed3a0cef,2.0,413.0,54.0,4.0,39.0,bed_bath_table
8470bac0f1a7439fe183013eab283534,1.0,5050.0,45.0,15.0,35.0,bed_bath_table
555b27dfb2ed94d001c28e5624dd6961,1.0,1450.0,34.0,12.0,40.0,bed_bath_table
e24cb34674177a7fe1358c33cf899417,1.0,350.0,43.0,12.0,16.0,bed_bath_table
7e07898c0f30ec34cc5d255bcc4b3747,2.0,1500.0,37.0,23.0,35.0,bed_bath_table
e5178e8bcef1146c07bf05c267ed1729,1.0,1600.0,32.0,5.0,29.0,bed_bath_table
6dee07beaa37c13fad2bc4389983f31d,1.0,1200.0,45.0,20.0,38.0,bed_bath_table
60a3aec19dc1a866e9cf6a6b4430916d,1.0,1450.0,45.0,15.0,35.0,bed_bath_table
e95fb3a80ca294f39de925b6428f3a32,1.0,1300.0,33.0,9.0,38.0,bed_bath_table
ce846b23f06e1c42afbc68efc1d35b82,1.0,1400.0,16.0,10.0,16.0,bed_bath_table
df5a9191c2465bb6f8538b6b3371e019,3.0,663.0,31.0,6.0,31.0,bed_bath_table
fe644da1135fedca6aa0bf794fab71be,2.0,3100.0,47.0,21.0,41.0,bed_bath_table
af98356c2ad46bed20c994d7102260d7,1.0,14600.0,50.0,30.0,40.0,bed_bath_table
64464a1e471ff30f71b31bad5d656f83,1.0,200.0,20.0,12.0,20.0,bed_bath_table
46ed0917b696c5c8c934e368da2fec36,1.0,1225.0,19.0,17.0,22.0,bed_bath_table
8bdd0de5a3c80c06473456b077c17653,3.0,800.0,22.0,13.0,16.0,bed_bath_table
793fdf9c1646a4d7cd020f9f0898450c,1.0,500.0,16.0,10.0,16.0,bed_bath_table
3ca5e19399b1bf5a02f81dbbf551a3d5,1.0,750.0,30.0,3.0,24.0,bed_bath_table
fdd6cd13962a20732851bc7cefd37549,1.0,350.0,36.0,4.0,25.0,bed_bath_table
b7538ba9e18ac05ea16d53aea0867f24,1.0,10550.0,45.0,35.0,40.0,bed_bath_table
eebf94b514dfad1c44c4f066a94fb732,1.0,1200.0,50.0,16.0,44.0,bed_bath_table
7185389e32acf9c5c5f61e6a23c0ab3a,1.0,4500.0,26.0,26.0,36.0,bed_bath_table
d2fdf77a5b302a3adfb145131a217f2e,3.0,1000.0,45.0,15.0,35.0,bed_bath_table
537148287359f3f816095b3bfc368130,1.0,3600.0,35.0,6.0,25.0,bed_bath_table
2c264f8d74057022201e449be6150956,1.0,1050.0,20.0,30.0,30.0,bed_bath_table
45af706a261242e1f74e90aee7b49a5b,1.0,1500.0,43.0,5.0,30.0,bed_bath_table
1c185f17bc0cdfba85b49cc9724b1ce4,1.0,1352.0,37.0,9.0,30.0,bed_bath_table
2ab7dca60e8a55e3172c3e757111f25a,1.0,6700.0,20.0,30.0,30.0,bed_bath_table
9a1497459e5fa13235a83d67111a8e7b,2.0,950.0,32.0,5.0,30.0,bed_bath_table
86aa61695c6b6cbf8dbbd986e04f673c,1.0,400.0,20.0,10.0,20.0,bed_bath_table
25f86162fee18735fffdb762dcb10d7c,2.0,10800.0,54.0,27.0,36.0,bed_bath_table
0bb987ba9ab94c3db5f831375f9d8a5c,1.0,8800.0,35.0,19.0,44.0,bed_bath_table
6421588f55f75de28cb3357e07723d14,3.0,1050.0,16.0,10.0,16.0,bed_bath_table
073afdaeb2d71d4da3ce0c6935614289,2.0,900.0,30.0,10.0,20.0,bed_bath_table
eaf2df1ba085ead0c130576b6ad37b2c,1.0,1600.0,38.0,7.0,28.0,bed_bath_table
979473e8af1d4eaf4b889a0ba32834ce,1.0,1050.0,16.0,10.0,16.0,bed_bath_table
0561435e3af107a3bd2104466ad5985a,1.0,900.0,36.0,6.0,26.0,bed_bath_table
f67f7aa7e27d08018022abb4bdc90a38,3.0,750.0,32.0,9.0,24.0,bed_bath_table
886321836971176f30bc1eff5237c263,1.0,600.0,16.0,10.0,16.0,bed_bath_table
6971a132d48181b7060704b73f3bfed5,1.0,1650.0,36.0,14.0,42.0,bed_bath_table
5f94420195fe54db4e88348ee7a0f2f2,1.0,1000.0,53.0,3.0,53.0,bed_bath_table
cad2db5e318d7283a234c517b2f28a42,1.0,1600.0,30.0,5.0,30.0,bed_bath_table
aa56ab71ba080a7d38971fc64e9cb732,1.0,400.0,16.0,10.0,16.0,bed_bath_table
cbb698a524aa75c4c6c9248368ebba55,1.0,16100.0,50.0,30.0,45.0,bed_bath_table
54aa236e8ff33e6f8bccd2ba26daa29b,1.0,1050.0,45.0,11.0,11.0,bed_bath_table
3f90ef42e637c17203bd0ee040c16de0,1.0,450.0,40.0,4.0,30.0,bed_bath_table
bfbb69c5813c20a95466cc03a1274efd,1.0,1400.0,45.0,15.0,35.0,bed_bath_table
ee9fa20ef71389d9840475debed60d82,1.0,970.0,37.0,10.0,30.0,bed_bath_table
bfa3d6cdc62f90365c2a895263e371a0,1.0,1000.0,35.0,8.0,35.0,bed_bath_table
08ef02b6aae73ad3a385cf1342f609c7,1.0,250.0,16.0,12.0,11.0,bed_bath_table
386f49ab30388daa04bab06228b3ee96,2.0,3400.0,47.0,21.0,41.0,bed_bath_table
4c4ac406dc3f4a2e7805e4b578d0fa0a,1.0,700.0,38.0,8.0,33.0,bed_bath_table
e5658bcc41cb5f1d1a0b3bde488c2f98,1.0,1300.0,38.0,7.0,31.0,bed_bath_table
7f9475c2e93957f54e9dd045dd7ce6fe,2.0,17100.0,56.0,38.0,48.0,bed_bath_table
b7545fcb6846edbe119f90a80889b31d,1.0,5550.0,45.0,15.0,35.0,bed_bath_table
9881e1d8024c8459494c134d29a42cd8,5.0,1700.0,33.0,12.0,33.0,bed_bath_table
e87c931c62c20f4b62ea85af5e22538a,1.0,833.0,29.0,2.0,28.0,bed_bath_table
92c7ec84190a13612cae0baf13804b23,1.0,2000.0,37.0,15.0,26.0,bed_bath_table
9c204ffd5c81fc50cecadd18f222d091,6.0,2555.0,55.0,17.0,48.0,bed_bath_table
826990bc0af28681bde1dcd66a336763,2.0,3733.0,37.0,16.0,19.0,bed_bath_table
14d171d5043b1b2e14498f580e6225eb,1.0,600.0,16.0,10.0,16.0,bed_bath_table
4e62b4abde1f1c9000dec8f2b5cc226e,1.0,1550.0,48.0,8.0,39.0,bed_bath_table
b10eba910a974df70b8a12d0665cdb9e,1.0,550.0,51.0,4.0,41.0,bed_bath_table
e36f2ca8d28257f884c9a4cf523e6d70,1.0,2000.0,45.0,15.0,35.0,bed_bath_table
eebbed5ed3b134eceb717496c47652ba,1.0,1750.0,30.0,20.0,25.0,bed_bath_table
daf7ec5956e0377c86e427d04ba0e315,1.0,3200.0,20.0,30.0,30.0,bed_bath_table
17fe46c4cd7376a1a75f47e2fa4d5c89,1.0,5288.0,51.0,27.0,51.0,bed_bath_table
77adf2a023d22fa0414ef9fc947c1c25,1.0,600.0,50.0,12.0,14.0,bed_bath_table
e21e755eab33a63a03fa9080691b357e,1.0,2400.0,42.0,11.0,36.0,bed_bath_table
b80fc6d567fe3d99eb5ce3fbe46f7010,1.0,10050.0,50.0,30.0,40.0,bed_bath_table
ed5122a6a757a4fea8f32a6fb95a5135,1.0,1938.0,48.0,11.0,41.0,bed_bath_table
6d3b335d1fba472b61c01ba542307f62,4.0,2300.0,40.0,13.0,30.0,bed_bath_table
43838436d448f6775af2718e0de8dc50,3.0,13000.0,56.0,36.0,37.0,bed_bath_table
9ad75bd7267e5c724cb42c71ac56ca72,1.0,1225.0,35.0,15.0,38.0,bed_bath_table
a0544c3d3aafc14f88c638fb74f72833,1.0,1200.0,34.0,6.0,41.0,bed_bath_table
184c94ca5ebab8d884a1c070e2197526,1.0,1100.0,16.0,10.0,16.0,bed_bath_table
5199c64bddaad759e3cc82d7fa449570,1.0,800.0,35.0,7.0,28.0,bed_bath_table
f7fdb1768aa2ba6a019449b74810d43f,1.0,1500.0,43.0,5.0,30.0,bed_bath_table
1dd9019e9b721d5535c59d13551b2469,1.0,550.0,45.0,15.0,35.0,bed_bath_table
341510944cbf67a53d3ab835498921c1,1.0,1500.0,40.0,15.0,35.0,bed_bath_table
c7a0c5a255508dc7cd1302da2ec17020,1.0,1000.0,20.0,35.0,20.0,bed_bath_table
abd847676cb6a8b707b4f22b9fae9d39,1.0,4025.0,46.0,12.0,43.0,bed_bath_table
a916e7d54e45e5db64b1c99b970d6f15,1.0,2300.0,40.0,15.0,27.0,bed_bath_table
ce28d6520fdd554a54b818fce6ed0808,3.0,650.0,35.0,5.0,30.0,bed_bath_table
bc4d8a403b121ef3965530900b4309b0,1.0,13483.0,48.0,29.0,40.0,bed_bath_table
12109f7ebba06bbaeb6448c770cb716e,1.0,1150.0,20.0,30.0,30.0,bed_bath_table
193cea27ec2ebc61c91cf7dd70420fad,1.0,4400.0,43.0,15.0,39.0,bed_bath_table
4bec65b5ca713b764fe4cd47d9b5368c,1.0,900.0,46.0,14.0,40.0,bed_bath_table
724692d1ae89a580525678a07f6af0f3,1.0,1700.0,46.0,3.0,34.0,bed_bath_table
09dafaa79c17733a900ce34c9a1f5be8,1.0,600.0,40.0,4.0,30.0,bed_bath_table
978ea005bbc57d3f9ee16f21056f7f63,1.0,1400.0,52.0,15.0,37.0,bed_bath_table
24908bd1bd10700a84f4fd551a3a52b4,6.0,950.0,30.0,20.0,26.0,bed_bath_table
8babfe496d325893ecf4a9ddefb1b31c,2.0,214.0,22.0,3.0,20.0,bed_bath_table
dac2266808127da6f3226f7502ac00b3,1.0,3500.0,36.0,10.0,35.0,bed_bath_table
3b42242085259cb66b6e577ae5173c76,1.0,1600.0,26.0,21.0,23.0,bed_bath_table
ab56392f9c4033a5857a8e2b0ff3be70,1.0,550.0,16.0,10.0,16.0,bed_bath_table
5c46bf87ac19e39122f9d63b8edf6e8f,1.0,1100.0,20.0,30.0,30.0,bed_bath_table
642247ccf62585635cefa1bf09f59b94,2.0,900.0,30.0,4.0,40.0,bed_bath_table
30715b45872148dd5322eb2989228a43,1.0,6050.0,40.0,32.0,40.0,bed_bath_table
f1f8a9e252e1f78ae6022bb2d40c392f,3.0,1100.0,36.0,8.0,16.0,bed_bath_table
8dcd68068a61eed3028761a74238dd1e,2.0,1400.0,44.0,22.0,31.0,bed_bath_table
9adebd80969a5b8ec766fd02afffec2e,1.0,2150.0,43.0,13.0,33.0,bed_bath_table
79351053555d5b98a09738e68f891f1a,1.0,3050.0,39.0,13.0,46.0,bed_bath_table
4396a21dbcffe535748c5df0f544b5de,2.0,1800.0,26.0,26.0,26.0,bed_bath_table
a0644c97f9915e9f442b94b4a5a2fa1b,1.0,1675.0,25.0,20.0,23.0,bed_bath_table
b791d5d05f0c974d148d358efcd21d84,1.0,500.0,16.0,20.0,16.0,bed_bath_table
43d9ce1b4573a087677c2bd656131b94,1.0,400.0,16.0,10.0,16.0,bed_bath_table
d80fce9f775927c7d602c2de926759f1,1.0,4050.0,36.0,16.0,26.0,bed_bath_table
2ff9737e49040a4de6435620ee96885f,1.0,2300.0,50.0,35.0,40.0,bed_bath_table
abd7ed8ecd726157215c9eb9caac7356,2.0,1250.0,20.0,20.0,32.0,bed_bath_table
1303e8674814cde0e8cfe7d796d6a544,1.0,750.0,16.0,10.0,16.0,bed_bath_table
1ce5b88456351c3b986532265a56d223,1.0,500.0,40.0,4.0,30.0,bed_bath_table
8df56ba30e76d09f57ca93ee364616a0,1.0,1600.0,45.0,15.0,35.0,bed_bath_table
28695d1fbc87ba371ee1a55dbb422f0c,1.0,650.0,28.0,7.0,24.0,bed_bath_table
f225b2857ac11c1ec879e0c81996ed9f,1.0,950.0,16.0,10.0,16.0,bed_bath_table
389dab2c3ff642d27fccf64962be5d4c,1.0,2146.0,42.0,11.0,36.0,bed_bath_table
2a5fa7b501557e971bf63ec336f67fa2,1.0,5900.0,50.0,10.0,30.0,bed_bath_table
fb2f2ec90b4ee90ad257bbf89d01247e,1.0,850.0,16.0,10.0,16.0,bed_bath_table
9b51d6648b91fc80caff5184f2a4e24a,1.0,1150.0,30.0,20.0,20.0,bed_bath_table
b17808303e15dd50538c011b44295427,3.0,1050.0,23.0,93.0,118.0,bed_bath_table
56b83ac081e4e6ea5f87323b4e46e85c,1.0,1100.0,45.0,8.0,35.0,bed_bath_table
eb13f07e760f0deb9bde498ef4c5d585,1.0,800.0,28.0,3.0,29.0,bed_bath_table
1a366f773e013eb49126f79154b769d0,4.0,550.0,20.0,20.0,16.0,bed_bath_table
e5bd04e8e3cb77f1a49404d588d3e528,1.0,600.0,26.0,2.0,20.0,bed_bath_table
cce679660c66e6fbd5c8091dfd29e9cd,1.0,250.0,40.0,4.0,30.0,bed_bath_table
9c7ed530c8d9880f978748600f319c0c,1.0,1200.0,34.0,6.0,41.0,bed_bath_table
ac374e17faa1d8981d2c2329449d1519,1.0,550.0,30.0,3.0,19.0,bed_bath_table
b7adcb01af7ce9db1f8192b9de8a923f,3.0,6050.0,60.0,10.0,60.0,bed_bath_table
8049d38dde63e0ca96af1e9511d4727d,3.0,3650.0,49.0,18.0,41.0,bed_bath_table
13befae9b3fb34c439cf4744fd18dfa7,1.0,250.0,40.0,4.0,30.0,bed_bath_table
d55d7f0c5ef5a075a5a30e2517867bc9,1.0,3200.0,45.0,15.0,35.0,bed_bath_table
9d81eaca13286647efa7a4dffc25aa56,1.0,300.0,16.0,10.0,16.0,bed_bath_table
48b099f6925c19d46ed5f013267681c2,3.0,650.0,27.0,10.0,23.0,bed_bath_table
a78b7b0cc4bc7068c5ba6051f0101484,1.0,5450.0,45.0,22.0,33.0,bed_bath_table
845968d70e40e2ceece1bc1d3f5812d7,1.0,400.0,16.0,10.0,16.0,bed_bath_table
31699327e8b1095210f7c48d91fc09f0,1.0,1400.0,38.0,11.0,30.0,bed_bath_table
47061c529d086395e595208595507aa4,1.0,550.0,16.0,10.0,16.0,bed_bath_table
03f02ee5e8fd233d41dcfe8ad911cf7e,1.0,6400.0,30.0,30.0,30.0,bed_bath_table
d2590e760a219370be80631524e6a493,1.0,650.0,42.0,11.0,29.0,bed_bath_table
0cd6e5162c88ac37f5d1aee2922c51cb,1.0,400.0,33.0,3.0,23.0,bed_bath_table
efce3fae189352dae985bc199c030d93,1.0,7550.0,60.0,12.0,40.0,bed_bath_table
9a7c0784b8058269d176b3089c946ed0,2.0,900.0,16.0,10.0,16.0,bed_bath_table
fb86f051bd8a6ca06751de557e686c33,1.0,800.0,30.0,3.0,24.0,bed_bath_table
cfb763496d9fc48751a27db4fd02aa2d,2.0,350.0,25.0,9.0,19.0,bed_bath_table
d816a92fa931677cd6821e47cb622d35,1.0,1112.0,40.0,7.0,38.0,bed_bath_table
c96dae58447b1aade5e8a7e28a87a31a,1.0,1323.0,37.0,10.0,31.0,bed_bath_table
777a181e167987349d104ece27e7e112,1.0,17000.0,63.0,30.0,43.0,bed_bath_table
8b45810da2ef9860496d56f62435fc40,2.0,800.0,16.0,10.0,16.0,bed_bath_table
5bef5f3b8482d8e586db1839a4577b87,1.0,800.0,21.0,13.0,15.0,bed_bath_table
7c6bed3d75273973d74b1ba957c024f8,1.0,550.0,40.0,4.0,30.0,bed_bath_table
946d139bde35d0aaa51d5299b531a262,1.0,3675.0,48.0,11.0,40.0,bed_bath_table
3cbe33afbd16b7026d87ed3bb2e8ca52,1.0,750.0,35.0,20.0,35.0,bed_bath_table
4090bc3e9345799969d07e5d46ea8f31,1.0,1500.0,38.0,10.0,38.0,bed_bath_table
73f5461cce8ab8a4db14936789113bfc,1.0,2350.0,47.0,9.0,38.0,bed_bath_table
9a1b7847e343ede3e33f96df14fedcc8,1.0,1700.0,40.0,25.0,35.0,bed_bath_table
c1682e15732b5ae93506aac9133944e1,1.0,3300.0,42.0,12.0,40.0,bed_bath_table
24c0de23191c9450049b2b3d8749ad35,1.0,300.0,38.0,14.0,38.0,bed_bath_table
dd30ac2295f4efcd58173d3043f8216b,1.0,3000.0,40.0,12.0,40.0,bed_bath_table
400c94f68f29c71e51943d5d9c9169a7,4.0,2450.0,80.0,16.0,35.0,bed_bath_table
a25142a39f693df490ab9f63f3149e8f,1.0,1000.0,37.0,10.0,35.0,bed_bath_table
2e4bf3f09064f2b5f34d12924fc634b3,1.0,2700.0,42.0,12.0,35.0,bed_bath_table
5b59b0c94f8e31d14fe89dbbfda3df6c,1.0,700.0,45.0,8.0,40.0,bed_bath_table
5cc23f2c72b47d7b95f4df9855848a46,1.0,8200.0,56.0,17.0,51.0,bed_bath_table
1b88c133317c3f2b8c53b6048f2dc8b6,1.0,6200.0,20.0,30.0,30.0,bed_bath_table
3f9b660d70c2742b1dab6701075b9b63,2.0,2500.0,41.0,9.0,34.0,bed_bath_table
c58cd8096523799b3ac1be7952c92b76,1.0,1150.0,34.0,7.0,32.0,bed_bath_table
a2a02ec5b66063b4c3ccdf10a53fc501,1.0,4350.0,45.0,15.0,35.0,bed_bath_table
060b5b8d4937e08d87e86d0bf339aaeb,1.0,550.0,20.0,10.0,15.0,bed_bath_table
05dd4bacd8cd34a33815b90b38176a69,1.0,2100.0,34.0,9.0,33.0,bed_bath_table
bace90a7338e9d31371ad47811cf4c7d,2.0,6450.0,60.0,14.0,38.0,bed_bath_table
9cc1e6413c1f91931ffbf5ddd308ee13,1.0,1350.0,19.0,17.0,23.0,bed_bath_table
78304982b107fb026e5e9a4a1f48acae,2.0,1950.0,43.0,8.0,33.0,bed_bath_table
63955fd9443dc0f492c2e146c343bf93,2.0,10600.0,50.0,25.0,25.0,bed_bath_table
cc7d8d232e6f5f27b70be81b68e27d6e,1.0,3200.0,33.0,8.0,40.0,bed_bath_table
c55ee2882c5321eb3c9277e5c92e50c7,1.0,1450.0,25.0,25.0,25.0,bed_bath_table
b45755e01d70d935e074cdde682bed74,1.0,1420.0,47.0,9.0,38.0,bed_bath_table
b20e4519d195d80c6d81bf3963a43d5a,2.0,1500.0,34.0,6.0,41.0,bed_bath_table
548e5bfe28edceab6b51fa707cc9556f,1.0,1200.0,44.0,2.0,35.0,bed_bath_table
e1fad996d18315862e15d09446c5c65d,1.0,6750.0,30.0,20.0,20.0,bed_bath_table
b83dd24f806b484c1f22ec9af48271e0,6.0,350.0,30.0,14.0,16.0,bed_bath_table
b7217c2f0d36a676e0350fa550c61fee,1.0,450.0,45.0,15.0,35.0,bed_bath_table
a126cf2ba6e20ffef685352e40945a68,1.0,700.0,24.0,15.0,18.0,bed_bath_table
8f61327bbc1b9096bd97323ab64fc6bd,1.0,10050.0,50.0,30.0,40.0,bed_bath_table
45417041ae270bf5e57ec990a56bdebb,1.0,1250.0,25.0,17.0,35.0,bed_bath_table
cc253bcdfed96c5b54f2420c76434aa6,1.0,2250.0,35.0,12.0,24.0,bed_bath_table
6e38442006e8540f8ffc733c8a243d70,1.0,5025.0,68.0,18.0,48.0,bed_bath_table
9da0bebb7f9168679e748abbfad05edd,1.0,450.0,40.0,4.0,30.0,bed_bath_table
f57fdbfc9c610581b1b50f53210ac3ae,2.0,600.0,70.0,10.0,50.0,bed_bath_table
c211ff3068fcd2f8898192976d8b3a32,1.0,200.0,20.0,2.0,15.0,bed_bath_table
063c331b19ce7f951a2abb159e30386a,2.0,1100.0,33.0,12.0,24.0,bed_bath_table
6d1338fc8d6ac273115ea526c7a6146a,1.0,350.0,30.0,15.0,30.0,bed_bath_table
683647534fe73616ae97d91a6ef253f4,1.0,1400.0,20.0,5.0,15.0,bed_bath_table
26e7ce7bf047fbebffa5781cb30d2861,2.0,900.0,50.0,5.0,50.0,bed_bath_table
fdb30642264bf639de6968a1b8d72c63,2.0,600.0,65.0,8.0,55.0,bed_bath_table
18721a85f6f265d6137dfc0f88cc0534,1.0,900.0,33.0,9.0,38.0,bed_bath_table
f23f6c4bbac2fbae03b381189d50296b,2.0,600.0,70.0,10.0,40.0,bed_bath_table
48f866f20b5b6015a324210988e73387,1.0,1850.0,45.0,15.0,35.0,bed_bath_table
78d6410e644f39c0dd2909eb6cf550f5,1.0,2200.0,55.0,25.0,35.0,bed_bath_table
c89267ee22b330121259fdd56cee5696,1.0,2250.0,39.0,7.0,28.0,bed_bath_table
c347e9e3e30d35fff96379aef21c40d4,1.0,2820.0,34.0,8.0,38.0,bed_bath_table
944a8fa6055b8213f9e715720d4e2d5c,1.0,1100.0,38.0,10.0,38.0,bed_bath_table
271f1932e906a6f5e59ffbf12cf04e93,3.0,9800.0,65.0,20.0,45.0,bed_bath_table
9a469eaf45dfbc43d39ba1977a3c07af,1.0,700.0,40.0,4.0,30.0,bed_bath_table
2fe0cccc00239f01484b97ba65408800,1.0,967.0,28.0,7.0,30.0,bed_bath_table
6f422d8cc7a2f0dc9936dabad9db6828,1.0,1400.0,36.0,9.0,27.0,bed_bath_table
60a8d8f0434c4531bf310eebf9f19cfe,1.0,200.0,26.0,10.0,22.0,bed_bath_table
44eceb92060ff42ba1b3716acd052645,1.0,1350.0,34.0,7.0,32.0,bed_bath_table
a37a8ef49db46a932a778ab081d7c40b,1.0,2100.0,40.0,6.0,29.0,bed_bath_table
5360ece40f89cf47f68ec7353fb12d49,1.0,550.0,30.0,3.0,19.0,bed_bath_table
93c601273c90caca6b37d54b0e6f1ead,2.0,5300.0,45.0,20.0,35.0,bed_bath_table
d41a53937c9fddcd3aafd96be7d4f345,2.0,567.0,53.0,4.0,40.0,bed_bath_table
d730058d1bde41dd32e054abe2fe015f,1.0,2800.0,45.0,15.0,35.0,bed_bath_table
cf54cbfe4e33bc8f7b34a65da576497c,1.0,650.0,40.0,5.0,30.0,bed_bath_table
fad534edb8f35664713c4b766fa473d4,1.0,400.0,20.0,2.0,15.0,bed_bath_table
cd32c1a6eb38dcf2a8afba626ed0172f,2.0,17100.0,56.0,38.0,48.0,bed_bath_table
68bf2e76db1d8e846042e54da87399ca,2.0,6850.0,59.0,22.0,37.0,bed_bath_table
eace264775d7cb8c0ec565d7746f661c,1.0,400.0,20.0,10.0,20.0,bed_bath_table
008686d56f4c85b987a4c24a286834c1,1.0,2200.0,37.0,10.0,32.0,bed_bath_table
cd2ee35bb109c0ee5b598cae174880bc,2.0,600.0,50.0,8.0,40.0,bed_bath_table
301cfe3b10ca8a9e1a1fda2f36bf9142,1.0,875.0,34.0,23.0,42.0,bed_bath_table
950ea5e8d99762513bc4841fee9e7225,1.0,500.0,17.0,7.0,17.0,bed_bath_table
fdb7db3bff9c924c80ae39b6cd2e82a7,1.0,10050.0,50.0,30.0,40.0,bed_bath_table
e4bc98f06b9893b763bb17a152219b87,1.0,1400.0,40.0,10.0,35.0,bed_bath_table
95ed9ac528aa2547407e6dff356c12ba,1.0,1500.0,20.0,30.0,30.0,bed_bath_table
d90b49224b5d6eb131a51e53824934d3,1.0,7000.0,55.0,15.0,42.0,bed_bath_table
fc6ba6bf4b28fdad575e27b56cafe176,1.0,1150.0,20.0,30.0,30.0,bed_bath_table
9a0620ddaf3055b7e588e936e036a529,1.0,1600.0,34.0,7.0,32.0,bed_bath_table
0bbfbce1edd4c12c0a15b6b5dfba409f,1.0,300.0,40.0,4.0,30.0,bed_bath_table
658189cd5485002bcbcf43081e91581d,1.0,1300.0,20.0,30.0,30.0,bed_bath_table
f517e42dd0e3a8d6797dbd1010416447,1.0,9850.0,60.0,30.0,48.0,bed_bath_table
d455f7ee2636294c52a691b98c06247f,1.0,350.0,35.0,4.0,26.0,bed_bath_table
57f68d17b05e574df89591b08dab6f6a,1.0,2300.0,52.0,16.0,44.0,bed_bath_table
b58f6c70ab1d4e67e904c4003f1d5a5e,3.0,650.0,37.0,23.0,35.0,bed_bath_table
85beb2646748eba31447d10a653938b2,2.0,3350.0,25.0,10.0,25.0,bed_bath_table
21a2d8537730ec21c03750360cc15f68,2.0,400.0,50.0,11.0,11.0,bed_bath_table
0152f69b6cf919bcdaf117aa8c43e5a2,1.0,250.0,40.0,4.0,30.0,bed_bath_table
f8763c8e0ef828c6d393b091888f9eb8,2.0,20325.0,63.0,40.0,55.0,bed_bath_table
0b3f6a2323c814e1b19fd44838c160ef,1.0,550.0,16.0,10.0,16.0,bed_bath_table
a0d6306a9ed921a7d9aa1feed0550c82,1.0,3600.0,40.0,15.0,35.0,bed_bath_table
4b654148e98cf7413afd4b26ab643233,2.0,550.0,70.0,8.0,30.0,bed_bath_table
b694e2087c446e6905b08cd9360cfe45,1.0,5925.0,51.0,16.0,36.0,bed_bath_table
3291a5461db3d7b6446dbd046f6cf055,1.0,600.0,16.0,10.0,16.0,bed_bath_table
bf3feeeefed5b3e4b5fed721408deac2,1.0,1500.0,53.0,18.0,36.0,bed_bath_table
734be9836ed8115f981a072369c2516c,1.0,2700.0,37.0,23.0,35.0,bed_bath_table
b7d4874bd1f4dcf0d73abaaee0bff5f6,1.0,350.0,25.0,2.0,30.0,bed_bath_table
80a354492ba20a7ef994a4cad98e807d,2.0,350.0,45.0,6.0,30.0,bed_bath_table
b8fefc9c1f951969968e904d08bfa8cd,1.0,800.0,44.0,2.0,36.0,bed_bath_table
23b6402aba9febcc840e6798dc8d134e,4.0,3280.0,73.0,16.0,46.0,bed_bath_table
02fbee632a2044d48ab16d57eec4db58,1.0,1017.0,39.0,15.0,34.0,bed_bath_table
a43babce83c6c14bb2444d64e7b3a263,4.0,800.0,40.0,10.0,30.0,bed_bath_table
ee4c8acefd0dbcae1a83e07c101318f4,1.0,7550.0,45.0,15.0,35.0,bed_bath_table
9a89064fd209d1c1661271942a65099f,1.0,2900.0,40.0,20.0,35.0,bed_bath_table
0fb4287d451ca41ec9311a82fd9599a3,1.0,850.0,34.0,23.0,42.0,bed_bath_table
703d742887bb9267f89b675608ba7aa0,2.0,950.0,35.0,6.0,45.0,bed_bath_table
eac61d05154fde75066aa2e1758ecdb1,3.0,650.0,28.0,8.0,22.0,bed_bath_table
078e8db43688ea060cf754e7bd2b92e7,1.0,475.0,65.0,4.0,45.0,bed_bath_table
5f47bed9e5b0a01f44ce1ae93da98e70,1.0,600.0,20.0,2.0,15.0,bed_bath_table
041b5d4393ea83147e2a07e55cd5359c,2.0,3080.0,23.0,37.0,19.0,bed_bath_table
98a4301b1aacd45984603af55b7a1de4,1.0,700.0,16.0,10.0,16.0,bed_bath_table
bd5110ad5f718f7c3dded1c18b4b135e,1.0,950.0,16.0,10.0,16.0,bed_bath_table
635041fb8431d6de8a42741bab6caa9f,2.0,1500.0,30.0,10.0,25.0,bed_bath_table
5d90b82ad1fdff812987fa28158b7984,1.0,1400.0,20.0,20.0,20.0,bed_bath_table
ee667ef9c46d1444ebde2f0ea9c6b4c3,4.0,1667.0,43.0,14.0,37.0,bed_bath_table
d63c71088e06ea00d66dc357cda91a30,1.0,1500.0,60.0,10.0,40.0,bed_bath_table
cc63d91555437d9d8d9ae7bf007a1f2c,2.0,650.0,50.0,5.0,50.0,bed_bath_table
692b73430b9ae22f1dc67cc83722707f,2.0,513.0,52.0,12.0,38.0,bed_bath_table
5c818ca21204caf8ce1599617751ff49,1.0,3450.0,20.0,30.0,30.0,bed_bath_table
b90e1ae66051c1c035ae54b2bcb889ff,1.0,18000.0,45.0,15.0,35.0,bed_bath_table
3047d2ab7a976a0149292daad0acba79,2.0,1350.0,50.0,11.0,11.0,bed_bath_table
b7db6602d7706acf38d5b9a0e403002d,1.0,6600.0,45.0,25.0,35.0,bed_bath_table
84ce89210716061e02a7a59f4ca819e2,1.0,1400.0,42.0,11.0,36.0,bed_bath_table
a6e03fb6e5daca36cd11a48b8952c43e,1.0,3500.0,43.0,18.0,30.0,bed_bath_table
68ea0193be80f4865155be5c96c58f43,1.0,2700.0,33.0,7.0,39.0,bed_bath_table
6fa1aab8448ff11026093b6169f05e54,2.0,18100.0,63.0,30.0,44.0,bed_bath_table
ee286d9b47b21317f08ef31202f0debd,2.0,17100.0,56.0,38.0,48.0,bed_bath_table
817e7f7aeb6d2edd3000b35a1de238f0,4.0,1900.0,45.0,10.0,34.0,bed_bath_table
db4b70dd871dc731288f44fccae1ee42,1.0,500.0,60.0,9.0,50.0,bed_bath_table
7493ebe9a0ab412ac24ed4b704399a52,1.0,750.0,40.0,4.0,30.0,bed_bath_table
9e39bd82001d66e4a4bfb402bb842c05,1.0,8500.0,50.0,25.0,25.0,bed_bath_table
0a6d157989ce18261dd86095fa6858ca,1.0,850.0,16.0,10.0,16.0,bed_bath_table
cf8316c961640d38321241895b7811c2,1.0,1800.0,46.0,3.0,34.0,bed_bath_table
25f85b803dbf5bd3c4ab28cc99b7e83f,1.0,1450.0,54.0,9.0,42.0,bed_bath_table
edb58f769af494909a8851152c3a2d1d,1.0,300.0,16.0,10.0,16.0,bed_bath_table
b00cef861f6f633cc9eded86aedd8f3a,1.0,2200.0,47.0,21.0,41.0,bed_bath_table
4845d1421cd53de09a405f5f869add3c,1.0,800.0,78.0,3.0,52.0,bed_bath_table
4ff37a590d03f8e386a765994b15e0ec,2.0,800.0,95.0,8.0,50.0,bed_bath_table
b4b817e5f2c4efc8253b4b679c653847,1.0,2150.0,26.0,26.0,23.0,bed_bath_table
0afcbdb22d7e003f65d87a77cc7a401a,1.0,2600.0,42.0,11.0,36.0,bed_bath_table
bdca5879b3afce0e138e71a68ad26d04,1.0,4250.0,40.0,15.0,23.0,bed_bath_table
23384f296aa1bf6461d22912093a9847,8.0,100.0,16.0,10.0,16.0,bed_bath_table
5be29135cf368b56e0b1920b2e77989f,1.0,400.0,25.0,3.0,21.0,bed_bath_table
efafd20c0dfb7a4c591ec374a6befdcd,2.0,950.0,40.0,4.0,30.0,bed_bath_table
95ec3f7e237a87df9935a570ab6ef266,1.0,5326.0,71.0,16.0,50.0,bed_bath_table
e59aa08eee1bd7faa765a89aab2095cb,1.0,650.0,75.0,2.0,65.0,bed_bath_table
9ddd762ee8a13576a809dc66f22aa2b5,1.0,2600.0,41.0,8.0,36.0,bed_bath_table
2273be0f0b60b5d12c8853cae6ccf7ef,1.0,133.0,22.0,5.0,17.0,bed_bath_table
f1c7f353075ce59d8a6f3cf58f419c9c,5.0,9750.0,35.0,12.0,30.0,bed_bath_table
7e8a5e8789ede63ab600b65235e35fa6,1.0,5100.0,45.0,45.0,15.0,bed_bath_table
dd2a86c701f0442fa851c5391a5b81fe,1.0,1200.0,42.0,6.0,32.0,bed_bath_table
1de1332e38dc2f575edfeae165edea4e,1.0,2150.0,40.0,10.0,30.0,bed_bath_table
faa5e9a354191fcff3b4a8be0a18ce24,1.0,200.0,16.0,10.0,16.0,bed_bath_table
7b49e585ac8c80b14c9b2815d4db465f,1.0,200.0,16.0,12.0,11.0,bed_bath_table
8aa2ca7004be44cabe9d19d3e3763200,2.0,300.0,20.0,5.0,20.0,bed_bath_table
10adb53d8faa890ca7c2f0cbcb68d777,1.0,200.0,16.0,10.0,16.0,bed_bath_table
8c49cb6b9f063faf0ec568571e59072a,2.0,850.0,24.0,13.0,18.0,bed_bath_table
474f95f49724d468f7835af438b6fde5,2.0,800.0,37.0,23.0,35.0,bed_bath_table
7920997b359085a651b60a714364257b,1.0,10500.0,50.0,30.0,40.0,bed_bath_table
4eb86b919a40100c085ccdf1a5b873c7,2.0,900.0,43.0,8.0,33.0,bed_bath_table
9e2c54c2ff2dec92562afa5284200869,1.0,950.0,27.0,5.0,27.0,bed_bath_table
74bd9013adb0ac25ef24d1521f426ccb,2.0,917.0,43.0,13.0,28.0,bed_bath_table
fa814ebf85f1640b2acea3c4378d40f9,1.0,1150.0,41.0,13.0,13.0,bed_bath_table
97122ffa6827f94f62ce56f48e848ae7,1.0,3150.0,33.0,8.0,40.0,bed_bath_table
4689718bc1b839a9baeaa91d2c278598,6.0,3300.0,50.0,15.0,40.0,bed_bath_table
8ced2631a18d2e0814557875b3bb907b,2.0,450.0,25.0,9.0,19.0,bed_bath_table
68b8e52885d1c878e362c8a4d323747b,2.0,1350.0,43.0,8.0,33.0,bed_bath_table
7ddb6ba690b14dee5c0f2d372e034cec,1.0,4500.0,20.0,30.0,30.0,bed_bath_table
27b63e625b46d9fa220450d4a204c0b8,1.0,2288.0,42.0,11.0,36.0,bed_bath_table
1d9faf066ad6f04ab65cdca8a7cdccec,2.0,900.0,43.0,8.0,33.0,bed_bath_table
b48011c2f47dc5194f89275e79d81465,2.0,2600.0,43.0,8.0,33.0,bed_bath_table
8c7fe240bfde64b6a20eec6fdb986b1b,1.0,950.0,30.0,4.0,40.0,bed_bath_table
c34e6febc00a74a0eb3decfc3f2f3322,1.0,900.0,20.0,10.0,15.0,bed_bath_table
76b8dd5ed5596a060e722e0032d2d9da,1.0,800.0,35.0,8.0,30.0,bed_bath_table
7724d1e2711ecb5f0b7678257e1a1cc6,1.0,8500.0,50.0,18.0,28.0,bed_bath_table
ecc1323a42fb16f485902b43aef03a03,1.0,1300.0,40.0,7.0,31.0,bed_bath_table
2e0522d6646a3ec13a5507f212ecb614,1.0,800.0,16.0,10.0,16.0,bed_bath_table
ebceb9726cf5c6187b48e17fe58747b0,2.0,200.0,25.0,5.0,18.0,bed_bath_table
ca7f35fd05183d25040deb558fcf2317,1.0,1250.0,45.0,8.0,35.0,bed_bath_table
1f78ffcfb88226a0905e335084c1fa5d,1.0,10300.0,31.0,71.0,51.0,bed_bath_table
a4bddd2ee75396cc2e47bdf21343261d,1.0,15200.0,16.0,10.0,16.0,bed_bath_table
e8978d476d166c952ffba0ba4b94097e,2.0,500.0,70.0,8.0,60.0,bed_bath_table
1961b9b9aa8a6aa6fce7ab329c05fa9b,1.0,1300.0,16.0,10.0,16.0,bed_bath_table
ea1185fcb2a7197e60bf9680e889f475,1.0,6450.0,30.0,30.0,30.0,bed_bath_table
9b6bc732f2918233f7bfc6c132d73d23,1.0,2267.0,49.0,13.0,45.0,bed_bath_table
752aa5bbc175624474d9dc15558755e1,1.0,600.0,40.0,5.0,30.0,bed_bath_table
82171fcb587a3c4da7db45e5b6527a3e,1.0,100.0,28.0,10.0,24.0,bed_bath_table
a3309868978f986b3865b8a3729192e2,1.0,1025.0,35.0,10.0,18.0,bed_bath_table
72f3781e31206029b40584266bb01799,1.0,900.0,33.0,9.0,38.0,bed_bath_table
eedc20781b2e095ce09617ffc959e188,1.0,3600.0,40.0,10.0,30.0,bed_bath_table
1d24c180dcf6365fe1f3fc14c0cc589a,1.0,1425.0,43.0,10.0,33.0,bed_bath_table
4828a218442ec2f75d8f75f4c0552781,2.0,16950.0,40.0,20.0,30.0,bed_bath_table
f027a7f215ea97926c427c5b0b313f9d,2.0,800.0,30.0,10.0,20.0,bed_bath_table
e09cef1f7f2bc3a9c9d996608944de19,2.0,1300.0,37.0,23.0,35.0,bed_bath_table
d93e0523fc2cc1c5a81d432364ed2d06,1.0,950.0,49.0,7.0,39.0,bed_bath_table
d9e7d13814ea50f9ae1f612ef6b3a1f1,1.0,650.0,16.0,10.0,16.0,bed_bath_table
8d15106f1709b2a5340c0141ec76144e,1.0,2700.0,40.0,15.0,40.0,bed_bath_table
9fe67dbcc33795d7fafe354d7c850115,1.0,850.0,25.0,16.0,23.0,bed_bath_table
4680d0c534e54990d8579f41dd239901,1.0,600.0,16.0,10.0,16.0,bed_bath_table
5fb16f8f2e12b5272baecf3b79914523,2.0,2250.0,43.0,8.0,33.0,bed_bath_table
56c0a9eb43edf8247a0a2ef0f08af0f5,2.0,1000.0,50.0,16.0,16.0,bed_bath_table
3324aa942290884678b0b2af79d3250a,3.0,1300.0,34.0,2.0,29.0,bed_bath_table
99444c1e11fc38755dae86f5c67d3d1a,1.0,900.0,33.0,9.0,38.0,bed_bath_table
cdf5c5621e09ef8189cee13cce5eb46b,1.0,2800.0,40.0,7.0,30.0,bed_bath_table
c804537dd3a8ff5f94d3ee384eccfb98,1.0,150.0,16.0,10.0,16.0,bed_bath_table
cf721ee27a3c0f918f7aa1fabe7c6815,1.0,800.0,45.0,15.0,35.0,bed_bath_table
1a2df11a11c62daea6c15fbd3ccf2917,1.0,2000.0,40.0,7.0,30.0,bed_bath_table
d7a2f0c3a43042d52cf8361958342c5d,2.0,1250.0,48.0,10.0,12.0,bed_bath_table
1b81160192e096f4cbcf518ffa830df0,1.0,1150.0,36.0,6.0,20.0,bed_bath_table
6d012b3382ea59666e241f9aa352af10,1.0,6450.0,30.0,30.0,30.0,bed_bath_table
4525ba25c6fe12c6c01f869b3226d8e4,1.0,1200.0,45.0,15.0,35.0,bed_bath_table
f3d2cb3d6e117a40abaf754e4d2fcf8a,1.0,1600.0,34.0,12.0,21.0,bed_bath_table
d408eeb36f808d5f6924ec41bdc914be,1.0,950.0,45.0,15.0,30.0,bed_bath_table
4c25724f63257e928ef05a8f265e52aa,2.0,1000.0,40.0,8.0,20.0,bed_bath_table
de3e45cf635ff24cd354d19687becb43,1.0,750.0,16.0,10.0,16.0,bed_bath_table
9e4991475c72f651bfc73d697bf5ecd4,4.0,16400.0,45.0,15.0,35.0,bed_bath_table
2b6668f997fdf67b759b63fa849b0b39,1.0,2500.0,40.0,6.0,30.0,bed_bath_table
eab2f90face23112d9bf1d4d3e641696,1.0,4250.0,50.0,14.0,70.0,bed_bath_table
d44c3150b58a93fda867e2e9fccfb9e1,1.0,600.0,16.0,10.0,16.0,bed_bath_table
59467d9d76174a57dcd8e4b431cfd8bf,2.0,2000.0,40.0,20.0,40.0,bed_bath_table
c24d97e07dcb8f32a8bfbe755731950a,1.0,10500.0,58.0,20.0,46.0,bed_bath_table
f9b4f8ef12259efd919fbaf21f8f66a4,1.0,4025.0,40.0,15.0,23.0,bed_bath_table
efa244989cf3907d9491f323b000232d,2.0,600.0,50.0,11.0,11.0,bed_bath_table
372124d6931c4bc48dd0d56075ebee7c,1.0,50.0,20.0,2.0,15.0,bed_bath_table
3d1d7aa3dfc91ac9490303d6c7342e83,1.0,4900.0,50.0,10.0,45.0,bed_bath_table
4d3060c26750a6fcd7af9355fdbff8dd,2.0,850.0,70.0,10.0,40.0,bed_bath_table
6086d4e24d4dd50521452e49bde06628,1.0,5500.0,56.0,21.0,42.0,bed_bath_table
d7a0d43b22866d7a8c1c22532daff378,2.0,2950.0,100.0,10.0,11.0,bed_bath_table
59af5c511a76e7fe573446f94cdb83b9,1.0,2700.0,45.0,13.0,35.0,bed_bath_table
f1959b60fe1d6a15ca43bb20078bbae1,1.0,1700.0,50.0,7.0,39.0,bed_bath_table
c6a45b8202c0b9ec28315a3a43a83ddc,1.0,1050.0,38.0,8.0,28.0,bed_bath_table
4ed8030b452688a37d26044e966eff12,2.0,4200.0,41.0,13.0,13.0,bed_bath_table
4cc2957c5e9b99df42f3a7a19a876263,2.0,225.0,30.0,6.0,22.0,bed_bath_table
f2ed77847f3b2e104b246bef65f15d0c,1.0,1940.0,29.0,8.0,38.0,bed_bath_table
f82d1ebd3649e6b83c2d0f611cb5c540,1.0,4625.0,40.0,15.0,23.0,bed_bath_table
8dc3769c164b93196708d01eeca631b3,1.0,16000.0,16.0,10.0,16.0,bed_bath_table
33e0cfd1cd80a0491da068d7a7f93ff8,1.0,2400.0,30.0,30.0,30.0,bed_bath_table
6e6760cb4ddc324d319cf599ce8a8b89,1.0,300.0,16.0,12.0,11.0,bed_bath_table
399f54c06661d06ca45c6e24ed238e0e,2.0,1100.0,33.0,9.0,38.0,bed_bath_table
189c49b159a847050e52afe5ec8d42c5,2.0,2069.0,65.0,19.0,44.0,bed_bath_table
e50ee1b5ca5566f7f341e115533015f5,1.0,1150.0,33.0,9.0,38.0,bed_bath_table
c70b245be241b2912373e109362c56c2,1.0,3800.0,42.0,16.0,36.0,bed_bath_table
01a0f7d0d081d619be810e512be45f97,1.0,4517.0,57.0,17.0,35.0,bed_bath_table
7d4cc5273713b6b98ffb274cb4dc1ba9,1.0,5250.0,49.0,28.0,46.0,bed_bath_table
fad4749b2c2fd437cc92e2fa0b6e5d45,1.0,1200.0,46.0,14.0,40.0,bed_bath_table
01b864cf36d60d972e2e29d8c5084d64,1.0,2400.0,42.0,11.0,36.0,bed_bath_table
73f835584b88d706c12bb3e9298a733c,1.0,1500.0,37.0,10.0,35.0,bed_bath_table
602ee3f3387f49926e16571a02c0d917,1.0,1750.0,30.0,5.0,30.0,bed_bath_table
67ebdecdb06cd28ca8839e419aac1413,1.0,1500.0,40.0,15.0,30.0,bed_bath_table
d657f0b9d5ab625d93f5d652daf708f0,4.0,850.0,30.0,30.0,20.0,bed_bath_table
dff2d533131f407db58a34fd3f832821,1.0,1250.0,45.0,15.0,35.0,bed_bath_table
4ba240359788835937feac3b20013ca3,1.0,750.0,49.0,5.0,39.0,bed_bath_table
216414cd4aad908188257071249e0cc3,1.0,2325.0,43.0,10.0,33.0,bed_bath_table
57b82771ce003dac0f16625ce9e85dca,1.0,950.0,36.0,4.0,29.0,bed_bath_table
3a990745975b100adc6cb3a41a48464a,1.0,950.0,33.0,9.0,38.0,bed_bath_table
ddbf57e4559f03c003fc3708d4860c5e,1.0,400.0,16.0,10.0,16.0,bed_bath_table
bddf5077b5c791f263188a47d6883b4a,1.0,1400.0,50.0,12.0,12.0,bed_bath_table
84d579e4a2b5057819fbc61e92d6d883,2.0,1800.0,30.0,25.0,25.0,bed_bath_table
51ce083cd2b9078656a94655ab45b8a4,1.0,2450.0,41.0,8.0,36.0,bed_bath_table
524d0ebe9a59d96dfaa2983b54a50c15,1.0,1050.0,35.0,10.0,18.0,bed_bath_table
ec1870600ee2920073cba7a93211122c,1.0,4300.0,35.0,35.0,35.0,bed_bath_table
8cba6b5fd208416dd934839f74f568e3,1.0,500.0,20.0,10.0,15.0,bed_bath_table
24297ae137968498e50c2f283a4f3d9c,2.0,1500.0,37.0,23.0,35.0,bed_bath_table
73e11faf1b0eecfd43a0e0fa4dcd7954,1.0,3150.0,42.0,16.0,34.0,bed_bath_table
209fa5709fd95c3fac1edddca1d6c505,1.0,1450.0,34.0,12.0,40.0,bed_bath_table
dbb0815bfd0515cd3de42dfbc33c8252,1.0,300.0,39.0,12.0,39.0,bed_bath_table
336e637e82a66d9deda8616fa1e2291e,1.0,550.0,16.0,10.0,16.0,bed_bath_table
8156560a597cfcc16981c907c4cae459,1.0,2117.0,35.0,8.0,27.0,bed_bath_table
595199b11447ed4b73d031d3edaa6bdd,1.0,2000.0,43.0,5.0,30.0,bed_bath_table
2da442c298a7943c6787953d7f42b911,1.0,1133.0,28.0,6.0,20.0,bed_bath_table
87d65085a17ee04beffe2386bd10c238,2.0,800.0,16.0,10.0,16.0,bed_bath_table
c0400a62c5019cdc69bfc76d39b1cfb4,1.0,250.0,28.0,5.0,16.0,bed_bath_table
b088883f90a666de26973f5720c9d5c7,2.0,1100.0,60.0,17.0,42.0,bed_bath_table
44f0d2f26b22303cf2c673c696402f47,1.0,800.0,35.0,20.0,20.0,bed_bath_table
9c453ac5a53eb31c15f608f2ab49d2a3,1.0,22200.0,37.0,23.0,35.0,bed_bath_table
9224bdef49ae12098a4d76b8f54d8f07,1.0,1450.0,40.0,15.0,32.0,bed_bath_table
71b157e39523e25558ed9cc1960c3fbd,1.0,125.0,28.0,7.0,20.0,bed_bath_table
b9d4937a9a9c016477f28b7def81bdcd,1.0,725.0,43.0,10.0,23.0,bed_bath_table
ccf4e916d699289f85e6ac95b67d625b,1.0,1900.0,35.0,23.0,30.0,bed_bath_table
de0f5a42f807e66ec0e2803eb10a5a4b,1.0,3500.0,43.0,18.0,30.0,bed_bath_table
d829c266108bd4ef390199df1560fc2b,1.0,400.0,40.0,4.0,30.0,bed_bath_table
4d687600c495f2049542171633cf1f77,1.0,18850.0,45.0,15.0,35.0,bed_bath_table
10990aaa402c4692f9eb94cbc354e53c,1.0,3128.0,60.0,24.0,39.0,bed_bath_table
2dda8afe04774afea003920be7d6fffb,1.0,1000.0,16.0,10.0,16.0,bed_bath_table
13227605925c23d73decd0ef10aa71f0,1.0,1750.0,33.0,15.0,26.0,bed_bath_table
efcfadc44ef59e03e6b3875e403d59d3,2.0,1100.0,95.0,8.0,50.0,bed_bath_table
dc3665bc3584a881a2462a1efbc71107,2.0,800.0,50.0,7.0,38.0,bed_bath_table
04913106077ff97c89fa5e6b289fa25c,3.0,2100.0,36.0,8.0,27.0,bed_bath_table
3152a0c0d93abeec99e4a6169aecc88b,1.0,600.0,40.0,4.0,30.0,bed_bath_table
6f6c5da6ce68f0b7150daee08677ca79,2.0,2100.0,69.0,20.0,53.0,bed_bath_table
0e0dec1c30232f86f5076622e9f623b6,2.0,9850.0,20.0,40.0,40.0,bed_bath_table
c0275a8ac94fd0866ba76c7d2496bb5c,1.0,3100.0,41.0,17.0,34.0,bed_bath_table
3853e3608767e301916da6f925cddb2f,2.0,2200.0,50.0,30.0,50.0,bed_bath_table
2eb3c639a21ca3eeabf2ec13bf7bc46d,7.0,11350.0,50.0,30.0,40.0,bed_bath_table
48b177636b95ce71e5cc0411f2c7a9a9,1.0,1005.0,34.0,25.0,45.0,bed_bath_table
26a5af09b51d4e5f17609f6c9ae7f50f,1.0,1000.0,33.0,4.0,32.0,bed_bath_table
82c56b8583385afa6570d84dfe063a0a,1.0,1250.0,16.0,10.0,16.0,bed_bath_table
430f4c8e02bd4e1fe6330c38689b54f3,1.0,950.0,44.0,2.0,36.0,bed_bath_table
0d2c4e029804235bd546d1f771049ef3,1.0,975.0,34.0,5.0,26.0,bed_bath_table
3e5201fe0d1ba474d9b90152c83c706c,1.0,1800.0,30.0,5.0,30.0,bed_bath_table
946344697156947d846d27fe0d503033,1.0,500.0,16.0,17.0,17.0,bed_bath_table
168936313777f1f28b81922f681a1014,1.0,6400.0,28.0,28.0,28.0,bed_bath_table
95882ad7734c1fb14cf538cf382b792d,1.0,1300.0,37.0,17.0,30.0,bed_bath_table
e28c20122447273e9e5f54f50f2762c2,1.0,600.0,16.0,10.0,16.0,bed_bath_table
04008f5a086abe248a3c76bc2fa4f4e1,1.0,1250.0,48.0,14.0,68.0,bed_bath_table
1bcb8c6da1776e8ce06e459213adec74,2.0,300.0,60.0,8.0,40.0,bed_bath_table
b2d98b6f547c14e29a9e72b8e630d936,1.0,2550.0,45.0,13.0,35.0,bed_bath_table
1ee194d6fcec9e4cbaeef1a99a6911a2,1.0,500.0,34.0,23.0,43.0,bed_bath_table
eb53f94fdc60278efcef123bb275658a,1.0,3400.0,39.0,13.0,46.0,bed_bath_table
151d7733b44e0c7b292d7e2efb5424a2,1.0,3950.0,40.0,12.0,40.0,bed_bath_table
409ec48108c4dad2130633a912fe877e,2.0,650.0,16.0,10.0,16.0,bed_bath_table
db7c8db5c70ae474fb9caa8c54454854,3.0,650.0,37.0,23.0,35.0,bed_bath_table
aed1b83c5061ac7f89d40daa1bd3be6c,2.0,1400.0,37.0,23.0,35.0,bed_bath_table
215ec1620e0f8475dcf0a38866aed21e,1.0,1000.0,35.0,20.0,20.0,bed_bath_table
8bd4145633bb6d4e5ae091577f6b8dce,1.0,7975.0,44.0,16.0,53.0,bed_bath_table
236bdebe067710d4d30698ac69555423,1.0,1200.0,45.0,15.0,35.0,bed_bath_table
69bf3ff0c09f5f40cf89399aedd131bc,1.0,2200.0,36.0,16.0,36.0,bed_bath_table
4a25fe90f6685b9fc991af9a796f74c3,1.0,1900.0,45.0,15.0,35.0,bed_bath_table
f2533dc1eb7dca7f684254fbfa98caf8,1.0,2500.0,40.0,10.0,30.0,bed_bath_table
98613092c09065649a714a888cfeb29a,1.0,650.0,16.0,10.0,16.0,bed_bath_table
61984b4164968929229a5bed244e353d,3.0,850.0,38.0,13.0,25.0,bed_bath_table
49d23d4887468040921b413a6d4f3ec7,1.0,1350.0,39.0,7.0,31.0,bed_bath_table
5ee245f4f514e8937aa7a5ef3ec2c8b7,1.0,650.0,52.0,4.0,42.0,bed_bath_table
17cc3e9bc6182d861f0ae09f498e5187,1.0,1250.0,30.0,30.0,30.0,bed_bath_table
44907e5763ed2255fff21e4fb12a635a,1.0,1000.0,30.0,5.0,30.0,bed_bath_table
982d42e9ce06f5054407db7d1268029f,1.0,6738.0,48.0,32.0,52.0,bed_bath_table
dd32399c79aa851dc98bfcfdd385700f,2.0,350.0,50.0,5.0,70.0,bed_bath_table
c9e924a76a8685bee9007aacab1341db,3.0,1850.0,62.0,14.0,60.0,bed_bath_table
4ac533f3cdb87b7764bf5fd518a85bda,1.0,1500.0,20.0,30.0,30.0,bed_bath_table
c083328e95e8fa4c2f0e393e68757644,1.0,1000.0,55.0,15.0,35.0,bed_bath_table
c46f8283658bc4bd2e7aeb1c854adeb4,1.0,2800.0,37.0,23.0,35.0,bed_bath_table
efea073f60eaa399daf907a712f18a85,1.0,900.0,29.0,4.0,36.0,bed_bath_table
25915ab9e0331a7c8afffe0a27b3fe79,1.0,2000.0,45.0,15.0,35.0,bed_bath_table
a04a2402a7774ba53d10ed2ce29715e3,1.0,3000.0,16.0,50.0,40.0,bed_bath_table
fb64af82ca185390e8d6fa6bd3a6ada6,1.0,4150.0,48.0,38.0,56.0,bed_bath_table
96e8923537d69875e7507e3fe08ceb6d,1.0,600.0,50.0,5.0,40.0,bed_bath_table
4265377049dee1738626d7a34a5a71e2,1.0,1725.0,26.0,21.0,23.0,bed_bath_table
ec56aff88e030dcb3b2be22c96ace90a,1.0,350.0,34.0,12.0,22.0,bed_bath_table
e0e63d6026e52ac33331285c082de442,1.0,1025.0,35.0,10.0,18.0,bed_bath_table
49ef750dc5bf23e3788d4f614bc6dbe9,1.0,2174.0,46.0,14.0,34.0,bed_bath_table
ba92b5a0701d2f820ba6ca8f8c86294f,1.0,3400.0,38.0,13.0,46.0,bed_bath_table
1a2d00b771a438bee7055bbd0086e003,1.0,950.0,44.0,2.0,36.0,bed_bath_table
6a6f44b373a9e9a45c9f214e63a2f3d4,1.0,550.0,29.0,6.0,22.0,bed_bath_table
56a474f5d7d6cfaa8500cddd0aa35bba,1.0,3500.0,40.0,15.0,50.0,bed_bath_table
05df88a280f9c6edca3b2f5f9b3e75ad,1.0,525.0,34.0,23.0,43.0,bed_bath_table
92d16b48c50da1af3a50c6e73eb5d23f,1.0,1300.0,46.0,2.0,36.0,bed_bath_table
90aa2ab699cd0e459be93124aa91c82f,2.0,2300.0,43.0,8.0,33.0,bed_bath_table
879427b9d8a3ae52519297b567fc8e71,1.0,20500.0,55.0,35.0,45.0,bed_bath_table
bead7727f31b655a7f9a92a6a58e1b4d,1.0,600.0,34.0,23.0,43.0,bed_bath_table
8a443635fdf9759915c9be5be2e3b862,1.0,1400.0,46.0,2.0,36.0,bed_bath_table
0e8df33c96f1c03405f222785b9d753e,1.0,4100.0,52.0,18.0,42.0,bed_bath_table
72018b95e99f49156551362f086b62a7,1.0,1500.0,40.0,5.0,30.0,bed_bath_table
0b00b16606aeb46da3543bbabff4d6b3,1.0,14800.0,55.0,45.0,35.0,bed_bath_table
a4fbb3775a887454ad56b9b912b526fb,1.0,1800.0,40.0,10.0,30.0,bed_bath_table
592962829d5a715304344e656e39108a,1.0,1750.0,30.0,5.0,30.0,bed_bath_table
c5f66f76350a831902c397fd9ebcdedc,3.0,1100.0,37.0,23.0,35.0,bed_bath_table
2b10e945dae5434075c8bb2be0d17325,1.0,2950.0,46.0,8.0,38.0,bed_bath_table
9eacfe990da87a66d7fc95e4f97bad14,2.0,900.0,50.0,11.0,11.0,bed_bath_table
5d62f99d108e89a12c45ef89f625b4cf,1.0,850.0,45.0,10.0,20.0,bed_bath_table
8751413c85ce4cea7d99f15ee76d76c7,1.0,1250.0,45.0,10.0,15.0,bed_bath_table
088124974c3274514e06de4c312fcd3d,3.0,1900.0,35.0,20.0,25.0,bed_bath_table
e8288cf2d07e2b1b0b889132fc8cd8d5,1.0,1300.0,16.0,50.0,40.0,bed_bath_table
ce003d873dc7d3c9482b894f2f2cc3e3,1.0,550.0,20.0,10.0,15.0,bed_bath_table
8d48ed27eb7397426bd25ee9cb6688ad,1.0,767.0,31.0,9.0,26.0,bed_bath_table
bece4176ed6f09d246aedb44261b4c61,1.0,3500.0,20.0,30.0,30.0,bed_bath_table
996ae0a67e63b78b427a1f8d07543e86,2.0,1500.0,48.0,6.0,39.0,bed_bath_table
24578e8bdef9b745176a1643e1f43614,2.0,4000.0,35.0,35.0,20.0,bed_bath_table
3cc6750606d3429d08a50f6416b82dd2,1.0,700.0,23.0,15.0,28.0,bed_bath_table
873eb5f3b8cc503730e472a14cd26616,1.0,750.0,40.0,2.0,30.0,bed_bath_table
570901670f29d0410c85bbc0b588d23a,1.0,1750.0,35.0,15.0,25.0,bed_bath_table
6c936d19c8369a0133f91638147d81db,1.0,250.0,30.0,4.0,40.0,bed_bath_table
d8dd98818742b18123d2bebeadecd7c0,1.0,850.0,42.0,11.0,32.0,bed_bath_table
8f125d4dd972e1eab1ad8d6644f63330,4.0,1500.0,30.0,15.0,20.0,bed_bath_table
ccf5e68c648cd737fa922dcc848d8d14,1.0,2350.0,20.0,30.0,30.0,bed_bath_table
db1e6fed56643b852af3132d255d9ddc,1.0,4050.0,40.0,12.0,38.0,bed_bath_table
4e3550b4ebca5e32ccc3d32b3470e31f,1.0,900.0,17.0,22.0,17.0,bed_bath_table
fc6b299cf83fa76632dd1b0a2c611f33,1.0,500.0,16.0,10.0,16.0,bed_bath_table
8de065ea288024906fe52d09d8021df4,2.0,150.0,20.0,2.0,16.0,bed_bath_table
14814051ee1f5b23865b40f70a259d59,5.0,5300.0,23.0,50.0,23.0,bed_bath_table
b63ecf99904f905e0d594b11ac06281e,1.0,3785.0,44.0,13.0,42.0,bed_bath_table
665aa1d687284a4d2d2b74c0c6724625,1.0,1550.0,30.0,5.0,30.0,bed_bath_table
7741aeb3317b850cda6eec4627821fad,1.0,3100.0,50.0,10.0,30.0,bed_bath_table
cf28a2b7bc92809a0574cf07772c88c4,1.0,250.0,20.0,2.0,15.0,bed_bath_table
093f502d13b400c7acad57562017a149,1.0,1700.0,30.0,23.0,11.0,bed_bath_table
60deed43085d22ed6326c2f10336d8c4,1.0,8050.0,55.0,25.0,35.0,bed_bath_table
2d18f4de9707f38c7bfa9f0a26aee05c,1.0,500.0,16.0,10.0,16.0,bed_bath_table
ea02a373dc65fa3648ef3bac7fb86e9c,1.0,600.0,28.0,11.0,11.0,bed_bath_table
b072511d69a5b161d8e80815898ed960,1.0,600.0,22.0,4.0,28.0,bed_bath_table
86ae34138b66d08c1d885736ba39e6df,2.0,1470.0,47.0,9.0,38.0,bed_bath_table
4f2c53c9a1a7a00a247b351c1fdbed13,1.0,550.0,22.0,4.0,28.0,bed_bath_table
926a505f318353d8634f3c5102756352,1.0,850.0,35.0,10.0,20.0,bed_bath_table
ddb9028236525b8ab493fc24f99e8d1a,1.0,1800.0,34.0,7.0,32.0,bed_bath_table
344f1e18ffb703f6f105b705fc63a2d9,1.0,2500.0,55.0,25.0,35.0,bed_bath_table
f09f6223e88af7f6de46dec6a437458b,1.0,1200.0,20.0,30.0,30.0,bed_bath_table
896d1ba1aff2ffd509007edf7de92e98,2.0,1050.0,50.0,16.0,16.0,bed_bath_table
149a3fb259da124e9a12b7e145b9d5db,2.0,11000.0,50.0,20.0,40.0,bed_bath_table
daf9301b3e3756d45250765852ed0dfd,1.0,1600.0,40.0,6.0,30.0,bed_bath_table
bf8df11db5850b8590e3cb397f18a916,1.0,1200.0,70.0,16.0,50.0,bed_bath_table
fd8427a5b8ddccc638a8861eed9aef64,1.0,1350.0,35.0,9.0,35.0,bed_bath_table
3c79a7c125a368407bd03f3d8b0c4d25,3.0,1550.0,37.0,23.0,35.0,bed_bath_table
a3a10562c9d134b92f04b8cce298d037,1.0,500.0,40.0,8.0,28.0,bed_bath_table
6a73bd4563b3f205e24c101f9a3c0d14,1.0,350.0,40.0,4.0,30.0,bed_bath_table
c49dc13854423d39760ccf13496f2223,1.0,1800.0,42.0,8.0,32.0,bed_bath_table
742979e885a7f5409cc6a938eb7c4843,1.0,6950.0,53.0,33.0,58.0,bed_bath_table
6cc44821f36f3156c782da72dd634e47,1.0,1050.0,38.0,10.0,38.0,bed_bath_table
49eeae59754cbcf1abeeffb8f51184ee,1.0,1575.0,26.0,21.0,23.0,bed_bath_table
d1859a58e608b68f4066e0c77e526ef1,1.0,800.0,20.0,16.0,20.0,bed_bath_table
96af56bb52888927abc509b1d84bde36,1.0,900.0,16.0,10.0,16.0,bed_bath_table
e673e90efa65a5409ff4196c038bb5af,1.0,0.0,30.0,25.0,30.0,bed_bath_table
1b4a4a283a036d1473ff5be2a0d493a2,1.0,3050.0,40.0,25.0,25.0,bed_bath_table
562cdf9387a027681e0a59b4202e9a40,1.0,550.0,35.0,8.0,30.0,bed_bath_table
3a63b10313110f0bc85970e125f977e3,1.0,9950.0,47.0,35.0,43.0,bed_bath_table
125e5760a3ff01937be3b2a1a7f14aa6,3.0,900.0,28.0,5.0,20.0,bed_bath_table
30ed2f5bb848bade9d8906ef78dd880a,2.0,1400.0,50.0,16.0,16.0,bed_bath_table
ddfadaea6a7a133ae1254ef6221fb4a3,1.0,3500.0,48.0,13.0,40.0,bed_bath_table
7cd77cb177ba74f48a7d7ede2531beb2,1.0,1300.0,20.0,16.0,20.0,bed_bath_table
e8ad45ffa4260bf3a9cb60de28341924,1.0,2050.0,60.0,10.0,40.0,bed_bath_table
305307f44f730d8ddd6db6e2efedee64,1.0,700.0,30.0,5.0,20.0,bed_bath_table
fe406983ad8b9e20a5b18801f39ece27,1.0,3213.0,49.0,19.0,42.0,bed_bath_table
835956a0722151405b61a58661a6e5e1,1.0,700.0,27.0,10.0,12.0,bed_bath_table
f98f1e2ce655ba8f88a8593e80243cca,1.0,1600.0,40.0,6.0,29.0,bed_bath_table
089ac5f8835b1cacc1481b4c7cbdb503,2.0,17100.0,56.0,38.0,48.0,bed_bath_table
be8fabd5f8a50dbb81c1f36499f077d8,1.0,6500.0,30.0,30.0,30.0,bed_bath_table
880a54b4d8c28e6f7f519ae8caaa09db,2.0,1900.0,42.0,10.0,36.0,bed_bath_table
597f6e09c741f55b1e43b625a9eb621a,2.0,2850.0,70.0,20.0,50.0,bed_bath_table
65baa03ed325a23536e96fd66b3244c8,1.0,2400.0,33.0,7.0,37.0,bed_bath_table
ed4863e3b4fddea62d559b6aa0f4df4b,1.0,1100.0,50.0,12.0,12.0,bed_bath_table
f64fc82a96c3d672cedd416653f65f06,2.0,400.0,45.0,9.0,50.0,bed_bath_table
46d9734c42793de762a7ca5db95ecdd1,1.0,100.0,16.0,10.0,16.0,bed_bath_table
af6212485a18d445fe0fda7c7875d4b3,1.0,20400.0,50.0,50.0,50.0,bed_bath_table
107235293b5479d6ec3861e1348ea633,3.0,6375.0,53.0,24.0,38.0,bed_bath_table
be0598171ca7dc5b5904079159633ca0,3.0,900.0,37.0,6.0,35.0,bed_bath_table
86084efc9098bd3f03a8adff0196293c,2.0,1150.0,43.0,8.0,33.0,bed_bath_table
211d04c14dd756f5e4dec38c19187fdb,1.0,1975.0,28.0,26.0,23.0,bed_bath_table
22da4aff3a8e3f4eb7dbc2220d737651,1.0,707.0,36.0,4.0,27.0,bed_bath_table
bf7db234b1df51fc5383311019d63fae,1.0,1600.0,34.0,7.0,32.0,bed_bath_table
148c599356731b1d622e231d343e65bd,1.0,1000.0,16.0,22.0,11.0,bed_bath_table
e8cbef97b4aa646fb8fa170f0da01b5b,2.0,3000.0,34.0,8.0,41.0,bed_bath_table
b2fb8ccacff645e701cd692064ad09c9,1.0,550.0,20.0,10.0,15.0,bed_bath_table
54fc14d73f52b88b03c1b28f6f714826,2.0,800.0,30.0,10.0,20.0,bed_bath_table
a6961c368e99bfa3e39fadf7530d7ea1,2.0,1250.0,30.0,10.0,30.0,bed_bath_table
7e99ab6d9d5d63b0190513103bdc1188,2.0,1300.0,28.0,6.0,28.0,bed_bath_table
53df29766d5c60f1baf3fad368bdb751,1.0,1300.0,29.0,8.0,38.0,bed_bath_table
f89caa3ea4fb5f7b6e7fb2bb4ba61881,1.0,750.0,40.0,4.0,30.0,bed_bath_table
1b6e2795daa2ca887a0310b0a79000e4,1.0,700.0,45.0,15.0,35.0,bed_bath_table
428826d374cf2a3f61d6072163ca6502,1.0,550.0,16.0,10.0,16.0,bed_bath_table
9189120c49a57ffcfda405b431d732f8,1.0,1200.0,28.0,10.0,24.0,bed_bath_table
03e931f387c2dd5b006aecdb12515b2e,1.0,650.0,16.0,10.0,16.0,bed_bath_table
440cb991a95f6a9c8918c112433f4d69,1.0,3040.0,47.0,10.0,36.0,bed_bath_table
4385083fee716d237634eed19cf376c9,1.0,700.0,20.0,30.0,30.0,bed_bath_table
bbedc8efc6fad7cf1c7f7725b75cd356,2.0,800.0,36.0,12.0,26.0,bed_bath_table
891c2f4debd2ffa4848227e82c619d75,1.0,1150.0,40.0,15.0,30.0,bed_bath_table
116a8f521211c179741c051816f2b898,1.0,1200.0,16.0,10.0,16.0,bed_bath_table
dd0fc08054600c8e6c078d6df90ee3fb,1.0,2400.0,47.0,21.0,41.0,bed_bath_table
267b51d6e08eb8326c49c6809558f262,3.0,1100.0,37.0,23.0,35.0,bed_bath_table
bf7727705a701b9c135cb00df5a2dc5d,2.0,1500.0,40.0,20.0,30.0,bed_bath_table
497990bf1833de92aef1f3bfcda8718f,1.0,400.0,22.0,27.0,27.0,bed_bath_table
0968920dc8f4359a307bae3d69169e12,1.0,1800.0,45.0,15.0,35.0,bed_bath_table
5eefc29e3d0cf6cbb58c63fd7e3f815f,2.0,1500.0,43.0,4.0,30.0,bed_bath_table
905b384ac5667170689505bbf30f1d07,1.0,1600.0,45.0,15.0,30.0,bed_bath_table
85b2e22dc10456c8ce7b81f78ba8624b,1.0,2700.0,35.0,9.0,34.0,bed_bath_table
ca7966fa77959536468be3c6ce1f19e1,2.0,19500.0,25.0,60.0,55.0,bed_bath_table
686b869ed0d827fa346e8ca87a54d0e8,1.0,7450.0,35.0,35.0,32.0,bed_bath_table
181ce2dfd0a0d91969baabcb6df39bb9,3.0,1250.0,52.0,4.0,20.0,bed_bath_table
fcb61bdd656827a13a98f369eeb9fa3b,1.0,1600.0,40.0,6.0,30.0,bed_bath_table
b81d727e1853b754c14cc6856612af02,1.0,2150.0,39.0,6.0,29.0,bed_bath_table
d1af7952c3c2ac8dfdc63210af2299e6,1.0,2000.0,56.0,15.0,50.0,bed_bath_table
a13cd9aaa328b21f5653ce455d88dce1,2.0,1050.0,42.0,9.0,34.0,bed_bath_table
0a108ad81c4e2a790649c3f8070f1213,1.0,300.0,16.0,10.0,16.0,bed_bath_table
6b445dc3a4183f17e1a90307edbf0b1e,1.0,2550.0,45.0,15.0,35.0,bed_bath_table
f2ec4fac25d84b3ccbe77f2dcfaa0cfb,1.0,250.0,34.0,12.0,22.0,bed_bath_table
99c88c191bbed92f5be4ca3b00eb1a42,1.0,450.0,16.0,10.0,16.0,bed_bath_table
4cee3d875eb2f9d331aae01b8c4781e8,1.0,750.0,16.0,10.0,16.0,bed_bath_table
b0c2a004d315a5ba0b19584393ac478c,1.0,2100.0,30.0,5.0,30.0,bed_bath_table
e6b6e72a0e6be244a69261788f086429,3.0,2555.0,55.0,17.0,48.0,bed_bath_table
41cdaa29e07b89b60ddd91c49a58e2f3,1.0,950.0,40.0,20.0,20.0,bed_bath_table
a3fd6c4ecde9035c3e8dd4e0fd8b8048,2.0,150.0,16.0,6.0,20.0,bed_bath_table
20767ba46ff14007ce4ed2cb1c4d546a,1.0,850.0,16.0,10.0,16.0,bed_bath_table
647c7af1da03e555f64c9c97d58d88bb,1.0,600.0,16.0,10.0,16.0,bed_bath_table
6ef8c8d7d06c5dca94963e77ccd20778,2.0,4188.0,42.0,16.0,37.0,bed_bath_table
879257cf953f931693a39f7b492967dd,1.0,1200.0,45.0,10.0,15.0,bed_bath_table
8d99a7ed81f061ceed740d8900be880a,1.0,3775.0,35.0,13.0,25.0,bed_bath_table
e224399b59101fa9f7607737c7961f1b,3.0,8716.0,58.0,22.0,52.0,bed_bath_table
39f9ab5ea27485a4c3d32ee4c45630d8,1.0,450.0,45.0,15.0,35.0,bed_bath_table
0da84ac639a3af13da933faa601a5dc5,2.0,700.0,70.0,10.0,50.0,bed_bath_table
624a104988a613eba3eae6cd9132d397,1.0,450.0,59.0,13.0,38.0,bed_bath_table
5bde14b0ba42a788655c3ebf4ba54597,1.0,1500.0,31.0,21.0,26.0,bed_bath_table
dfec64aac9b864b2807a7be33222b75f,4.0,850.0,38.0,7.0,28.0,bed_bath_table
9a7c6041fa9592d9d9ef6cfe62a71f8c,1.0,1400.0,27.0,7.0,27.0,bed_bath_table
106392145fca363410d287a815be6de4,1.0,2083.0,12.0,2.0,7.0,bed_bath_table
eb31436580a610f202c859463d8c7415,4.0,200.0,17.0,7.0,17.0,construction_tools_safety
c9fe02894880831f6f28d5ac212d036f,3.0,314.0,20.0,19.0,18.0,construction_tools_safety
dfa872802d781798321a10f1ddadea82,3.0,200.0,17.0,7.0,17.0,construction_tools_safety
6054d161235b97a4aaccea2a086d30b8,1.0,2300.0,20.0,20.0,20.0,construction_tools_safety
93ff19f54af8a64683cfe497020c7e4f,4.0,350.0,16.0,16.0,16.0,construction_tools_safety
006508eabcc19ae52ed87323124ad0e9,2.0,246.0,22.0,15.0,19.0,construction_tools_safety
ee98d78ba152f752429f6bc86297841f,1.0,3125.0,40.0,21.0,32.0,construction_tools_safety
88ffcf27478318ba55b1f9d22d65ce97,1.0,600.0,25.0,31.0,25.0,construction_tools_safety
63c21c167a87abcbed6efe83c8169866,1.0,1100.0,30.0,10.0,25.0,construction_tools_safety
6568a6d396e5cc36e81d6e0dd74a26ae,1.0,1000.0,20.0,20.0,20.0,construction_tools_safety
bf666278787c1150f040f26d618c4a9d,4.0,600.0,20.0,20.0,20.0,construction_tools_safety
e87587976240265f6944e5a019ea704c,1.0,700.0,60.0,10.0,20.0,construction_tools_safety
4ca054c4db947395a9f82c897d14b9cc,2.0,882.0,18.0,19.0,14.0,construction_tools_safety
660e0f01907ced7b35929916341d8ad0,3.0,825.0,18.0,14.0,18.0,construction_tools_safety
8e6dfb07d2c8f0e078107d9e8d3559af,2.0,1850.0,37.0,10.0,26.0,construction_tools_safety
55042f58e0ee432416bab8ecdb8a84b4,6.0,1250.0,20.0,20.0,20.0,construction_tools_safety
b7550710491181180a97295a6b9faded,1.0,7250.0,31.0,31.0,31.0,construction_tools_safety
e662b8867ed957f588462afefab88936,1.0,848.0,26.0,16.0,23.0,construction_tools_safety
cf30110b1e85017c00752838fec35442,1.0,100.0,16.0,2.0,11.0,construction_tools_safety
64976272fa76578e7bb56f6d6d942ef6,3.0,150.0,17.0,7.0,17.0,construction_tools_safety
98f129cbe241892b96fca3363f2caed4,5.0,300.0,17.0,7.0,17.0,construction_tools_safety
58eaed8e153f27f810f487f2c7ecc57f,1.0,53.0,18.0,13.0,16.0,construction_tools_safety
ee54bc9ad38ada9c4692f91362601c9e,1.0,340.0,20.0,20.0,20.0,construction_tools_safety
0081787b18cce4acc2d1adec4520d7ba,1.0,1340.0,32.0,14.0,27.0,construction_tools_safety
c7671984ff3e8376c2998f75bf1447d9,3.0,200.0,17.0,7.0,17.0,construction_tools_safety
b9a90f1fc4d536d191445c068ef514c4,5.0,9450.0,105.0,17.0,14.0,construction_tools_safety
5c134d92a99c77b568ae488b28a04c45,4.0,200.0,16.0,16.0,16.0,construction_tools_safety
c06b0271681be1b35ce57c3fc66a9e53,3.0,750.0,20.0,20.0,20.0,construction_tools_safety
02d7f60ee640c8218aab6a668bbd2c56,3.0,150.0,17.0,7.0,17.0,construction_tools_safety
282d6e7d6d123206300fc97fb779d569,2.0,200.0,17.0,4.0,13.0,construction_tools_safety
b588bcc7b2fc3ee01e37f8ad715d831e,3.0,350.0,17.0,7.0,17.0,construction_tools_safety
704ef15ed43a28d6d37bf70617ec06ba,1.0,100.0,20.0,20.0,30.0,construction_tools_safety
8bd822c04ee6a8292a7b0debc3dbd74a,4.0,200.0,16.0,2.0,11.0,construction_tools_safety
86517efa74fb6e1a5ca3d3f2a88261c8,1.0,300.0,16.0,16.0,16.0,construction_tools_safety
e37522e3e9aaee5f8831b244b3efd218,3.0,350.0,16.0,11.0,11.0,construction_tools_safety
56c221c4c1a4a98293895c4563cdc6bf,2.0,673.0,18.0,13.0,15.0,construction_tools_safety
19dcf909566fad3eb56a49fa80193852,1.0,725.0,16.0,11.0,11.0,construction_tools_safety
e1a1aa3724c9cfbb07a6791663c2496c,1.0,1150.0,20.0,20.0,20.0,construction_tools_safety
e3bd2ba2e216fa0564d0b344b0bdbb51,2.0,1936.0,17.0,12.0,13.0,construction_tools_safety
2c2b6a28924791234bd386bddb17512e,1.0,1008.0,33.0,14.0,26.0,construction_tools_safety
c6c99dd4d0be36139d78cd917a5bdda3,2.0,200.0,20.0,20.0,20.0,construction_tools_safety
5c699beec1e114bd15b35cf8d01ec6b5,1.0,640.0,22.0,15.0,17.0,construction_tools_safety
82c51c3938503a4ddc096fbed86428d6,4.0,300.0,16.0,11.0,11.0,construction_tools_safety
027325f946f1b3d8f94c3496e9a59a10,3.0,300.0,20.0,20.0,20.0,construction_tools_safety
24daadd871657fb36dacde66b92cf0ff,1.0,680.0,18.0,15.0,17.0,construction_tools_safety
822ec6c9995d2e4747d0c33e98d61ec8,1.0,700.0,20.0,20.0,20.0,construction_tools_safety
43223a70191edecae31b8241e2f16c67,2.0,150.0,17.0,7.0,17.0,construction_tools_safety
08208bc1d6a06c114cb662f3b2c95e05,1.0,400.0,20.0,5.0,20.0,construction_tools_safety
fadced14c797b6382fe83c56c85f7eb0,3.0,520.0,19.0,13.0,16.0,construction_tools_safety
1c080978925cd796eb3f7bace4ef4239,1.0,1080.0,24.0,27.0,20.0,construction_tools_safety
254908dbd8bb2d7279d5dc897f81b593,1.0,6867.0,41.0,18.0,41.0,construction_tools_safety
dfaa4aa108d9f919df2f99b86d45cb13,3.0,600.0,20.0,20.0,20.0,construction_tools_safety
9e47ae55f9327141d2dc2cbca3317e49,1.0,300.0,20.0,4.0,18.0,construction_tools_safety
0b2b7a2dbcdf63ca0044d9e9ef8aa4fa,3.0,200.0,17.0,7.0,17.0,construction_tools_safety
4fe43f61e04cd41cadc3bebf606fe77b,5.0,1500.0,20.0,20.0,20.0,construction_tools_safety
4901f0f8eba79934ba3cdfa1fbc02893,1.0,600.0,20.0,20.0,20.0,construction_tools_safety
a36955f15051e4fe65bdfd31b48788b1,3.0,500.0,29.0,18.0,28.0,construction_tools_safety
7d490fb7ec6eac63302590beef157c10,4.0,2300.0,30.0,30.0,30.0,construction_tools_safety
c7b99e577e7d7948c7fab1d7c1326d22,2.0,767.0,23.0,10.0,16.0,construction_tools_safety
bff395cb3a536fd2f70b47ac8dbb85ba,1.0,150.0,20.0,20.0,20.0,construction_tools_safety
620f37abb44d006ced91c81d81db0412,3.0,150.0,17.0,7.0,17.0,construction_tools_safety
14a931266aff3fb450bab1d076bdfd7d,2.0,219.0,17.0,8.0,12.0,construction_tools_safety
e8d6e49fb0a39cfd4ebcdb977ebb82c4,1.0,600.0,16.0,10.0,13.0,construction_tools_safety
3b473a6b1c280e0345e876648a61a032,1.0,1200.0,20.0,20.0,20.0,construction_tools_safety
236f65f769241706362f78a15083e369,4.0,200.0,20.0,20.0,20.0,construction_tools_safety
b4b50667a9874708d4e3ac962ebb21fa,2.0,933.0,20.0,18.0,20.0,construction_tools_safety
31993e6d68c0849b3547d2ca6b573a94,1.0,5050.0,24.0,24.0,24.0,construction_tools_safety
af16be44d0fa73e0411e0cab2f4a637b,3.0,350.0,25.0,10.0,25.0,construction_tools_safety
6f4f2bb136fd2d8e8229355d8fec6b67,4.0,350.0,16.0,16.0,16.0,construction_tools_safety
0f820791c5bd8fc3b05f6b897877fb1f,1.0,1000.0,50.0,25.0,30.0,construction_tools_safety
0b60c390c7176d836fa228baa164af0d,6.0,1200.0,20.0,20.0,20.0,construction_tools_safety
b9f0de89fde69dc44e3bd2a9c578a5ea,1.0,150.0,20.0,20.0,20.0,construction_tools_safety
eaf932b5c1084510c0db4ab4b721fd97,2.0,300.0,20.0,20.0,20.0,construction_tools_safety
67217c43d81dea5a93bea48c23f4e156,5.0,300.0,16.0,10.0,11.0,construction_tools_safety
42fd6f72ca3e6f53b25d7a19b0536630,2.0,1350.0,29.0,18.0,28.0,construction_tools_safety
d5e17af4e0c9b0def251a1c9d2b0eaa2,1.0,334.0,17.0,12.0,13.0,construction_tools_safety
3b91132e7eebaa17b615edbcdb5baa8e,1.0,700.0,18.0,23.0,19.0,construction_tools_safety
c6e4094f85503e051a1ae5e213d5d1ba,2.0,300.0,20.0,20.0,20.0,construction_tools_safety
50b812e0fc60a37b284e9bbbfc7e8fac,2.0,1657.0,39.0,9.0,33.0,construction_tools_safety
e24a34c90250672efcd6100a9c367b50,3.0,150.0,17.0,7.0,17.0,construction_tools_safety
2480fca3af4f5221cf3596c257be308b,1.0,175.0,18.0,13.0,16.0,construction_tools_safety
96a9e0cf1f04a80aadd9f31b2245807f,1.0,2100.0,16.0,27.0,11.0,construction_tools_safety
ed6aa9dd6a70f0af477c150b0f5f47f2,1.0,200.0,17.0,7.0,17.0,construction_tools_safety
ddd8d70dbc1a5ffe5431c810baf7fec2,1.0,600.0,23.0,10.0,14.0,construction_tools_safety
ffbceea72c6f921df4bb547275b9ca14,1.0,350.0,18.0,20.0,16.0,construction_tools_safety
34ed9519613c77484479167190ccaf3b,4.0,100.0,20.0,20.0,20.0,construction_tools_safety
cc88837a83ef7b7ea2bf724434a53ef3,1.0,1150.0,80.0,7.0,11.0,construction_tools_safety
bf2ce842e3094204d338854ad96ba5ae,2.0,1050.0,20.0,20.0,20.0,construction_tools_safety
653b6b1217fba117599afcc015ffd50a,1.0,800.0,20.0,20.0,20.0,construction_tools_safety
d15768e35ed029db22ccd67cb15ec8eb,4.0,750.0,16.0,9.0,11.0,construction_tools_safety
2b6535d32c6996c9478c131a8ff17a05,2.0,333.0,16.0,9.0,10.0,construction_tools_safety
a1b71017a84f92fd8da4aeefba108a24,1.0,900.0,40.0,15.0,20.0,computers_accessories
c78b767da00efb70c1bcccab87c28cd5,2.0,300.0,42.0,2.0,30.0,computers_accessories
a0253d43394dd4da9a5d7b1f546f1a32,2.0,740.0,23.0,13.0,13.0,computers_accessories
c478b1bbf9ec8c5691f37ccb83187386,2.0,300.0,25.0,8.0,18.0,computers_accessories
a2e2851eae0aebb8ee4df32348b42e2b,3.0,367.0,16.0,4.0,11.0,computers_accessories
dbb399a8be7395d5b136d49fcdce13df,1.0,200.0,23.0,9.0,13.0,computers_accessories
8e71b24c3e25a92fef6176120a67fac7,1.0,783.0,21.0,13.0,28.0,computers_accessories
21db47f6493b06e8e7fc562ec9890e77,4.0,300.0,35.0,5.0,25.0,computers_accessories
9e48435521202c8795e21ac42efcc761,1.0,600.0,46.0,3.0,15.0,computers_accessories
a1bf559ac1eab015ba992bd76d9d76c7,2.0,200.0,39.0,2.0,30.0,computers_accessories
d68bd4dedccc5545b1ff6629de8fb021,4.0,1950.0,17.0,11.0,12.0,computers_accessories
2e511b5741ab14e7f5294df6f1310b03,1.0,188.0,20.0,16.0,15.0,computers_accessories
599e5320aef0c7dd9e3fed9b2f673d41,2.0,700.0,20.0,20.0,20.0,computers_accessories
c72a1a8c3bbe15206d1880cedc7bd791,5.0,4750.0,18.0,22.0,30.0,computers_accessories
c23381297fa734ea441a15d723199fb5,4.0,200.0,20.0,20.0,20.0,computers_accessories
8b6a57fbcf171e0a44f97af7af858939,2.0,617.0,17.0,14.0,17.0,computers_accessories
e791e580a2421e4471aebb0629c705c1,4.0,200.0,16.0,4.0,14.0,computers_accessories
a4944a8b60acfe399f15f45892bc5639,1.0,667.0,27.0,19.0,20.0,computers_accessories
47de5f36ace720b578ca1b30d0b45b8d,1.0,900.0,26.0,13.0,21.0,computers_accessories
7486c1fa8968fae4af4c32882f72dbe6,3.0,150.0,16.0,4.0,14.0,computers_accessories
3931aaf38ba4cc928100541ff51b82ff,3.0,400.0,16.0,4.0,16.0,computers_accessories
2b1e141d70cf9e03eae19784eb427c24,1.0,400.0,16.0,21.0,15.0,computers_accessories
dfc767a34d7f9f8ee72a3e9b5ed55f89,2.0,400.0,38.0,2.0,29.0,computers_accessories
a963ea4d494221de09b70f1b4a70edbd,1.0,150.0,35.0,8.0,11.0,computers_accessories
483df9288035696f34225a7047591d13,1.0,550.0,26.0,17.0,17.0,computers_accessories
505bdfe93e66810bd2dfd42bcc61976b,5.0,588.0,20.0,17.0,15.0,computers_accessories
3f9d819e1669be4865fdcd717968bb4e,2.0,200.0,16.0,2.0,11.0,computers_accessories
9ead3847aad283a0842bde7ad9a9e7b3,1.0,1300.0,30.0,16.0,16.0,computers_accessories
9fa0c72476690fbc66bcacc498fe7fd6,2.0,100.0,18.0,11.0,14.0,computers_accessories
9dbf7eb5228b2070008a2e331b114512,1.0,250.0,42.0,2.0,30.0,computers_accessories
21e72a490cbe93ed7aa675d2b1ae105a,1.0,650.0,34.0,15.0,15.0,computers_accessories
913dfadde395f6049127173cfbb96121,2.0,200.0,41.0,2.0,29.0,computers_accessories
d88cd106d68ac93feccee719004d247d,3.0,250.0,16.0,15.0,15.0,computers_accessories
6c90c0f6c2d89eb816b9e205b9d6a36a,1.0,775.0,21.0,18.0,26.0,computers_accessories
bad25f9c179bd093af5ce28af7fd40f5,1.0,900.0,30.0,14.0,11.0,computers_accessories
e29f2f8197f332ab172ad9ea6566853d,1.0,133.0,16.0,12.0,15.0,computers_accessories
5c3f833c3941c6353fd0cc51686a1101,1.0,7000.0,57.0,11.0,52.0,computers_accessories
3ac52f93c2299daa201fbb7ff36546f7,2.0,150.0,16.0,5.0,15.0,computers_accessories
a53e969a04fa632529307e0e04d4c68a,2.0,100.0,16.0,8.0,11.0,computers_accessories
dd28e3f8ffd0e519d30839eb27ccfae3,3.0,239.0,27.0,8.0,16.0,computers_accessories
e4f7023069a24c2297617d935f783a5c,2.0,1000.0,20.0,20.0,20.0,computers_accessories
385a33a408e9c35c9fbc2025c12f3784,1.0,220.0,22.0,13.0,12.0,computers_accessories
5a719c85a2cad2da6076ea511aa4023f,1.0,225.0,17.0,17.0,17.0,computers_accessories
4c35791f944cf1550e8ae288b3f9e258,3.0,424.0,25.0,10.0,19.0,computers_accessories
089cc17c8bf2226d13648392e33dabd7,3.0,225.0,17.0,5.0,20.0,computers_accessories
716229078d03301a1341876469a09752,1.0,100.0,16.0,8.0,11.0,computers_accessories
0aa186c65b07e61f5ac114182ab92a2b,1.0,850.0,16.0,20.0,15.0,computers_accessories
a8115d34a4b7b74388da609692162c37,2.0,250.0,41.0,2.0,29.0,computers_accessories
6965419e0d5116b685c3f825e4752231,1.0,900.0,36.0,9.0,11.0,computers_accessories
d9d1f8a93d1a991de6f45594b717b858,3.0,1000.0,20.0,25.0,20.0,computers_accessories
f6bd73f359ad6b91076b19cc0b70b44a,5.0,1050.0,29.0,16.0,18.0,computers_accessories
7b0f65d848af0681e064d72f0d44e862,2.0,125.0,18.0,3.0,11.0,computers_accessories
5aa4825c48568a0e84cbb5a84fe0b533,2.0,700.0,30.0,12.0,12.0,computers_accessories
7b18385da9c1aa96dcc9bf8da7ea4608,1.0,1000.0,22.0,22.0,22.0,computers_accessories
c702ae743958a81cd230189d4e72674c,2.0,183.0,23.0,14.0,14.0,computers_accessories
db933f6b3a695ab2f9f990ced2a0c258,1.0,850.0,35.0,15.0,15.0,computers_accessories
901d948bd60c35ff015aa3a8fe28b610,2.0,200.0,20.0,10.0,15.0,computers_accessories
70906e04da1eebf3d1b8791bd09ffe85,1.0,214.0,18.0,14.0,13.0,computers_accessories
e502a4cfd9526d141774f8f7b3d2f782,2.0,100.0,16.0,8.0,11.0,computers_accessories
7b85e3deef35afd6ebed5461ee8f0641,1.0,1583.0,18.0,15.0,12.0,computers_accessories
7c197490eb450e4ef0453e2ac0af9f30,1.0,900.0,30.0,15.0,15.0,computers_accessories
a9c07eb189dfb45ac5652b6a82f7b008,1.0,950.0,26.0,16.0,16.0,computers_accessories
f2886fbf788880954be8b4399aead7c8,3.0,200.0,20.0,20.0,20.0,computers_accessories
be3eb52ad733d7f7fff631a0cad35e81,4.0,500.0,16.0,16.0,16.0,computers_accessories
583761235b9cbaaf0f216aaa1fb5c70b,5.0,150.0,16.0,8.0,11.0,computers_accessories
b980f3256c981fc178514325143b1fc8,2.0,243.0,17.0,15.0,12.0,computers_accessories
8e42c31b4ca1afbb6bbe17efdd666cf5,1.0,175.0,16.0,12.0,14.0,computers_accessories
10c2160beca6757676b447aab88e5129,3.0,1500.0,25.0,15.0,25.0,computers_accessories
83b92639fffd1d55c9e04c77c86d8d2c,1.0,280.0,20.0,15.0,14.0,computers_accessories
42ba5eab75cf0db7905414fdc6a3fd7c,1.0,1000.0,28.0,15.0,15.0,computers_accessories
5c9e8cde14498f5d4dbe4d7c70c0d5f1,4.0,3950.0,20.0,10.0,20.0,computers_accessories
30ad9d2c8a8e788a606a6c23e07260a9,1.0,300.0,27.0,5.0,20.0,computers_accessories
43fbb9403319de5e660094ddbe8cc0a4,2.0,150.0,19.0,5.0,13.0,computers_accessories
ba8a143b592c2af31aa106f79e521424,2.0,100.0,16.0,4.0,12.0,computers_accessories
fb7a74777a6afa91445275b19024a722,4.0,500.0,20.0,30.0,30.0,computers_accessories
75d66a361eb55154321b0e04f698784a,3.0,400.0,16.0,16.0,13.0,computers_accessories
555796dfc4799923dc94be876085279c,2.0,163.0,18.0,8.0,14.0,computers_accessories
01aace6e8152ecaf9eb47678521069c6,3.0,475.0,19.0,5.0,15.0,computers_accessories
b3468c11e7518de68a4139b850801405,3.0,400.0,19.0,4.0,14.0,computers_accessories
4d339d073c4590d9a44b8fb0e43a61ac,2.0,50.0,16.0,16.0,11.0,computers_accessories
e6a09abfe91b8e27c7fe22aac84dc333,3.0,1950.0,20.0,6.0,20.0,computers_accessories
a2a7efc985315e86d4f0f705701b342b,1.0,1133.0,16.0,15.0,20.0,computers_accessories
64051126507bdb875c1baf5b3b5a9a98,2.0,540.0,17.0,10.0,14.0,computers_accessories
5524bbd7c991692980702322aa085419,4.0,18150.0,17.0,35.0,35.0,computers_accessories
8fbd36d3b045f5f38b252b1513478f38,2.0,500.0,35.0,5.0,15.0,computers_accessories
2a211896ec7ab72cedc7939e9ffb01b4,1.0,700.0,23.0,20.0,17.0,computers_accessories
c7e02747ef9366a4fb7f4ac4fd261c36,7.0,900.0,35.0,10.0,19.0,computers_accessories
9c9c0e6325bd947d1468817769ed4197,1.0,450.0,21.0,16.0,16.0,computers_accessories
eed813e00d01572cb589f87199d081ad,1.0,400.0,16.0,2.0,20.0,computers_accessories
c5fb785eb88d9246c4a9b3e7d47632b5,3.0,300.0,35.0,8.0,20.0,computers_accessories
ad84bd53f52aaacae7a40027842ab970,2.0,1013.0,30.0,24.0,19.0,computers_accessories
f4d2144023a238288d36db2840a37ea0,4.0,486.0,27.0,17.0,28.0,computers_accessories
738067b78d178e457fa0dc6db5d2cc58,1.0,300.0,16.0,8.0,12.0,computers_accessories
efbe9b32f8f4baa096811656d1292b9e,1.0,350.0,25.0,3.0,25.0,computers_accessories
12181424582d4d4233622caeddcae843,4.0,1450.0,56.0,12.0,25.0,computers_accessories
13c7f5f30c37ace12ec243d2ebb8e970,2.0,433.0,18.0,4.0,15.0,computers_accessories
c56cdaacd8e2dca5489236a4875c0b89,3.0,600.0,19.0,5.0,12.0,computers_accessories
8527a4190bad5e8443739b3cdb19920b,3.0,650.0,17.0,15.0,11.0,computers_accessories
49cdb82f423618027a6526f52199e812,2.0,200.0,44.0,2.0,31.0,computers_accessories
99ad29366bb604be21e29faa41057d34,2.0,800.0,42.0,8.0,31.0,computers_accessories
41347179516c8b9380040cf54274ff80,1.0,1150.0,23.0,19.0,26.0,computers_accessories
e76438822c17316d276c27e52e588931,3.0,100.0,18.0,12.0,16.0,computers_accessories
d4a3ae5a2378f3e732a6d3ba73cc22e4,1.0,571.0,24.0,25.0,20.0,computers_accessories
88dd63919fc9ab693803578a04a20209,1.0,217.0,16.0,14.0,14.0,computers_accessories
6bc8dadd7731eae110fe2d177361784c,3.0,138.0,16.0,13.0,13.0,computers_accessories
a194f3df8d9270f350891b7454174724,1.0,275.0,19.0,10.0,13.0,computers_accessories
aecc6705d25880a6fad90e305c32d875,3.0,250.0,21.0,4.0,14.0,computers_accessories
0ece029097324dceb8b637673ca7e519,1.0,350.0,20.0,15.0,18.0,computers_accessories
56ced674bc270d0b2795c254cee81530,2.0,150.0,19.0,5.0,13.0,computers_accessories
ca86b9fe16e12de698c955aedff0aea2,1.0,400.0,18.0,9.0,16.0,computers_accessories
0cf3ab3383c2ae6f5750e5847c749e22,8.0,700.0,25.0,25.0,25.0,computers_accessories
ab29983671266e9f7c999f8c6ce26541,1.0,800.0,33.0,12.0,11.0,computers_accessories
e6fd80a00ebb1a3e0d58a38555fbbf2c,2.0,500.0,19.0,9.0,16.0,computers_accessories
20e52965ed6d9e498b87dd87d050afbd,5.0,700.0,47.0,6.0,32.0,computers_accessories
68361925fcb61b3627e79dd95137ae7f,1.0,253.0,14.0,12.0,12.0,computers_accessories
fb4d1630e90ffc0922d25bffe2cd489e,1.0,263.0,20.0,16.0,13.0,computers_accessories
50f5f13adab483598dfb6a40afaf70b6,1.0,100.0,25.0,3.0,19.0,computers_accessories
50627d7c3dd43902d64134574befe12f,3.0,300.0,16.0,4.0,11.0,computers_accessories
74e47bd907dc11882c23f4c4ce14031f,1.0,350.0,20.0,15.0,20.0,computers_accessories
dc85876834143377929cf89f98115506,2.0,2000.0,33.0,33.0,16.0,computers_accessories
a1a97164f38cfb98511eb68e6b40ad94,1.0,100.0,16.0,8.0,11.0,computers_accessories
45d53108adfd3c40a54c578f431c45cc,1.0,1700.0,35.0,18.0,34.0,computers_accessories
6405e17a3e8718d5316c5d644320f253,1.0,200.0,16.0,5.0,11.0,computers_accessories
6addacff5b9a648cf0760f3d943b99b0,2.0,250.0,16.0,5.0,11.0,computers_accessories
a70f58bd49225ad1d9f199d3766385a8,3.0,500.0,16.0,16.0,16.0,computers_accessories
d178793446cf02a02ef715cd5ab14ddb,4.0,950.0,25.0,11.0,15.0,computers_accessories
e23a34276c3979415a832cbd4d043952,1.0,140.0,12.0,21.0,12.0,computers_accessories
656e0eca68dcecf6a31b8ececfabe3e8,1.0,173.0,18.0,13.0,12.0,computers_accessories
c6e37798f72f83c034ba97e2680cb5d5,1.0,200.0,23.0,16.0,16.0,computers_accessories
0f96cb6fd0ba832f2d7a21d13b251526,1.0,2200.0,18.0,25.0,18.0,computers_accessories
ab7be0a001c3104b4931ce39ed70857d,1.0,800.0,29.0,13.0,20.0,computers_accessories
da7813106f94601e6022f50017299e2f,1.0,1350.0,23.0,9.0,23.0,computers_accessories
41d506be95a4196a805249d2a21d5a1d,1.0,837.0,37.0,14.0,14.0,computers_accessories
a5d722d3c7a01c224625d0881e630503,4.0,500.0,16.0,6.0,48.0,computers_accessories
5295e2ed3de019d54ea93507c27b3ded,2.0,200.0,39.0,9.0,20.0,computers_accessories
29e3ff0225dcccc5bce7606bdb6362ca,1.0,250.0,16.0,3.0,11.0,computers_accessories
ff62353dc0792586fbf5eefd8dc7d4f2,2.0,100.0,16.0,16.0,16.0,computers_accessories
de080af2646decbba6b52a3213110d29,1.0,300.0,16.0,16.0,11.0,computers_accessories
ba10a94473b332e323abe844988c8237,1.0,573.0,21.0,14.0,11.0,computers_accessories
d2e8130fbec52f5dac0571ea1993f28a,3.0,525.0,23.0,11.0,16.0,computers_accessories
701db8a1fbbd75d0f9bdd29c2b7f891a,1.0,300.0,21.0,7.0,14.0,computers_accessories
7a5bda98ff522182a08c469d2d160ab3,1.0,450.0,18.0,9.0,16.0,computers_accessories
c3f8ee7e05c01c61ab863e336b0f2e5e,4.0,24050.0,60.0,40.0,60.0,computers_accessories
fea7f0c147905a41ca324c0e3234a4c7,1.0,225.0,18.0,10.0,16.0,computers_accessories
e4f2856ddacde505a7d8a1faa4bf2c7d,4.0,100.0,16.0,3.0,13.0,computers_accessories
19f27a3b9d40e71e14679fe2f75bd41a,1.0,368.0,19.0,11.0,14.0,computers_accessories
b8eb8663142255eb7ab4526b3ee1c7fd,1.0,400.0,28.0,6.0,13.0,computers_accessories
ee6c49af1a2de55aa0e076257ab4ab99,1.0,140.0,22.0,14.0,14.0,computers_accessories
9e05b007ff9fc11a8da4d97fcafcc7a7,2.0,200.0,25.0,8.0,11.0,computers_accessories
d442547d29ffa7f96220b65fac2d8db3,4.0,9050.0,45.0,48.0,25.0,computers_accessories
544ffb995c65fbbe68f36f36e388dede,1.0,800.0,33.0,12.0,12.0,computers_accessories
b112694f32005c5254383ccf38bfd11f,1.0,850.0,30.0,15.0,15.0,computers_accessories
e090b9bd2ef7d60d3b0ee3399c79ee3d,1.0,1217.0,27.0,22.0,25.0,computers_accessories
553261019b28923d564e3fc159e4ff3c,2.0,200.0,20.0,6.0,11.0,computers_accessories
6cb17f17ee982e47c1b99fc0d67b1a8b,3.0,1400.0,16.0,17.0,23.0,computers_accessories
03d817e5e392e78674ed0bd8195f9159,1.0,1350.0,23.0,9.0,23.0,computers_accessories
62962adb9db1eeb96d0dd8fd2eb87875,1.0,900.0,32.0,11.0,11.0,computers_accessories
41f0468311f84a21f55c7f09f6c8fa67,2.0,400.0,16.0,10.0,11.0,computers_accessories
5cca824e6a0eebe738c8a6381d0d9349,1.0,200.0,16.0,23.0,19.0,computers_accessories
a2db3ea3100e9950a30b8f0af164ed6f,2.0,200.0,32.0,12.0,12.0,computers_accessories
3743820de2227103b72b029a352fb98b,1.0,183.0,16.0,16.0,11.0,computers_accessories
84a517a0e06ef2a45abff3cab3f0ad0e,2.0,225.0,16.0,15.0,13.0,computers_accessories
67677f0c9d58c64d17cdbad0abe40285,3.0,200.0,16.0,4.0,20.0,computers_accessories
cff277cb1dc167f45eb05eccefbe4b04,1.0,200.0,20.0,12.0,12.0,computers_accessories
a3bb3642ad1170e55d345dbf5953f38d,3.0,500.0,25.0,5.0,15.0,computers_accessories
23e7b9a386cb15c0b5063bf0d45982a5,3.0,200.0,18.0,4.0,14.0,computers_accessories
ad183bca8419cc4a34c0ed87d44b07c7,3.0,600.0,35.0,18.0,35.0,computers_accessories
e868c0f77a736432fd2f4f905858ef26,1.0,1425.0,23.0,18.0,18.0,computers_accessories
333f69c22d63fc171fccf98d48ee742b,5.0,667.0,17.0,9.0,16.0,computers_accessories
a0aa27e9f5d02670c0bb803f98863d43,1.0,939.0,26.0,17.0,18.0,computers_accessories
e3f398034e0ebbe5e0d3fb91036258e9,3.0,217.0,17.0,9.0,14.0,computers_accessories
ed3ad08bb1996a67332591b7b1a6cff1,1.0,1850.0,30.0,16.0,16.0,computers_accessories
e35f45a92b1a28c527d6e9edfec12af9,1.0,8900.0,19.0,13.0,32.0,computers_accessories
ba7298ca5084d1819f739b41083054d2,2.0,100.0,25.0,3.0,19.0,computers_accessories
18b0e642cbae7251e60a64aa07dd9eb9,2.0,200.0,41.0,2.0,29.0,computers_accessories
d763e6048c898edf2640a38fcd29588f,1.0,1200.0,38.0,24.0,12.0,computers_accessories
4298b7e67dc399c200662b569563a2b2,1.0,200.0,21.0,14.0,15.0,computers_accessories
576412dcec722c0f1f28ac7ee9acef54,2.0,2500.0,31.0,12.0,31.0,computers_accessories
bd7805f8852673c30434a7cdbda6845d,1.0,950.0,30.0,16.0,16.0,computers_accessories
a0c6107c67d8dc850d070c70c7d32000,4.0,350.0,19.0,3.0,13.0,computers_accessories
51f3479189a7783a3a617acd8e44be48,2.0,450.0,42.0,3.0,15.0,computers_accessories
c9fbc1aa8e59ad7525f82fd8a5cb2337,2.0,749.0,25.0,13.0,24.0,computers_accessories
bb741dd30a6663863873c51be6c1061c,1.0,300.0,32.0,5.0,16.0,computers_accessories
2d2fbde9939c282238dc0847b04c5018,4.0,300.0,22.0,12.0,20.0,computers_accessories
1707ef553eb000d860fff09e3d08b037,2.0,250.0,16.0,5.0,11.0,computers_accessories
635da37711a6b8a8adffc07ab6a5c9b0,5.0,200.0,16.0,4.0,13.0,computers_accessories
9760ff15559ef0855c8aa01c00bd132b,1.0,500.0,18.0,9.0,16.0,computers_accessories
f257199a9546ac00a3af50c7f68cb05e,4.0,350.0,17.0,7.0,13.0,computers_accessories
ed1464ef7688d6e76b2bf2600c1ea3e9,2.0,650.0,16.0,6.0,20.0,computers_accessories
9111d9c5a15a527389c6ba216623b7b4,2.0,100.0,37.0,6.0,12.0,computers_accessories
dc2bd3d07579e7f3b185c7118e33c33e,6.0,1525.0,17.0,24.0,24.0,computers_accessories
f2e84ab8eb8eaa7cddc82f2b0f4424d2,1.0,450.0,18.0,16.0,17.0,computers_accessories
34d94359772f0bc123b585b23014e311,3.0,200.0,16.0,25.0,15.0,computers_accessories
ef7465961a25c8e59ef03770142bbb12,2.0,240.0,18.0,10.0,14.0,computers_accessories
bd135e2d8464317f17a1eddd678e8860,1.0,500.0,16.0,2.0,11.0,computers_accessories
7d634a0a3016f753b828575a458269b5,2.0,200.0,23.0,6.0,15.0,computers_accessories
db3d41ff5381ce98cf9726f09e731adc,2.0,1673.0,24.0,13.0,21.0,computers_accessories
79a1e70838d5e7e05c1347829e0caff3,1.0,1250.0,50.0,22.0,30.0,computers_accessories
606fe329bc6b2d8d63f8d787cd5d0960,1.0,92.0,18.0,17.0,12.0,computers_accessories
f7944bea06011a56749cb63cb546b89a,2.0,6550.0,30.0,30.0,20.0,computers_accessories
165cf891cdb818da8293163bf0a9b2ba,1.0,100.0,16.0,6.0,14.0,computers_accessories
6994f9a9c56c7684b24d7d4a00e7026f,1.0,700.0,24.0,8.0,16.0,computers_accessories
f636021ab0248325d2b69e3bcfc489bd,1.0,200.0,28.0,2.0,40.0,computers_accessories
c2363f555558eefafc1fb2767571cc57,1.0,800.0,16.0,11.0,37.0,computers_accessories
793ee3bd01e3ecec7ab94aed9aeee415,1.0,950.0,36.0,15.0,16.0,computers_accessories
58662fc2ddcb4853532ee42a1cfc9843,2.0,140.0,20.0,6.0,14.0,computers_accessories
2be7c0f7dd57742c970f856ec64bc25e,1.0,200.0,18.0,9.0,16.0,computers_accessories
e80898f7fa43bab01ca59564aa5f1bb0,1.0,400.0,28.0,10.0,23.0,computers_accessories
6c0163ecd7df58f4240f9a83ca6079c7,3.0,300.0,16.0,10.0,11.0,computers_accessories
6b81a5e5e578171e2f5d691e3cba9be5,1.0,150.0,17.0,9.0,13.0,computers_accessories
1b64e3f229ea80e2b453b120cebcc448,1.0,1925.0,33.0,40.0,18.0,computers_accessories
6871a3c157d6f51697e887f3c3598479,4.0,850.0,25.0,11.0,15.0,computers_accessories
09278667a33779be5996a7df729db8ae,1.0,933.0,29.0,20.0,23.0,computers_accessories
b8731f3bf14c9557a4c5c4b94ad48d0e,1.0,150.0,16.0,2.0,11.0,computers_accessories
f34152d311875e9da480bd51f495155d,1.0,250.0,42.0,2.0,30.0,computers_accessories
bce551f6c568dca0b7e4cf5af7de7390,5.0,1200.0,30.0,2.0,15.0,computers_accessories
21ee06f7fd37a6fe4841865339411674,4.0,200.0,25.0,8.0,20.0,computers_accessories
18bbc803715ffa8ec1b58bd3f737fdca,1.0,850.0,16.0,11.0,37.0,computers_accessories
f46fbfe2831e5813c0e41812ad5a6228,1.0,800.0,30.0,9.0,20.0,computers_accessories
2942a8c2c52f01cf90a2552946eb5383,2.0,200.0,16.0,17.0,22.0,computers_accessories
8bed4c826276d0ffcb0f5eb40861f9ea,2.0,350.0,20.0,15.0,20.0,computers_accessories
5450ae624c196f64c291a61b12ffa3ee,3.0,200.0,16.0,13.0,18.0,computers_accessories
3c1f8775831d28ef01f05143a9be9ecc,1.0,233.0,19.0,17.0,19.0,computers_accessories
aeb2db5f8c0fe1e55a951d49dd331fc3,1.0,250.0,42.0,2.0,30.0,computers_accessories
96a5ff4a6e07ebe2f09a6ee132303df3,2.0,3100.0,27.0,2.0,16.0,computers_accessories
6456fdf43df7d711b98d91fe574e43d4,5.0,150.0,28.0,8.0,12.0,computers_accessories
b1877a842c7cc3487d5ead23827c45b2,1.0,343.0,16.0,17.0,13.0,computers_accessories
cd46a885543f0e169a49f1eb25c04e43,2.0,3475.0,54.0,13.0,48.0,computers_accessories
55d3c0d8016d88527c993d62d989f19d,4.0,1250.0,50.0,8.0,37.0,computers_accessories
a4758e74e2cdb74d0c4db83594ca14a3,1.0,1533.0,32.0,15.0,15.0,computers_accessories
2132979d9b6f64e99b8c9bb4da4e0323,2.0,496.0,36.0,13.0,35.0,computers_accessories
e61812136e9f12e9f4359132b1b82870,1.0,650.0,22.0,12.0,12.0,computers_accessories
648058594991ac2fa9af20f5f9e6677c,1.0,100.0,25.0,3.0,19.0,computers_accessories
1792cba4f134a09e9450d6142fbe9293,2.0,150.0,16.0,3.0,13.0,computers_accessories
2501eb540473502ef149a3a848b2f8f0,1.0,570.0,16.0,22.0,17.0,computers_accessories
992b493206080e0ded9bf933ae5da6d3,1.0,450.0,37.0,4.0,12.0,computers_accessories
3275f9e184aa1d82aa1e2517017bda63,1.0,200.0,41.0,2.0,29.0,computers_accessories
3366363f84c6f967f12d15a59b1e7839,1.0,200.0,31.0,13.0,11.0,computers_accessories
cd8cb942b6a58fcff9697762d3bc9cd7,6.0,2900.0,27.0,11.0,20.0,computers_accessories
9d4ba0f6da482eab474c47de79c2afcc,5.0,1700.0,54.0,6.0,23.0,computers_accessories
ec3f8e78677c7e0395b155bc67417158,3.0,850.0,34.0,14.0,14.0,computers_accessories
1945afae0c93166dce1f186d00125695,2.0,6500.0,30.0,30.0,20.0,computers_accessories
96a8e69f40810916a191425f42eb4b19,1.0,513.0,22.0,14.0,19.0,computers_accessories
acdb0f19ecde303b46ede05c270ad40d,4.0,650.0,17.0,5.0,12.0,computers_accessories
b84ee1832bd494a163f0a8315efde95c,1.0,200.0,20.0,20.0,20.0,computers_accessories
54c9eeb3eec23150e817e2048c9c4c31,1.0,800.0,34.0,15.0,19.0,computers_accessories
5194b6f4fa50ae9404bfd3e48ebe3911,4.0,1625.0,16.0,23.0,21.0,computers_accessories
cb71b23bd70b9df12843e4dfb9ed09c1,2.0,200.0,39.0,2.0,30.0,computers_accessories
2d4b08af04c0467f37569071672ce199,5.0,150.0,28.0,14.0,14.0,computers_accessories
43a24e051b37c8e88accdfdeecddb71b,1.0,1000.0,37.0,19.0,19.0,computers_accessories
c072bf60b6a78f20474b0ca5080736b7,1.0,103.0,16.0,10.0,11.0,computers_accessories
e91bea61ea0d665e4c445d6461586e13,1.0,3400.0,21.0,17.0,15.0,computers_accessories
f9bcf9d8e89d012d7dc24fe4de0abd80,1.0,900.0,28.0,18.0,14.0,computers_accessories
8092fb20e422a961ea52cd441b5a4244,1.0,856.0,25.0,16.0,18.0,computers_accessories
a634f634b444139884120ac4915d134d,2.0,125.0,19.0,16.0,16.0,computers_accessories
95203adc728bc74fbd99afc9e303db9f,2.0,300.0,16.0,8.0,16.0,computers_accessories
b4ac82f28d4cd68c12ce7934bebac9c5,1.0,400.0,25.0,12.0,20.0,computers_accessories
3e442d09f9dfef002aadf31960869f65,2.0,200.0,41.0,2.0,29.0,computers_accessories
5c551c8375040d684180cc1a549f7714,1.0,300.0,18.0,9.0,16.0,computers_accessories
33e503f68fb60fe165ed992965f2c737,1.0,5550.0,23.0,9.0,23.0,computers_accessories
6981cd5a9eded40aaf36e08db9ef4a7a,3.0,400.0,16.0,16.0,13.0,computers_accessories
73258e01fadbaf7648577beb152e1320,1.0,250.0,20.0,20.0,20.0,computers_accessories
0e632ab9f5b05a2703871a8f27e4e1a7,3.0,400.0,16.0,8.0,16.0,computers_accessories
b47e709bbae4533598f806553accd469,1.0,200.0,18.0,9.0,16.0,computers_accessories
a592adedc22197e52a4a58271720bbaf,4.0,200.0,34.0,2.0,18.0,computers_accessories
17a1211f690515d1adf3300cd6278354,1.0,350.0,16.0,8.0,11.0,computers_accessories
eb719445ec882a7b60518fd8b55c1b0f,3.0,500.0,16.0,5.0,15.0,computers_accessories
863826c035612c8900c972a10fa3b5b1,2.0,306.0,15.0,21.0,13.0,computers_accessories
4b77167175713bd04c8854aa80f09e99,2.0,163.0,17.0,11.0,16.0,computers_accessories
d688e1eb847d2f72892ede46001673bd,1.0,761.0,18.0,15.0,15.0,computers_accessories
cf8c588a4b9b7599aa4807e78bbc65a9,1.0,50.0,60.0,16.0,11.0,computers_accessories
d190211dfdf3ec5ef8f1e5f59418dab0,1.0,596.0,19.0,7.0,15.0,computers_accessories
e5e4c79bce72fc7476860916c1a9dd18,5.0,3750.0,36.0,16.0,36.0,computers_accessories
7754574f8aeca545b663be749e5db05c,2.0,5879.0,30.0,25.0,19.0,computers_accessories
0fb1658e227645b2fe14d8ba74d48606,1.0,3450.0,52.0,17.0,22.0,computers_accessories
38273c03eb0f88327f62c1d521260623,1.0,150.0,20.0,10.0,20.0,computers_accessories
bff79f2c9dafe00c6215dbf7be6139da,3.0,840.0,20.0,11.0,19.0,computers_accessories
2052b3c5e08893e567c2fb7778476c75,1.0,810.0,16.0,10.0,12.0,computers_accessories
70ecfc40193a5327e6921986e6484fab,1.0,200.0,18.0,9.0,16.0,computers_accessories
5e515438a7eb90b6f35a1d0157a6310b,1.0,200.0,31.0,13.0,11.0,computers_accessories
f0087499874ae6c0b14f7b42671519fc,1.0,1300.0,32.0,17.0,32.0,computers_accessories
6f73b16abce275c50c172a2690ad4b12,4.0,450.0,19.0,5.0,12.0,computers_accessories
3cfbfb223bf0e89feef39ee393833408,3.0,1375.0,21.0,7.0,16.0,computers_accessories
00a8c742ae1da97e9064205459977e6c,1.0,150.0,16.0,23.0,13.0,computers_accessories
2ad3b6ce77f3c97f0350b5752cbe4518,1.0,1200.0,26.0,12.0,26.0,computers_accessories
83634a7abf56905fc9ab415328908de2,1.0,850.0,30.0,15.0,15.0,computers_accessories
ea4f4b5a820fea007c6c8d7ef9a790bc,1.0,167.0,16.0,14.0,13.0,computers_accessories
be96ebb16fae936ebe608daef14a2d21,5.0,4400.0,19.0,23.0,19.0,computers_accessories
134957eeec87be2414ac629ee0b947a4,1.0,200.0,20.0,15.0,15.0,computers_accessories
3731dd5544cd9646d73050e946641da8,1.0,4300.0,28.0,23.0,20.0,computers_accessories
0cb61dc7daa0bf5e31e9ac3ba8fba86e,2.0,600.0,19.0,5.0,15.0,computers_accessories
6e3186505d9f4c946921bd51a5b79742,1.0,580.0,32.0,13.0,17.0,computers_accessories
94bda974ca191307bd049cfd54d7f468,2.0,600.0,38.0,2.0,29.0,computers_accessories
a9f386c43d436bf2a431efe073ecbc70,2.0,150.0,41.0,2.0,29.0,computers_accessories
8f2fb4fbf4005e8763fc99f57dabb236,1.0,250.0,16.0,7.0,16.0,computers_accessories
f50df3b65ee30912ca3e462971e1334f,2.0,700.0,28.0,10.0,19.0,computers_accessories
993ac19aa975075775c16ba15426f8be,4.0,9600.0,52.0,19.0,51.0,computers_accessories
b142d7aed19ed6df9da4eafdc297afde,4.0,140.0,16.0,11.0,17.0,computers_accessories
999ad46c08ea9b778cefc75048156f30,4.0,1700.0,31.0,12.0,22.0,computers_accessories
4d1cb16db8705120e188da9c8a10ba93,7.0,200.0,30.0,2.0,39.0,computers_accessories
f3720bc68555b1bff49b9ffd41b017ac,1.0,867.0,34.0,15.0,15.0,computers_accessories
4eea8502d7c2de8da6eea6bc6243b50c,6.0,250.0,17.0,10.0,13.0,computers_accessories
adeea18a6da4bba9f90b3e77641f6016,2.0,100.0,16.0,8.0,11.0,computers_accessories
6631e618f60618adc0361b7ab843c98d,1.0,820.0,48.0,8.0,28.0,computers_accessories
fd925ce72399e23cbc5d75e224fc2b57,1.0,100.0,16.0,8.0,12.0,computers_accessories
3d85e85bcd2c0315e0db407db8f7b532,1.0,100.0,23.0,13.0,13.0,computers_accessories
e4ae7159ae9fb57d158004d7435ea920,3.0,5690.0,30.0,23.0,25.0,computers_accessories
e7261ba9b589b73ac45411a15058403e,1.0,1600.0,25.0,9.0,25.0,computers_accessories
17d68b6c1ebd7073e3689b9a26004651,1.0,1000.0,34.0,15.0,14.0,computers_accessories
17f1ae71c27aaad9cee4655e62a50189,5.0,200.0,16.0,2.0,11.0,computers_accessories
208026b3551ff84253421d9f26099f6f,1.0,97.0,65.0,3.0,13.0,computers_accessories
3c4b135cf249d2b9d6ffb47f108bf08d,1.0,300.0,42.0,8.0,17.0,computers_accessories
cf9c9be3acfd11d21417d468511f57b1,4.0,1000.0,20.0,30.0,20.0,computers_accessories
c8ce6fa564890ef82eb876c0bbb8f01d,6.0,200.0,29.0,5.0,20.0,computers_accessories
5c6c4fa2f1b889828de998df18214af7,2.0,510.0,18.0,17.0,13.0,computers_accessories
e79755f8622cb7f42ca6f7b72284a7af,3.0,4400.0,35.0,15.0,30.0,computers_accessories
cdeefdce9704b2a961a01e89b1f19e7b,2.0,400.0,28.0,6.0,20.0,computers_accessories
6ed93af03d1f53308d3a9c6555a94d08,1.0,100.0,16.0,8.0,12.0,computers_accessories
3db5b7214a98ceddbe12ed6c0d3d04b2,1.0,6200.0,23.0,12.0,15.0,computers_accessories
00e4ded51458037ecda216453eb79d3c,3.0,1400.0,25.0,15.0,25.0,computers_accessories
619d72a5e53d41d7646274a3fa20c2c4,1.0,242.0,22.0,14.0,14.0,computers_accessories
064a939bcd597315cfda6c98ede1b4c3,1.0,200.0,16.0,5.0,11.0,computers_accessories
1978f38f6cbdcaf326ecbb4732f9f748,1.0,1000.0,17.0,12.0,40.0,computers_accessories
1144808d80753334c836d4bfab367400,1.0,325.0,46.0,8.0,20.0,computers_accessories
9cc7982cbd4b6bd47802ac85347035dd,1.0,350.0,16.0,12.0,12.0,computers_accessories
a7cf43c271e20af0e19daadafcf0bf1d,1.0,540.0,39.0,8.0,21.0,computers_accessories
73c9f09c49f18888c7e22603602dabc1,5.0,250.0,25.0,25.0,25.0,computers_accessories
1da4de0fa473f8506723c82af7d4cb3b,1.0,2125.0,29.0,18.0,33.0,computers_accessories
a9a058de269b3e0133650d8eba938505,4.0,300.0,16.0,5.0,20.0,computers_accessories
fbb05e4acf9348440b40d667795c057e,2.0,2800.0,34.0,35.0,29.0,computers_accessories
1df9ea4c24394047de1837c6f00673b3,1.0,150.0,16.0,15.0,13.0,computers_accessories
7501e40e8bc7a7db7c2f4b005e1dddcb,5.0,650.0,25.0,11.0,15.0,computers_accessories
5775f1aefafa94f9a918963986b77613,2.0,773.0,19.0,20.0,12.0,computers_accessories
c5cb254d666e4420d56b5dc67ff59d29,1.0,50.0,16.0,3.0,11.0,computers_accessories
36244ee06dc3aec1f9b7b5852e0f7bc8,3.0,1450.0,25.0,15.0,25.0,computers_accessories
c004bf0d41d08a3304ade12681600a96,1.0,200.0,17.0,12.0,13.0,computers_accessories
d328fcf582df161878940a0edb77761a,2.0,300.0,16.0,6.0,13.0,computers_accessories
1df69fad86c3fedbddd8b65fe13dc8db,1.0,900.0,36.0,16.0,16.0,computers_accessories
a1ead9010030ade9a219495543cd5c48,3.0,1500.0,17.0,33.0,44.0,computers_accessories
f81353ef7f563e3a3a1ea413fb41cbeb,2.0,850.0,41.0,8.0,31.0,computers_accessories
6d37e202f4afe0a1539c872d21e45650,3.0,1300.0,20.0,30.0,20.0,computers_accessories
b1e8074e6497dd78a58f993589bc09a2,3.0,693.0,39.0,7.0,16.0,computers_accessories
3a8bbcf3084a3e388588a1b43e188d81,1.0,700.0,31.0,13.0,11.0,computers_accessories
e8b0fa506cda44528a15318cef8a27a0,2.0,1240.0,15.0,5.0,9.0,computers_accessories
5f2924ba89d5561b2b24067e375b212d,2.0,593.0,41.0,13.0,14.0,computers_accessories
805bf2490cf3dfc00aa1ce921ffde7ef,3.0,13000.0,66.0,44.0,27.0,computers_accessories
8f294708d3d915a85d705b2654e49ca9,3.0,500.0,36.0,10.0,9.0,computers_accessories
36f60d45225e60c7da4558b070ce4b60,1.0,207.0,19.0,11.0,14.0,computers_accessories
3528876f41132ca5604b505343619412,3.0,1500.0,25.0,15.0,25.0,computers_accessories
09364ccfda8448d03ae4082f6044b16e,1.0,200.0,16.0,10.0,16.0,computers_accessories
98354ddeaeae40bd6b705381191a9ffc,1.0,900.0,30.0,15.0,15.0,computers_accessories
22dfa7d077d1088aba3095c67ee10a9a,1.0,200.0,42.0,9.0,25.0,computers_accessories
4dc3f43b20eeebc284b7ec6f5dc9b792,1.0,200.0,18.0,9.0,16.0,computers_accessories
9b762d5493c778a34af75c9270328fcf,2.0,400.0,18.0,16.0,18.0,computers_accessories
d2f5484cbffe4ca766301b21ab9246dd,1.0,180.0,16.0,9.0,16.0,computers_accessories
d5151727942c39a516b56c3e21a8bf63,3.0,850.0,17.0,20.0,17.0,computers_accessories
5c478d826b60d0f057579a180fae4b05,5.0,2133.0,26.0,24.0,22.0,computers_accessories
306e3f4a01df9f621c3b841e21f4018b,1.0,1133.0,27.0,19.0,19.0,computers_accessories
2b6bdbd36e77e8c9909b853aa70863e1,3.0,2275.0,18.0,14.0,16.0,computers_accessories
173d5a1b6c4ea4f41aafca840646d240,4.0,100.0,16.0,16.0,16.0,computers_accessories
3a190a87d4cb405372538cabe41788a6,2.0,375.0,16.0,13.0,14.0,computers_accessories
2ae94d219369eb83f204effd82cb9f31,4.0,350.0,16.0,4.0,16.0,computers_accessories
db06cb56480828c737eb321fa65529fe,1.0,1000.0,18.0,9.0,16.0,computers_accessories
f077214034cd3d8d4f35074bc2ddf0dd,1.0,1167.0,21.0,15.0,13.0,computers_accessories
6a09d996beaebffe169f70c614ac2485,1.0,170.0,23.0,11.0,26.0,computers_accessories
887c03038c774a15272a3e75ca7b4fa7,1.0,150.0,16.0,14.0,11.0,computers_accessories
5f52559f184d17058ef24e705a0b4ed2,2.0,200.0,60.0,16.0,11.0,computers_accessories
0ff3339eba4028a9dc569a61229c465a,5.0,100.0,16.0,4.0,14.0,computers_accessories
1427b126f61597524866770b05d4eed2,1.0,200.0,17.0,13.0,13.0,computers_accessories
94e7b2eb60fecce634f6dac06285c3a4,1.0,700.0,18.0,8.0,16.0,computers_accessories
6c8353ee35a281d45677fc3715958586,9.0,200.0,16.0,2.0,11.0,computers_accessories
ead266a05b90f4ef77c8c3469bf89e3a,1.0,575.0,18.0,20.0,18.0,computers_accessories
efe8da1f11d73ce34a722a904ef4b72b,3.0,300.0,20.0,9.0,14.0,computers_accessories
29bcb163d2d9fdda52f39e9b84f2eec7,1.0,900.0,35.0,15.0,15.0,computers_accessories
6ca99f05e9c1952a6597264e87f01378,1.0,1900.0,28.0,12.0,33.0,computers_accessories
d07ac0112a80ce7475f0b59a170a3046,4.0,1450.0,30.0,8.0,21.0,computers_accessories
23ea3287091e8d1237bb93f92177a39b,4.0,550.0,21.0,4.0,14.0,computers_accessories
386cb36cffc83f379c65f1329bd66508,2.0,400.0,18.0,15.0,16.0,computers_accessories
55953c1454eebd2ff9d29c698d9310df,1.0,80.0,18.0,14.0,17.0,computers_accessories
71aff090388f23854bb21d91cfe11607,2.0,200.0,19.0,5.0,13.0,computers_accessories
8f7ba3a21866ed0cf0233dd71fa0da72,1.0,223.0,19.0,12.0,12.0,computers_accessories
dff20ba2dd059040c0940992753c0a58,1.0,100.0,18.0,24.0,16.0,computers_accessories
6d3dbba0d82ea4b0e3fae73f4afc35ea,3.0,600.0,50.0,15.0,25.0,computers_accessories
36a0c4a620e0ae5660ddc2924d667b4a,1.0,200.0,16.0,16.0,16.0,computers_accessories
de845f191115e91fadc9624c144488c7,1.0,5875.0,25.0,15.0,20.0,computers_accessories
9b20cbe99cd2a76d917fd7c13cc75384,1.0,100.0,16.0,20.0,20.0,computers_accessories
7e5497f64c4f3b60648c778bd5819741,2.0,200.0,36.0,2.0,28.0,computers_accessories
821ae2896de474efe8116ed6863682cd,3.0,300.0,22.0,5.0,16.0,computers_accessories
52d9726feafaa9925ccab7e621c8d6ca,1.0,775.0,26.0,12.0,28.0,computers_accessories
529bb98486625f3590837af3e22e49a4,3.0,250.0,19.0,3.0,15.0,computers_accessories
9f23bda5c0e1b5cf4d0353ecbb55b725,1.0,50.0,16.0,8.0,11.0,computers_accessories
c9bd28e8a4220af0723c7b7f97778681,2.0,300.0,18.0,8.0,20.0,computers_accessories
bc9d438b071a3e1aadcc2ebf7e6968ab,3.0,850.0,34.0,12.0,19.0,computers_accessories
51b0fbc0001335d988588a43455a7514,2.0,200.0,16.0,6.0,14.0,computers_accessories
0c4e43e25f781898363a83f9a7390ebb,3.0,484.0,18.0,11.0,15.0,computers_accessories
62d41a80c366aa2d8644e3270adf8440,1.0,1225.0,43.0,15.0,21.0,computers_accessories
ffbfa9e143fda4420454d0f4e88a3cd5,3.0,793.0,28.0,15.0,32.0,computers_accessories
131ee2864806788280044e5d73cf4f6f,2.0,150.0,28.0,12.0,13.0,computers_accessories
02834e5af210b8a2593eb81eecf40707,1.0,945.0,23.0,14.0,24.0,computers_accessories
99b4367cf2228c8a86922a0649bee6b8,1.0,400.0,35.0,35.0,25.0,computers_accessories
5bd318d221da74df4ee531dbe407e151,2.0,353.0,29.0,9.0,14.0,computers_accessories
2c1b63caa55c07dac2ed3b6167bababd,3.0,900.0,20.0,30.0,20.0,computers_accessories
9df597081d18ddb0f995470f3203d467,1.0,300.0,16.0,8.0,11.0,computers_accessories
4f4cb88d59fa6aa0e19c3b28b427ebe5,2.0,100.0,16.0,8.0,11.0,computers_accessories
541d7793096f512080b5b5c25ce3c44f,1.0,300.0,15.0,5.0,13.0,computers_accessories
1d4be40226e19b6b8753d064ba5b94e0,2.0,100.0,16.0,8.0,11.0,computers_accessories
70825a84db489dd1ab3f3cd35bb67604,4.0,200.0,16.0,5.0,11.0,computers_accessories
b7d94dc0640c7025dc8e3b46b52d8239,1.0,800.0,35.0,12.0,15.0,computers_accessories
446e4aaabb7fbea797d25845c8ab50f4,1.0,100.0,13.0,10.0,11.0,computers_accessories
a4ea23e4c7a6ea7b4106779177221ce7,5.0,200.0,20.0,10.0,15.0,computers_accessories
3207a174f3e42a042883848bbbf6fdf8,1.0,500.0,32.0,12.0,20.0,computers_accessories
db8c9fec8be4ec050d0cee6a1e06a3c6,1.0,300.0,50.0,5.0,20.0,computers_accessories
010951987d78f9d52fbf50a43b690ba1,1.0,1100.0,40.0,20.0,20.0,computers_accessories
9f9d0d6ad3c84f4f0f6748167d2a6dfc,3.0,900.0,30.0,6.0,16.0,computers_accessories
93a12c289ca2b78e7069e469f5053ef2,1.0,233.0,16.0,14.0,15.0,computers_accessories
7059637593d1eda31cef9582eba6a170,1.0,900.0,35.0,15.0,15.0,computers_accessories
d1c427060a0f73f6b889a5c7c61f2ac4,1.0,6550.0,20.0,20.0,20.0,computers_accessories
c4787eeb6ad12f7e301f8a9349404443,1.0,867.0,32.0,14.0,14.0,computers_accessories
1fafb4fdc8f7b3d202cb39f1218934e7,2.0,100.0,20.0,3.0,15.0,computers_accessories
68fe8893052a044100e60cd0c8c6b274,1.0,1850.0,39.0,12.0,22.0,computers_accessories
cb6c1c21ebc9c153a7baf319c515657a,2.0,200.0,41.0,2.0,29.0,computers_accessories
dd6d43bda53615e4256be41869079f9a,3.0,450.0,19.0,5.0,13.0,computers_accessories
28779f909a42ab24127dd742496e00f8,1.0,800.0,46.0,18.0,18.0,computers_accessories
c33a764dad4f6747f7c56115bb8d5bb7,1.0,150.0,16.0,11.0,11.0,computers_accessories
051e6f6764c9b60143dffafd0c5d1a25,1.0,1373.0,25.0,21.0,25.0,computers_accessories
fc1449f3ffc59fd2eb9640505aea0581,1.0,1400.0,26.0,13.0,35.0,computers_accessories
278cade00c52e9e5c49c7c32c68872cd,1.0,450.0,20.0,10.0,16.0,computers_accessories
68bec1af3851f58027db8beadf3914d7,2.0,350.0,16.0,16.0,16.0,computers_accessories
dac106d9436467c9e5ba3767d1c5aa01,7.0,950.0,18.0,4.0,15.0,computers_accessories
290ee150f608e4391785e3ca842ed6d7,1.0,400.0,39.0,7.0,18.0,computers_accessories
1612209b0b37fbe80e1e8e1b7d19ca1d,4.0,1600.0,20.0,15.0,20.0,computers_accessories
4d7ccacbf7d2dd3e566cf5f149fb92e8,1.0,817.0,26.0,13.0,21.0,computers_accessories
bab7ff9abbcc13690a62d015f2ca8e44,1.0,250.0,30.0,7.0,20.0,computers_accessories
e791baa02d6adf9cbfc62e9b78fe91b9,4.0,400.0,20.0,30.0,30.0,computers_accessories
a4bca9d23228eeaf4e0169cb1a45aa62,3.0,100.0,16.0,4.0,16.0,computers_accessories
5fe986940fc67df6769cf784fb063395,2.0,150.0,16.0,5.0,11.0,computers_accessories
b07499163c612b591ce1621452672e69,1.0,1125.0,27.0,16.0,20.0,computers_accessories
b5466db4cecf95c3c1be0ba32538ce1a,3.0,100.0,16.0,3.0,13.0,computers_accessories
38969df72ffea063ee2905f51b08d428,1.0,4400.0,25.0,25.0,18.0,computers_accessories
e5d8b0dfaef396923f6874b90c35f1c4,1.0,250.0,50.0,5.0,20.0,computers_accessories
4a351fa3b10c2b78daee983c534c56fd,1.0,3150.0,32.0,16.0,16.0,computers_accessories
98c9ff7d86040b4030472af040f1a4a8,5.0,350.0,26.0,8.0,18.0,computers_accessories
6debe62ce3828652a75c52d11bb012e7,1.0,150.0,19.0,5.0,13.0,computers_accessories
5ad2fee5f3e327f898435c3fcb0c93bd,1.0,100.0,20.0,2.0,18.0,computers_accessories
f5310df9e7251df17169cfd6940dfbc8,2.0,1400.0,20.0,30.0,20.0,computers_accessories
0a4dea9eaeaaea5b7894a9a4ec6ed660,1.0,250.0,21.0,14.0,11.0,computers_accessories
2c41d13dc2cf0e9c2e8db8952f0f3ff3,1.0,1100.0,31.0,12.0,11.0,computers_accessories
d83dc88999f72a99ac7e3f7e2ae88c40,1.0,110.0,19.0,13.0,14.0,computers_accessories
94c6a83ab9e528e35fbe815ad5a05905,1.0,100.0,22.0,5.0,15.0,computers_accessories
1dc7685f4fdb9622d84ae2ec658d5bbf,1.0,1025.0,27.0,13.0,19.0,computers_accessories
5688e01178de72fdee95d7d456d387fd,2.0,150.0,16.0,8.0,11.0,computers_accessories
00917855135d67fb060dcd81863166a4,1.0,1133.0,16.0,16.0,11.0,computers_accessories
7aa1ab866537ff58ef91e90e3df92134,6.0,825.0,18.0,26.0,22.0,computers_accessories
01c2e91674406ebaca6a1bbf7f61c3f0,1.0,600.0,23.0,16.0,16.0,computers_accessories
2d760d94cb67db3551e9a01ceb060161,1.0,1183.0,59.0,10.0,15.0,computers_accessories
a936128139f1e619828901ea0e771330,2.0,250.0,30.0,8.0,20.0,computers_accessories
27d969fb4a1dd28cee64babd02493e39,2.0,150.0,20.0,20.0,20.0,computers_accessories
10168fab995250ab1d4349ecc8321ec7,3.0,100.0,16.0,8.0,11.0,computers_accessories
02c575cb5b29a173624c93f01786440b,5.0,200.0,21.0,7.0,14.0,computers_accessories
7c7a6e88e5df5c4aa1d4526a833e59e7,1.0,11750.0,40.0,26.0,42.0,computers_accessories
d1a7aa885550f1d6803bd8edff173851,2.0,5150.0,51.0,15.0,40.0,computers_accessories
a14f93c69d3e0d7482819dd023a1d2cd,2.0,350.0,32.0,5.0,16.0,computers_accessories
cbd63fa909c967a6416090f22a76abd8,3.0,825.0,31.0,6.0,12.0,computers_accessories
268a26bc460de02a94ec05d9ebb4c3e7,1.0,650.0,20.0,16.0,20.0,computers_accessories
32e07fd915822b0765e448c4dd74c828,1.0,8950.0,45.0,26.0,38.0,computers_accessories
1e7645125a016e28f2546c914d8e32bf,1.0,300.0,42.0,2.0,30.0,computers_accessories
a87fad1596f3e388977b694287a228b3,2.0,400.0,18.0,15.0,16.0,computers_accessories
666a984f022bec9d8c30060c4bf355c7,1.0,3050.0,23.0,17.0,20.0,computers_accessories
24529977cad3ed882faa38fd86bb003f,4.0,570.0,21.0,9.0,18.0,computers_accessories
392751de4e1e7a915ac4d838c3124f6d,4.0,645.0,18.0,16.0,16.0,computers_accessories
1e4ab43607e527a9a558faa24a9e6e81,1.0,226.0,23.0,17.0,18.0,computers_accessories
76eb799b655cf6ad3354a092e11246dd,2.0,238.0,17.0,9.0,15.0,computers_accessories
f71a7c95a86564873cd996896b2976f6,5.0,900.0,28.0,29.0,12.0,computers_accessories
ee57070aa3b24a06fdd0e02efd2d757d,1.0,107.0,19.0,13.0,13.0,computers_accessories
ede3a5776408c6c0b78be7f4d8dea50f,1.0,250.0,16.0,16.0,11.0,computers_accessories
5e98bf1c0b10e3178f1278030034c1fb,1.0,675.0,50.0,5.0,20.0,computers_accessories
b6403b2cb9c29a988be655885b9c1812,2.0,800.0,20.0,26.0,12.0,computers_accessories
584d0486add75aa0f5c0660a7cd8afba,1.0,200.0,16.0,6.0,14.0,computers_accessories
bcb4f6803e8889a70dc5ed14c2f5f785,2.0,200.0,16.0,12.0,11.0,computers_accessories
f3dadec221142e379d7113915c1d0fa8,4.0,250.0,16.0,6.0,14.0,computers_accessories
78819ab10b4a44927c832a21c06849e0,3.0,1100.0,28.0,10.0,20.0,computers_accessories
e7bbc0d43d1f5cb09bab95b664236633,3.0,833.0,19.0,12.0,17.0,computers_accessories
416d75e3094f3393b778fd40d52b6089,1.0,700.0,31.0,16.0,16.0,computers_accessories
e256d05115f9eb3766f3ab752132a4e2,1.0,740.0,26.0,15.0,19.0,computers_accessories
6ac07b1f9ec61291948108bae2f1d4fa,1.0,1188.0,33.0,23.0,26.0,computers_accessories
a323784ac31c377c5ecaa26b8cb155db,2.0,200.0,16.0,16.0,11.0,computers_accessories
ac64ddbb3d1489f826dd59104c6b023f,1.0,250.0,16.0,16.0,11.0,computers_accessories
fd4269ef0b64a4ef82eb098107665158,1.0,1666.0,25.0,26.0,24.0,computers_accessories
47ca7005be6de4f29ad906d744f6c7b0,4.0,1134.0,45.0,6.0,14.0,computers_accessories
d0fe4295267f15ccaceac4fb233d8c9a,1.0,350.0,20.0,2.0,26.0,computers_accessories
62ff773b2194b8f9ee2e11c6da69730b,3.0,250.0,32.0,5.0,16.0,computers_accessories
010f24a605e8431fc68562e597f80d63,3.0,500.0,16.0,15.0,15.0,computers_accessories
c8f17c4ceaa05acfb30a852b8ee2c0a9,3.0,150.0,18.0,16.0,13.0,computers_accessories
0c4d0a08f95c7b7dc5dc7402bfdafd4c,3.0,300.0,16.0,6.0,17.0,computers_accessories
4c65515115c33a1c4c21e9b40f85942d,1.0,150.0,18.0,8.0,16.0,computers_accessories
c69da983317ecee971f64fc8202c959a,1.0,200.0,33.0,4.0,27.0,computers_accessories
c3ddc73a4b4c70a6a20189f08fbbc348,5.0,350.0,19.0,7.0,14.0,computers_accessories
eda67c42c2e05d1ba88119d626ec921f,3.0,200.0,21.0,7.0,14.0,computers_accessories
29e95a1298e19d0e48f89702c09c6ab5,2.0,153.0,35.0,19.0,10.0,computers_accessories
58f82cc5bebd588e5cde0b3a89059da6,3.0,250.0,16.0,4.0,19.0,computers_accessories
e38ae1121c1566bb56b728d8079b2d75,1.0,275.0,13.0,13.0,13.0,computers_accessories
fdad129d8e902058f98862f23dcf6978,2.0,250.0,42.0,2.0,30.0,computers_accessories
34133989d0439e38e03a4a772583d206,2.0,300.0,38.0,8.0,18.0,computers_accessories
f6abeebe478d565e5e58a5fad0fa60b4,2.0,945.0,25.0,14.0,33.0,computers_accessories
9d2ff462feaaf88912539b8647e17ab4,1.0,813.0,32.0,16.0,16.0,computers_accessories
bcb82afcf8487918f4a49822c96634e3,3.0,250.0,23.0,16.0,16.0,computers_accessories
a0b0fad03e38e8e5d6d94e229707f2ef,3.0,150.0,20.0,20.0,20.0,computers_accessories
b6c8f14b68f929e88c57afd30d88c7e5,2.0,225.0,16.0,23.0,19.0,computers_accessories
39c077875cf3aa49a65aabe97ea0c0d8,1.0,800.0,16.0,16.0,16.0,computers_accessories
26e4016b8946bc71f7294154866226df,2.0,150.0,39.0,2.0,30.0,computers_accessories
88d4861333d5a570ffdfc395e90d929d,1.0,200.0,18.0,9.0,16.0,computers_accessories
2fb9e46750ac55362f7b642f12b5835b,2.0,100.0,16.0,6.0,11.0,computers_accessories
c63ea4621680c1b0fca8864c0564bd78,1.0,625.0,25.0,8.0,23.0,computers_accessories
70ad1cce006c26381f72387a1cdb2bf6,1.0,2700.0,16.0,45.0,20.0,computers_accessories
b516bcd976124fe39effaa262a2d295c,3.0,217.0,35.0,7.0,29.0,computers_accessories
918f54d64e36db4f2560c49199e64e12,1.0,150.0,16.0,8.0,11.0,computers_accessories
70358ca9f95694a2b9e41eed6edbd7b3,2.0,150.0,36.0,2.0,28.0,computers_accessories
5317ab3252cac4ab9097bcf38a826663,2.0,5400.0,44.0,44.0,24.0,computers_accessories
465b705779143ae0e43048b1a25007a1,1.0,300.0,23.0,5.0,15.0,computers_accessories
82c3ea364e5480f335f6743ee725a921,2.0,275.0,16.0,5.0,20.0,computers_accessories
0ecad0adea69d2b6331c84db4876d15f,2.0,250.0,25.0,5.0,19.0,computers_accessories
0829c25b4a3efca7651f07cd4b8e05bc,5.0,100.0,16.0,4.0,14.0,computers_accessories
aa29e7cef9f6eac9436c8e91ad9d8190,1.0,600.0,18.0,9.0,16.0,computers_accessories
3f865b4848677595ed67740b3330d99e,1.0,375.0,20.0,10.0,16.0,computers_accessories
b4763c2caeeac2424b64aa199789b81b,1.0,1100.0,31.0,12.0,11.0,computers_accessories
837b5c6df9ceb8a9c604e78fde0e60a2,2.0,250.0,39.0,2.0,30.0,computers_accessories
00a0db09dc7c94d512ec51900141ed69,3.0,400.0,23.0,7.0,15.0,computers_accessories
cac2a35a7d2ff513045a3114a29b4398,4.0,225.0,16.0,19.0,20.0,computers_accessories
073ec95c6cd3b2db5d9dc430dcb524a6,3.0,400.0,16.0,8.0,11.0,computers_accessories
0dee0be4ceb243fbbb1d185e5f08012d,1.0,600.0,60.0,16.0,11.0,computers_accessories
e57bedf7c0f94f9691910b4e0fbf211a,1.0,250.0,35.0,8.0,18.0,computers_accessories
ba41a64f60b89524bea9c75894ffb760,3.0,100.0,19.0,5.0,13.0,computers_accessories
08662925c8120f25e41279a5527a005e,2.0,750.0,28.0,22.0,16.0,computers_accessories
d4670fa6cc31ee979c4cbd5904e0562a,1.0,1050.0,32.0,12.0,20.0,computers_accessories
dfbbf137ccb6af48e66d186a33118579,2.0,450.0,20.0,30.0,30.0,computers_accessories
e344e7fbb51b08fbb06076b02f457dd9,1.0,167.0,17.0,8.0,14.0,computers_accessories
4a534b5650f13219a0de4ce5af039d2c,1.0,150.0,16.0,10.0,11.0,computers_accessories
2d4086091519b04cd687a38e33dc276c,1.0,200.0,20.0,10.0,15.0,computers_accessories
381169576b9f3c083a1c3261da161a3b,2.0,225.0,25.0,9.0,29.0,computers_accessories
2fb86e1c12f26a5878c7f4db9d0b7e80,4.0,1400.0,17.0,10.0,12.0,computers_accessories
bada3636bcc5d4020e6dd018e3e7bb8b,4.0,250.0,16.0,6.0,14.0,computers_accessories
0f59f164d6792e0c4d1757501850cf47,1.0,400.0,16.0,4.0,11.0,computers_accessories
16e3cf9ffd35194d29e5560a23123732,1.0,875.0,35.0,16.0,12.0,computers_accessories
9b77a0a174a0b29b5720de6cfcc17ba9,2.0,200.0,41.0,2.0,29.0,computers_accessories
4921779f44984246c74bba58ecf65146,4.0,1183.0,16.0,9.0,15.0,computers_accessories
330a8a8d810e84c45bf6fece44e082c8,1.0,800.0,31.0,16.0,16.0,computers_accessories
a35a9f46dcee0a67c8c7ad8493eb4135,2.0,200.0,41.0,2.0,29.0,computers_accessories
faa09c08b1e7ab0d7da302b0631297ec,1.0,300.0,50.0,5.0,20.0,computers_accessories
a77453f011b20e66aec0d64f59106fbf,2.0,100.0,16.0,16.0,11.0,computers_accessories
02c9b70f3d2ddf38f1120e09d4f9cd45,1.0,133.0,16.0,9.0,11.0,computers_accessories
922ee69fced8c701d47470e02811d22a,4.0,400.0,16.0,6.0,11.0,computers_accessories
e3baa4e51fbac37d48e70a8544895c1a,5.0,50.0,42.0,9.0,25.0,computers_accessories
ec56bda3963299a95bf284b63581716f,2.0,375.0,26.0,8.0,18.0,computers_accessories
fa126ff62aae83e37857ad495641c878,1.0,600.0,23.0,17.0,15.0,computers_accessories
6f5483fb232683fb73098d741756fcc1,1.0,950.0,33.0,15.0,14.0,computers_accessories
93d2aa0c31c4bdfe9d71ae5b1df30287,1.0,1020.0,23.0,17.0,28.0,computers_accessories
dea0538113c6e4b96b4d34f5ad453075,1.0,5275.0,45.0,27.0,31.0,computers_accessories
b4882f0e38fb340c102d225f85b446df,1.0,500.0,16.0,16.0,11.0,computers_accessories
739d233784c9f8e12635a19084e90cf5,1.0,927.0,22.0,13.0,28.0,computers_accessories
3db75f31b76375c502f64d550dcd1166,2.0,200.0,41.0,2.0,29.0,computers_accessories
d5991653e037ccb7af6ed7d94246b249,1.0,922.0,30.0,15.0,17.0,computers_accessories
aae9610f8843fbe3931dadce56c0ac94,8.0,3765.0,44.0,22.0,52.0,computers_accessories
0faa4ca558654b554d4d09abd8fe33d2,1.0,150.0,16.0,6.0,11.0,computers_accessories
46ded74d8d8e187dabe94a64dd15a7cd,2.0,200.0,50.0,4.0,40.0,computers_accessories
6352f75289c0456b2ddd48723e2e8fa4,1.0,1000.0,31.0,13.0,20.0,computers_accessories
8eb2787f0bb7f47e87e61e8c9085ade4,5.0,1650.0,35.0,10.0,19.0,computers_accessories
e2883845d83ecea7f341705fafdfd19c,1.0,100.0,39.0,9.0,11.0,computers_accessories
1fe7c14d5b10473294330ae485559ea1,1.0,400.0,19.0,5.0,12.0,computers_accessories
148f68f014d7729ff8193dd7fefd1c7c,1.0,600.0,23.0,16.0,16.0,computers_accessories
0f87a012d70771e94374b5a1a037f1d8,3.0,250.0,19.0,4.0,14.0,computers_accessories
98e5d3ce2fa01b7829c3e1b1ae40646a,1.0,150.0,16.0,18.0,16.0,computers_accessories
bf84efc59aa20236fc3cb0d7a9e7ca44,2.0,300.0,16.0,4.0,18.0,computers_accessories
7e11ae887246415c90fed7132bda6876,2.0,250.0,19.0,5.0,13.0,computers_accessories
d143bf43abb18593fa8ed20cc990ae84,1.0,500.0,16.0,15.0,15.0,computers_accessories
174475fe56700001a3361e525374c907,1.0,100.0,16.0,8.0,11.0,computers_accessories
a538728fe0b4975180a3818c6d0db331,1.0,300.0,18.0,9.0,16.0,computers_accessories
3c5b21c421b047cc64c31c3a2517b1de,2.0,250.0,41.0,2.0,29.0,computers_accessories
cedf309ce95b4a69d153dd219dd1cef8,3.0,1300.0,30.0,5.0,22.0,computers_accessories
4eaa9539b7777049d7b8451cf44fd967,3.0,150.0,16.0,12.0,15.0,computers_accessories
dc6040ee940ab73a2fdb3b90c6513ed9,4.0,1213.0,50.0,18.0,23.0,computers_accessories
5636b7f13454e8499fa797687f2f6038,3.0,150.0,16.0,12.0,15.0,computers_accessories
711f03c825e58b95be1c0b429f7dda1b,1.0,2034.0,50.0,22.0,30.0,computers_accessories
ecf4224a061a867a5dd5ffc39cdcaf35,1.0,775.0,25.0,20.0,14.0,computers_accessories
6fd226a10216de446ea64b67ebc6d8cc,3.0,300.0,20.0,20.0,20.0,computers_accessories
83c3d4602324544954d73486c1a47455,2.0,900.0,26.0,7.0,17.0,computers_accessories
82cf0461be800ca238f5237df3a39ab3,1.0,7750.0,23.0,39.0,16.0,computers_accessories
961d02e19e9ade3ba8aa028c87b0d8f7,4.0,350.0,16.0,4.0,11.0,computers_accessories
a42680488264322b4082817cfb32d64d,1.0,150.0,17.0,2.0,11.0,computers_accessories
8ffd466b40896e663ba44b70e6b70e34,2.0,300.0,19.0,5.0,13.0,computers_accessories
93e71b4d65b8153468c4f210b90342a1,1.0,200.0,18.0,9.0,16.0,computers_accessories
eecc2c78b528d8073b4f1c4bddf92aae,1.0,600.0,36.0,11.0,14.0,computers_accessories
bebd15f906a87f7a83e9dc66896ff00a,4.0,4000.0,22.0,12.0,22.0,computers_accessories
0fdd1ea79f0f2ec81697ccd021d6d992,1.0,490.0,23.0,10.0,22.0,computers_accessories
9df7c1b358350fe845b77ee08c49600e,1.0,825.0,32.0,14.0,16.0,computers_accessories
0dbda89985ac97cc36d9239d67a1172b,5.0,4800.0,18.0,26.0,19.0,computers_accessories
05fca08b4d54ab5d1d371db7d5534136,4.0,300.0,20.0,6.0,13.0,computers_accessories
5a4ec7366f4a5fddd269c4d9a047c6c3,1.0,200.0,16.0,2.0,11.0,computers_accessories
34e4f6bc7f4c44bdc0581b78aba124e1,3.0,150.0,16.0,5.0,11.0,computers_accessories
65ce839c7967ed73e05471cbd4cb2ec1,4.0,900.0,31.0,13.0,26.0,computers_accessories
415c42d82ead424bfd3f256565bc5dae,1.0,813.0,28.0,14.0,21.0,computers_accessories
97296954e343ef67dcda940ec8e2a0d4,1.0,200.0,16.0,8.0,11.0,computers_accessories
d338536d3bfc9f482ee40f08bc22cce2,1.0,1100.0,32.0,19.0,11.0,computers_accessories
58bf858007e80985449672d0ce53a060,2.0,925.0,24.0,19.0,13.0,computers_accessories
da686d15de3ee88de081bd159b031e47,1.0,300.0,50.0,5.0,20.0,computers_accessories
a1ea5e26e19ed2e16b30866fb40735a7,1.0,464.0,23.0,13.0,26.0,computers_accessories
43e9543be42b2a2db9d44f3ab4ddd8b7,1.0,950.0,45.0,15.0,25.0,computers_accessories
4e1d66c3236bdab451c67f91432035ee,1.0,888.0,20.0,15.0,13.0,computers_accessories
dcecb611ba878d5d8c7853585b285c12,1.0,100.0,16.0,19.0,16.0,computers_accessories
a4c7e73a8ce075149b5f6592fdd29367,1.0,200.0,20.0,20.0,20.0,computers_accessories
382132cf96c88a277a65226833af5f61,3.0,680.0,47.0,7.0,18.0,computers_accessories
b2e7c39bb137bb4b3651862c6b611468,2.0,100.0,36.0,9.0,20.0,computers_accessories
9aac694a7dea5e7fe19c5c65ecd0058e,1.0,200.0,60.0,16.0,11.0,computers_accessories
3b9e62775f31381472828246e899ee22,3.0,3700.0,28.0,9.0,25.0,computers_accessories
dc0289c8cd78fb2f6c41bb8be865cbec,1.0,100.0,18.0,11.0,12.0,computers_accessories
eafcf8d34ca443153c06cf1f6ee22d0f,2.0,100.0,16.0,8.0,11.0,computers_accessories
9aed412277ca4485a7bf6e0c53e65786,3.0,100.0,25.0,2.0,16.0,computers_accessories
418d8bb517562fb8e8a2f1c5de0afa70,2.0,400.0,23.0,10.0,19.0,computers_accessories
eaaedcf6f1fee559b27b286e16afdf88,4.0,400.0,16.0,7.0,11.0,computers_accessories
02044dc95cf33aaf55e03bde1b042539,2.0,150.0,31.0,8.0,11.0,computers_accessories
0bc9537c77fb84d081077c24714c8506,3.0,400.0,16.0,16.0,13.0,computers_accessories
9e24c718d40f018498c6b5db74bf9dc9,3.0,50.0,16.0,8.0,16.0,computers_accessories
87ceed33e1f7fe39fa06b69c9fdf9e53,2.0,50.0,23.0,12.0,19.0,computers_accessories
4e58e4bd671d463cef30fa0bab322f9a,1.0,105.0,16.0,11.0,11.0,computers_accessories
268feec11ba1349f37164ab1b833aae8,2.0,100.0,20.0,7.0,17.0,computers_accessories
cc1180a16524617866588df758c49ec7,3.0,200.0,18.0,16.0,13.0,computers_accessories
16cc7a098d176187b6d8e9519fa81585,2.0,350.0,16.0,22.0,17.0,computers_accessories
c878f779306161bdbc043977329a9082,1.0,100.0,16.0,3.0,14.0,computers_accessories
083ffd30820b592e294de7ed668ff975,3.0,300.0,23.0,8.0,19.0,computers_accessories
a69c0be573a2ba8f96b7650dbc0bbf87,1.0,250.0,50.0,5.0,20.0,computers_accessories
0ef37d421045fdf87dba29f9bbfda772,1.0,1823.0,37.0,22.0,19.0,computers_accessories
c629f814c92825a1e5ec157ce8a25bd9,3.0,200.0,20.0,20.0,20.0,computers_accessories
a8b0dd2c57b49b649373ff5a495a697e,4.0,350.0,17.0,7.0,13.0,computers_accessories
beb1cc5b34dcd5fb5c3214a3564b7fdd,1.0,200.0,21.0,5.0,15.0,computers_accessories
af50df7cc2a72931baf406b123a313ee,3.0,1000.0,20.0,30.0,20.0,computers_accessories
59764cf344119ff76a19a0ec02400b8f,1.0,200.0,16.0,4.0,11.0,computers_accessories
2015986e064ebba656b2c86e34a64f5c,1.0,100.0,16.0,5.0,16.0,computers_accessories
88d524b8b5576da63abf7b16bef48a39,1.0,300.0,16.0,2.0,11.0,computers_accessories
b952d6773e9a3a9b86c9faded9ec3c86,1.0,150.0,39.0,9.0,11.0,computers_accessories
a3d101bfee6cd242a56008611f7c1335,1.0,300.0,50.0,5.0,20.0,computers_accessories
d5ad2be418dec48e9d0c4745e431c384,1.0,150.0,21.0,11.0,12.0,computers_accessories
e8c2065927de366ef9622dbee0bb7b63,1.0,1280.0,35.0,14.0,19.0,computers_accessories
b746f0f77468910428130facb2ee2d1f,3.0,100.0,40.0,2.0,24.0,computers_accessories
ed6bc7b0fbc4062bfcb009b1c080dca8,1.0,200.0,31.0,16.0,16.0,computers_accessories
dff7fe87b6455dba4be604aa1d2938fa,3.0,1042.0,36.0,18.0,33.0,computers_accessories
b69bcfc7cfd1e1a53b1d754ddad08417,1.0,350.0,28.0,6.0,13.0,computers_accessories
aecb90cb7f3c1fd62e50a51ce73659f3,1.0,800.0,28.0,18.0,23.0,computers_accessories
888bc229e8f4a4bb412bdea51c650a49,1.0,200.0,25.0,2.0,16.0,computers_accessories
da721f960c721a863e6bd3ccf8ebb4de,1.0,180.0,60.0,11.0,11.0,computers_accessories
a512b45196335938ab8e8efd63bc7d2b,1.0,150.0,16.0,5.0,20.0,computers_accessories
d982791b03ad95faaa03fc746ad04672,3.0,2300.0,42.0,29.0,28.0,computers_accessories
878a891a2694570ec7602c80e45d323a,1.0,1510.0,34.0,23.0,19.0,computers_accessories
24cdea192c5e345910d4fda8580576bd,1.0,300.0,16.0,13.0,14.0,computers_accessories
8d2acb5eb701be18bccec69a070fd23d,1.0,1100.0,23.0,13.0,26.0,computers_accessories
c95e9ae597964b2c2e37ed5c5fc378fc,1.0,1100.0,25.0,15.0,15.0,computers_accessories
88f723b1cc87199862c31b071276b0f5,1.0,800.0,26.0,17.0,17.0,computers_accessories
df8951356a3ac20689379dffca179561,1.0,813.0,29.0,16.0,16.0,computers_accessories
0d93dbf32345927755c936fe02d5776b,1.0,200.0,18.0,9.0,16.0,computers_accessories
c475e0af586d200a52fcfa1dee11d1b2,1.0,100.0,40.0,2.0,24.0,computers_accessories
6217dab6fce05a4924116e90d7f301c1,1.0,1000.0,36.0,22.0,25.0,computers_accessories
59a5c66f3c04b01ccdb9362174f6ecdf,5.0,650.0,17.0,11.0,11.0,computers_accessories
8ec2aeacda2a58c1e118e8c1ea90c605,1.0,150.0,16.0,16.0,16.0,computers_accessories
291c4f64b5862ed36fdec5f3df710613,1.0,833.0,23.0,14.0,14.0,computers_accessories
164979bae3a9db1859e725b3a793f4d2,3.0,400.0,50.0,15.0,25.0,computers_accessories
e6b314a2236c162ede1a879f1075430f,1.0,167.0,24.0,14.0,11.0,computers_accessories
7c90d1f92845f3f2b566c81b55daf369,1.0,300.0,50.0,5.0,20.0,computers_accessories
89d49f6d10ff422902b2c2cb05da7f1c,1.0,850.0,18.0,16.0,18.0,computers_accessories
7f9fb61955b696d843259a8cbdb2261d,2.0,725.0,18.0,5.0,11.0,computers_accessories
eee2fb3dceb9ffd8a99dd4bc4b7e860a,1.0,100.0,75.0,11.0,11.0,computers_accessories
2f847fc77fbaaf89e242abf6da368f1c,1.0,550.0,19.0,4.0,15.0,computers_accessories
f293514e0176006f3af40d473cf24a1e,1.0,188.0,16.0,11.0,12.0,computers_accessories
d41e71b34a15f8bc2c7ed84561ebb600,2.0,900.0,30.0,6.0,23.0,computers_accessories
6987398dff454a3138231540e2a6ec61,1.0,1033.0,31.0,17.0,22.0,computers_accessories
3742ea63675dd01004c7dd8a3cd46d48,1.0,900.0,31.0,13.0,11.0,computers_accessories
e0b3d910304c5bfc94fc7fac4b6b4540,3.0,950.0,38.0,12.0,28.0,computers_accessories
0d954479e7991c06d35202c130844b57,1.0,600.0,16.0,18.0,17.0,computers_accessories
4dac30b28142fc71237ff0892e7f29c1,1.0,2300.0,20.0,17.0,20.0,computers_accessories
52b4432d5f2efc197d3e792329b38cec,1.0,241.0,14.0,15.0,17.0,computers_accessories
a2a0ecb37f7e027a81081a34fd1cce4d,3.0,470.0,14.0,17.0,14.0,computers_accessories
69fef0f440d7a4d03f5d883264132dc2,3.0,7400.0,23.0,12.0,15.0,computers_accessories
ad1363e145be3de4efec013051b14322,3.0,150.0,16.0,2.0,16.0,computers_accessories
d25142f887810041ec819fbabafa8c76,1.0,350.0,21.0,9.0,17.0,computers_accessories
a55f2480f8f4f12aa8a2f4528319e509,1.0,200.0,18.0,9.0,16.0,computers_accessories
20992273fc264d0a559e37c346090fe6,1.0,600.0,16.0,16.0,16.0,computers_accessories
8f601af30bf2a5f8eacdd3ed8e2158f9,2.0,250.0,41.0,2.0,29.0,computers_accessories
3cc4d754aa53f733c4141170236195ec,3.0,3100.0,20.0,20.0,20.0,computers_accessories
afc452fedac19a3553a1a356e5498e9e,1.0,900.0,40.0,20.0,20.0,computers_accessories
1aaf80d4afeb6d8636711e75d02f1a7e,1.0,50.0,40.0,2.0,24.0,computers_accessories
06f2166336faca73c644b11eaca22d06,1.0,600.0,16.0,13.0,13.0,computers_accessories
e052d2aebe5b1887f31d80b47c2aa3c0,1.0,200.0,18.0,9.0,16.0,computers_accessories
06ef4c984af8c13ff17e30f46d97b489,4.0,100.0,17.0,4.0,14.0,computers_accessories
bbb22d5f1913726a8e9249234e594c05,1.0,700.0,26.0,4.0,19.0,computers_accessories
afe91b92e9fcb77e66f33901b67c5cf5,2.0,400.0,18.0,12.0,15.0,computers_accessories
e8b81f90e760cf36a89ecf3b3bf6cf05,1.0,100.0,16.0,8.0,12.0,computers_accessories
ca152649b43c4c6081853d9421c59869,2.0,250.0,42.0,2.0,30.0,computers_accessories
13fd915e499b787f1f4c9dbb231d0d4c,3.0,150.0,16.0,5.0,15.0,computers_accessories
2c9de16d31145f7aa376c2dab35a2b81,1.0,800.0,29.0,16.0,18.0,computers_accessories
3adf46dbf0aa2bcca9d6fc85e4e7c339,1.0,150.0,23.0,14.0,14.0,computers_accessories
0cef952d7fcac13a3f548548cb49aeaf,2.0,425.0,16.0,9.0,13.0,computers_accessories
1507ad794e23a98d2e7097f799a890ca,1.0,300.0,16.0,2.0,11.0,computers_accessories
696ad707399d0b7678e2ed5d021dd737,7.0,550.0,19.0,5.0,12.0,computers_accessories
1a909e04ddbc64bda3fc905834678201,1.0,213.0,15.0,7.0,11.0,computers_accessories
c6bdd07f0a20ccd19d51de91c1551952,3.0,300.0,16.0,8.0,11.0,computers_accessories
d016a1a4d0898c213be8443b0c99c784,1.0,550.0,35.0,10.0,12.0,computers_accessories
0fc6914383c2bea767a9562c9d8b43a1,4.0,338.0,32.0,6.0,36.0,computers_accessories
dd676d49d051ea143257c1012bc1ee3c,1.0,350.0,16.0,16.0,11.0,computers_accessories
8c75343253053a2400e289f5192cd5c1,4.0,993.0,27.0,5.0,27.0,computers_accessories
dd8af0fcb0e10a6618ebfeaf9a988a34,3.0,1600.0,22.0,9.0,23.0,computers_accessories
3795823a832215210d81bb4f8fafc95b,2.0,200.0,41.0,2.0,29.0,computers_accessories
a05f4c1d544848f9ee86f767c9cc0d4f,5.0,366.0,20.0,6.0,15.0,computers_accessories
d5edb235c490c253cb971f0ca5a7af74,3.0,250.0,16.0,4.0,20.0,computers_accessories
f7e0fa615b386bc9a8b9eb52bc1fff76,1.0,325.0,21.0,21.0,21.0,computers_accessories
8895ac34adda705a5d93c05aa5141205,1.0,250.0,30.0,6.0,22.0,computers_accessories
52c8d520d9b3874bdf29a9e8eb26bf0a,1.0,100.0,23.0,13.0,13.0,computers_accessories
8b32eb3053c5c248a5e547f8a1bfb859,1.0,300.0,16.0,6.0,17.0,computers_accessories
06f4fde9ce07b3d2bfab78494343c5da,1.0,200.0,18.0,9.0,16.0,computers_accessories
a41aeb9e79798800bc4d7984db492f2a,5.0,400.0,17.0,7.0,13.0,computers_accessories
a23331d31bc426296b09f6a373f6aab5,3.0,50.0,16.0,12.0,11.0,computers_accessories
8b64eff669e3dbeedc349de9f1d3bcab,1.0,300.0,18.0,9.0,16.0,computers_accessories
2d677673c369b1d62187bc49ab3e9331,3.0,1400.0,20.0,30.0,20.0,computers_accessories
33506b5bbfffb69d787a9ecaa1222a5a,1.0,1700.0,45.0,25.0,30.0,computers_accessories
220bc6afbb138c2e99fffc0f9838afd4,2.0,150.0,39.0,2.0,30.0,computers_accessories
51d683bed105788944d57dcbba5aa518,1.0,600.0,25.0,15.0,15.0,computers_accessories
c3b52e4afa04ca9013545b7a6996e86e,6.0,1150.0,16.0,13.0,25.0,computers_accessories
87cc2aef12eddf0b170234138b0946e0,2.0,350.0,28.0,6.0,20.0,computers_accessories
550dc4417c636abc04c71404342de695,1.0,1238.0,34.0,19.0,24.0,computers_accessories
2d000576ada7098440d09be3e8b6ff5d,2.0,700.0,30.0,20.0,30.0,computers_accessories
b316bc5e17977e45daeede53257820d8,2.0,300.0,20.0,20.0,20.0,computers_accessories
be92bd4ffb2aeb2776beaf42860ce0ce,1.0,100.0,18.0,9.0,16.0,computers_accessories
67b10b3b7931ff8a983d42650dbc3bc5,4.0,500.0,20.0,20.0,20.0,computers_accessories
ecaaaccb5eb3102553f001d62db6389e,2.0,125.0,16.0,12.0,14.0,computers_accessories
cd4433e613b80ca07e19c5c626aee51a,2.0,352.0,20.0,14.0,17.0,computers_accessories
2d00c3b37b984686777190e2e6e0a7b6,4.0,300.0,16.0,16.0,16.0,computers_accessories
fcb0e3bd6245e82cb0203dca6c126e43,1.0,200.0,60.0,11.0,11.0,computers_accessories
1a300f482e35d7eac74b229be067aefd,4.0,125.0,18.0,7.0,15.0,computers_accessories
51380ed201eef8cc5c744c5e0d49965b,1.0,500.0,17.0,16.0,12.0,computers_accessories
c46340bc7e4d674d73196dfc202fb2cc,8.0,5200.0,47.0,59.0,12.0,computers_accessories
fe077ec80df6b4ee60bb4498d5ab1962,1.0,200.0,16.0,15.0,15.0,computers_accessories
189898d15ec809a4ca45e1ac2221dea2,1.0,478.0,20.0,14.0,18.0,computers_accessories
d6e74e35591c053e5cbab04d84c223b5,1.0,2275.0,34.0,17.0,23.0,computers_accessories
0bc26e3e8475d1df57c86c60c3304a27,1.0,4350.0,18.0,25.0,18.0,computers_accessories
f8b29b398eeec313dd704d04a432af3a,1.0,200.0,16.0,16.0,11.0,computers_accessories
a9b3c1c9a790da6695b60d0b0070578f,2.0,1000.0,26.0,23.0,23.0,computers_accessories
d41535863aafb38ad02b68cd12a091ed,1.0,1150.0,16.0,11.0,28.0,computers_accessories
4c9947d0ce5a7e1e55898f6047c604e1,2.0,125.0,41.0,15.0,55.0,computers_accessories
7fd6586464df3ea9bad637e34580c186,3.0,700.0,38.0,12.0,28.0,computers_accessories
2b2d98d1e9b6f68a472c5ace64d704fa,1.0,2700.0,36.0,9.0,20.0,computers_accessories
f1e06e6ee36f5c441232a96be23124f4,5.0,816.0,27.0,13.0,18.0,computers_accessories
472a528b441c91f23491342237364565,2.0,3150.0,27.0,16.0,18.0,computers_accessories
49df65035f0bf74b730e3c124804ea7a,1.0,100.0,16.0,6.0,14.0,computers_accessories
53f345740817185c3b226e722a2f729a,6.0,200.0,18.0,7.0,12.0,computers_accessories
fa335dcd3999105b8bfb1ce9300de4d1,2.0,200.0,39.0,2.0,30.0,computers_accessories
e0155093e5732c2307de4c66394a72a3,1.0,70.0,19.0,12.0,13.0,computers_accessories
3894ee88e0f8f6ce2847a1f31e0ebb0e,2.0,900.0,32.0,27.0,40.0,computers_accessories
7ea3919d7abd2b09549543a2508e7b26,3.0,220.0,18.0,15.0,16.0,computers_accessories
42ef2bdec0493fd90852352fcfbf2c24,1.0,850.0,32.0,19.0,19.0,computers_accessories
29f5540c79dd4bb8f156df4e1166b9f4,1.0,945.0,23.0,13.0,26.0,computers_accessories
0ee7a6e1cd4ecf72e711a2f68b4d8d2e,1.0,1000.0,31.0,12.0,11.0,computers_accessories
b3b0bce74668bf355cbd94db1e4d17b9,2.0,200.0,36.0,15.0,21.0,computers_accessories
e5ae72c62ebfa708624f5029d609b160,1.0,156.0,18.0,12.0,15.0,computers_accessories
bc055ae94989497c0d66bfa4263ccf61,1.0,150.0,24.0,12.0,13.0,computers_accessories
d04857e7b4b708ee8b8b9921163edba3,2.0,450.0,16.0,4.0,20.0,computers_accessories
409ef6c18dc35c39c6adb767e35dd7d0,3.0,100.0,18.0,5.0,13.0,computers_accessories
9ebcdd5c31b8449a7c4f89971715add2,2.0,275.0,19.0,5.0,16.0,computers_accessories
35535e9b73528a87eb39b134a72a6544,3.0,1000.0,25.0,25.0,25.0,computers_accessories
6dffbeaccacce13f3812c3cfea13ad7b,1.0,850.0,30.0,30.0,30.0,computers_accessories
071930404657f7cd416f75bd063a9d4b,4.0,4300.0,26.0,2.0,38.0,computers_accessories
db5d54ce439fae2ae1f34749ab1acebd,1.0,200.0,39.0,9.0,11.0,computers_accessories
27b2556bcb57fc7c3dcc241bde88c5e3,1.0,717.0,35.0,19.0,19.0,computers_accessories
8f51204e4a4b73030177a888b66fe910,1.0,450.0,16.0,2.0,11.0,computers_accessories
bd08d760237826c81c73fd4f6f391290,2.0,150.0,23.0,2.0,17.0,computers_accessories
5c5585c687a0293f10bb748c13cacc71,1.0,214.0,18.0,14.0,13.0,computers_accessories
62f5caa3d09aa499e778927db65547eb,6.0,1150.0,45.0,11.0,11.0,computers_accessories
33f789f4b4fa74053af0199658b78853,1.0,480.0,27.0,16.0,15.0,computers_accessories
93c480c7d11c68ba0a71e850da61b674,4.0,300.0,16.0,4.0,20.0,computers_accessories
bd2b6d27ce6d89e2443970dc53f6d684,1.0,1200.0,23.0,17.0,28.0,computers_accessories
caf1ca4c82e6ab734903a3407795f556,3.0,225.0,16.0,13.0,11.0,computers_accessories
7e1597b3d802cadc921c6a182ff5926f,4.0,150.0,16.0,5.0,11.0,computers_accessories
145978af3e89b318be0b717a0953649a,3.0,150.0,31.0,3.0,28.0,computers_accessories
f457c5f0c72ba4cae17636c5174add2e,2.0,150.0,16.0,4.0,16.0,computers_accessories
8700d9f84733dce4550659a27300c5e5,3.0,1350.0,30.0,5.0,22.0,computers_accessories
25055c4ea763803958c5c79b99a00439,1.0,700.0,32.0,12.0,12.0,computers_accessories
f8da9c0748a30346a534634bbdc28bec,1.0,100.0,16.0,8.0,12.0,computers_accessories
b40f2e02089486d971fe39108eacc283,6.0,950.0,22.0,10.0,15.0,computers_accessories
7a8f85eacf670d2cae7b679ac8b7af8b,2.0,400.0,20.0,5.0,12.0,computers_accessories
e1c0a39b7f806727ea5121c60035ed3c,1.0,200.0,18.0,9.0,16.0,computers_accessories
09f80ba142f03fa8ccc8d62ff68b6d1d,1.0,800.0,18.0,9.0,16.0,computers_accessories
29d2735be03e1169db0545c3741c74e5,3.0,200.0,16.0,6.0,14.0,computers_accessories
c5d2126afe1fab68d8a8ada87a270d1b,1.0,400.0,18.0,9.0,16.0,computers_accessories
b96665121d5d14f5da703d30f116a56c,1.0,643.0,27.0,19.0,25.0,computers_accessories
b09695c98d949d39cea25c5abb049fa8,2.0,450.0,20.0,15.0,16.0,computers_accessories
e2600770da5cfd446d3e971c1d41b44c,1.0,300.0,50.0,5.0,20.0,computers_accessories
ff3fb423134042fbbca486b9790b4521,1.0,83.0,19.0,8.0,15.0,computers_accessories
4ac218f276a40201c282dd01401e9bd8,1.0,917.0,30.0,16.0,16.0,computers_accessories
b7d2c90f9161dc69fa75d22572003bc4,1.0,825.0,29.0,14.0,20.0,computers_accessories
9fe30f5d977b4413525497a2bcec51b8,1.0,150.0,16.0,15.0,13.0,computers_accessories
d929915b6b69f9c91192c898b6fc21fc,4.0,1050.0,105.0,11.0,12.0,computers_accessories
81efaa22f3868f00c8ef1879cccc3c03,1.0,550.0,16.0,14.0,17.0,computers_accessories
65dcea9092da1362310088f4a84db93e,4.0,2400.0,60.0,45.0,20.0,computers_accessories
5c6c8bdc71e47cac577be6a17cef3ab3,1.0,200.0,16.0,19.0,16.0,computers_accessories
3f9609072abcb4b849b1f901663cc08b,1.0,400.0,21.0,7.0,28.0,computers_accessories
dc5fd9c9989813f354c865854be80178,2.0,125.0,14.0,11.0,11.0,computers_accessories
19bcd4eb05ab42b8bd0976cf94bffd7b,1.0,225.0,16.0,5.0,13.0,computers_accessories
a5e28e21acf7c99188ad33f688f18837,3.0,1550.0,20.0,4.0,20.0,computers_accessories
afa3bc466a2fbfde2f263266a4dfae3b,4.0,250.0,43.0,2.0,30.0,computers_accessories
f37d4bcbd21078ef36fd59518e99f045,1.0,1025.0,32.0,14.0,12.0,computers_accessories
bee2e070c39f3dd2f6883a17a5f0da45,4.0,175.0,20.0,20.0,20.0,computers_accessories
dd47440cb56de3ab674f9208ff0edc3e,3.0,2550.0,30.0,10.0,22.0,computers_accessories
f81b171b346c639cb5a7cbab8dfac7c4,1.0,175.0,17.0,12.0,11.0,computers_accessories
b80b3d8dc140b36085b4f6fefc79eac4,1.0,6725.0,23.0,13.0,14.0,computers_accessories
5bec1db1c3f053e422f33b7d8f23adfe,2.0,1600.0,40.0,15.0,25.0,computers_accessories
af3397b442ec6b95e314ee7a286905fb,2.0,200.0,60.0,16.0,11.0,computers_accessories
da1ff964ecbb4df51db9322cdf7a4a74,4.0,800.0,21.0,6.0,28.0,computers_accessories
5e70a4508abd5d19bfe7f110785294c8,3.0,400.0,22.0,8.0,15.0,computers_accessories
d1847c3f994dc0bb4d1248520ecb81f3,4.0,400.0,17.0,4.0,17.0,computers_accessories
fd1b303c073ff6cdf78c7ad4d25b5409,2.0,250.0,32.0,2.0,15.0,computers_accessories
8a68c060dbab4ae66aa885e13e1ef7b3,1.0,617.0,17.0,18.0,23.0,computers_accessories
052dd43729ce1a56b5e083888ad5916f,3.0,400.0,41.0,3.0,29.0,computers_accessories
8983a3b149303c013fceabef902e835a,3.0,450.0,16.0,3.0,15.0,computers_accessories
5389dbdf62ed8bee6b52fab9c9891f2e,3.0,200.0,16.0,14.0,13.0,computers_accessories
79ca92dc39da64490ff8972bc32f288c,3.0,375.0,16.0,9.0,15.0,computers_accessories
de81ca6ee18fb1d754027b7ae28f6003,1.0,400.0,26.0,14.0,12.0,computers_accessories
59f05ef2066d40581892a96722e9c465,1.0,963.0,25.0,18.0,18.0,computers_accessories
28f61ad35fb219e9debd750a73b63985,2.0,100.0,40.0,2.0,24.0,computers_accessories
a233df9a388d27dbdfd31731d4236db0,1.0,17400.0,24.0,55.0,51.0,computers_accessories
e1a400ba04961ede3d640207117813fb,1.0,1000.0,36.0,13.0,20.0,computers_accessories
f7da48a5b38c79d4f161133afca9ebc1,2.0,417.0,20.0,13.0,16.0,computers_accessories
b4fc0d6b032cae000a5af2cea4d4b9b4,3.0,263.0,18.0,16.0,16.0,computers_accessories
55939df5d8d2b853fbc532bf8a00dc32,1.0,600.0,26.0,12.0,13.0,computers_accessories
462ca84097e3116f8dc7642fb057b4b2,2.0,200.0,39.0,2.0,30.0,computers_accessories
a5d86c5969b4279aad7973985215a4e9,2.0,12300.0,55.0,29.0,22.0,computers_accessories
de7034010d180a33f04a16b235281265,3.0,400.0,25.0,15.0,25.0,computers_accessories
8de2f47b78997a49459d4564b093fecc,1.0,1040.0,33.0,13.0,17.0,computers_accessories
0e6e319f54e663147c771705ab5dec67,1.0,500.0,20.0,7.0,16.0,computers_accessories
d79c1b22417ddb8b9c157685628fe411,4.0,800.0,17.0,12.0,12.0,computers_accessories
6085250f7b172d15b2fd69b85ca4808e,1.0,200.0,18.0,9.0,16.0,computers_accessories
c3f6113d5b61bc95468432072b27e23d,1.0,300.0,36.0,9.0,11.0,computers_accessories
d9ef0410018bcb16abef7c8f005fa2f9,3.0,150.0,16.0,5.0,16.0,computers_accessories
089526cae28a7fd487bfb3bab161d701,1.0,200.0,17.0,8.0,11.0,computers_accessories
70559c57b5e5cfac386368f45e744f55,1.0,179.0,12.0,9.0,13.0,computers_accessories
358d37dd53f3e05e0210a3ca3d953aca,2.0,200.0,38.0,2.0,29.0,computers_accessories
45e95fa9b4822fe9928abd8993cc37ce,1.0,475.0,18.0,3.0,11.0,computers_accessories
bfd7070500b5ef628b0216d884d2bc02,2.0,151.0,17.0,11.0,21.0,computers_accessories
c945d017108b1d447facbc95385680a1,1.0,100.0,16.0,2.0,11.0,computers_accessories
aabc408823496d430c4b0b85561403ad,2.0,100.0,16.0,8.0,11.0,computers_accessories
a7bcd880d9580e8b2ab78868836ceb4e,1.0,400.0,16.0,6.0,12.0,computers_accessories
909b87db6cb3a7ab26bd03cc59860136,1.0,169.0,16.0,10.0,12.0,computers_accessories
054b1ab366729788a3717961085aec01,1.0,50.0,17.0,9.0,13.0,computers_accessories
fa4e8255202fd921350a6fc716710dae,2.0,350.0,20.0,5.0,20.0,computers_accessories
c501f6fbb5f2af6d02385b52e91dd42c,1.0,200.0,18.0,9.0,16.0,computers_accessories
71f5013915099a3ab0756dcabfcf12e8,1.0,1200.0,35.0,21.0,20.0,computers_accessories
269e87010f6d5e57015a90b00983e334,2.0,250.0,22.0,2.0,14.0,computers_accessories
e81c3966e44d9ffb21a94481be3613d0,1.0,900.0,28.0,15.0,27.0,computers_accessories
ab8fdcf79c35337a19dd9e94fa2965ce,1.0,1033.0,20.0,22.0,25.0,computers_accessories
c02a979508b4fbd64ce1db1ccd8dd6fa,1.0,190.0,17.0,13.0,14.0,computers_accessories
da2666768ebe6384813349f02ca0ea28,1.0,628.0,18.0,13.0,19.0,computers_accessories
dd5cf159767b4074d203d21283df2ef6,1.0,488.0,19.0,12.0,16.0,computers_accessories
9407f9f156d40ac0226bb56af86511e5,1.0,2800.0,30.0,38.0,14.0,computers_accessories
4db2db9bfca9f726d1ad7e1713bbe432,1.0,400.0,24.0,11.0,20.0,computers_accessories
238e45c597d95d9eb3b225aaabf1c7ae,1.0,726.0,20.0,15.0,13.0,computers_accessories
c3219fce25bc0add4fd070f26d55615e,1.0,2000.0,20.0,10.0,20.0,computers_accessories
db52f11139e4d3f00cfe4cdb3242a7c2,4.0,3050.0,30.0,10.0,22.0,computers_accessories
ba9943916136c9959e24f71bdae28faa,3.0,200.0,35.0,2.0,25.0,computers_accessories
2d4729e4bd9debaf6fcc53c26c0f37d1,1.0,100.0,16.0,2.0,11.0,computers_accessories
eb2ef5be3d5deff674149b9465d44738,2.0,200.0,20.0,10.0,20.0,computers_accessories
1d458c9ff924e108688571cd8536579d,1.0,150.0,16.0,10.0,11.0,computers_accessories
9e788f261082b67568bcb9f75c8c629c,3.0,464.0,19.0,11.0,17.0,computers_accessories
f6cdf7aae7f5fb3d67142d5f385ae785,1.0,300.0,50.0,5.0,11.0,computers_accessories
ff149b3dcc3813d4644fa2610307d071,2.0,200.0,16.0,16.0,11.0,computers_accessories
08fd8427101cb0428a663c2ae8f90aee,1.0,100.0,16.0,9.0,12.0,computers_accessories
7c6ff274f0411bde88f5df8db5f64693,5.0,340.0,17.0,13.0,13.0,computers_accessories
beeafa4f5701078b09aa0f517fdfe05e,1.0,695.0,28.0,14.0,20.0,computers_accessories
56cdfe67fbda57c1dcc752f5f361f981,1.0,517.0,22.0,11.0,13.0,computers_accessories
695e7998d136c389e5b287c1ffe4b62a,1.0,120.0,17.0,9.0,11.0,computers_accessories
4b456247c6fd6370f0c01903b0c6d67d,2.0,200.0,20.0,15.0,20.0,computers_accessories
1c00873a774421d2eeec30c80eb15676,1.0,500.0,16.0,28.0,11.0,computers_accessories
33e04be09d16fef5a9044ee42eb2f45a,1.0,529.0,37.0,10.0,13.0,computers_accessories
e3b5a4c3f8512fe1315f05564e461ff4,1.0,500.0,16.0,12.0,16.0,computers_accessories
870bcc6c58e03ca658cfdd13db4bbe28,2.0,487.0,19.0,12.0,16.0,computers_accessories
6e79f7513adfd9ac67faa19f0d4ace53,1.0,350.0,27.0,5.0,20.0,computers_accessories
d123a889dbe1dddada56ba224cd05963,1.0,200.0,18.0,9.0,16.0,computers_accessories
0798196b28c04c8e543322896c882902,1.0,450.0,17.0,2.0,17.0,computers_accessories
ba7bd7333b4f0c78d1c1e1693a4f97b7,3.0,1450.0,25.0,15.0,25.0,computers_accessories
52d828eb9a52d8cfcc750bd79254b9ec,1.0,830.0,29.0,16.0,16.0,computers_accessories
127c0cde3ea832c4c4901159cf902d0e,1.0,750.0,16.0,9.0,12.0,computers_accessories
d9545b3e8df3155bca5b302d0f7c3c1c,2.0,4350.0,30.0,20.0,20.0,computers_accessories
0c5aa7be5dfd5c67689eef12b537a466,2.0,100.0,16.0,8.0,11.0,computers_accessories
547ef2af00ca493818dd33eb5216b22e,5.0,650.0,24.0,10.0,16.0,computers_accessories
d0d132ac4a5d20f11e05ffd8ca3d2e3f,1.0,475.0,21.0,8.0,14.0,computers_accessories
066bbc3a1363adc4d73e093aefd9363a,3.0,1900.0,26.0,10.0,20.0,computers_accessories
c8e3a7fd4e2565e83122a3c9b17f7a80,3.0,700.0,20.0,20.0,20.0,computers_accessories
e8e3b26a966bdd1260fe48e92972f670,1.0,250.0,16.0,11.0,11.0,computers_accessories
76d75f398634bf194ba99d7297e7d1fa,4.0,350.0,25.0,11.0,15.0,computers_accessories
259191163460b98721e75931dda0299f,2.0,850.0,32.0,13.0,11.0,computers_accessories
d53fa4385b1c7af4bc099d079edd4b32,2.0,350.0,30.0,10.0,25.0,computers_accessories
ed08c988bf45ddaed9d83ed92f015ec6,1.0,400.0,20.0,15.0,15.0,computers_accessories
317a06884480d645d7f0bc82455ec277,5.0,650.0,25.0,11.0,15.0,computers_accessories
a17923e795430dfd9d8e9d5bf444cee2,2.0,11500.0,30.0,14.0,48.0,computers_accessories
c9e370a48c93410b221b46ce7ee41643,2.0,700.0,20.0,50.0,18.0,computers_accessories
4d8ac542663b1d53ccdae075bc2a15ed,2.0,300.0,27.0,10.0,16.0,computers_accessories
6bfdbceb7790a17493f90ec854767268,5.0,250.0,16.0,2.0,11.0,computers_accessories
4cd429cde8cf80cc5c334eac09b4b965,3.0,300.0,36.0,2.0,27.0,computers_accessories
51546b31b0669a44f338a791d4f96ddd,2.0,200.0,14.0,5.0,14.0,computers_accessories
ecd15c67f7a723b7de79f4346911e122,3.0,150.0,16.0,12.0,15.0,computers_accessories
ed7090839f8e749840a20f1c1cc78717,1.0,817.0,30.0,15.0,15.0,computers_accessories
65fd9b358b7ee029fba34839e9c35fdf,1.0,350.0,28.0,10.0,37.0,computers_accessories
2a7906396f06c254b7b32a8ed3e45894,3.0,350.0,36.0,5.0,15.0,computers_accessories
9bd01dd31e915573f3ab0bb9a6d7e113,1.0,1250.0,17.0,25.0,17.0,computers_accessories
9d374944ce89ce9afd8c8f79fb7f3bc9,3.0,400.0,16.0,4.0,16.0,computers_accessories
de480e3ae31eea2d2d97d694c43172fc,4.0,150.0,16.0,5.0,11.0,computers_accessories
22fc8dc1de226d2a731f5fa50303c388,1.0,300.0,18.0,8.0,16.0,computers_accessories
99df082a12d86610e2f2d9505ccf852b,3.0,75.0,16.0,16.0,16.0,computers_accessories
e2ba1ff659ac980030fe15554828f2eb,1.0,600.0,16.0,15.0,15.0,computers_accessories
1c42962612d557f85753b24c2b97070f,1.0,50.0,20.0,20.0,18.0,computers_accessories
46434aefd24c5d19f7e7baebf97b796d,1.0,6800.0,50.0,25.0,18.0,computers_accessories
b14f3a0990ba90e5ffa3ee7414424b58,1.0,850.0,18.0,15.0,12.0,computers_accessories
9616caad30917a469d87d2f95cd603cb,1.0,717.0,30.0,12.0,18.0,computers_accessories
bf3f9743aeca956fe97611364fec85d9,1.0,185.0,16.0,9.0,13.0,computers_accessories
163302a9e5ed53e2b3062577e254ce16,5.0,150.0,16.0,16.0,16.0,computers_accessories
5bd46344df36a730cedb3c85d2d1b573,2.0,600.0,20.0,6.0,18.0,computers_accessories
e15f2eb4bd9c94996e56cc76c1394361,1.0,750.0,36.0,11.0,20.0,computers_accessories
08a58dc963320d6073623382b9ceb920,5.0,400.0,17.0,7.0,13.0,computers_accessories
b688ed97b957462c2510812cbfe7e6d8,1.0,1350.0,30.0,16.0,20.0,computers_accessories
1b491493d9b95d9378103b4503948efe,1.0,700.0,18.0,9.0,16.0,computers_accessories
602b1febe645768713bc50f7ba7a3697,1.0,150.0,16.0,5.0,14.0,computers_accessories
3dfde6238edcdef675421817783b14da,1.0,700.0,30.0,15.0,15.0,computers_accessories
07821918ef487fd64eb20b3c8aeb897f,1.0,267.0,16.0,16.0,16.0,computers_accessories
fffdb2d0ec8d6a61f0a0a0db3f25b441,5.0,150.0,16.0,4.0,13.0,computers_accessories
5f622da714951c5ae86acf68c0a03d30,6.0,150.0,18.0,16.0,13.0,computers_accessories
946b65d028c40dd63ca9d45fa3e4b65e,2.0,3695.0,41.0,27.0,33.0,computers_accessories
ea555c5a04b369a1505d5fca42617d7e,1.0,150.0,16.0,3.0,13.0,computers_accessories
62193e3c21994f1b746c4bd4f0c2e287,1.0,400.0,18.0,9.0,16.0,computers_accessories
8a87e6509bce452609f32af429250f6c,3.0,400.0,20.0,30.0,20.0,computers_accessories
389c2351d11b4f543c93ceb7e966315d,1.0,850.0,16.0,11.0,37.0,computers_accessories
e245d0b2b8c02f14e840abef856cc149,4.0,525.0,19.0,10.0,17.0,computers_accessories
ed52d46b8e1ed9b1051575c9ed262092,2.0,150.0,16.0,3.0,13.0,computers_accessories
65d1e9d7432a5bdb5456b22f91747ab3,3.0,200.0,30.0,8.0,11.0,computers_accessories
7cabdd3cd47d37e33d2c6eabff08c1a6,2.0,150.0,39.0,2.0,30.0,computers_accessories
65618ab7607d1878a338904c41cff515,1.0,617.0,34.0,15.0,15.0,computers_accessories
3a65f793b3e854ca1f31c6d7c636f117,8.0,900.0,20.0,15.0,20.0,computers_accessories
115e606ac8059e4cfa1c6c3310fb365c,4.0,285.0,17.0,10.0,13.0,computers_accessories
20cfa43a881c16cdedaaab83e139d302,3.0,247.0,29.0,7.0,21.0,computers_accessories
780d24bfcf24b143f013354507158385,2.0,600.0,20.0,10.0,11.0,computers_accessories
e573d90224029758a6430e5c3e9beeb2,2.0,703.0,31.0,19.0,14.0,computers_accessories
1fa52682d6938b129312ef4cffac1711,1.0,550.0,34.0,14.0,14.0,computers_accessories
f7684280fac20a1c9cb683d7ea7d9514,4.0,1725.0,29.0,31.0,16.0,computers_accessories
f2d3be8d725ab19aae58ceb837f57897,1.0,820.0,23.0,16.0,15.0,computers_accessories
60e77eeb5275ed33a04d1fd482feaac8,1.0,50.0,40.0,2.0,24.0,computers_accessories
29e9fe1d94a27d6f1ce03c157921964d,2.0,450.0,23.0,6.0,17.0,computers_accessories
39581a590c262629c9854596173834bd,4.0,200.0,16.0,2.0,11.0,computers_accessories
3516632e8f52b679ff83d1665ecc990e,1.0,167.0,16.0,12.0,13.0,computers_accessories
28a0aebd7bf7ec9b31443c4cfd3e0f0c,2.0,350.0,16.0,8.0,11.0,computers_accessories
a638c3e5a768a4bdec5ef22363011a49,1.0,217.0,16.0,16.0,11.0,computers_accessories
7e6850f360e60da72b7d3b1b37f42312,3.0,800.0,33.0,11.0,14.0,computers_accessories
20da3eeeb6af0e217f80b316439a94be,1.0,1300.0,16.0,16.0,40.0,computers_accessories
5a286d54a7400c4a0921c6e99300d684,2.0,85.0,15.0,10.0,15.0,computers_accessories
078a6c96f58d2261cc4241dc9907b143,3.0,533.0,25.0,3.0,12.0,computers_accessories
a8bac9bc4001039c362db47eee5aee9a,2.0,6250.0,15.0,15.0,20.0,computers_accessories
ade881d3a9e73b511c630460c74dd92f,2.0,200.0,39.0,2.0,30.0,computers_accessories
1c9a944d6bfe1ff027b2836e96277f2c,4.0,800.0,17.0,10.0,23.0,computers_accessories
e8b2fecb5049dcecf8c1ff4cfdb03c61,1.0,315.0,19.0,12.0,16.0,computers_accessories
5177d018e1fe8b629d1b7481638b1965,3.0,4663.0,32.0,17.0,12.0,computers_accessories
d5c6f370cae2b55a234255c110feb95b,1.0,775.0,30.0,13.0,15.0,computers_accessories
e935787651bc6a165a8bfbba20333630,1.0,280.0,17.0,15.0,16.0,computers_accessories
33c818b0b45badf24c437fdf7982f58c,1.0,278.0,16.0,9.0,11.0,computers_accessories
2a11460730aaa623c8897e343fe38cb3,3.0,675.0,20.0,20.0,20.0,computers_accessories
f59941a5cc5ec87593e49a0d49e788f2,1.0,100.0,16.0,8.0,11.0,computers_accessories
2e1963427978dab49b4bcb0a07b109cc,1.0,400.0,25.0,20.0,20.0,computers_accessories
27e83703cdd809616f51c1d456314ed7,1.0,800.0,34.0,12.0,16.0,computers_accessories
34beebdf2b189075548689f23441ad50,1.0,2717.0,26.0,18.0,17.0,computers_accessories
65a664671b56435d4b383cdb373f1b94,1.0,150.0,16.0,5.0,11.0,computers_accessories
64a52f25956dafbe36ae37ee5151334a,2.0,150.0,19.0,5.0,13.0,computers_accessories
5bc5205ae68bc0e9997e05fa59b06194,1.0,825.0,30.0,15.0,15.0,computers_accessories
639f8bcf72dc560a99bc690a73258235,1.0,100.0,16.0,8.0,11.0,computers_accessories
95ed6e881d471156e430b8546ea76ba5,1.0,240.0,20.0,16.0,15.0,computers_accessories
484619f908431240f47e8c9e96ca00d1,3.0,400.0,30.0,11.0,20.0,computers_accessories
6d6c510f2222e168bf3b6b67e24c9535,1.0,517.0,16.0,12.0,15.0,computers_accessories
555c681a23ca3d3adaaf1a74122b5bcf,1.0,5323.0,22.0,24.0,39.0,computers_accessories
ad673c1cd02b966e931f9db4fdc34791,3.0,350.0,22.0,11.0,17.0,computers_accessories
6d4c6c09abd1a1ca5f30f96341aa5555,7.0,200.0,18.0,16.0,13.0,computers_accessories
b7733895fca54f6ce4af8c29a3056680,2.0,50.0,16.0,8.0,11.0,computers_accessories
eda35b044961997f258dbd749bce05cf,2.0,1000.0,20.0,30.0,20.0,computers_accessories
ee75970e2871fe4204cf7bcdda61d08a,2.0,1400.0,22.0,9.0,16.0,computers_accessories
472e40d731e031417dbd21ef8bf03f8d,4.0,900.0,16.0,6.0,11.0,computers_accessories
0bfd2b8146cd034448f6e4c8ac8e47f0,1.0,1100.0,31.0,12.0,11.0,computers_accessories
1d52a166aed7c327a5040a26342198f1,1.0,120.0,31.0,10.0,15.0,computers_accessories
19b25267e01c8587981e55ec96673eba,1.0,350.0,20.0,20.0,20.0,computers_accessories
cbff74049dbad803004f05ba4197e540,4.0,175.0,16.0,2.0,11.0,computers_accessories
13f7fc9df5f3c16d2757b7421bc40ba7,1.0,840.0,25.0,18.0,17.0,computers_accessories
720ebc8cf4ff92f142d18b2cc3615ec3,1.0,125.0,20.0,14.0,15.0,computers_accessories
d4da317ad85015e956ee18ef11fc60f5,1.0,250.0,16.0,15.0,14.0,computers_accessories
f4a2e2f1cf569d9cee134511bdd0f969,1.0,350.0,16.0,8.0,11.0,computers_accessories
6c5b27706c0796f8eefd847f9bc02be3,1.0,800.0,30.0,16.0,16.0,computers_accessories
25a2985f8f3f93ddf1c1d26847658dad,1.0,300.0,16.0,10.0,11.0,computers_accessories
3683804ff8a49ef19b7d77189e9d1280,3.0,150.0,25.0,2.0,20.0,computers_accessories
ff285e6c96040323d3763dd184924018,3.0,150.0,16.0,8.0,11.0,computers_accessories
73a0e2fb5e04e869a6b73faa18e0fb46,2.0,200.0,19.0,5.0,13.0,computers_accessories
fd3ceef50842d4449ec638256dcf2147,1.0,3313.0,18.0,20.0,15.0,computers_accessories
5496efb86aea6e3862b6cb394dc020f8,1.0,800.0,30.0,16.0,16.0,computers_accessories
313d98472cf2ff8d80bcccbed7bed6b1,4.0,550.0,28.0,10.0,26.0,computers_accessories
dcea90efda71f06e7a5eafd530c7ff8c,1.0,600.0,36.0,9.0,13.0,computers_accessories
e7db73845e4033124467595ff6c0c237,3.0,425.0,17.0,23.0,12.0,computers_accessories
f179cb33bf416c1b0e9e7aa745d2f6fe,4.0,250.0,16.0,6.0,14.0,computers_accessories
e2b02dadb01104e3f9f588311b3f2612,1.0,188.0,16.0,16.0,12.0,computers_accessories
8084668e41771f2a83531876b0c35ebf,1.0,250.0,18.0,9.0,16.0,computers_accessories
949079dea28b42bc2a7f048e81fe33c9,4.0,750.0,25.0,11.0,15.0,computers_accessories
252dc7b8f5d41ea6efcab73213ea1417,1.0,193.0,16.0,16.0,13.0,computers_accessories
31d4faa6002674842cc39184d65374bd,3.0,600.0,35.0,5.0,15.0,computers_accessories
31c4cfda24c7c817aa9761fa55185dd2,1.0,433.0,21.0,15.0,11.0,computers_accessories
b16cbe318e5c99bf0c0ffde3a92a5ff2,1.0,233.0,15.0,11.0,14.0,computers_accessories
be0dbdc3d67d55727a65d4cd696ca73c,1.0,245.0,19.0,14.0,14.0,computers_accessories
c819922a96f5ae043d8f960f6635ba98,3.0,250.0,16.0,3.0,11.0,computers_accessories
a4b5771bb3bd270e2baacfc4430798cf,1.0,150.0,16.0,6.0,14.0,computers_accessories
bf1b2e528a5bb0bbc9c121afd9b9c7ee,1.0,100.0,16.0,8.0,12.0,computers_accessories
26c3ead5dff3d8e393e5331273f4e91a,1.0,88.0,16.0,16.0,12.0,computers_accessories
f0c30886d15edcfa2589922d944f4816,2.0,4300.0,18.0,15.0,25.0,computers_accessories
8f4325bbe83f7ee057479e45ba62a5a4,3.0,1500.0,30.0,12.0,14.0,computers_accessories
dbb67791e405873b259e4656bf971246,1.0,207.0,17.0,12.0,13.0,computers_accessories
63802c9aa03004b8c275b2a4630c0510,5.0,9300.0,105.0,12.0,55.0,computers_accessories
345ebf31824c3871cbb94c377190d6f9,2.0,140.0,16.0,13.0,12.0,computers_accessories
9ff6b4148d8ade1b7b0d281f9de4447e,4.0,450.0,25.0,10.0,15.0,computers_accessories
2fc1d23fa789d26055ab613cdb6173f3,3.0,450.0,20.0,5.0,12.0,computers_accessories
7b07e5afce1bb1e6fa3ffcdc718d7e69,2.0,175.0,17.0,9.0,15.0,computers_accessories
d56c9fe93d4e5fbdec5bb1ffff397fd7,1.0,400.0,20.0,25.0,25.0,computers_accessories
07313d7b1ca6dbf3885412a763b626c5,1.0,100.0,16.0,2.0,11.0,computers_accessories
41905505467674f4496fd2f6e9ebae6f,1.0,150.0,16.0,23.0,13.0,computers_accessories
17f40fbed6dd51e0cc87eefe3d88f644,4.0,1300.0,20.0,30.0,20.0,computers_accessories
a15bf6fcbc5578554a8d0da342a19175,1.0,2475.0,56.0,7.0,52.0,computers_accessories
920413d47417d9b3e04095f1704409fb,1.0,375.0,19.0,12.0,14.0,computers_accessories
41d7e4805e2a22cc8755e50fe37e5c6f,1.0,100.0,16.0,4.0,14.0,computers_accessories
66a053c867e1ba6297fda329e5a062c3,3.0,200.0,41.0,3.0,30.0,computers_accessories
fe59a1e006df3ac42bf0ceb876d70969,1.0,3407.0,28.0,22.0,23.0,computers_accessories
187408f6a6f2681f13fe6337c3c5d1ac,1.0,300.0,16.0,16.0,16.0,computers_accessories
e61f7a619c73b49eb629e2a3ab687a7a,1.0,5977.0,38.0,21.0,29.0,computers_accessories
27a8b41684f77dd86572fa185bc143ba,1.0,400.0,16.0,19.0,15.0,computers_accessories
2f3fb365f563d28cb30f34eea6f47e72,1.0,200.0,18.0,9.0,16.0,computers_accessories
9d838a7fbaba7fca5f1fad259984063a,1.0,117.0,16.0,16.0,11.0,computers_accessories
13cf6ebf8152ba2ef2a1ee491f7346c1,3.0,994.0,25.0,18.0,25.0,computers_accessories
a62ff4d8c01bf520bd8ed7637dbb2042,1.0,700.0,35.0,20.0,20.0,computers_accessories
472e6464088101bf2ec351d222c415ab,1.0,350.0,20.0,15.0,20.0,computers_accessories
e280caebcad1b90e624d461e53c2e800,1.0,400.0,30.0,6.0,20.0,computers_accessories
5fd9aed6ebc6311283c04f5b234f5ce4,4.0,225.0,18.0,18.0,11.0,computers_accessories
ebb4f25d7c40bb0db47874a03edca0a6,3.0,1500.0,25.0,15.0,25.0,computers_accessories
7053ea870121d9f77c255101139dd0e9,1.0,2000.0,25.0,15.0,15.0,computers_accessories
b58353f3c743b266e48dabef728bc0d0,5.0,400.0,30.0,16.0,16.0,computers_accessories
6aeed4d936d742aa5bd53a63b821a0bf,1.0,100.0,16.0,16.0,11.0,computers_accessories
72d68b642dd7c1a360b571d247989e25,4.0,525.0,19.0,11.0,20.0,computers_accessories
927b37c91523c5d12a6082746feadd09,1.0,798.0,25.0,13.0,23.0,computers_accessories
8c81af91a9b96d073ccaf0d3402ec5b2,2.0,400.0,17.0,7.0,15.0,computers_accessories
6dec7460535602c112ecd2f96cf2d617,1.0,850.0,16.0,11.0,37.0,computers_accessories
2373f6870eb01db83a3609a731580320,1.0,300.0,16.0,10.0,12.0,computers_accessories
990ddab43ee46a1a76436796f92470d4,1.0,573.0,35.0,13.0,11.0,computers_accessories
86bddf117876feb2e7ab68191c9b8bb1,3.0,50.0,42.0,9.0,25.0,computers_accessories
ba5242745293e2e3d5669f14a9ed0c5c,1.0,850.0,23.0,12.0,12.0,computers_accessories
f405ca375ecf0c43fd547ed766df66cc,1.0,813.0,33.0,15.0,14.0,computers_accessories
d443be168a577afdf50d59932d3b78c7,1.0,1025.0,30.0,15.0,15.0,computers_accessories
cf3c40851efb1d10b475156c902b4765,1.0,350.0,50.0,5.0,20.0,computers_accessories
3c12235c1a1e288265d89f6ab0ac50cf,1.0,3975.0,29.0,17.0,17.0,computers_accessories
5ee52854d55c499ec82dc779c98fa02c,1.0,200.0,18.0,9.0,16.0,computers_accessories
d9339c5714743c460a9470730f79f6c5,1.0,100.0,16.0,2.0,11.0,computers_accessories
3b93324e4ce1bdd6526e4331f9c7120a,3.0,300.0,20.0,15.0,20.0,computers_accessories
20b4a894367b7b66ea1c5ae7efb5a7eb,3.0,200.0,16.0,4.0,13.0,computers_accessories
faf5197fc8d54df7b3db90fa48ee193c,1.0,200.0,18.0,9.0,16.0,computers_accessories
e53e557d5a159f5aa2c5e995dfdf244b,1.0,180.0,17.0,10.0,13.0,computers_accessories
f54815785eb4b1d0fb3f5e81080694ff,3.0,850.0,45.0,10.0,20.0,computers_accessories
7bd36ed8202ac87cd47e1f0128f137a3,2.0,100.0,16.0,8.0,11.0,computers_accessories
99f5b2240b82bf9387e5cf2fc0335b08,1.0,160.0,19.0,11.0,14.0,computers_accessories
86c4aeb3bb5d3751df3d014a0db86641,1.0,150.0,17.0,8.0,12.0,computers_accessories
4f47791b7d4e127b53fdfceea592e926,2.0,6100.0,50.0,25.0,40.0,computers_accessories
fe2eb4afacc06314372f75be9c2859ff,2.0,150.0,20.0,4.0,18.0,computers_accessories
87ea2f45559e10519513a20b24147316,5.0,100.0,17.0,9.0,14.0,computers_accessories
79f0638714bca6309431b53ecfdb4b54,1.0,12700.0,50.0,39.0,40.0,computers_accessories
20e7fcf887b571d712eec11b3f74fe4c,3.0,425.0,18.0,10.0,18.0,computers_accessories
08857690e7a14a21b4441f8ee2bcaa14,4.0,150.0,16.0,16.0,16.0,computers_accessories
ae5cad88462eb7b7b61401e31c45618e,2.0,250.0,30.0,20.0,32.0,computers_accessories
8d4ad4de724b1ef73a5678900ac69644,4.0,459.0,26.0,18.0,16.0,computers_accessories
80df62ce491a20d390c9f69402310f0a,1.0,300.0,42.0,2.0,30.0,computers_accessories
309c6b0e5d66f306383872c0d95ed6bf,1.0,233.0,21.0,16.0,16.0,computers_accessories
58552a4659d05eebb73c2b214f14d2a4,1.0,300.0,60.0,11.0,20.0,computers_accessories
97db532f755c1c66eab401e27f687295,1.0,633.0,26.0,14.0,14.0,computers_accessories
cc3c077967623f4d66b88f3388a206cb,1.0,900.0,16.0,16.0,11.0,computers_accessories
9b75f322a00c894b1c6eb124251bd2c8,1.0,825.0,30.0,14.0,13.0,computers_accessories
05542c6ab7bce0a01a5f7210380e72b3,3.0,850.0,32.0,10.0,16.0,computers_accessories
e5188da1834c44869e7f0b1b2c0b4c14,1.0,3100.0,43.0,35.0,35.0,computers_accessories
0c6b9534cc890c423ef8c3dc34517df5,6.0,50.0,42.0,9.0,25.0,computers_accessories
f9812ff329fb8141750f67a3e6551907,2.0,300.0,36.0,5.0,15.0,computers_accessories
1c9e034fdb330509dbe0f09e6a42f157,1.0,100.0,16.0,5.0,14.0,computers_accessories
9c569d07db7673210c0f0ceec6797654,1.0,783.0,27.0,19.0,28.0,computers_accessories
2446edad7ab4cfedebb8728497ac4575,3.0,500.0,40.0,18.0,30.0,computers_accessories
c93d01a34b201dc652c593bfd38b602d,6.0,1400.0,65.0,11.0,11.0,computers_accessories
d267d19dabd3e26083fc8529fdc35ea3,3.0,400.0,16.0,2.0,11.0,computers_accessories
05c2523e08c5262f1ee172b332c3ea44,2.0,100.0,16.0,2.0,11.0,computers_accessories
5cde85235c4ae7747e9b48de95178a14,2.0,383.0,19.0,20.0,17.0,computers_accessories
b206760d97dbc76527bb07029a6179cb,2.0,300.0,42.0,2.0,30.0,computers_accessories
050245daefa14dcfc8048e9c6a586d2c,1.0,1623.0,32.0,15.0,39.0,computers_accessories
e3323b0d3f79bdf85b58561d2218bc12,1.0,167.0,21.0,10.0,12.0,computers_accessories
ba78f8e12cdd3d472e548247e0e68a72,1.0,2000.0,26.0,28.0,25.0,computers_accessories
f5e585e188891ed071253bacfad60820,1.0,100.0,16.0,8.0,12.0,computers_accessories
787a4f84b1a006dcf7b568487c8589b8,2.0,315.0,17.0,9.0,17.0,computers_accessories
6d1d59f6e7b7de39bfa34f32d9ba8cf5,2.0,150.0,39.0,2.0,30.0,computers_accessories
1d9263e74c3e8e57d3a7bd505b7b871e,1.0,200.0,28.0,2.0,40.0,computers_accessories
2aaaa41fb5edc85f4814c73106f27d64,1.0,1175.0,35.0,21.0,16.0,computers_accessories
c2e158a66da842665f27c88015a7dbd8,4.0,850.0,17.0,12.0,12.0,computers_accessories
0cbd1fb25fc901e985012fbc87488a92,1.0,900.0,37.0,15.0,17.0,computers_accessories
646c629c40a590e38c21f33ef1aca36f,1.0,100.0,40.0,2.0,24.0,computers_accessories
d5c736f83bf7da26b977c092c8e26946,2.0,300.0,41.0,2.0,29.0,computers_accessories
9c422a519119dcad7575db5af1ba540e,1.0,100.0,20.0,20.0,20.0,computers_accessories
b12b0d3152f2b6de0f82723bd656c00a,5.0,775.0,16.0,15.0,15.0,computers_accessories
940bcece77e20a1f6a21c1b7d4be75c6,1.0,400.0,20.0,15.0,15.0,computers_accessories
fdd7bd74464daed1af6c0b21d9c654d4,1.0,1800.0,30.0,10.0,21.0,computers_accessories
381c84a4eb64a931d793f69112d5a34c,4.0,2050.0,20.0,10.0,20.0,computers_accessories
cf2e64deaefaf68804258d3deef54639,1.0,575.0,25.0,25.0,25.0,computers_accessories
47e544d0f04b42e19c0489b61fc6fa71,2.0,400.0,35.0,8.0,20.0,computers_accessories
68e1b58c49059e266502773ceb45c249,1.0,1100.0,32.0,16.0,16.0,computers_accessories
37687af102d29a6259f660049b66872b,4.0,250.0,16.0,23.0,19.0,computers_accessories
2770305847be150f16eb0b25fa7c171b,6.0,150.0,16.0,3.0,13.0,computers_accessories
dd9b786cc81af951a986f65602344848,2.0,450.0,22.0,11.0,19.0,computers_accessories
0ac2a75d9c1e9688df3a7730a4ffad14,2.0,300.0,50.0,4.0,40.0,computers_accessories
d712f3d74faee06c405c93b0b64b8778,2.0,100.0,16.0,16.0,11.0,computers_accessories
5fc3e6a4b52b0c414458104ed4037f1c,1.0,200.0,16.0,5.0,11.0,computers_accessories
0dcf825106493a9e9edd115860e709c1,1.0,200.0,22.0,22.0,16.0,computers_accessories
130482add9fd75ccb6c57ba007694a2d,1.0,2800.0,40.0,15.0,40.0,computers_accessories
413226ab18680c5c2e79a753f2fccd24,8.0,8900.0,105.0,12.0,52.0,computers_accessories
2b77f7be775706a00e4dc6e720c874a8,1.0,200.0,16.0,9.0,12.0,computers_accessories
774bf54401ea79ee6962d25b605716dc,6.0,350.0,16.0,16.0,16.0,computers_accessories
b573e2860f2732edf610345956e81bb9,1.0,850.0,38.0,11.0,13.0,computers_accessories
ced8603db04f6be58509e9019dee29fd,2.0,900.0,38.0,24.0,14.0,computers_accessories
86abf4f5e857dc1175d06e7373b59be1,1.0,350.0,16.0,2.0,11.0,computers_accessories
9356e329596e5fc475c12883ff743f0b,3.0,13900.0,45.0,15.0,24.0,computers_accessories
ceb508df59a2a7fd3bb60e34fba484a0,1.0,3188.0,35.0,22.0,32.0,computers_accessories
e35be783353a30d36b6facc6524b5f64,1.0,100.0,16.0,8.0,11.0,computers_accessories
b7e524f8ef0d4d4fe3a7a57fcc5c9073,1.0,1000.0,18.0,9.0,16.0,computers_accessories
4464ecc5c8cd38eff5beae1484f80166,1.0,917.0,21.0,15.0,11.0,computers_accessories
b23a6d2e943df2a8248577f6523580ce,2.0,350.0,35.0,35.0,25.0,computers_accessories
163da86e86f0089de089399c28c3fcbb,3.0,400.0,16.0,3.0,21.0,computers_accessories
3006b8f5b476750a03137c1b2755cea1,5.0,100.0,16.0,16.0,16.0,computers_accessories
696c39c44288187022347dcb177ac304,5.0,950.0,35.0,11.0,11.0,computers_accessories
957857fc71c15ad33dd32bb2c23985aa,2.0,250.0,31.0,9.0,11.0,computers_accessories
b0fd7a18daa40299b5393b4280b55dad,2.0,415.0,29.0,18.0,22.0,computers_accessories
6c56299e19ae706d1907a4b19162435e,2.0,200.0,36.0,2.0,28.0,computers_accessories
8e4fb0a9a54c90bd6fcfde5e8df6a00c,4.0,217.0,17.0,5.0,11.0,computers_accessories
587d1beacdb18e5c1f36147edcec3053,6.0,200.0,16.0,5.0,12.0,computers_accessories
ca94d73e8f12ba9a6393af8224536f90,1.0,885.0,20.0,12.0,12.0,computers_accessories
59bad18214d8473f32faead52fe7fd4b,1.0,200.0,27.0,5.0,20.0,computers_accessories
ca5f4739dfdcd4d73b210a344b426076,2.0,3200.0,44.0,15.0,30.0,computers_accessories
7605fbdad270936646b0ce6c3427b295,1.0,950.0,25.0,14.0,23.0,computers_accessories
84ecc25f4c77dacc5c0ceb89e09492e9,1.0,5350.0,21.0,18.0,18.0,computers_accessories
d686a8270836e457c1234578c0c7237b,1.0,150.0,16.0,4.0,13.0,computers_accessories
4e41b17f39aabdb1eca7b0af6722ba62,3.0,760.0,44.0,8.0,15.0,computers_accessories
d4d1de9db08cae166ea1a506ea87769b,1.0,200.0,22.0,22.0,16.0,computers_accessories
9a3ca83ba9d170d692b42098fff5b7ae,5.0,6700.0,50.0,50.0,30.0,computers_accessories
4153a770f99ff52971af9c1d6beb422e,1.0,1250.0,40.0,12.0,22.0,computers_accessories
be15b247cf0071eb495d6aa6d35e6e22,1.0,250.0,50.0,5.0,50.0,computers_accessories
af751fe756699bddfce4fdd67242fc2a,6.0,9650.0,34.0,34.0,50.0,computers_accessories
a519fcd83cf2f853fda460d5b594c654,2.0,200.0,30.0,4.0,15.0,computers_accessories
64a8306c4d2a3c8ae7290168c0424243,1.0,200.0,16.0,8.0,18.0,computers_accessories
411fad26ce07a5a611883f05fb5798cd,1.0,800.0,26.0,11.0,24.0,computers_accessories
d7b6379f142a6f28f8fc5af7b33d4b70,1.0,850.0,33.0,15.0,15.0,computers_accessories
42697582a754e573f9e3e9e78752252c,1.0,1644.0,16.0,19.0,16.0,computers_accessories
fcf50ee5ad1f1a48671052487d2b0bff,3.0,250.0,16.0,15.0,15.0,computers_accessories
8c70c4455a59267e8e2ddf800792d77b,1.0,850.0,34.0,15.0,15.0,computers_accessories
54d7ad85b648d3cb2b7069ed446d7f35,1.0,1067.0,32.0,13.0,22.0,computers_accessories
54c31c4585d30843421c7ea07d80f84e,1.0,200.0,36.0,9.0,20.0,computers_accessories
d76c049f36a5b4975aa3cf095a6fa499,1.0,194.0,21.0,15.0,15.0,computers_accessories
f75b94ae22e65bec6b67d9652ef8387c,1.0,650.0,16.0,29.0,22.0,computers_accessories
52d9fae94c2e139cde2318ee1e3a9d1f,1.0,200.0,19.0,5.0,13.0,computers_accessories
c60dc9f21061b67be33f84697de91738,1.0,200.0,18.0,9.0,16.0,computers_accessories
75936c7c56bb713ac42fd32183535958,3.0,756.0,34.0,17.0,18.0,computers_accessories
247fa5b4e2f524a22b21ef256ffc23e4,3.0,950.0,31.0,4.0,23.0,computers_accessories
6276a9c20b9182d92ffebdb0927c2653,4.0,300.0,37.0,2.0,28.0,computers_accessories
56c7e8adc8769d3dbc4dd74145c0e83c,2.0,200.0,39.0,2.0,30.0,computers_accessories
49f1b23ff841a350354b2f1dee13d6f4,3.0,250.0,19.0,3.0,14.0,computers_accessories
d359ac1975cd09111b28c63352a88e18,1.0,1500.0,28.0,13.0,14.0,computers_accessories
f547017386361b9e31600b92246e817e,3.0,200.0,16.0,10.0,15.0,computers_accessories
737a9833b197ee08e16dd5cfd02851ba,1.0,1975.0,29.0,23.0,23.0,computers_accessories
b98d41e46b20c7a6f0e509d1c76d8823,6.0,300.0,16.0,16.0,16.0,computers_accessories
c519f4684e315ead8f279de375f4aa61,2.0,300.0,24.0,9.0,17.0,computers_accessories
95b9a78b41f69ad6c3b8e21374700696,1.0,250.0,16.0,5.0,11.0,computers_accessories
fe92a2b984222723a72b0a3790742623,1.0,200.0,16.0,16.0,16.0,computers_accessories
5059d375bec8f42bb1638f120d5a1e55,3.0,500.0,40.0,11.0,30.0,computers_accessories
5a4f16bfafb54a744311f01c11c05737,5.0,3462.0,23.0,20.0,25.0,computers_accessories
ea3681fd0335adf45b71f1145ac562c7,3.0,1000.0,25.0,20.0,20.0,computers_accessories
2ced45a3059cbb128a8b8b6508809746,2.0,350.0,18.0,9.0,14.0,computers_accessories
49e20457404f1167ad0f5d70c1e40b7e,1.0,150.0,39.0,9.0,11.0,computers_accessories
b7c26f18ec50a3fbdb10c7189b8f459d,6.0,100.0,16.0,3.0,11.0,computers_accessories
955129b53464486f9f93074c64b2bd88,3.0,150.0,16.0,4.0,12.0,computers_accessories
470433f95ba906e17efac3fce39e9ffd,4.0,4000.0,34.0,14.0,30.0,computers_accessories
2713c4903e61c6917363eb4a8533c16a,2.0,1275.0,22.0,14.0,14.0,computers_accessories
db886bd83f6a076a2caeb7fd02722c35,1.0,710.0,33.0,14.0,15.0,computers_accessories
caca7a42829960b94895b50412925a0b,1.0,200.0,16.0,8.0,12.0,computers_accessories
54dc796ba7aa0086b6404d1207e627e0,3.0,833.0,29.0,15.0,18.0,computers_accessories
7f5e70ec16684ce95216327ff5f8dae8,1.0,125.0,18.0,12.0,12.0,computers_accessories
d33a74e1b6cfc152b6b3f43324d54987,1.0,350.0,27.0,4.0,34.0,computers_accessories
a2df39260fbfda368c11ffcb4f66395b,1.0,200.0,16.0,5.0,11.0,computers_accessories
f4851ffef385d506603396041da7c1d3,5.0,650.0,25.0,11.0,15.0,computers_accessories
041644fcb6426ab2a7c992fac010771a,4.0,300.0,35.0,5.0,25.0,computers_accessories
f6bc1e20283d027458321d15778ba8cd,4.0,1170.0,47.0,12.0,35.0,computers_accessories
6f58431a7150fa91bac9f28f5454a8e8,2.0,125.0,16.0,18.0,16.0,computers_accessories
ec360a89366f33dc9b8de9fcf67a57d9,2.0,125.0,16.0,16.0,16.0,computers_accessories
82a7d2cffec89b8b5d9b11763055b2b7,1.0,1080.0,16.0,20.0,36.0,computers_accessories
37537165733f365867e2f4aad71aef6a,3.0,336.0,21.0,12.0,15.0,computers_accessories
cfd3b999e0568ab91182515030ac06ea,3.0,340.0,17.0,9.0,13.0,computers_accessories
6642e66f26b6e23817ada36eeae229bc,1.0,160.0,17.0,12.0,15.0,computers_accessories
0ea678faa34b54418a17e76511472882,5.0,4500.0,19.0,23.0,19.0,computers_accessories
9c48f48fd32ee1915d62d3670e2d1ba9,2.0,400.0,20.0,30.0,20.0,computers_accessories
7a63b90eac4831fa1eed304ebb910716,1.0,200.0,16.0,5.0,11.0,computers_accessories
3fd7d0f2982b55833968b7fed99582fe,2.0,250.0,20.0,5.0,30.0,computers_accessories
8abbebcdff5d78ce6bcafa077e5347ed,1.0,13400.0,33.0,51.0,50.0,computers_accessories
6fe0dd040139d694869acedf3d074a08,3.0,100.0,18.0,8.0,14.0,computers_accessories
b92421ea3b457d6bb68c49f39d4e97a8,2.0,200.0,16.0,12.0,20.0,computers_accessories
50e8af969273d032e41047db40ed9be2,1.0,650.0,16.0,29.0,22.0,computers_accessories
933c087730a6c93d94f4faa02ac3e37c,1.0,350.0,18.0,9.0,16.0,computers_accessories
edfad7f99606f1d6beb6de0cf0ce60fa,1.0,250.0,42.0,2.0,30.0,computers_accessories
060ed45e8d50384910a47c9224931f56,1.0,683.0,24.0,16.0,24.0,computers_accessories
8d807314723c710366fedb04a2b24508,3.0,1400.0,16.0,23.0,25.0,computers_accessories
0a197d1436ea67717ce68ebe184b5832,2.0,258.0,18.0,13.0,13.0,computers_accessories
305edcc7b46afd87ca6979ed0409fb09,1.0,890.0,32.0,15.0,20.0,computers_accessories
bef82b9c3489736794c29f6d4a686ca6,2.0,300.0,18.0,12.0,14.0,computers_accessories
30cd699c7958f8352c9f479572eb66ad,1.0,100.0,16.0,16.0,11.0,computers_accessories
616916cbe0a6e8a16fdacd908f05d030,4.0,200.0,30.0,12.0,20.0,computers_accessories
93614abf6fa6bb034785855817fb6796,2.0,350.0,16.0,10.0,30.0,computers_accessories
8fe68d662b3eb9b22b8c6e1a3ef846ad,2.0,100.0,16.0,6.0,14.0,computers_accessories
f899d20577ed792aecb4c71a18cdef50,1.0,900.0,31.0,16.0,16.0,computers_accessories
8e3eb37785e42b6b3721e459f1bfaaef,1.0,900.0,30.0,16.0,16.0,computers_accessories
ef38b8a82331e59ba97285e7f531f641,5.0,4450.0,19.0,23.0,19.0,computers_accessories
c40719220792e9a4b4bdfeebb4f350d1,1.0,600.0,16.0,15.0,15.0,computers_accessories
80e8fdeeef442f075fbc30aea71f0d3f,1.0,650.0,16.0,25.0,16.0,computers_accessories
aecdd1c18af2379312e946f33280fe25,1.0,100.0,16.0,8.0,12.0,computers_accessories
97373049bc86f3b3245c07a56795b2d7,3.0,183.0,20.0,15.0,17.0,computers_accessories
df2d06c915846282d43217da4911c122,3.0,250.0,19.0,3.0,14.0,computers_accessories
4310db2c2f39a8a5fe403463e39ca5da,2.0,18100.0,45.0,65.0,40.0,computers_accessories
9a6283d6f1e4fb8602400d89cd25dafd,2.0,300.0,19.0,5.0,13.0,computers_accessories
2bf72be295c67ec55ed408f9d0c582b4,4.0,500.0,16.0,8.0,20.0,computers_accessories
0021a87d4997a48b6cef1665602be0f5,6.0,650.0,25.0,10.0,15.0,computers_accessories
fd16d6944e49931ace2c99037c4d8868,2.0,750.0,50.0,6.0,28.0,computers_accessories
c67a6a85a57f4d216bdb8dbe8724c3ae,2.0,200.0,16.0,7.0,23.0,computers_accessories
5c535d2479b9759c3bc8d6ac57085cf0,3.0,1300.0,16.0,16.0,16.0,computers_accessories
85095e161b46d68305c1293b02c27d23,4.0,217.0,19.0,4.0,15.0,computers_accessories
1f7aa19e7161eef1ffff0599cebcbdb7,1.0,400.0,30.0,15.0,15.0,computers_accessories
1377fd796465e86c4306ad7afc6a6dfe,1.0,300.0,18.0,9.0,16.0,computers_accessories
c20489c9e2a067f1bd6e941b6dcbe771,3.0,1450.0,30.0,23.0,20.0,computers_accessories
662276c22ed1b925786d19da6677e19d,3.0,450.0,27.0,9.0,18.0,computers_accessories
6d2fde7d12bb6ff367dbda120ba8828e,1.0,200.0,39.0,9.0,11.0,computers_accessories
59542ce967e2cbc86b0cfd48baf77d96,3.0,300.0,20.0,20.0,20.0,computers_accessories
7bb567b3d3e446fd872e217d27d8682d,1.0,500.0,20.0,20.0,20.0,computers_accessories
d480c8ac2b14450ec3429f878a525143,1.0,200.0,18.0,9.0,16.0,computers_accessories
0617fc134ca8e00687023ad84d2358cc,6.0,200.0,16.0,16.0,16.0,computers_accessories
2e0ce433616916840a405d0853407af8,1.0,100.0,24.0,14.0,11.0,computers_accessories
2b0233a7e7ded4751e8e3812f9a4553e,1.0,1925.0,37.0,11.0,27.0,computers_accessories
339dea747edd309d3de1cc833cd28137,1.0,1000.0,16.0,16.0,16.0,computers_accessories
8ce6b041b5fa5dfaa937f53e145ce299,3.0,425.0,21.0,4.0,16.0,computers_accessories
c4fc41aafff1435a44e93e06adc74bbf,2.0,100.0,16.0,8.0,11.0,computers_accessories
b0c8da302d49498d2ce6be8c631e4e20,1.0,213.0,18.0,12.0,13.0,computers_accessories
7ace8e994998f636a12d3cdc71c6b942,1.0,117.0,23.0,14.0,14.0,computers_accessories
01cda14e6051f3dcf61bb80abf210b79,1.0,150.0,17.0,9.0,12.0,computers_accessories
e3144d54af34133a585de8b475dfc57b,1.0,325.0,46.0,8.0,20.0,computers_accessories
b192be433004cc1f10b467c0e9ea309b,1.0,725.0,25.0,8.0,24.0,computers_accessories
8df319d9f48776cb857c83625848367e,4.0,300.0,17.0,17.0,17.0,computers_accessories
62f423e57a8c157d3877ee5867d7db88,1.0,50.0,30.0,30.0,25.0,computers_accessories
6a8745913f4b7d91d9c9bffc4e592025,3.0,450.0,19.0,24.0,19.0,computers_accessories
dc2410804cf782c5d87dbcd201b74e9b,1.0,1000.0,36.0,9.0,20.0,computers_accessories
fcf39794919367e915d2656291f99564,1.0,100.0,40.0,2.0,24.0,computers_accessories
2484041040e0c40b2a21ba32219d5537,2.0,500.0,37.0,6.0,12.0,computers_accessories
09481a6dfe9eb590dc8b265b54dc4c97,1.0,2533.0,33.0,30.0,23.0,computers_accessories
e6c281e2c53db0da44ecb84c5451d25e,5.0,175.0,17.0,8.0,13.0,computers_accessories
2caf3d5ea53377d4de079fdaf4ef13e7,2.0,600.0,32.0,12.0,12.0,computers_accessories
47df1cc931d0e258285911e6be6d894c,4.0,6250.0,30.0,30.0,20.0,computers_accessories
e1a698b55be47318e6d178c57bf5370f,1.0,350.0,42.0,2.0,30.0,computers_accessories
cc3f2c3c98c34475aac4da902b2f7eee,1.0,100.0,40.0,2.0,24.0,computers_accessories
b99e384e6e039ba6d828b4b0389ce91b,1.0,1300.0,18.0,9.0,16.0,computers_accessories
f96dd9e258daf5610e93eb2034b5102a,1.0,300.0,30.0,8.0,16.0,computers_accessories
2c6bcc88c0f2f55d3c085cb9fa67b4cf,1.0,615.0,19.0,10.0,17.0,computers_accessories
d34347977e0997e8f5635d50e60b3c20,3.0,167.0,16.0,4.0,11.0,computers_accessories
d872166419d58e965080a873198b6853,4.0,200.0,16.0,7.0,11.0,computers_accessories
378f22f6d7e100cb914fdb9a535c284c,1.0,250.0,16.0,3.0,11.0,computers_accessories
798edd0e46657089dcdd3ae893a5b015,4.0,1350.0,22.0,10.0,23.0,computers_accessories
74308f15a8dd46e8e66e8801b76625b0,1.0,200.0,18.0,9.0,16.0,computers_accessories
c6745a1ce132f8dc5f38829c6fb67eba,1.0,150.0,17.0,11.0,14.0,computers_accessories
8c4851c8c9bb79e51a0f3c16cb499cd7,1.0,225.0,16.0,6.0,11.0,computers_accessories
3329c7aae267c404ab16dde58f37213b,5.0,600.0,19.0,15.0,11.0,computers_accessories
d7c0092b092958a42314392abfff9d76,2.0,300.0,41.0,2.0,29.0,computers_accessories
b27653c33039497c46ceba21db46a43c,3.0,50.0,16.0,5.0,11.0,computers_accessories
39a0257f2ddaad536f01a4d2cacf7392,1.0,300.0,22.0,9.0,22.0,computers_accessories
a082b482fc9b16657b1702f1b4e8415c,1.0,150.0,18.0,9.0,16.0,computers_accessories
c19d5ba108c34b8255cf9a524da92bc4,5.0,150.0,16.0,16.0,20.0,computers_accessories
716fce31a0173fb20b8b729d68f1446a,1.0,600.0,32.0,14.0,12.0,computers_accessories
b046edc1f57292dfae7c3fa60d30ccc1,1.0,250.0,18.0,9.0,16.0,computers_accessories
17955d2806f5d00146744b206f2dee1a,1.0,567.0,27.0,14.0,12.0,computers_accessories
972f43585f3080ef953aed0609cb416c,2.0,817.0,16.0,10.0,15.0,computers_accessories
1179867d805886591809f49767db9ecd,1.0,1350.0,23.0,9.0,23.0,computers_accessories
0cd9f302c8a5b076ffa5c3567c6705fd,2.0,200.0,36.0,2.0,28.0,computers_accessories
89b121bee266dcd25688a1ba72eefb61,1.0,150.0,16.0,16.0,16.0,computers_accessories
7638edba4cfcace983ea5ebf8f9a8244,1.0,393.0,28.0,13.0,23.0,computers_accessories
5b8a5a9417210b1b84b67b9a7aefb935,1.0,117.0,21.0,12.0,13.0,computers_accessories
63c6e184ddfd2f0879921b9455b21067,1.0,400.0,16.0,5.0,11.0,computers_accessories
2f975d4e853248693e67f83c62669a6b,1.0,76.0,16.0,6.0,11.0,computers_accessories
2edda1e590d6c19e5da8e72acfd2a492,1.0,100.0,20.0,15.0,15.0,computers_accessories
4f549dfd88d59f83aa8f32959b50230f,2.0,600.0,32.0,16.0,24.0,computers_accessories
a5a96bde429831b98e34353c0645a103,4.0,3950.0,20.0,12.0,20.0,computers_accessories
5a4c377d6a26070bde893505958a54d8,1.0,200.0,16.0,8.0,11.0,computers_accessories
d1a7965ac8d6ae62c9c1984434227cb6,2.0,1100.0,30.0,30.0,20.0,computers_accessories
a39d32adaf8a947212a35a42597b958e,1.0,300.0,16.0,16.0,16.0,computers_accessories
00dc8a1b2de45a7fca5921544e5f351d,6.0,1550.0,42.0,17.0,17.0,computers_accessories
4e53a453045707bbc5febcf5f32097ac,2.0,250.0,17.0,35.0,32.0,computers_accessories
79be3804af052f5d6a473dfdeaa38f06,2.0,50.0,13.0,9.0,11.0,computers_accessories
3f14d740544f37ece8a9e7bc8349797e,1.0,321.0,19.0,14.0,13.0,computers_accessories
c4e5ffa25998bab21ddca0d28448435f,1.0,1075.0,25.0,10.0,25.0,computers_accessories
afe60f026d04f54945ecf4c085eff7f5,1.0,633.0,26.0,13.0,12.0,computers_accessories
8b6ede776c9602a1db79d27547ff8253,2.0,400.0,16.0,2.0,20.0,computers_accessories
10aa0f6833300990dff6f6763cc7ff8a,1.0,899.0,20.0,16.0,15.0,computers_accessories
6bb8a2ca133656eeb56c714b61e744f0,3.0,200.0,16.0,2.0,13.0,computers_accessories
8db26005b17d1f7e2e8b3ab829051790,1.0,138.0,16.0,13.0,14.0,computers_accessories
7bf115809ab249f1bf0fa92d72e0baf8,2.0,100.0,36.0,9.0,11.0,computers_accessories
ad4b5def91ac7c575dbdf65b5be311f4,1.0,250.0,39.0,9.0,11.0,computers_accessories
a0adc3041e9917104f3fea4ba995adcb,3.0,5825.0,48.0,37.0,25.0,computers_accessories
530a9cb93b8b670336305e39f24a68d2,2.0,225.0,23.0,8.0,13.0,computers_accessories
d14fc36666bc80405693671778350124,1.0,163.0,17.0,13.0,12.0,computers_accessories
4606f0b0bceceb75e7a887e6b57cae3e,1.0,814.0,32.0,16.0,15.0,computers_accessories
1561c00eeaa35a78b884771143c513f5,2.0,250.0,16.0,3.0,16.0,computers_accessories
63a8fa4ae2d10ffc0daa5db78ad4ea4f,1.0,850.0,34.0,14.0,15.0,computers_accessories
1177a4988372a9eef0836c4c875cc816,2.0,50.0,16.0,8.0,11.0,computers_accessories
6ec18f98bd4eb7efc0989af1505a3f86,1.0,525.0,18.0,15.0,17.0,computers_accessories
77a76108c16a41f20a2da26c6afdfd4e,4.0,600.0,41.0,6.0,21.0,computers_accessories
9933cfae62cc657f0eab6238a56b0750,1.0,200.0,18.0,9.0,16.0,computers_accessories
2aa78e35ddc1d5d30a51a3cb89e4149a,1.0,300.0,18.0,9.0,13.0,computers_accessories
554e48b94bf084525ae0fb37b9ed7f84,1.0,117.0,24.0,14.0,11.0,computers_accessories
53db18171eeeead5f0a7ea398054c298,3.0,350.0,16.0,10.0,11.0,computers_accessories
5681be0ad7f0ceeebac80058e718d34f,4.0,800.0,20.0,12.0,20.0,computers_accessories
3b037eb584c1cf92fb419eab507121c6,3.0,1700.0,35.0,14.0,24.0,computers_accessories
14b6285353e31358b2273ae3818a4155,1.0,1600.0,23.0,17.0,27.0,computers_accessories
7425866c309c057d4a7a4631c78e84d1,1.0,3300.0,32.0,23.0,23.0,computers_accessories
65c61dcb0156cdde1a197f99b91488e2,4.0,500.0,30.0,8.0,30.0,computers_accessories
32252579a719da7dd2ee115f07dfd03b,1.0,867.0,30.0,17.0,21.0,computers_accessories
0a8f26369822d83b82d0d3e87908fbd4,2.0,250.0,19.0,5.0,13.0,computers_accessories
87f036fae647b20a56364ad53e66896e,1.0,250.0,16.0,16.0,16.0,computers_accessories
7025f57a2ecff2fe2941c0bd9baccb2e,1.0,100.0,18.0,13.0,15.0,computers_accessories
98f34b46fd3c8edec3b0e453e0095e77,1.0,150.0,16.0,2.0,11.0,computers_accessories
7934d547a892c625b8f469a2242961c3,3.0,500.0,19.0,5.0,12.0,computers_accessories
fd4a96848f84ddaabcdc5bdbf831a194,1.0,350.0,16.0,10.0,12.0,computers_accessories
e97d6ed4cd62bf66d6cd2e7fd63984c3,2.0,3600.0,23.0,9.0,30.0,computers_accessories
9707ca15de54826fe85ed7859c935d6c,1.0,150.0,17.0,7.0,12.0,computers_accessories
ed5666106b8fb47b57c4b2c5f67a755b,3.0,200.0,16.0,9.0,12.0,computers_accessories
868ceb027ab706a4dee42e2220006b85,4.0,1550.0,25.0,15.0,25.0,computers_accessories
90aaf7f993470e411207adabf5b998b6,1.0,50.0,30.0,30.0,20.0,computers_accessories
99b89f140f651db441848081814dd1a1,1.0,1000.0,24.0,25.0,21.0,computers_accessories
fb29f48bfea41db52e349454f433340e,1.0,300.0,39.0,9.0,20.0,computers_accessories
71cedfb0fc49b02e2cb77b7ae1fff332,2.0,613.0,20.0,15.0,18.0,computers_accessories
1f32fa4223c913c075458059fde383bb,2.0,950.0,36.0,15.0,23.0,computers_accessories
73a6e085799e9c92a2c854ec9627b28f,1.0,50.0,16.0,32.0,21.0,computers_accessories
1158f353b550ac2a2dee2239ac64f79a,1.0,750.0,40.0,27.0,12.0,computers_accessories
fcb9824e33f82adb4fcac27ef46905b5,1.0,100.0,40.0,2.0,24.0,computers_accessories
967f92d9c1776171b28840fb8b644c36,2.0,250.0,35.0,8.0,20.0,computers_accessories
03bb24d19ea7449ce170e0888d830707,1.0,910.0,32.0,14.0,15.0,computers_accessories
154cacf31b15a08f71d7666a1ac3c0bf,1.0,1000.0,33.0,15.0,15.0,computers_accessories
15627ec726c8361a54e87afd48c9ddab,1.0,500.0,18.0,9.0,16.0,computers_accessories
167b4b8c4bd0c401bea62f5e050d70a4,1.0,517.0,39.0,11.0,13.0,computers_accessories
b398ce5510b751df72933e4737aa9b51,1.0,2650.0,28.0,44.0,18.0,computers_accessories
c4ed2d82da509c490c6bb95f55cb4d7c,1.0,1133.0,18.0,15.0,12.0,computers_accessories
186c635691c9437f7a3e928abd815213,2.0,223.0,23.0,13.0,26.0,computers_accessories
efad749f1311a53b69d30ceed3baa52a,1.0,200.0,39.0,9.0,11.0,computers_accessories
1706d1bb420e7ef2404270b38e937fbc,1.0,1000.0,30.0,20.0,30.0,computers_accessories
a00c4d4b0d7cdb18b36fe47611c28470,1.0,2100.0,20.0,30.0,20.0,computers_accessories
88794547776aa78fdd4b28bfd90c6469,1.0,300.0,16.0,10.0,11.0,computers_accessories
dee07ca8877390638a4f9b9143352284,1.0,700.0,16.0,8.0,20.0,computers_accessories
f998f73527a0f88406b53305754d1243,4.0,360.0,22.0,11.0,17.0,computers_accessories
144fc7abb16b6f6d92d2c9f34d3c3452,3.0,375.0,17.0,11.0,14.0,computers_accessories
13e65d9bd03f262702372ddb6b22e34b,1.0,800.0,23.0,13.0,26.0,computers_accessories
9d118acd4827f1c7eda7db5b70aa6116,2.0,300.0,16.0,18.0,16.0,computers_accessories
908c23dd2b637d8ff1a4e593a5b249ee,1.0,150.0,16.0,14.0,12.0,computers_accessories
29a27ff4b74b635465ad0131db56d8c9,1.0,775.0,24.0,12.0,28.0,computers_accessories
06c6e01186af8b98ee1fc9e01f9471e9,2.0,200.0,25.0,5.0,15.0,computers_accessories
d0349534ab9b46b98d13a53051310f24,1.0,300.0,30.0,7.0,20.0,computers_accessories
81be03632106ad64ebaf3556427923ca,1.0,200.0,16.0,16.0,14.0,computers_accessories
0e5955fbbb16c3f92127ac470386ea88,1.0,1217.0,21.0,15.0,11.0,computers_accessories
a910254bb741f98d6d98a8286d66d14f,1.0,300.0,17.0,15.0,15.0,computers_accessories
3a6e1126835fc77d816b7c7928f2454c,1.0,150.0,16.0,16.0,12.0,computers_accessories
1b19ee9eb239b84740e55e194e3cbd5c,1.0,1900.0,30.0,15.0,20.0,computers_accessories
1fbec17963585b6f1839b3a81fd73015,1.0,1000.0,18.0,9.0,16.0,computers_accessories
c90a0e0826c9e7793800fcd160620c64,2.0,2900.0,30.0,9.0,25.0,computers_accessories
da419eaf25aab3fafd23ddf7ae8dba72,1.0,100.0,16.0,11.0,11.0,computers_accessories
07810038e53a9f409577581bae23fa1a,5.0,150.0,16.0,3.0,17.0,computers_accessories
efa490145b5cc82438b6a6de691535fa,2.0,500.0,30.0,10.0,11.0,computers_accessories
8ab62f080b5f7845a01942d6a2e28779,2.0,200.0,16.0,8.0,11.0,computers_accessories
f4a7e46e69d1cdaa02f1e04a77c413b3,2.0,100.0,18.0,7.0,13.0,computers_accessories
ee3d532c8a438679776d222e997606b3,1.0,360.0,19.0,18.0,15.0,computers_accessories
8b9c2788ed2e8153726d114f660bc6c2,2.0,200.0,16.0,4.0,11.0,computers_accessories
e888edddeb449bde570d695c62b27b26,1.0,300.0,16.0,16.0,16.0,computers_accessories
63456bc0cfe423fc6621bdd93fd0337c,1.0,125.0,12.0,10.0,10.0,computers_accessories
b1decc9f9001d5568214927df8c02179,2.0,2200.0,16.0,16.0,16.0,computers_accessories
13412655d22f10591e584156686ca50b,1.0,650.0,36.0,16.0,16.0,computers_accessories
0d85c435fd60b277ffb9e9b0f88f927a,1.0,150.0,16.0,13.0,14.0,computers_accessories
a300dd822c0e15dd16ecc317522eefcf,1.0,150.0,16.0,11.0,11.0,computers_accessories
9f2d98026e781b854b26e7551b263a6c,1.0,153.0,16.0,12.0,13.0,computers_accessories
4f741491850c0ce5c062655637fef0f3,1.0,850.0,26.0,21.0,29.0,computers_accessories
42e3e1a52d783ace62d11a17c88c1324,1.0,800.0,26.0,13.0,25.0,computers_accessories
aad701f7922484707866c83423e24b56,7.0,400.0,26.0,3.0,20.0,computers_accessories
5f993fcf6ce45202932c40c51466dcfe,6.0,300.0,16.0,16.0,16.0,computers_accessories
084461b396a7e044af9229534fa03b51,5.0,1200.0,46.0,36.0,11.0,computers_accessories
78214a7dd344600bc2506e60f9e2bbd4,4.0,300.0,16.0,2.0,11.0,computers_accessories
dff4c23e8bf1e78f4a793d8f76c7608c,3.0,1450.0,25.0,15.0,25.0,computers_accessories
0ecade74f3c3fb56a9256d425e7d535c,2.0,300.0,41.0,2.0,29.0,computers_accessories
1ac8f5283525f67f04345f07c167ba80,1.0,850.0,36.0,21.0,21.0,computers_accessories
e8df023d98f93f9a2ad749b872641344,2.0,125.0,18.0,8.0,15.0,computers_accessories
809bc73ee4f939dfc94b7402962fb531,2.0,483.0,22.0,15.0,12.0,computers_accessories
40c15dd86886c8e9cedabb4dadcece62,1.0,700.0,30.0,15.0,15.0,computers_accessories
d4b5a373a1760ab3e5b3abfbf78d654c,1.0,1403.0,16.0,40.0,16.0,computers_accessories
a9f3dae2526ca165178dfde0798b9b9c,1.0,800.0,35.0,20.0,20.0,computers_accessories
4ce9ab528124f89e091b17d11aa2e97c,3.0,500.0,36.0,5.0,15.0,computers_accessories
2271f1b02a9f6a019017bc05f7a8b8ef,1.0,200.0,21.0,5.0,20.0,computers_accessories
462b89aad33e9b762cff8fd20db1fdcb,1.0,975.0,36.0,16.0,16.0,computers_accessories
35bc6c77029697004675d3a2ce505916,1.0,610.0,27.0,12.0,20.0,computers_accessories
e0061301a67d7a14f5f4871da66589a4,1.0,3800.0,50.0,22.0,30.0,computers_accessories
d39856361faf8a3ee35f98bf611a637f,3.0,200.0,16.0,5.0,15.0,computers_accessories
5526b1ae9ab2688cf600783cece249df,1.0,200.0,16.0,16.0,16.0,computers_accessories
011bb8a6af5178b33871a83c4f297d32,1.0,600.0,36.0,9.0,13.0,computers_accessories
35495b55cace6656e50bdc2b82f9d4bb,3.0,5550.0,16.0,10.0,11.0,computers_accessories
a3dae37f1227e4037d5e3be3f228bc84,1.0,2700.0,38.0,38.0,38.0,computers_accessories
4d2da992b16e85606d87d2de7f47fb0d,2.0,200.0,22.0,15.0,12.0,computers_accessories
884fa3cd42986ba480ea2f8ae4e25ff7,1.0,850.0,31.0,11.0,11.0,computers_accessories
0cd1da0c6c22680f93adb165c0a56e36,1.0,200.0,39.0,9.0,11.0,computers_accessories
b1f32fc9713cf8c0813fff7c9c8262b2,3.0,225.0,30.0,9.0,23.0,computers_accessories
9c6c775832b5204b41694fcf8ca60aae,4.0,200.0,16.0,8.0,11.0,computers_accessories
81a5a7c8d9fea70f51d08af7a874e950,1.0,100.0,16.0,18.0,16.0,computers_accessories
1340fa675dcc9085a832da030acddae5,2.0,150.0,22.0,16.0,16.0,computers_accessories
757e03cbdab9161ad95210a779dd2b2a,3.0,482.0,52.0,4.0,14.0,computers_accessories
632ba0c3ace598871c24c49380796d57,1.0,2950.0,18.0,25.0,18.0,computers_accessories
aeeed2c170290c9293b7f8f401714e01,3.0,200.0,18.0,6.0,16.0,computers_accessories
88bffa97ba651ca4ee0710fa7e0e9653,1.0,350.0,16.0,2.0,11.0,computers_accessories
e7fcfe86cd2bfcfc88de49f995ee91f1,1.0,200.0,18.0,9.0,16.0,computers_accessories
2ebd1efaafab554412e27e0667cff2d8,1.0,500.0,19.0,11.0,15.0,computers_accessories
8afee64dc809d5e833ae113a81774ddc,1.0,250.0,16.0,2.0,11.0,computers_accessories
1af2a3ec7cecc4015321e562a26c9d1d,2.0,150.0,40.0,2.0,24.0,computers_accessories
8ec6aedf40e1175c5446134c40931706,3.0,2425.0,17.0,8.0,11.0,computers_accessories
c2fb26742f8484dbfe9a8d70bdc54025,1.0,100.0,60.0,16.0,11.0,computers_accessories
adb4c0f91ab4eb667fed71c378a54fef,7.0,1850.0,27.0,10.0,20.0,computers_accessories
72602b08ac8b5e5664b105ce8e0ce5b9,1.0,300.0,42.0,2.0,30.0,computers_accessories
7bc937aee25e404e3fbf0ecd764a718f,2.0,50.0,16.0,8.0,11.0,computers_accessories
1ae2f20ff728b72bc2d6359978de7328,1.0,888.0,27.0,12.0,25.0,computers_accessories
78ef94419ed5381e09adab75259d3f19,3.0,500.0,19.0,5.0,12.0,computers_accessories
18486698933fbb64af6c0a255f7dd64c,1.0,225.0,17.0,14.0,13.0,computers_accessories
e86b81dcac341ea01df0260077cdf082,2.0,400.0,18.0,9.0,14.0,computers_accessories
3e8f52cbce268fc54677be617e399ba2,1.0,663.0,21.0,15.0,13.0,computers_accessories
c521928ebace180a62167ac012c9f2c9,1.0,400.0,18.0,9.0,16.0,computers_accessories
d6ab9feb6ae6e54819050a46462fcc5a,1.0,740.0,20.0,16.0,12.0,computers_accessories
da662963d06871d0e88300f9c6df43ee,1.0,975.0,36.0,15.0,15.0,computers_accessories
6e513315a63d66f74752d341f410109d,1.0,300.0,20.0,20.0,20.0,computers_accessories
0dcd34a72eb2310d44b1e823a4ecc7b7,5.0,5800.0,52.0,17.0,23.0,computers_accessories
8f3746a9c5411cc7cfb03660326cd189,2.0,100.0,18.0,8.0,18.0,computers_accessories
e272c7b6c21c38e8ee510666a28460d4,2.0,1550.0,30.0,22.0,26.0,computers_accessories
419696d7d132c4ba8059bf765d66fb01,1.0,950.0,35.0,18.0,12.0,computers_accessories
86fb7ef6ee1ffa3832f09b1a1552e7e6,1.0,1125.0,21.0,20.0,29.0,computers_accessories
3dd2a17168ec895c781a9191c1e95ad7,1.0,533.0,22.0,11.0,20.0,computers_accessories
de03cefa119fcace5bfe4b492993da7f,2.0,250.0,18.0,18.0,16.0,computers_accessories
b811b7a802d2bc88a918a9b785a6c18a,1.0,810.0,34.0,16.0,16.0,computers_accessories
02b7929be620a2f05bb13d0c0e2cbd48,3.0,1649.0,23.0,12.0,21.0,computers_accessories
e46d3c8d60e3f8b382b6f239e5af08ac,1.0,1850.0,16.0,9.0,36.0,computers_accessories
a8a24b2139731e4be5246104224f0633,1.0,1083.0,35.0,22.0,14.0,computers_accessories
1ca737c9f8f06b3672be9f9f3f603d36,1.0,350.0,19.0,19.0,13.0,computers_accessories
8db563c3c19d3b3c0a21e2ed918c8618,1.0,800.0,16.0,12.0,37.0,computers_accessories
eeea79ffac4403df6e6a7d9522a0ac89,1.0,350.0,30.0,5.0,24.0,computers_accessories
013e6676e0e3529e5909ff54370daddf,1.0,1088.0,33.0,20.0,15.0,computers_accessories
f1400c967582a8158aec676d0116b884,1.0,1000.0,34.0,15.0,15.0,computers_accessories
0f11f38f81a4b4ce8ab38eaec02263e8,4.0,300.0,21.0,6.0,21.0,computers_accessories
a46875fb5b8d19ac3cff18deb9bae57e,1.0,820.0,26.0,13.0,23.0,computers_accessories
dc9471db933efad7bf0ce685380578bd,1.0,800.0,28.0,20.0,42.0,computers_accessories
a783f0d718c28a1375f64c1dfff1818a,3.0,200.0,39.0,2.0,30.0,computers_accessories
f42bdf5c0ef09ae049f5599d7f26b5e2,1.0,700.0,30.0,30.0,20.0,computers_accessories
1e1302fdbd3459fdb800a772186b81e1,2.0,300.0,27.0,10.0,16.0,computers_accessories
b44cc626aea8d2a65572672cb050c083,1.0,1900.0,26.0,20.0,28.0,computers_accessories
40cb225d40f0acc7c8a2dc7b27176874,1.0,523.0,24.0,14.0,19.0,computers_accessories
d88d701f11e14213198868c769856a38,4.0,890.0,27.0,20.0,34.0,computers_accessories
f4f20f082b033ee3aaff51af1ed25a5d,1.0,2250.0,16.0,18.0,16.0,computers_accessories
17c092cc98bba142fa0168733da00d3b,3.0,150.0,18.0,3.0,11.0,computers_accessories
02034d6c9c4814a08a3a0f5a6ad84332,1.0,200.0,18.0,8.0,16.0,computers_accessories
5ae533eac9c0e93b3f89bc9aea079ed9,1.0,83.0,12.0,8.0,8.0,computers_accessories
c7849d509582f1b40fe3269fbecfb00d,2.0,900.0,20.0,20.0,20.0,computers_accessories
b9775d8418a0f0dd37b53431e90572a5,1.0,215.0,22.0,10.0,18.0,computers_accessories
a3f487d2926f4af42e86454a8ec474c1,1.0,575.0,33.0,19.0,19.0,computers_accessories
0780ab4d63c3fa0b95d7f17f66a3444c,1.0,1000.0,30.0,6.0,16.0,computers_accessories
682dfc07ddf94410a1fc2b5d45e843b9,1.0,611.0,26.0,17.0,22.0,computers_accessories
620b45f968a49556658d15ef8560a30d,1.0,1100.0,16.0,16.0,16.0,computers_accessories
08820f7bf5d0df4247c9f790f94f376c,1.0,850.0,32.0,16.0,16.0,computers_accessories
64fb13596caf118c438edc5c6ed2d50a,1.0,167.0,16.0,11.0,15.0,computers_accessories
5d790355cbeded0cd60e25cbc4c527a2,1.0,115.0,16.0,13.0,11.0,computers_accessories
27148143d9c0ab0bb016d5c2775b572c,2.0,5300.0,17.0,15.0,30.0,computers_accessories
a346944c1cd1e118e4ecc398e51f03a0,2.0,117.0,17.0,8.0,12.0,computers_accessories
fd4b4443bc919df49bbcc062742b8f06,1.0,1523.0,39.0,25.0,21.0,computers_accessories
7acf643c9851bf01a16332dfc8e6824f,1.0,900.0,16.0,100.0,25.0,computers_accessories
dc893c795714d2a64a0d4f188dea51bc,1.0,600.0,18.0,9.0,16.0,computers_accessories
b18c7c97215e57be54e530e4db4eadd7,1.0,150.0,16.0,16.0,16.0,computers_accessories
a0ad09530f4066778a9cdb54f4f70c3f,2.0,300.0,25.0,8.0,20.0,computers_accessories
72f027cff2922e7c85a28976ca21a1bb,1.0,850.0,30.0,15.0,15.0,computers_accessories
795156625747aca0c4d4b44d22a5e6dd,2.0,225.0,25.0,16.0,16.0,computers_accessories
30001d6521e7d5826eb1881050cea7e7,2.0,150.0,41.0,2.0,29.0,computers_accessories
f71f42e2381752836563b70beb542f80,2.0,250.0,41.0,2.0,29.0,computers_accessories
885767551f6e62036547d2ec333f1daf,1.0,880.0,32.0,18.0,17.0,computers_accessories
1789a1b00c33bec9db6e27b4848a5c94,4.0,400.0,37.0,6.0,12.0,computers_accessories
72ef2864978e354bc54f72073b13f17d,3.0,500.0,20.0,20.0,20.0,computers_accessories
328ccc632fdfa11f13190f1e6c773bdb,1.0,150.0,20.0,15.0,20.0,computers_accessories
0aa889132d2e6b79778488c79d025d99,2.0,300.0,30.0,15.0,20.0,computers_accessories
7ea73eb6e7e6ebb1113ba90f839b3402,1.0,3012.0,29.0,27.0,26.0,computers_accessories
9917cf3117ebf28ffa2264443c7c6a55,2.0,800.0,16.0,29.0,20.0,computers_accessories
e02468b92277cf781a87051ff6d80e1c,4.0,20800.0,57.0,57.0,23.0,computers_accessories
34194988e78bc60417003c8a235b8083,2.0,150.0,20.0,20.0,20.0,computers_accessories
34d6306314a47fe15c1efdbc23302020,1.0,107.0,7.0,7.0,10.0,computers_accessories
9e4ace428d208edc8bfdebfa90b87213,1.0,500.0,30.0,11.0,11.0,computers_accessories
e2c5dc4fd3098fcb1fd6cccbff7b0b04,1.0,167.0,16.0,16.0,11.0,computers_accessories
c355107c94aa24d4c2759b22041fa325,2.0,100.0,16.0,4.0,14.0,computers_accessories
a097daf6b31bc5c4b2d377e8c5cba4a1,2.0,483.0,31.0,19.0,36.0,computers_accessories
6a5e355f2f60aef81d6d2339bb53a47d,1.0,100.0,16.0,6.0,14.0,computers_accessories
d6d73c1fe2e8c0e3e90e2421ffa4b963,3.0,800.0,31.0,9.0,11.0,computers_accessories
6210c771a72a233f0e2b0430911ba858,4.0,1350.0,35.0,25.0,35.0,computers_accessories
1fea52abea2c885fbf9c625a6a3f140a,1.0,175.0,16.0,7.0,12.0,computers_accessories
d934d5a5c12e50df26c0669f578e2621,1.0,300.0,48.0,8.0,20.0,computers_accessories
1104a5c02e696d89b7d86e6b2e657795,1.0,600.0,18.0,9.0,16.0,computers_accessories
c8c7240481136f4822c22a80e718f304,3.0,200.0,33.0,2.0,25.0,computers_accessories
59acb82068f537c60568a06ca341397f,1.0,600.0,18.0,9.0,16.0,computers_accessories
5112b1e13e8bd78e7644a05361e32223,3.0,5400.0,30.0,20.0,20.0,computers_accessories
d6d88b596b8166f1094d9fcef020a074,1.0,451.0,16.0,12.0,15.0,computers_accessories
2c0794594e639865fe2ff4085c935544,3.0,750.0,36.0,17.0,14.0,computers_accessories
f5cb4f19ca215fb34aef190918d45f46,1.0,200.0,23.0,11.0,15.0,computers_accessories
8b4d1b3f6edcc74d027e598a572ddcae,1.0,250.0,16.0,2.0,11.0,computers_accessories
8cec92449a671f49ee9ef23dfecfb1c2,2.0,95.0,22.0,14.0,11.0,computers_accessories
6783ec139a64b31273469591b7e09e16,1.0,200.0,20.0,13.0,13.0,computers_accessories
7a2db74c8e2d40cd60fe4677d38a74ce,3.0,433.0,16.0,8.0,14.0,computers_accessories
5f76fa92c238431e69b3f294ec7db04a,3.0,100.0,23.0,2.0,20.0,computers_accessories
22560e21f2b8afbeb6939cab114839f3,2.0,250.0,16.0,15.0,15.0,computers_accessories
eda64e6f9a82d6ce803c2e1a6790bd06,6.0,600.0,28.0,6.0,29.0,computers_accessories
55cee47e392df16fee82018edeb545c5,1.0,250.0,19.0,5.0,13.0,computers_accessories
5a41b34fa72eb9c57130a1e6265b344a,3.0,400.0,20.0,6.0,14.0,computers_accessories
ff469d5a015226354ab92a85c8c46537,1.0,933.0,32.0,22.0,15.0,computers_accessories
c6b3e5dad7e071459c1ab64d517d848c,4.0,400.0,16.0,5.0,11.0,computers_accessories
67d50eb97553912ac6bd1584ff04c73c,1.0,926.0,28.0,15.0,17.0,computers_accessories
980e9d57d8db60824d2005c6c26dec64,2.0,250.0,17.0,25.0,32.0,computers_accessories
8cd6267f12bb115b2b56d20d3a860cfc,1.0,400.0,23.0,14.0,11.0,computers_accessories
0d86df06a3a526cbe70d2e56c50a0b7a,3.0,1400.0,25.0,15.0,25.0,computers_accessories
44a064a339782c3cdd7e457b169ef0b0,1.0,875.0,33.0,15.0,15.0,computers_accessories
b40ec43bdfc6d6fdd65e882066a5c895,1.0,760.0,33.0,13.0,14.0,computers_accessories
a630323d497e2acc89574e8b792c6936,1.0,420.0,22.0,16.0,16.0,computers_accessories
729be554c7bfd3f97c88f7470dad7afb,1.0,3550.0,30.0,10.0,30.0,computers_accessories
abf78d4fed73c782bad7e6ca7a03e7d0,2.0,100.0,60.0,16.0,11.0,computers_accessories
e3a86e57c0aff086a429f8cbb7f7f7cc,1.0,4540.0,37.0,14.0,24.0,computers_accessories
3ce943997ff85cad84ec6770b35d6bcd,1.0,800.0,32.0,11.0,13.0,computers_accessories
b82b4d3344aef4d70bc9acfc8a5fe2de,3.0,267.0,19.0,18.0,17.0,computers_accessories
d169836257fb54117a84c70913117d6f,2.0,200.0,16.0,22.0,16.0,computers_accessories
700d61e9ace36fe1556d5a8a5ce8049f,3.0,200.0,24.0,12.0,13.0,computers_accessories
c75d5edf6cf5302523d622c43a072be0,2.0,150.0,16.0,19.0,16.0,computers_accessories
3871b7939245ed35ab97c7d3924c6862,1.0,300.0,17.0,16.0,12.0,computers_accessories
3e086c8507756d8b53e4b0f676e7f42d,3.0,200.0,16.0,5.0,11.0,computers_accessories
060c17562f97e5bb60bc0dfa4dd5b3f2,1.0,150.0,18.0,6.0,14.0,computers_accessories
b301f133a68b93a9a9a3db2987c1be36,2.0,300.0,21.0,4.0,18.0,computers_accessories
63691161b972f49b88dbd59ca3bf692f,4.0,500.0,18.0,3.0,19.0,computers_accessories
cbc4a99acf6db47e07c3f743d1a4045e,5.0,4450.0,19.0,23.0,19.0,computers_accessories
1a079ba5d672d64c3bdae859c45d8e67,2.0,250.0,42.0,2.0,30.0,computers_accessories
64a729b37766f9411a1f786ff060cc85,2.0,6550.0,19.0,40.0,50.0,computers_accessories
f1f33998e04cd5d9b4092587f36786df,1.0,1075.0,26.0,22.0,22.0,computers_accessories
4943769229463d7bd0fd5af9baac46b5,1.0,1100.0,23.0,22.0,18.0,computers_accessories
388517f6230f1fdef794b9c075180a0c,2.0,200.0,36.0,2.0,28.0,computers_accessories
159ea658243f5e5c4a18fa69d80adc16,3.0,5650.0,35.0,20.0,47.0,computers_accessories
6b61c9889ff5ea54a786b54fff36251f,1.0,255.0,19.0,15.0,20.0,computers_accessories
a3aa0dac689c5cca6fa93f0f4b541abd,2.0,275.0,25.0,9.0,19.0,computers_accessories
3e81762914e082ccca5a002144534a21,1.0,500.0,60.0,16.0,11.0,computers_accessories
ebe4b53f756dfcecfc539faf8ec0df9f,2.0,200.0,16.0,16.0,11.0,computers_accessories
9a82e75bdd4dc1b60ae5fbf466b16bb5,1.0,167.0,16.0,16.0,11.0,computers_accessories
599dc392f7a23273471b068d72408224,3.0,500.0,27.0,9.0,18.0,computers_accessories
2907243f68e5e3eca9cea8276cc3fe04,1.0,4200.0,30.0,10.0,30.0,computers_accessories
17878434ca0082537806de545c2f0351,1.0,250.0,16.0,16.0,16.0,computers_accessories
ae52eeb8383b94455f0a08b1f88ad002,1.0,167.0,21.0,13.0,12.0,computers_accessories
5a7e53f5efbae183c7b21a52fb83d6f8,1.0,975.0,33.0,23.0,23.0,computers_accessories
adb5b8ee8b86e86930bc333c182bbead,1.0,821.0,30.0,14.0,15.0,computers_accessories
752cc72634eb0d850747733e9bd4b0b6,1.0,1125.0,27.0,17.0,12.0,computers_accessories
eb46bd8f6499638557d2daf6874d14db,1.0,850.0,26.0,18.0,20.0,computers_accessories
cb2fde4bf22091cf7f7fb9c1944f45bf,1.0,958.0,28.0,13.0,22.0,computers_accessories
6a09ecc3113cbbf409d21369dd82f854,1.0,600.0,29.0,15.0,15.0,computers_accessories
95c40b993a22463c83beb5c51a03d46c,2.0,200.0,41.0,2.0,29.0,computers_accessories
30b52585b47939123faddcc27cda1cae,2.0,300.0,39.0,2.0,30.0,computers_accessories
af63237de5e7f1f9c067f7b7c506287e,6.0,6800.0,28.0,28.0,36.0,computers_accessories
78714a5ecea485034c6cde8417c6c1c8,3.0,115.0,16.0,13.0,11.0,computers_accessories
8b4fce794ecf29ba27991bca325c5e2b,1.0,1050.0,34.0,11.0,16.0,computers_accessories
3faabbe96a14a10e0ef007fc3ce38708,2.0,400.0,16.0,16.0,16.0,computers_accessories
dbc42f8ad8afd0147a5a46be630781f8,2.0,133.0,23.0,14.0,11.0,computers_accessories
a412aeba7360afad41b632da6b27105c,2.0,150.0,41.0,2.0,29.0,computers_accessories
bb90206fa281c20f0b4c42a2393b54dd,1.0,875.0,35.0,14.0,14.0,computers_accessories
05a9dadb8402b6b7ae3dd28f7da187b5,2.0,2950.0,20.0,20.0,20.0,computers_accessories
6709ad51bf96cce02fa49c31f3d12724,1.0,500.0,36.0,10.0,22.0,computers_accessories
4c82c8d31845d751d797debc3d03697f,6.0,145.0,16.0,9.0,13.0,computers_accessories
047c0b8057bd86c48c41d3b582d80c90,5.0,4500.0,19.0,23.0,19.0,computers_accessories
c28a5442f46310598b28385d68154a5e,3.0,1900.0,19.0,13.0,19.0,computers_accessories
bbe05c2eab883788c25cb9c6422a3cbd,1.0,500.0,19.0,4.0,12.0,computers_accessories
6c350a42b2f2e38425af31b3739970c6,2.0,300.0,16.0,6.0,14.0,computers_accessories
acac295886c915b0bcb309cb4158c0a7,2.0,7300.0,50.0,35.0,25.0,computers_accessories
cde75c133e1a001c3ffff4f164ce5ef2,1.0,140.0,28.0,8.0,16.0,computers_accessories
0d17caa71904fab71aaa37e8a370dc8d,1.0,825.0,30.0,16.0,16.0,computers_accessories
234df98e1a567a28c8ff2079fd55198b,8.0,750.0,20.0,7.0,50.0,computers_accessories
38e24e4d6dbde6523f2ffdfe01ea09ec,2.0,600.0,20.0,30.0,20.0,computers_accessories
097ce3b5d4710b24d4a113b394ef2566,1.0,242.0,22.0,15.0,15.0,computers_accessories
fb6782985a98aa8a59238f58239f6f1e,7.0,2500.0,50.0,10.0,40.0,computers_accessories
04d1e516df784ab0cc7cb3b74a0933d2,1.0,150.0,20.0,8.0,15.0,computers_accessories
ee3e94e918d05a5da04a4cb547e91dcc,4.0,548.0,20.0,10.0,16.0,computers_accessories
57c806e92eec9168ff2065cc65375576,3.0,500.0,20.0,38.0,30.0,computers_accessories
49d05515656ae5bacab920395f834244,1.0,740.0,33.0,13.0,17.0,computers_accessories
05d43e31ef4408f944a3de2d18b0f755,3.0,300.0,20.0,3.0,14.0,computers_accessories
d1793ff6ccc9b6845e09a4f376903274,2.0,100.0,16.0,2.0,11.0,computers_accessories
80a7857c3c116ce0a0c5489f07721f5f,3.0,900.0,26.0,6.0,27.0,computers_accessories
18e41d0c2a7cac6a8d53d3fcc13da3c4,2.0,1825.0,34.0,18.0,19.0,computers_accessories
3817f43dd89a3b94135f37a00b255c41,5.0,250.0,20.0,15.0,15.0,computers_accessories
aa6a696816c69cb3bffdf42d62642a80,2.0,150.0,36.0,9.0,11.0,computers_accessories
a12c9204f6f9e90ad1d8ba5571fbfed2,2.0,600.0,19.0,13.0,20.0,computers_accessories
e4dbc5980f1159e257a31c8eb4ecd78a,2.0,150.0,22.0,13.0,15.0,computers_accessories
f9a26e326cd01165ff614a519473afbb,1.0,343.0,16.0,17.0,12.0,computers_accessories
748efd895fa2f88b0c89579fb092e792,1.0,1190.0,35.0,20.0,21.0,computers_accessories
97b6b2b77117d7e304364b433fcc649e,2.0,100.0,16.0,8.0,11.0,computers_accessories
bdcb8b4ebca66cd01b512c0044f8258f,2.0,150.0,17.0,4.0,13.0,computers_accessories
1afc67ca54fdc1dd0774a3727a44b8a1,1.0,300.0,50.0,5.0,20.0,computers_accessories
a386ec77b61471988e1b10cbd6cbfdd6,2.0,200.0,25.0,10.0,25.0,computers_accessories
312fc7ec4c5f490464a4c9b3132c8ae3,2.0,100.0,16.0,8.0,11.0,computers_accessories
6bda47c87beebd05851cae08a30e8087,4.0,1950.0,20.0,12.0,20.0,computers_accessories
5ec665da4518623a3a2d7731d56bfd68,2.0,1600.0,31.0,14.0,12.0,computers_accessories
359b8de33f4e2b77eac2667fabfd2122,3.0,250.0,20.0,6.0,20.0,computers_accessories
478bad111d2afd4eb0b433a75af01d64,2.0,75.0,16.0,7.0,16.0,computers_accessories
b174e86e32362fc996c55b20e277bbb5,1.0,128.0,16.0,16.0,12.0,computers_accessories
00f179926ae5965cd6ff548d765d8a61,3.0,133.0,17.0,6.0,12.0,computers_accessories
acd999849b296e49ab668c7e832ccb72,1.0,467.0,16.0,16.0,11.0,computers_accessories
3d48b2b7a184718911dca52c955055e3,3.0,400.0,21.0,6.0,14.0,computers_accessories
a7591787a14b7107a21780cabc7d577e,2.0,231.0,20.0,7.0,16.0,computers_accessories
cfc665b462ccc3a43b1a1283e678b1a0,1.0,1625.0,17.0,15.0,16.0,computers_accessories
f9d151cf2fc10d41cce64b782856320f,3.0,75.0,17.0,6.0,58.0,computers_accessories
fa8fb673c7f31e3c35f62de366af764b,2.0,3700.0,33.0,44.0,19.0,computers_accessories
aad225c687cc75ba1148d41f2ce414c2,1.0,1300.0,46.0,7.0,12.0,computers_accessories
1f975d7b550d3ba8161a3c77a3d800a4,2.0,4150.0,30.0,20.0,20.0,computers_accessories
56568aac139eb6a4adcbabb5fbbf8e6c,1.0,917.0,29.0,20.0,15.0,computers_accessories
3410cbd7df2130ec3cb9300ef0fe3df1,1.0,675.0,21.0,13.0,16.0,computers_accessories
ad56e265bd92e5702d171e6eb4a3593a,2.0,750.0,20.0,14.0,17.0,computers_accessories
d48a01cab4f058610681e5547305d98d,1.0,350.0,16.0,16.0,16.0,computers_accessories
6866bdfc7c91ea0dec8997c738c40f6c,1.0,1150.0,23.0,11.0,12.0,computers_accessories
7088744b00831b410bd17716cb578f39,1.0,1013.0,30.0,15.0,16.0,computers_accessories
1060d9ab6b911bfce1439c25afcd790b,1.0,130.0,16.0,13.0,13.0,computers_accessories
59dae5028ffa06d8f0151bf1fa97b7e6,1.0,1100.0,36.0,15.0,25.0,computers_accessories
3becff10d1deb92b02f2a1ee62a04524,2.0,6150.0,30.0,30.0,20.0,computers_accessories
83808703fc0706a22e264b9d75f04a2e,2.0,700.0,31.0,13.0,20.0,computers_accessories
e3e020af31d4d89d2602272b315c3f6e,3.0,75.0,21.0,7.0,13.0,health_beauty
c5d8079278e912d7e3b6beb48ecb56e8,1.0,1300.0,19.0,28.0,17.0,health_beauty
36555a2f528d7b2a255c504191445d39,1.0,1467.0,23.0,16.0,20.0,health_beauty
e586ebb6022265ae1eea38f46ffe3ead,3.0,1050.0,18.0,21.0,27.0,health_beauty
75b4372e69a42f8ae1d908c076f547b2,1.0,938.0,29.0,22.0,23.0,health_beauty
3569d4374a919941a50f57371b1dc93d,1.0,2700.0,21.0,16.0,31.0,health_beauty
3a6a0247ced9dcb444b46caafdcdd368,1.0,3600.0,20.0,20.0,20.0,health_beauty
adf591c625cb265c12bc6749d3a2f757,6.0,150.0,20.0,24.0,33.0,health_beauty
50556c630443502c11acde1c320fe278,1.0,250.0,16.0,2.0,20.0,health_beauty
88d2c501ec765f5d7e8038fa6aab0e62,1.0,10700.0,40.0,40.0,40.0,health_beauty
b29ca3d3127057c43ef4b364bbe360ea,1.0,1150.0,20.0,25.0,20.0,health_beauty
e07f6e9343cad06f34d0a7a09eeac4d7,1.0,667.0,17.0,16.0,16.0,health_beauty
dd783a33bc94bef9c728611320d559e7,1.0,150.0,16.0,12.0,11.0,health_beauty
c752f2bc46ad4b389290cf5828a1db62,1.0,650.0,25.0,13.0,14.0,health_beauty
6a61a5d77a8571a0646e8c0f75f572f4,6.0,360.0,30.0,19.0,22.0,health_beauty
a18a23a783fb7576a8f0f6fbc2ae2b58,1.0,175.0,18.0,22.0,16.0,health_beauty
d10abea506594de1dd5ea21851f94062,1.0,700.0,16.0,16.0,16.0,health_beauty
aba0932cedf32b2a7b6b832f11769613,1.0,2000.0,30.0,12.0,16.0,health_beauty
10d43b23591dde746f32fe6a7beb5bfb,1.0,150.0,22.0,3.0,15.0,health_beauty
bc4a074ab7a7ff14e98fa64671a79dc0,1.0,1450.0,25.0,25.0,16.0,health_beauty
e84fb20fe338824c220166d3cd562cbd,1.0,150.0,22.0,3.0,15.0,health_beauty
3d649f0e12c7b5f9ec7e00f538cc13f3,1.0,300.0,16.0,18.0,16.0,health_beauty
8729e9bc4b7f0422448d80ed35ae329d,1.0,1650.0,25.0,30.0,20.0,health_beauty
6bb81626d06fafb4d7eab61ac9ed70c6,2.0,266.0,20.0,8.0,18.0,health_beauty
2efbce46d36d9af306d4300db163b276,1.0,270.0,16.0,16.0,15.0,health_beauty
7e437c1d65a7baab7e7ca6c9f4e98b84,1.0,2150.0,28.0,32.0,11.0,health_beauty
012dd0e1c1f14325ee35f06748329355,4.0,490.0,30.0,5.0,25.0,health_beauty
89904bec271974d069685a6568091c8a,2.0,200.0,16.0,16.0,12.0,health_beauty
9f22d89800e8f59f79d50aa9d732f5e2,1.0,888.0,18.0,17.0,18.0,health_beauty
dbb00dd9b017066946537423958bd4ea,1.0,1000.0,16.0,12.0,13.0,health_beauty
fe849745fcdc6e1d6864539a2b13197f,1.0,300.0,19.0,12.0,13.0,health_beauty
7193329f650facb78de86a2e0b771e2f,1.0,850.0,18.0,10.0,14.0,health_beauty
12827caf723c4ff8030d64dcffe3cdab,6.0,150.0,28.0,13.0,12.0,health_beauty
0c03a930e654a5f1ea08f95a5c67d076,1.0,700.0,20.0,16.0,17.0,health_beauty
bcb8826a092a057aedd93bb71d67c24d,1.0,500.0,24.0,20.0,24.0,health_beauty
860dd3635c61aba2d7ddea90b7d471b2,2.0,452.0,20.0,11.0,18.0,health_beauty
4a37bc772078a013df64fd661ae5ee6c,1.0,750.0,16.0,16.0,16.0,health_beauty
ecac3b74dce5ab6c6a7b9eda9216cfcc,3.0,200.0,16.0,16.0,16.0,health_beauty
2a27bdf5d36c733df107a86e44370254,3.0,425.0,20.0,9.0,18.0,health_beauty
b1060f179d7f706565e347fbe00bf1b8,1.0,328.0,20.0,14.0,18.0,health_beauty
74c94099baac38d7d352195da981626a,1.0,700.0,16.0,40.0,11.0,health_beauty
7a33d7a1a85cb7db38bacbcc212a6013,2.0,175.0,19.0,12.0,13.0,health_beauty
b3bcd6f54c943fecf8f51e0b988e5cc9,1.0,683.0,31.0,16.0,16.0,health_beauty
9746ab6f7694c5e2fc9fe14befbb5c18,1.0,350.0,16.0,16.0,15.0,health_beauty
13387d462f74993d258b62f8f85fd9b8,2.0,150.0,16.0,7.0,12.0,health_beauty
ae6476ef6cf588ccb0bd009b62359b97,2.0,1300.0,42.0,12.0,20.0,health_beauty
0f2ee8171adfc13c81f69ff4dcb2b635,1.0,1413.0,40.0,16.0,31.0,health_beauty
dbbda25f6b7c74669cf2203b2e3139a0,3.0,300.0,27.0,11.0,15.0,health_beauty
f0a8b25a0a4f80f60eed4e1fdc3d477c,2.0,1450.0,38.0,31.0,24.0,health_beauty
c20e9c8a7361bfa0d6530ab73075921b,1.0,1600.0,20.0,20.0,20.0,health_beauty
2fffbf105cbbc6e86144f00ecf571635,1.0,150.0,20.0,10.0,20.0,health_beauty
95e18e6f72e096de84ad972456780aa0,1.0,325.0,25.0,10.0,13.0,health_beauty
9a3d13559997d2639ebd02e75913b799,1.0,233.0,18.0,16.0,14.0,health_beauty
f7740e5b4337a3cc4a8a204553101a85,2.0,543.0,30.0,12.0,16.0,health_beauty
8ce6ed44410ccff5e5437f5d1ec012e4,4.0,500.0,30.0,14.0,16.0,health_beauty
d6637aee74ba05e42bc17a047c335209,1.0,250.0,16.0,11.0,14.0,health_beauty
cffa43acc63e8225bb6889f3c3bd74e3,1.0,217.0,17.0,13.0,15.0,health_beauty
9b393d3360316521a943267765a47fbf,1.0,300.0,17.0,14.0,14.0,health_beauty
98600823ba81f3ba76386dac7c31ee06,3.0,125.0,24.0,12.0,20.0,health_beauty
654feb81aa65850b1962980f21be1525,1.0,700.0,28.0,10.0,11.0,health_beauty
fe705ffbaa3804c5562b8b1046157a6c,1.0,350.0,22.0,3.0,15.0,health_beauty
709839bfd3ba2c923015e0a5de970a7d,1.0,250.0,17.0,12.0,12.0,health_beauty
3099fd60323d4c647f2515690394bfb2,1.0,217.0,17.0,10.0,14.0,health_beauty
44dc6124432da8482da2977dbfa88f59,2.0,150.0,16.0,13.0,11.0,health_beauty
1cee940750667f29c969974d268656f8,1.0,580.0,39.0,11.0,15.0,health_beauty
124a15d998dfe011681819d7c792f7bb,1.0,300.0,17.0,12.0,11.0,health_beauty
9af87df86e72ade39565a7b20d8cecd3,1.0,625.0,16.0,14.0,15.0,health_beauty
ea697d5bbca113fdf96cf66f7aa135c8,1.0,650.0,16.0,40.0,11.0,health_beauty
52198ab6a720304fd80cac19c691a049,2.0,150.0,32.0,20.0,20.0,health_beauty
332f784cac57e18f1194e8156ad5bd9d,1.0,2550.0,20.0,40.0,25.0,health_beauty
06ce9c3e61c7a07f872f8317a7dc534d,1.0,100.0,16.0,8.0,11.0,health_beauty
e5d51a994a31fdaf8d7ec087d31a9576,1.0,600.0,26.0,6.0,18.0,health_beauty
77e54bccbb383f52f76910f34d4cda43,1.0,100.0,16.0,2.0,11.0,health_beauty
8650c4bacaf0a2cd9ce38bd72004c276,2.0,400.0,18.0,18.0,18.0,health_beauty
37c4c3f162a9549087175b1391df2f02,1.0,975.0,19.0,12.0,15.0,health_beauty
a669398f595527fc03acc1ebda6b3cce,2.0,300.0,20.0,10.0,15.0,health_beauty
169837a0e2864f37482261c3d7a2dd80,2.0,350.0,20.0,20.0,20.0,health_beauty
4b7abf05291c02396d0c60ed5e03e2a9,1.0,2100.0,24.0,26.0,24.0,health_beauty
75aabf28c2ab4533f72b84fb5b061354,1.0,4050.0,25.0,22.0,21.0,health_beauty
f4d1833c85057a25ac14374dda132701,5.0,200.0,16.0,5.0,11.0,health_beauty
3133d254cf85a65d8e94f39e38ded239,1.0,283.0,17.0,11.0,16.0,health_beauty
d4cd62aeff97bcd3154deb9488f0cc5c,1.0,450.0,16.0,2.0,11.0,health_beauty
189e539d996a9b8ba4bba1a140a024a7,2.0,300.0,20.0,10.0,15.0,health_beauty
8b0229efd2d204e26dca4fb9d3eda08c,1.0,4000.0,30.0,35.0,30.0,health_beauty
373ad61ecfb4f1bd97ce0de42d3d9f04,2.0,300.0,16.0,9.0,15.0,health_beauty
feddfbd2585f9007f7ed77b1d1ae8d80,1.0,700.0,16.0,16.0,15.0,health_beauty
c033d17d5564326cf7986e7ffda1cf60,4.0,1350.0,42.0,12.0,11.0,health_beauty
28e4cc79e14821f63f876cb3b2f52eeb,1.0,400.0,20.0,9.0,15.0,health_beauty
acef497c1130f71ccfe63aaa1c9a607d,1.0,200.0,16.0,6.0,11.0,health_beauty
732b161706d966d09976eec245d8b3bf,1.0,2100.0,30.0,17.0,17.0,health_beauty
5cd053141f4add1fc0a9ea4fb43242db,1.0,850.0,31.0,14.0,20.0,health_beauty
c14d410aea63d378e1934e00f20924cc,1.0,2000.0,22.0,12.0,16.0,health_beauty
931c60354b3929e5d44693757b11b5c0,1.0,375.0,29.0,4.0,16.0,health_beauty
64eb8b21706b8e2c733ba16bf02a1537,1.0,1100.0,20.0,14.0,16.0,health_beauty
fc13bac52be6640d9a77f54894e2c0e6,1.0,550.0,17.0,9.0,13.0,health_beauty
47ed9bf58ec9b274dd4effeb9c75f117,1.0,300.0,21.0,6.0,14.0,health_beauty
4be566f7ce6887d7ba428bccab9db80d,1.0,4800.0,27.0,22.0,39.0,health_beauty
b586bd078d2983fc172740035eb9cd3b,1.0,200.0,16.0,21.0,23.0,health_beauty
5fb0031ce4395d307321919f71ffbdf7,3.0,859.0,25.0,20.0,18.0,health_beauty
fdc0fe1b7ae4cdf11202504eb045b0b9,1.0,1188.0,19.0,12.0,17.0,health_beauty
aa48d4f285b37252409e6f9fcb0b8ffb,1.0,440.0,19.0,15.0,14.0,health_beauty
2905bcccc19e845ff57663618d52febe,4.0,1900.0,28.0,5.0,16.0,health_beauty
ea5774e69135147e6f0e1eb593d9b105,3.0,500.0,20.0,10.0,20.0,health_beauty
c93558f621dc5b9277a19f009b83aaaf,2.0,200.0,21.0,8.0,11.0,health_beauty
77b91313bf9acf3eabf9abc503d99366,1.0,452.0,25.0,11.0,15.0,health_beauty
b0456bed910862a9189f7db732e7a2ff,1.0,1450.0,35.0,15.0,20.0,health_beauty
dcfeedf441c38e5e7e58ffce194af2bb,1.0,30000.0,67.0,64.0,61.0,health_beauty
980f472a1354c8366960f7c4528c470e,1.0,350.0,19.0,12.0,13.0,health_beauty
c57c6b0b6d9868bc2164f6182b52d9ca,5.0,300.0,28.0,7.0,21.0,health_beauty
bd9d35f2bce5b870f79e5d7112a01953,4.0,1700.0,36.0,10.0,36.0,health_beauty
95f3db773f64f68c9b7e7c3ee4ecd15e,1.0,850.0,28.0,14.0,20.0,health_beauty
d97e1fd728f059a776579e16c9e69e85,4.0,215.0,22.0,6.0,15.0,health_beauty
0e1cd2215a878ad18b2c0b482330a9aa,2.0,250.0,19.0,8.0,14.0,health_beauty
dfac7527b7d46b412ac29dcabad2f619,1.0,2500.0,35.0,16.0,16.0,health_beauty
3f1a741cf5591384428c1cbb0ef07ec0,1.0,150.0,60.0,11.0,16.0,health_beauty
d325b4b600e06bd11a1f8afdfdf3679c,1.0,950.0,25.0,12.0,19.0,health_beauty
4f6f29245fede78dbd0027274c7bd9a8,1.0,200.0,18.0,8.0,13.0,health_beauty
89a533915d1f4f365c123a333e7b0d53,1.0,2150.0,50.0,50.0,11.0,health_beauty
44a36ac829dfa2dace1d880985b71344,3.0,243.0,20.0,14.0,19.0,health_beauty
154e7e31ebfa092203795c972e5804a6,1.0,100.0,20.0,15.0,15.0,health_beauty
2535db191954746776aa1f51dc1a9651,1.0,350.0,18.0,14.0,15.0,health_beauty
52a0cc66507fa8ae445cc135c69e6d96,1.0,4375.0,28.0,28.0,28.0,health_beauty
719d571299707561c34ba04ab867b32a,1.0,434.0,20.0,16.0,18.0,health_beauty
c5f80e9b4f6f51bc7cdb5d004643262a,5.0,8900.0,38.0,88.0,30.0,health_beauty
79b1bbaa733d92414726da0dc53e221c,3.0,850.0,27.0,4.0,11.0,health_beauty
91d192f809ce47b73e0080288da65f34,4.0,670.0,17.0,11.0,14.0,health_beauty
9226bd32a68934187cdb36243076ba99,2.0,250.0,22.0,12.0,17.0,health_beauty
221682b067ae8e8460ae2517e7e25e11,4.0,250.0,19.0,11.0,23.0,health_beauty
47f4c1c7335bd22493bf6f376ee9fa6b,1.0,560.0,20.0,12.0,16.0,health_beauty
25bd33730dc67d9bcd87dc05dedfd2da,2.0,1350.0,42.0,11.0,12.0,health_beauty
e50d281842fc4e385e897713deeae9c2,1.0,500.0,16.0,5.0,12.0,health_beauty
19c91ef95d509ea33eda93495c4d3481,1.0,700.0,25.0,12.0,19.0,health_beauty
3085b422a5fd43e691b42df75c8a63ba,2.0,1500.0,53.0,48.0,30.0,health_beauty
4645dbced3aa2868c85f6031f226ed5b,1.0,700.0,16.0,16.0,16.0,health_beauty
8ac83e639035f00faa972f1fb0063b4e,2.0,150.0,20.0,10.0,20.0,health_beauty
cd8c7501d1e3a66f282dfed8dbd5ab9f,1.0,3700.0,40.0,10.0,20.0,health_beauty
947f602dbb2ac7b6795cc5b1f0508a52,1.0,100.0,16.0,5.0,17.0,health_beauty
3f3d9760b163e08f9566ea1b2b8e1cd4,1.0,1100.0,16.0,15.0,13.0,health_beauty
36f78198534cccd08c53c29b56e82d55,2.0,150.0,16.0,6.0,11.0,health_beauty
79ce45dbc2ea29b22b5a261bbb7b7ee7,2.0,1000.0,25.0,6.0,12.0,health_beauty
252dc1fbd22786a5305623453f8eaf8b,8.0,100.0,28.0,13.0,12.0,health_beauty
0d90fced28b749fa0468818d98cb8212,1.0,983.0,41.0,23.0,35.0,health_beauty
f6584475ef4b8710cec93be723766326,1.0,527.0,18.0,16.0,13.0,health_beauty
fe7d52482b17e6b3466f4b8f3ce51a9e,3.0,250.0,23.0,7.0,15.0,health_beauty
d245838e3d0b2b51d751ccdc98885a8e,1.0,50.0,20.0,15.0,15.0,health_beauty
d10fd5adeab7535975993cbc2ce64b56,1.0,738.0,17.0,19.0,15.0,health_beauty
a379052f2b3b2388e071828bc4eba5fa,1.0,270.0,19.0,20.0,19.0,health_beauty
282dcadbd8c61f52f06a8ae802b54ee6,4.0,3300.0,23.0,23.0,23.0,health_beauty
1b6033cbf12974cf79c1cccbf8592ffd,1.0,250.0,17.0,12.0,12.0,health_beauty
fb61913f136b043fa02aef89b739fd1a,1.0,1400.0,20.0,40.0,20.0,health_beauty
8e3a9b154a86602302ce789b9eb8b6c7,1.0,700.0,25.0,12.0,19.0,health_beauty
0a37e05528984f47c754837344732fbb,2.0,800.0,40.0,20.0,30.0,health_beauty
8ccda06566781fb3616d798bfe2fa783,1.0,433.0,17.0,17.0,15.0,health_beauty
6256f069a778d733a18702d577570abf,1.0,3600.0,45.0,11.0,15.0,health_beauty
ede062bcd13ef64b5cc87369e4edaf62,1.0,250.0,16.0,5.0,15.0,health_beauty
8f57a6aa2cf90f5f8a7c3cbe60d14af9,1.0,419.0,22.0,14.0,18.0,health_beauty
c0874e1265b2428abc4d213e9fa6beb3,1.0,300.0,19.0,12.0,13.0,health_beauty
229e0aa8bfc8fc368eab501695dbcef3,1.0,400.0,18.0,9.0,14.0,health_beauty
2e2b9bfa91068239d5fb2b39764b92a5,1.0,50.0,22.0,3.0,15.0,health_beauty
7b6669ccb9510397f7923a979c895733,1.0,450.0,25.0,9.0,17.0,health_beauty
97d27432ff43bde88266c3a3c42f4386,1.0,200.0,16.0,9.0,12.0,health_beauty
1166c098840d03686b633fe2612c5f2d,2.0,200.0,20.0,10.0,15.0,health_beauty
d801653b991d31a3df73fc859f1ce0ec,1.0,683.0,22.0,17.0,24.0,health_beauty
d585c50d622ff40b4d69959caa42a5a3,1.0,1036.0,20.0,19.0,14.0,health_beauty
68b54eaa499e3d2537fba64f2b6a1b9f,2.0,200.0,18.0,6.0,15.0,health_beauty
7f999994d36cd33919418f07aecb7e93,1.0,150.0,19.0,8.0,13.0,health_beauty
b756577e274d3a4793fc27209d7072db,1.0,200.0,16.0,4.0,16.0,health_beauty
f5d9f3f39171645ad59c424570874afb,1.0,450.0,16.0,15.0,15.0,health_beauty
0b349a8595d271e85a0514fe541953fd,1.0,400.0,16.0,10.0,20.0,health_beauty
ecd4ecd11a1bdbd279d1852fe373eb6f,3.0,600.0,16.0,2.0,11.0,health_beauty
7099b88be79102f4ec1fb1410b28d466,5.0,500.0,27.0,14.0,23.0,health_beauty
bbe4dfe43d77a5d150ed30618b20db25,1.0,2300.0,33.0,10.0,16.0,health_beauty
76c73618750ec1718b6f51a96c498f93,3.0,575.0,25.0,13.0,16.0,health_beauty
2b555b49c7de9f3035c7723eeeb334fa,1.0,413.0,20.0,11.0,13.0,health_beauty
077599a82ee54960bc4f4c941b0d1359,3.0,1600.0,18.0,8.0,20.0,health_beauty
f07c770a1f1628deda545e01082a0d6d,1.0,599.0,16.0,10.0,14.0,health_beauty
0ed9a84687fad2d921b09b0ebcc4cded,1.0,30000.0,55.0,75.0,61.0,health_beauty
b47b33081c41014bc9f372b9a63228c0,1.0,700.0,22.0,11.0,16.0,health_beauty
5b0b1b9c6b42c532349cfa6d0d5bfa58,1.0,1550.0,25.0,23.0,23.0,health_beauty
f23c48d81cd6a0c87f5c3b14aac68371,1.0,900.0,30.0,30.0,16.0,health_beauty
0b52764083ede22c5acb8a573d859ddd,1.0,1200.0,25.0,13.0,20.0,health_beauty
f883f9b139767a9577cdb99523c31d06,1.0,1150.0,30.0,12.0,16.0,health_beauty
dd52cd5fbf92f8068dc66246821d3253,1.0,700.0,16.0,24.0,16.0,health_beauty
78b3226efe135da4f498eee302f4d4be,4.0,383.0,19.0,12.0,16.0,health_beauty
8971b502ef885ceacff5dd02b873cdf6,1.0,750.0,27.0,15.0,18.0,health_beauty
b4c955e468e720ec3e213a2152f7d46a,1.0,250.0,27.0,10.0,17.0,health_beauty
3eb130ebc817c46e7f7e9c9b00b7f75a,1.0,1725.0,16.0,30.0,16.0,health_beauty
fe75529a267b76ac6e96f0c322a899a4,1.0,304.0,20.0,15.0,15.0,health_beauty
9217cd4b28552bdbb33d5eab7036c9c0,2.0,450.0,20.0,20.0,20.0,health_beauty
83de011a17eb6035fe818aa81832ac94,2.0,200.0,25.0,10.0,20.0,health_beauty
310ae3c140ff94b03219ad0adc3c778f,1.0,2000.0,30.0,12.0,16.0,health_beauty
8d29622ad4b816113fa721f21af4f667,1.0,4200.0,30.0,10.0,20.0,health_beauty
270516a3f41dc035aa87d220228f844c,3.0,800.0,21.0,4.0,15.0,health_beauty
570c59d31475234150804a4ac2b3b9c3,1.0,450.0,16.0,10.0,20.0,health_beauty
fda2e10316a83bcf6ffa52fc891642f2,1.0,1000.0,25.0,19.0,15.0,health_beauty
d43ee56f2821be64f6bd3c3af659789b,1.0,200.0,16.0,17.0,11.0,health_beauty
b150110bc5afad8ff2cce5cd50c8e2a2,1.0,367.0,24.0,14.0,23.0,health_beauty
fc6f75aed00a45312365ba4a37adb3f6,2.0,250.0,27.0,5.0,16.0,health_beauty
4c7d4a2efde21e3bf1660926fabc6a9d,3.0,250.0,18.0,10.0,15.0,health_beauty
466bf8874eb69e8561cf834878015050,3.0,800.0,16.0,2.0,11.0,health_beauty
665dcf48bfab7017f4ac917abaafac4f,1.0,310.0,20.0,22.0,22.0,health_beauty
d309288ee9ab5d3d3326efb574f9b555,1.0,150.0,25.0,6.0,15.0,health_beauty
3288d87408bc4a61d7672f10aaa96e8e,1.0,318.0,18.0,12.0,16.0,health_beauty
ffd34459c21034d1da6df9800de0d7a3,1.0,150.0,23.0,7.0,17.0,health_beauty
c909912a223f3d98dd5c1eac6e93fecd,1.0,300.0,20.0,10.0,15.0,health_beauty
c49bb7184818a1945f531caf0ab8c27c,3.0,550.0,16.0,7.0,24.0,health_beauty
7518c51f502ca391864ea9b073e634d6,1.0,200.0,16.0,7.0,15.0,health_beauty
0d27851a74a2b7abf8e6daa991d005f8,5.0,350.0,25.0,15.0,15.0,health_beauty
b0adc96f418350c23fa6ce8a1d0aa328,1.0,613.0,20.0,7.0,11.0,health_beauty
8828464e34fc3da3892f568218e14d61,1.0,3575.0,21.0,18.0,22.0,health_beauty
a90ef57c59c6996ab4d11165dda4ee6e,1.0,300.0,20.0,20.0,30.0,health_beauty
84b07ca699022a5dde105eddb4aac42c,1.0,3400.0,21.0,25.0,20.0,health_beauty
9c7a34846a13f5d0a066eb6af9ecbd87,3.0,900.0,23.0,5.0,15.0,health_beauty
1b34de23397f9ce6cd0f7afa27b60eac,1.0,430.0,22.0,17.0,21.0,health_beauty
7c1bd920dbdf22470b68bde975dd3ccf,2.0,200.0,22.0,10.0,18.0,health_beauty
9373355c0da0bbda1d469b3504731ccb,1.0,50.0,20.0,20.0,16.0,health_beauty
cfef9c856c09723e61b5eeaed5aa2d55,1.0,300.0,16.0,6.0,11.0,health_beauty
951b0c4b9f14bd5f821ceffb3cd6bdeb,1.0,606.0,19.0,12.0,16.0,health_beauty
4b2772e2e34787603725226af352e466,1.0,200.0,16.0,9.0,14.0,health_beauty
2ccb88cb2c4943230baf9a184b76b76d,1.0,550.0,20.0,14.0,14.0,health_beauty
e4ca96fc59c4c8b33c732c377b5c773f,1.0,1233.0,21.0,22.0,16.0,health_beauty
a11b842166a17bc29bcdcb3cb45a50e3,1.0,19600.0,40.0,35.0,46.0,health_beauty
cb7c5ecc59b4812139816ae4fca6fc5c,1.0,5400.0,38.0,18.0,22.0,health_beauty
661a91a30ea8c794b9f0b1797d8832c0,2.0,900.0,20.0,15.0,20.0,health_beauty
40609ed7bf566f65da3424c1f2d1949a,1.0,350.0,20.0,15.0,15.0,health_beauty
c589625c8ccc7bfd2e8f1fb041e24c4a,1.0,150.0,22.0,3.0,15.0,health_beauty
119618b5b8b80a24cd99506dd5424864,3.0,200.0,19.0,11.0,23.0,health_beauty
01a52711e989a817ab8100ddcf8d2940,5.0,1500.0,16.0,35.0,11.0,health_beauty
82df58fc3b035fa426a2b49c76d08183,4.0,350.0,25.0,15.0,15.0,health_beauty
d4a816cb2593a92590cabdaef6549b90,1.0,700.0,22.0,6.0,12.0,health_beauty
ca3c22c251a7108b6b122830eb0c60be,1.0,1307.0,23.0,26.0,20.0,health_beauty
de80c37c338574091896b7fdc81dc376,1.0,333.0,17.0,17.0,15.0,health_beauty
06605f576f31279bada4552051c88fa8,1.0,100.0,19.0,5.0,13.0,health_beauty
0c104824e973388d487c67a3d346e96d,4.0,19300.0,26.0,61.0,40.0,health_beauty
9b239ddc71920a6c762514e65bd0b810,6.0,50.0,19.0,11.0,23.0,health_beauty
0ae6a95572c97bf4c2552e0d27762c5b,1.0,355.0,16.0,15.0,14.0,health_beauty
a339bbe3ca97f9ea3c3828f4e7de5309,1.0,725.0,20.0,16.0,19.0,health_beauty
f3f77f4a417da1f06a6e0eb648d20a87,1.0,1200.0,16.0,9.0,13.0,health_beauty
f5b42cb359c4fe66e9e90f93dc97e516,2.0,450.0,19.0,11.0,13.0,health_beauty
9e61f47367a7a1d6cafa44817f88f8db,1.0,364.0,18.0,14.0,14.0,health_beauty
a80b3c9fe4065f8159d873438f88be4e,2.0,300.0,23.0,7.0,12.0,health_beauty
9ea1152d6d52dc57ab2ea49aa626adc1,1.0,1067.0,22.0,19.0,19.0,health_beauty
81d2fa5b1805af5f9e0d08af321b2f35,2.0,100.0,20.0,15.0,15.0,health_beauty
e3d080fd5b3ce383ec62cf67d4cb8238,2.0,150.0,16.0,13.0,11.0,health_beauty
9fe7b856a0ad542b2234c745ffc12409,1.0,400.0,24.0,24.0,16.0,health_beauty
d6443622b97746fcd40fefeac38a9964,1.0,293.0,21.0,12.0,17.0,health_beauty
774e44c7114a86fdacbc4f2c762be83b,1.0,150.0,16.0,7.0,15.0,health_beauty
c3674fb8631d709e138f75fad3bf1b01,1.0,1607.0,22.0,16.0,18.0,health_beauty
b48d3e49914549b781c0b59f819b398e,2.0,1200.0,20.0,20.0,20.0,health_beauty
e0bd815514869624f892b0230926a2d7,1.0,675.0,31.0,21.0,21.0,health_beauty
7fb9118562782456232ad0c6e54386be,1.0,2200.0,36.0,11.0,19.0,health_beauty
9ab817d90bc61ed772ffea01b4cdcdb6,1.0,450.0,20.0,12.0,12.0,health_beauty
5a68d72870a735b2e7ec0277013f7aa6,1.0,150.0,16.0,11.0,11.0,health_beauty
bec79420ffee0e0e76e3b4cce2c4b1a9,1.0,1200.0,18.0,14.0,14.0,health_beauty
9853476587e82bdf31cd50479173e1c3,1.0,675.0,16.0,14.0,15.0,health_beauty
1e071ffaca5d72ab7d58901d01b38280,1.0,300.0,21.0,8.0,27.0,health_beauty
136b005b69367b661e552c94cd28a37e,1.0,2200.0,20.0,20.0,20.0,health_beauty
65bfaa2fff2cfb55a0b7a466549e6758,1.0,2000.0,30.0,12.0,16.0,health_beauty
495bddc7440e227dcf4af56f47749587,1.0,867.0,13.0,14.0,12.0,health_beauty
dabdc2874e4fc6d00d647f150317d29d,1.0,300.0,19.0,17.0,15.0,health_beauty
c5e40a9da6e1df4edf4c4e95d7c4bf0c,2.0,250.0,26.0,26.0,11.0,health_beauty
6a041eb6fc1af9d2634e039453f67598,1.0,2000.0,30.0,12.0,16.0,health_beauty
71d3eb56de43c35d4386dcb564a0fc92,1.0,650.0,20.0,14.0,15.0,health_beauty
c202b596f6f2dafcad69ea9d86fbaaff,1.0,350.0,19.0,13.0,14.0,health_beauty
f1bad58626618e14b6b25b096acee146,1.0,150.0,22.0,3.0,15.0,health_beauty
43f911ac50adc19a96cd523ade4e7cca,1.0,1617.0,19.0,15.0,18.0,health_beauty
4724ffa427f315c485e39b02e21859b2,6.0,550.0,16.0,9.0,11.0,health_beauty
34cca2ce290bf56db69e0f6d2104fc37,1.0,150.0,23.0,4.0,17.0,health_beauty
c1b908d9b4d79147d9ce5f0289745353,1.0,300.0,28.0,24.0,11.0,health_beauty
3c4fa3a3881df35a8f19bec369491d50,1.0,606.0,19.0,11.0,16.0,health_beauty
ee5329ffbe604bebcf84b2fd7792024e,1.0,250.0,23.0,7.0,15.0,health_beauty
9b056287fe05c2dfb1394ff376621eca,1.0,800.0,21.0,20.0,16.0,health_beauty
de4fdf07188007d3f9847a7ebe30039c,1.0,450.0,16.0,15.0,15.0,health_beauty
a357f84a03304a2b4e051596920249eb,1.0,850.0,25.0,13.0,16.0,health_beauty
6c5572c3342540c8847e2c17ea817038,1.0,5150.0,16.0,16.0,16.0,health_beauty
50b82b74dfaf7b1e257d85b3e58bb977,1.0,300.0,19.0,7.0,12.0,health_beauty
a6f2ba5bb6d6d36ac92ed1faf4d123f2,1.0,450.0,20.0,15.0,15.0,health_beauty
6f46359e56f51d5deded13adcd1c255c,1.0,650.0,16.0,16.0,16.0,health_beauty
79938780eb7ffb7289f59a9a283bc06b,1.0,1300.0,20.0,20.0,20.0,health_beauty
a42d0a44db77a6ed7945bb5c78da1398,1.0,200.0,20.0,10.0,15.0,health_beauty
f90c81e1fa9b03873a387e7919e99b59,3.0,310.0,16.0,12.0,9.0,health_beauty
22ca1399dde9714934f8ec09b6aca2fe,1.0,1650.0,31.0,26.0,29.0,health_beauty
7569eb05a9b91e5137cd9cf7494043e5,3.0,434.0,21.0,14.0,21.0,health_beauty
7b813bcc93ea73f063db20ce6c3911c4,1.0,537.0,23.0,8.0,14.0,health_beauty
4182ad8f6fd91b6064f2d1097d8a4291,1.0,1097.0,18.0,18.0,16.0,health_beauty
0ba8d6ed826271d06a9ebd6e3c3e8b3e,4.0,400.0,25.0,5.0,12.0,health_beauty
9e3a963e739c0a28056ba2ab33dc3ec2,3.0,1500.0,20.0,22.0,22.0,health_beauty
1c5e5b3851dcb42f81def7b900898c83,1.0,300.0,16.0,16.0,16.0,health_beauty
33fac76e7f17367dedaef7954bbb33b4,2.0,550.0,20.0,20.0,20.0,health_beauty
7e0f1b886ed1dd65930f3b9a30d563d2,2.0,900.0,94.0,31.0,41.0,health_beauty
20daef67faad9f39084ec8812b1dc6b4,3.0,100.0,25.0,2.0,15.0,health_beauty
7210a4f2afef1f72df88723e733ef68b,1.0,150.0,26.0,7.0,16.0,health_beauty
8bff0b13faf092077c3bba691c07ff16,4.0,879.0,31.0,15.0,24.0,health_beauty
9bc7d25a36d620cf449cfdebe3de132f,4.0,500.0,20.0,7.0,20.0,health_beauty
14449f70527389068db24e234b28a37d,4.0,300.0,20.0,2.0,25.0,health_beauty
2610a3a6c0250a7f4411801a8cf376c7,5.0,750.0,19.0,13.0,15.0,health_beauty
e135dad580bf1f80d9e2828e5e85e7a6,2.0,200.0,16.0,14.0,16.0,health_beauty
2d89e78798ca1f317b4d3a96c74248ba,3.0,200.0,23.0,7.0,15.0,health_beauty
68c01f1f3e73b30776f7d737f6a012ac,1.0,350.0,18.0,11.0,11.0,health_beauty
400a9b04cf215f1074b01b1d6c6104a4,8.0,2250.0,35.0,8.0,35.0,health_beauty
d68016a0051f17a09f4491ab62e2bd28,1.0,800.0,30.0,30.0,30.0,health_beauty
1873d47fb47e167da1520bd9ffbb8f79,1.0,1250.0,16.0,32.0,12.0,health_beauty
0e54696a1223698bef52eeff59a10098,1.0,1250.0,26.0,21.0,16.0,health_beauty
bfa56a308202301eca94dc7f8b5c3dca,1.0,350.0,16.0,7.0,11.0,health_beauty
69c3a9ec3f1094ad11505df27ddad569,2.0,150.0,20.0,10.0,20.0,health_beauty
43cc8e4d981bc04b9d78b12e8a908d41,1.0,11450.0,80.0,26.0,26.0,health_beauty
1f75be631e988bb0ad750e60e18d043b,2.0,200.0,25.0,10.0,15.0,health_beauty
d3153ef55a46de1972249b0a044c5bd7,1.0,1400.0,20.0,20.0,20.0,health_beauty
e034c021254ff4d8da4e936e047967af,1.0,150.0,19.0,14.0,16.0,health_beauty
6d0064c2c27664982756ef1dabd3ba8a,1.0,1150.0,19.0,15.0,15.0,health_beauty
77440e31527d8fa95aaf43bef08068fe,1.0,500.0,20.0,12.0,13.0,health_beauty
5911ffedc1c50c813140e8a27035f2bf,2.0,633.0,18.0,16.0,14.0,health_beauty
0ed0b763ec2b2da79223ed78dfc0263b,2.0,1150.0,26.0,12.0,24.0,health_beauty
ceb9134650bd7cae74affc51800f309a,3.0,1100.0,32.0,8.0,38.0,health_beauty
d4e19eb1e5c5d6194af618d3a67de4e6,1.0,300.0,16.0,20.0,15.0,health_beauty
6abd84909e8ed79ef808c16f90b91093,1.0,250.0,16.0,5.0,15.0,health_beauty
0c761b0e33d708e6a3694a94ac4b82c4,1.0,2200.0,35.0,10.0,18.0,health_beauty
62efb2cde9269a637ebc6d2c0e02edfb,2.0,250.0,16.0,6.0,11.0,health_beauty
16cbef36125de420ec9ae948425a6a68,3.0,525.0,30.0,6.0,13.0,health_beauty
9b20328274686c13d92234f6c1447c18,1.0,1250.0,30.0,12.0,16.0,health_beauty
757b6da408dc043a090dd89a90e8d4b9,3.0,100.0,16.0,5.0,20.0,health_beauty
3d388ad844800bc833bd3e880740917f,4.0,9500.0,95.0,15.0,65.0,health_beauty
7c2d0df8e5fbfa71d54a400b33a8502e,1.0,138.0,12.0,9.0,18.0,health_beauty
00210e41887c2a8ef9f791ebc780cc36,6.0,300.0,30.0,15.0,15.0,health_beauty
c3eb7064c36408a9bfc77a42d6ab993c,1.0,30000.0,55.0,75.0,61.0,health_beauty
caa41bf17e27022341da028e79152c4c,1.0,180.0,16.0,13.0,11.0,health_beauty
050d890ccc1c0874e166c9af9c6dd821,2.0,350.0,22.0,12.0,17.0,health_beauty
a77746494183161cdab587cc8428ca8c,1.0,2175.0,36.0,11.0,19.0,health_beauty
398f22ec36f9955449190bf09e971d83,1.0,1750.0,16.0,16.0,15.0,health_beauty
5de86da99512dc2f7efd46c262af9c8e,1.0,1083.0,19.0,18.0,18.0,health_beauty
7b8c427eb09be88d32fcfaa8018f5caa,1.0,2000.0,30.0,12.0,16.0,health_beauty
25287671dbfca39d8aecdd754c28b269,2.0,1600.0,16.0,10.0,14.0,health_beauty
b1f4ba08a7cc4ec6ba47a54fe99beea4,1.0,200.0,20.0,4.0,11.0,health_beauty
1a20fafcc7f7eba192f047da438a0bb4,1.0,400.0,25.0,5.0,16.0,health_beauty
fa76b5636dfcd56d3d02b6657b64fb67,1.0,2175.0,19.0,28.0,24.0,health_beauty
809f2a482cb6abfaa2cc24167538f57c,1.0,300.0,16.0,17.0,11.0,health_beauty
4f0abfbee7569e43b80f9aaa256a9bf8,1.0,150.0,22.0,3.0,15.0,health_beauty
c3b4729646369fa6b490fc0b732ab443,1.0,1078.0,20.0,17.0,19.0,health_beauty
fa8b90b254398a181c77d51bae41eada,1.0,5550.0,50.0,11.0,60.0,health_beauty
be7bcd2421313e6b35f03717b13f5ff3,4.0,1600.0,18.0,34.0,27.0,health_beauty
e435ceb7ced9b8446defd858630454ed,1.0,440.0,20.0,11.0,17.0,health_beauty
195a72beccf48da20d71e2d7530b470a,4.0,425.0,20.0,11.0,14.0,health_beauty
70accfd08e04dffc605f6577d4e852c4,1.0,350.0,28.0,24.0,11.0,health_beauty
ccb5b6def674efaec461d386ac2ec146,3.0,600.0,18.0,30.0,30.0,health_beauty
781a5256893d06b9526750ff0b5f50e4,1.0,225.0,18.0,11.0,14.0,health_beauty
5baf51b71ace9afbb38f0b161f0c098b,1.0,800.0,20.0,15.0,15.0,health_beauty
60de781b3b48e9203b98776db5bd3035,1.0,250.0,21.0,17.0,17.0,health_beauty
b2467a0d160e2d74cf50312ff80e75c7,1.0,2000.0,30.0,12.0,16.0,health_beauty
7281fb0ce17b91ad3102548544f07981,1.0,650.0,50.0,10.0,15.0,health_beauty
c78c6340ae7cb2e130f1d7dd49bd0f96,1.0,675.0,27.0,14.0,16.0,health_beauty
6e9e036c6017814b391e3059fdc9d315,1.0,350.0,37.0,10.0,17.0,health_beauty
628f5ed6c14790dcb9233c8dbf596175,1.0,555.0,30.0,12.0,16.0,health_beauty
a7e0919795bd6324004da7131002d3b6,1.0,521.0,22.0,19.0,27.0,health_beauty
8d71779211b8e5ff41a75ae32857a23f,1.0,550.0,17.0,14.0,15.0,health_beauty
b91b2431ca8a681073c72cab18054e6e,1.0,1200.0,30.0,12.0,16.0,health_beauty
aa70ae9ee9a798d44ae6e00ce6d82cb1,1.0,150.0,22.0,3.0,15.0,health_beauty
49d7eb00f7557973ece1df7ff7ed415b,1.0,200.0,16.0,6.0,11.0,health_beauty
6ddcabeba730cb81a3c9570a595a12da,1.0,700.0,30.0,12.0,16.0,health_beauty
592622a6e083df9d90d48ee459f6ed80,1.0,175.0,19.0,18.0,18.0,health_beauty
62a4a26db134b53fdcc0cd817c2175f1,1.0,400.0,19.0,28.0,17.0,health_beauty
b74e0968890981b1e3ef7e98df23ed33,1.0,200.0,24.0,5.0,16.0,health_beauty
0984eaa8480e41aded35bd7b5131a1c1,1.0,30000.0,55.0,75.0,61.0,health_beauty
a4462e7d5df840cbd075f0224bf42554,4.0,550.0,30.0,5.0,20.0,health_beauty
7bea3672d6a87d1d816cda1283bd1cb8,1.0,3400.0,55.0,50.0,11.0,health_beauty
73db26ba1eb13dd2d0e1991a3ac6943b,1.0,3900.0,30.0,13.0,26.0,health_beauty
2e64d11879c5bbda600381dbb5452a38,1.0,1350.0,26.0,18.0,11.0,health_beauty
634256dbcd184b3757ffd7632c9fe52a,1.0,150.0,16.0,5.0,17.0,health_beauty
6f57ca539fb6b20b79a272e17194d9c9,1.0,400.0,20.0,5.0,11.0,health_beauty
7648a2a07675230af77cdcd849834e57,1.0,1600.0,25.0,20.0,20.0,health_beauty
748fec9ebeacfa6835fb4d6894c49869,1.0,900.0,17.0,7.0,12.0,health_beauty
24bc2932a12c983f8e76d828b65cf39b,1.0,380.0,17.0,11.0,13.0,health_beauty
d7763817e6c04ac719414a48dd46928e,1.0,1700.0,18.0,36.0,27.0,health_beauty
5b757fed0d82a5850bcf22f01af06c6b,1.0,450.0,23.0,23.0,21.0,health_beauty
540a51ebd9cd8f5714698467afc89071,4.0,200.0,36.0,16.0,36.0,health_beauty
a334304f952399f2161225628a9d2891,4.0,300.0,18.0,10.0,14.0,health_beauty
b8b426747049f2d3d6e00b486d47dedb,3.0,1250.0,42.0,11.0,12.0,health_beauty
871238c57d25f282d163be9e712c36a9,1.0,2400.0,30.0,12.0,16.0,health_beauty
b05d2b2b1c20296cf580164a3c6e173b,3.0,50.0,25.0,15.0,15.0,health_beauty
afdca9f0ccd47943dcb8dcec1518da63,1.0,500.0,16.0,16.0,15.0,health_beauty
5fef486f2057e10fd91e167348812b7a,4.0,1200.0,43.0,9.0,23.0,health_beauty
9b51d10170f788eda1e19bd4e8d2d06e,7.0,700.0,19.0,11.0,23.0,health_beauty
67473aa97e981b3b8abaa6a8a768eb26,1.0,400.0,38.0,12.0,25.0,health_beauty
39731b928af43b0f49dd60d4706e403f,4.0,20100.0,90.0,60.0,20.0,health_beauty
ef9f0516d07f695fa0eae9a8169c8fdc,1.0,250.0,22.0,3.0,15.0,health_beauty
6d0d7c2d9a4b8b79dbc12c47c74349dd,1.0,300.0,18.0,9.0,12.0,health_beauty
30e010e9df8943899f267097d49b5c1a,1.0,1300.0,22.0,26.0,20.0,health_beauty
4a85b07765a341b846c963da0381db96,1.0,4350.0,16.0,16.0,16.0,health_beauty
cf84f4d055494a42ee49d58b5f82afa2,1.0,1600.0,30.0,30.0,16.0,health_beauty
608f44934fbb70de5e05998ae59f4e46,1.0,150.0,22.0,3.0,15.0,health_beauty
05fa60020215fd65f8f8b9dd441f864b,1.0,250.0,23.0,9.0,14.0,health_beauty
99051458e8e83372d619c3092f874824,1.0,1150.0,16.0,16.0,16.0,health_beauty
f605c14485b0c4f34011ee7658887ef1,1.0,550.0,16.0,16.0,16.0,health_beauty
7cd29da0653abeb444703cc5a957f479,1.0,1029.0,20.0,15.0,17.0,health_beauty
beaf3fee881a18c9b8f551d4fc88f90b,1.0,875.0,22.0,15.0,12.0,health_beauty
04939dcb29e2a26106610d8e1ef03b98,2.0,600.0,24.0,18.0,23.0,health_beauty
2eb3f7edda1f0799d78ffade55e64374,1.0,1400.0,90.0,27.0,20.0,health_beauty
f97f7f15dc57882fed36ae1dc9de8090,1.0,150.0,16.0,7.0,15.0,health_beauty
836c9611edefc9a7015fc464453ed246,1.0,460.0,18.0,12.0,15.0,health_beauty
2f785af0f4f132585052347521b90b29,1.0,529.0,20.0,18.0,16.0,health_beauty
ffaf0af7eebb57c7f262b51ebb05dfd6,1.0,1255.0,18.0,17.0,16.0,health_beauty
c9676685ee3aec26dd274549d54b85f6,1.0,200.0,22.0,5.0,12.0,health_beauty
bdef40d64bf3de5f773c8f461b0bf167,1.0,150.0,19.0,8.0,13.0,health_beauty
c9e53dd69a11a579c7cf58da80dbe762,1.0,2700.0,98.0,15.0,15.0,health_beauty
e2c49770bf52260e9960ccefdd38e960,1.0,400.0,16.0,16.0,16.0,health_beauty
59891d75ce28f4e94a9d8ed9693c6554,1.0,1450.0,30.0,30.0,30.0,health_beauty
5cb3d4a74d94e03c6b504197d6fb93b5,4.0,1250.0,18.0,21.0,27.0,health_beauty
629576b997e202bfb375fc3538a1c838,1.0,1400.0,19.0,28.0,17.0,health_beauty
0d22e0d0bfa33bac40ccd83ae1c0649d,1.0,300.0,18.0,11.0,18.0,health_beauty
f2af004352a06a99dca765596240cbc3,4.0,100.0,29.0,5.0,15.0,health_beauty
fb89f7ed5be9848869c6b3688f96d982,1.0,400.0,16.0,16.0,16.0,health_beauty
1c1baeabe25824c8c22b511643852906,1.0,457.0,19.0,12.0,16.0,health_beauty
d06466afa11453b6450b70992c90ece7,1.0,550.0,20.0,12.0,12.0,health_beauty
817880704f1fcf911b4342385f701fc1,2.0,650.0,28.0,11.0,15.0,health_beauty
5858f45c20fde7d7e49af37a2166635a,1.0,2300.0,17.0,9.0,32.0,health_beauty
af1adc5466b28e90f0878a07ef26d3e3,2.0,700.0,16.0,16.0,16.0,health_beauty
418aafa8794c4c22bacfa453f98bbf26,1.0,600.0,17.0,18.0,17.0,health_beauty
88d79d63d20f4183d9ed1144cff05d8e,1.0,250.0,16.0,15.0,11.0,health_beauty
7824bce065d8704739ac0fc0c8135d04,2.0,7400.0,34.0,25.0,17.0,health_beauty
1e859a053a2210cb74b1134e0419b1dd,1.0,450.0,30.0,30.0,30.0,health_beauty
30dd7828143f0bc56bd4f6beeb3e8d04,1.0,300.0,20.0,8.0,13.0,health_beauty
9882de2a7da613f71ce16f22e42d50d8,2.0,250.0,16.0,4.0,11.0,health_beauty
e224d922abe83aaa3e7c47962cbbe1ff,1.0,1200.0,30.0,12.0,16.0,health_beauty
b8212b3bd65a9c7070e474f1430c94de,7.0,1025.0,33.0,36.0,31.0,health_beauty
aed75ad669fbebd5a385ac7cc2ae7573,1.0,30000.0,50.0,75.0,56.0,health_beauty
cea0783f5748d01abec8fd268dccba49,1.0,1150.0,30.0,10.0,17.0,health_beauty
c0abb5707b6d57b4e7d9797222a77fc8,1.0,417.0,25.0,7.0,22.0,health_beauty
e00a570d375c55a1858a08669ae684df,1.0,300.0,19.0,12.0,13.0,health_beauty
4c41f7f8ca78f88fa539d43d08c504d3,1.0,900.0,20.0,11.0,15.0,health_beauty
3a5d13e02c3e967997b9a3a3f632fbf2,1.0,300.0,22.0,19.0,22.0,health_beauty
b2b7d701c1f12d5a0f52ec90b0a8f819,1.0,30000.0,55.0,75.0,61.0,health_beauty
5099f7000472b634fea8304448d20825,1.0,375.0,26.0,11.0,18.0,health_beauty
b5500cdcf54793ca1dfbd654bdfbc20a,1.0,350.0,25.0,12.0,19.0,health_beauty
94147506059b815e058b7ffeb6b671b9,2.0,200.0,18.0,8.0,12.0,health_beauty
e41879396cfe504fa2e6951eb7e5a76c,1.0,500.0,19.0,17.0,15.0,health_beauty
2b4609f8948be18874494203496bc318,3.0,250.0,22.0,10.0,18.0,health_beauty
ccd07b6f4549c05a7e7c2ede0569fe49,1.0,642.0,18.0,13.0,15.0,health_beauty
5188466ac1bca9e8317ef320cd279b89,1.0,217.0,18.0,5.0,15.0,health_beauty
15ebe9dfd8d6e1cce0d81bce5de8cffc,1.0,320.0,19.0,14.0,14.0,health_beauty
00878d953636afec00d3e85d55a12e7f,4.0,2550.0,38.0,42.0,25.0,health_beauty
f158c89259d05ad3364be59f73e753c3,3.0,500.0,25.0,38.0,30.0,health_beauty
174f6dbd30e54c690ac97b27a3a793fa,1.0,200.0,26.0,6.0,18.0,health_beauty
111e2f43245b193147270aba6d558129,1.0,150.0,16.0,3.0,15.0,health_beauty
76ad24d8518857df0f3dc45b2f5faf2d,1.0,350.0,16.0,19.0,15.0,health_beauty
3c39f47a2595ed6989c1357d7926acd8,3.0,50.0,19.0,11.0,23.0,health_beauty
83294cbb80def7b3b28087e0d2078d8a,2.0,217.0,27.0,12.0,17.0,health_beauty
408e83214d33817b4bc554f392509088,1.0,2570.0,24.0,23.0,21.0,health_beauty
b60a0c8bd0333c69ee70565973709bbf,5.0,650.0,16.0,10.0,11.0,health_beauty
7c88ed4fc8c3ae3a1e08a074cbfc9a88,1.0,1317.0,22.0,28.0,17.0,health_beauty
bfe05de8c1ac3259ae43ada77182d840,1.0,2400.0,30.0,20.0,20.0,health_beauty
d86a0708a75b7ba0080d94dc632fbc23,2.0,200.0,16.0,10.0,16.0,health_beauty
f98ab3dc92c46ebabdc8f613acfae537,1.0,210.0,33.0,8.0,19.0,health_beauty
21538f484ba135893f2b51c8b8750966,1.0,550.0,16.0,20.0,16.0,health_beauty
b3436add9bf37c33b8299b4a7ef57599,1.0,367.0,18.0,14.0,17.0,health_beauty
f110ebb80f170dbfc737459f401902b8,3.0,450.0,40.0,7.0,20.0,health_beauty
1860189a4eaca04ccb8324bf0ea4384c,1.0,188.0,18.0,18.0,18.0,health_beauty
96c1f14a0754e0f2c40523478a4075df,1.0,150.0,16.0,7.0,15.0,health_beauty
990a2a3f3eb2d34d94b735af4a339f16,1.0,1375.0,23.0,14.0,16.0,health_beauty
f744c6a73a924600d92abc66a44d4f7f,1.0,3350.0,36.0,22.0,22.0,health_beauty
addd109cd809043dce31d9d023f51ed2,1.0,342.0,18.0,14.0,14.0,health_beauty
eeae7f73dc4d5690cd92f81ec2abd064,1.0,50.0,16.0,3.0,15.0,health_beauty
58306668d7263e8ebd2d5c69ef31cc23,1.0,5300.0,25.0,105.0,12.0,health_beauty
8281b348c92d101d10c17e412b99d748,1.0,2000.0,30.0,12.0,16.0,health_beauty
2fa9519c1258135c0ef52f270afb560a,2.0,383.0,25.0,11.0,15.0,health_beauty
25a1dc8e424d78921fdd4d787f355a23,1.0,1317.0,20.0,19.0,16.0,health_beauty
15a8b28443e64b840cc27ee2491507d4,1.0,750.0,20.0,20.0,20.0,health_beauty
0983cd4a5cabf1099659ce461511963c,1.0,350.0,35.0,16.0,20.0,health_beauty
b28428391b08e61232dcc1ccf6bf71bc,1.0,3600.0,40.0,11.0,21.0,health_beauty
30d755143f7313a7c3d24f936273dc19,4.0,667.0,30.0,16.0,16.0,health_beauty
96693703af76b26b2d20895a71ea98b4,1.0,450.0,86.0,15.0,15.0,health_beauty
c38458375b2a89d0c8a6313b016dcdc7,1.0,150.0,20.0,20.0,15.0,health_beauty
6f560724f3fa3fdb4940c4fd4996a359,2.0,200.0,18.0,11.0,13.0,health_beauty
aadff88486740e0b0ebe2be6c09476ae,1.0,250.0,16.0,5.0,15.0,health_beauty
73914fe8c3e5b38fa0155ab051c6c1d7,3.0,775.0,28.0,15.0,16.0,health_beauty
1f413d93546f7ee41457fa988ddd82ed,1.0,500.0,18.0,18.0,18.0,health_beauty
963b76d8d107ef0f1c293c1a967cc08d,1.0,1106.0,19.0,22.0,18.0,health_beauty
3d37da85f5e66558333fb5daee494736,1.0,1400.0,20.0,20.0,20.0,health_beauty
ba0d049a05e69aa1b806f625df623063,1.0,700.0,31.0,13.0,21.0,health_beauty
697003a5ca90721f0b466f5ffb5d8fbb,1.0,567.0,19.0,10.0,13.0,health_beauty
cde6874b9722e3220ecedf04958dcd4c,1.0,700.0,25.0,12.0,19.0,health_beauty
bb9a7bcdb8c9facc7f1262db27fb1300,1.0,150.0,16.0,5.0,17.0,health_beauty
f10a869cdfe48a282e6dc920da718e9e,1.0,700.0,19.0,17.0,15.0,health_beauty
1967b3c67cc667c147fd88be33ac848d,1.0,1425.0,17.0,28.0,15.0,health_beauty
b1981e2c01dadbfbc44f735b74c5038f,1.0,500.0,35.0,12.0,18.0,health_beauty
7835ede5064512ab1149ab95c1d55421,2.0,1350.0,19.0,28.0,17.0,health_beauty
8ca6ebfd6293a5b03f104d27c4945718,1.0,1200.0,25.0,12.0,19.0,health_beauty
441d07171060d7bca33d9946d792da25,3.0,400.0,16.0,8.0,11.0,health_beauty
04c31b0da644f1782603183f8fba274c,3.0,225.0,18.0,8.0,13.0,health_beauty
ed43976cb61c922803515e4963d9e5cc,1.0,2500.0,35.0,20.0,20.0,health_beauty
0f6fe4862e89ffc00d229ccb2fc46159,1.0,483.0,16.0,16.0,14.0,health_beauty
b9d7ac642a8bc2e57bb577ea0bfa3a15,1.0,200.0,17.0,10.0,14.0,health_beauty
98ec655119c24de03b804696821f3955,1.0,200.0,20.0,20.0,30.0,health_beauty
6030a4783b8f3adc3d0e392b0df67064,2.0,225.0,18.0,19.0,17.0,health_beauty
c7db42c313bd0a455af61d77976dce18,2.0,700.0,17.0,20.0,17.0,health_beauty
176b5cf1bc33d549356b072323692f0f,2.0,761.0,28.0,13.0,20.0,health_beauty
f43ac43eb75aca4dac0ce5671b5facb5,2.0,150.0,20.0,10.0,15.0,health_beauty
ea4202e8bb909ce3b62009e02da04a54,1.0,286.0,16.0,18.0,15.0,health_beauty
12a6286d3f2b371cc37370f3aa324b96,1.0,583.0,17.0,11.0,12.0,health_beauty
53078c8d0c5db76c536e1d2244ac63e4,2.0,300.0,16.0,11.0,12.0,health_beauty
2c23d4e9b76629ed407ba453e405034f,1.0,800.0,18.0,18.0,18.0,health_beauty
e2f1ccf86759df28dd1e9f2e0e3242d4,3.0,400.0,18.0,9.0,28.0,health_beauty
9c5c6989f78912e5eca376eb0eda483f,1.0,1150.0,22.0,5.0,16.0,health_beauty
69c58bb97c8d7b75fad9e6c1d391fda6,1.0,1650.0,28.0,14.0,20.0,health_beauty
367dae93cb327a921daba5eddd2dc401,5.0,300.0,20.0,8.0,26.0,health_beauty
192d363be840c4c307c77a1880c1d8d6,1.0,300.0,28.0,24.0,11.0,health_beauty
421fbb32d56489554d727fbd4b2fa65d,1.0,650.0,20.0,15.0,15.0,health_beauty
dd89d65fbdcdde1b2dd534d255797c71,1.0,200.0,22.0,2.0,15.0,health_beauty
79863f997e214f8f98c423694c745f3d,1.0,1450.0,30.0,12.0,16.0,health_beauty
c1124abcc7a081c6f00f97c9135522fb,3.0,100.0,34.0,2.0,26.0,health_beauty
b38af792344fd2204db614a9c189e3b2,2.0,150.0,18.0,15.0,12.0,health_beauty
4f33e0de0408eb2d6238a9f41f55acb4,1.0,200.0,16.0,8.0,11.0,health_beauty
4100a608bd0aa524b06ffefba973707b,1.0,688.0,17.0,13.0,16.0,health_beauty
4d397d263f26b146e2305cfecf8193ba,3.0,300.0,20.0,10.0,15.0,health_beauty
3cacd5299c846cb08ae1e445fd78392b,2.0,350.0,21.0,14.0,17.0,health_beauty
d1d3cf795364e3380f9412941d8a8758,1.0,200.0,22.0,5.0,15.0,health_beauty
9835bbd4ce057f9d65bc826bd578c93d,4.0,550.0,21.0,4.0,15.0,health_beauty
8e436253e3c4eeacc3b2757482517200,3.0,100.0,16.0,5.0,20.0,health_beauty
2d75b9adc67c44c0967c56919c165354,5.0,400.0,27.0,14.0,23.0,health_beauty
8b1490c8e82581bd050b41bd709a6364,4.0,100.0,22.0,3.0,14.0,health_beauty
08ca55f13fdc7712bc93387c2f66e3a4,1.0,200.0,22.0,10.0,15.0,health_beauty
99b5175198369d12de8feee13dafac16,1.0,225.0,28.0,15.0,17.0,health_beauty
6c8ddb5440080718b5110d82c7ae1faf,1.0,200.0,30.0,3.0,40.0,health_beauty
8fe6ecd5b3782f101ac483a1f26946f2,1.0,1300.0,16.0,11.0,11.0,health_beauty
765b5cdbf629b3d9ada3953e999c3ac0,2.0,2350.0,20.0,20.0,20.0,health_beauty
2814b5e91ca5da1c238fc3ddf9616832,6.0,350.0,16.0,7.0,20.0,health_beauty
527a40078203cf108551cf90f6e3b018,1.0,445.0,16.0,22.0,24.0,health_beauty
8ea996926ff2f9c0e50e2f70b8e01051,1.0,1100.0,16.0,19.0,15.0,health_beauty
c7df652246ed7b3300aaf46960c141e4,1.0,683.0,29.0,15.0,22.0,health_beauty
03d5bcd7db52bee20887c5034650185d,1.0,575.0,25.0,20.0,23.0,health_beauty
b41d86054cccdd1d4bb6c1835bfee57c,1.0,500.0,23.0,5.0,11.0,health_beauty
0d2865788d929343bde828269ea3dd8e,1.0,1925.0,37.0,6.0,37.0,health_beauty
11068d52d5927407c556ffd893c3feae,1.0,2300.0,30.0,12.0,16.0,health_beauty
8e6e09d38503b28b4d2f3f0450bd6fc9,1.0,250.0,16.0,10.0,20.0,health_beauty
56f096959d0abfbb601eaf570323d766,1.0,950.0,20.0,20.0,20.0,health_beauty
c872a0597aebcf0777299db27d6d94d4,1.0,3600.0,16.0,28.0,11.0,health_beauty
4c05be00027392c898ab59a94fad2151,1.0,250.0,26.0,5.0,18.0,health_beauty
957bdadbdfc3aa7b33ac86d926721838,1.0,450.0,20.0,15.0,15.0,health_beauty
5a3564d805d5fb2e52e88bb740d9b4ea,1.0,200.0,20.0,10.0,20.0,health_beauty
224f4ce3262279a31db214df54befe1b,1.0,350.0,19.0,12.0,13.0,health_beauty
9db80a1001d694e578f7e4ed77db792e,2.0,200.0,25.0,15.0,15.0,health_beauty
baa1fd3231ef36f7fea009503748eab4,4.0,400.0,15.0,13.0,14.0,health_beauty
072beb18e7e338f786c4984843463ea9,1.0,325.0,16.0,16.0,16.0,health_beauty
8ab46c51f623061b5d81424699d885f0,1.0,600.0,16.0,20.0,15.0,health_beauty
3f9db4ff95890df33167856d315a05bc,1.0,1750.0,23.0,23.0,22.0,health_beauty
b973581b7ad538c460edbf9378b173ad,1.0,350.0,16.0,19.0,12.0,health_beauty
ed0a1bec6300918e25cecb6cdb2a2c0b,1.0,50.0,18.0,12.0,15.0,health_beauty
739623b89d74a8fe22a2c7c8d77b12ec,2.0,200.0,40.0,5.0,11.0,health_beauty
3a362c0e7f9a69276e2d95869a3e143b,1.0,150.0,22.0,3.0,15.0,health_beauty
bb225b185b631d856dc1580ca5c3708e,4.0,1300.0,42.0,12.0,11.0,health_beauty
bc9b777dcebf814cf56193dcef254448,2.0,250.0,16.0,5.0,20.0,health_beauty
e08192138b9dd9d108e24309947e57f7,1.0,1200.0,16.0,16.0,16.0,health_beauty
d76b0c7f80641d892f4e650e74e4c120,3.0,1150.0,50.0,10.0,15.0,health_beauty
fff81cc3158d2725c0655ab9ba0f712c,1.0,58.0,16.0,16.0,11.0,health_beauty
bbc5419bc92d76e27795c9ec2c233c64,1.0,30000.0,55.0,75.0,61.0,health_beauty
7d537f37cb20c7ccb74397390322047d,1.0,2000.0,30.0,12.0,16.0,health_beauty
253e743996e4439451bbb1137c3e7b6c,1.0,850.0,23.0,15.0,21.0,health_beauty
788c7d26301bf6647bc50339f16fe67b,1.0,150.0,16.0,5.0,12.0,health_beauty
acd2d6114d9aa5687e8cdd898d5311b3,1.0,500.0,18.0,10.0,13.0,health_beauty
b8a0d73b2a06e7910d9864dccdb0cda2,1.0,371.0,20.0,16.0,16.0,health_beauty
8ceb6a29cf065f382c7b8cbc9fea3a84,1.0,200.0,22.0,3.0,15.0,health_beauty
ff28477a5bcb2fc34bb86a6c2eea1566,1.0,1250.0,30.0,25.0,30.0,health_beauty
7417df21911850fd367d69e73c4b36d1,5.0,700.0,30.0,5.0,20.0,health_beauty
a0cd083b8a1be0f8c310806e72bf47f3,4.0,300.0,20.0,11.0,11.0,health_beauty
82e7ca24faa9dc9a072f94e0ac420c95,1.0,400.0,22.0,19.0,21.0,health_beauty
de9c7592ce4a5f5ac77c2f360698d44e,1.0,2500.0,30.0,10.0,20.0,health_beauty
9dfef86fb34051388a7263a31642386c,1.0,30000.0,55.0,75.0,61.0,health_beauty
0f39dd7b84f0532254c167aa5ad6bbca,1.0,333.0,21.0,9.0,21.0,health_beauty
a44f1df44a1ab489c5e635885e91c9ed,1.0,2229.0,32.0,20.0,21.0,health_beauty
eab77f3ca90afdb347367c198efdb8be,2.0,250.0,22.0,12.0,17.0,health_beauty
c06d2c20b8ddf6d40c23294a6e361c78,1.0,1250.0,30.0,12.0,16.0,health_beauty
61a38bd03317883e6e6501dfa2b16430,1.0,606.0,20.0,14.0,18.0,health_beauty
44e5dd2a8bc1c55eeeffac2f3df1e8cc,1.0,800.0,28.0,29.0,28.0,health_beauty
4c2394abfbac7ff59ec7a420918562fa,3.0,600.0,33.0,19.0,13.0,health_beauty
11059273f4bc1a293777e98c89807c62,1.0,1050.0,22.0,15.0,17.0,health_beauty
6d5b0463de821d49fa92da09e30a4846,4.0,650.0,27.0,4.0,11.0,health_beauty
2d5048c4ed646aca81a68ed8dc2051e9,1.0,372.0,19.0,14.0,16.0,health_beauty
14e3c0e17eb29fa9b3492b3956d4371e,1.0,767.0,22.0,18.0,20.0,health_beauty
0b82f8e74a871a1bcba36e9b14facd44,1.0,50.0,16.0,9.0,11.0,health_beauty
50cada320c34c3d63fa8598fdda8e06e,1.0,233.0,42.0,21.0,26.0,health_beauty
8378dd5a08699f8c95ea6f6c147d4e83,3.0,400.0,18.0,8.0,18.0,health_beauty
5e3b4b17383b90a3129e552bd71bf2b8,1.0,1450.0,20.0,15.0,15.0,health_beauty
9711e523a681d75526ae8a1e98c8b2b8,2.0,350.0,30.0,5.0,12.0,health_beauty
f6fad60be7dd27d515ce0c99b3d39f6a,2.0,1250.0,35.0,35.0,11.0,health_beauty
4ef2894feb9fb3f164a68f654f841447,3.0,1500.0,50.0,20.0,20.0,health_beauty
494e5f4c3ccfa2520421fc87b9d368b5,1.0,230.0,16.0,16.0,16.0,health_beauty
656e6ea7d86cf0008e67b693d33cc357,1.0,100.0,22.0,3.0,15.0,health_beauty
99d6706e504e4c358c2b5dc88e828d74,1.0,370.0,25.0,14.0,13.0,health_beauty
68cc4dfa6d309a9477fc1678d020e3e5,1.0,700.0,16.0,16.0,16.0,health_beauty
f8b09faf273ab8c2cb4209378253f56a,1.0,1200.0,25.0,19.0,18.0,health_beauty
341d85d688ecc3353cf2a968e7ad0dbf,1.0,350.0,16.0,10.0,20.0,health_beauty
68106dcce45696d316763cb7e5678487,1.0,500.0,20.0,12.0,14.0,health_beauty
43b54d1fc56ff394092a3dff6be2d39f,1.0,150.0,22.0,3.0,15.0,health_beauty
a067f34727f55a883d84f5b3a5c72255,7.0,350.0,19.0,11.0,23.0,health_beauty
f08d78a6e7eecc6f3f51fad33ce7be1b,1.0,1454.0,19.0,18.0,14.0,health_beauty
0e453d51e0da8f98a7297b61328d9a8c,1.0,200.0,17.0,13.0,13.0,health_beauty
37664a6100bf523c545b7040be69ad00,1.0,1600.0,21.0,16.0,31.0,health_beauty
d1c5f5c04952de3143b1cb8820a73f53,1.0,250.0,21.0,10.0,17.0,health_beauty
5c221d7a454aa9da974e1685157d8216,1.0,400.0,21.0,6.0,14.0,health_beauty
297b52b57d258e1a40202d4f9fb7e38a,2.0,150.0,20.0,17.0,21.0,health_beauty
59bcfc096cb9fa35b5c5294582c78486,1.0,3500.0,35.0,30.0,15.0,health_beauty
fcf19b6b1ff4a17bcd6ca9675b58aa6f,1.0,725.0,26.0,17.0,22.0,health_beauty
8141daa1ca889b50094987ed7858337e,1.0,50.0,16.0,11.0,16.0,health_beauty
cc961d60c672271c34511cd57140a646,1.0,200.0,30.0,3.0,40.0,health_beauty
92e106929b560a1609803a97c48a47d2,1.0,200.0,20.0,20.0,20.0,health_beauty
3e6849c6e53482c55a97363674027b4a,1.0,200.0,37.0,10.0,17.0,health_beauty
d153700e4a62e8079fc5d05db31e6003,1.0,232.0,35.0,9.0,20.0,health_beauty
01b0238705b6ae8e35c6fea837e6ae4a,1.0,900.0,20.0,4.0,11.0,health_beauty
80c8ded77011b1d2c8e3bdbff65eab23,1.0,200.0,22.0,3.0,15.0,health_beauty
4e4385e1755dee0c4c4b30aea0c0debd,1.0,1500.0,16.0,16.0,15.0,health_beauty
6cd1945e89970ad5992f82541a227c36,1.0,1325.0,30.0,25.0,25.0,health_beauty
03c0275df9996ed2720b28488c7946d4,1.0,300.0,22.0,5.0,15.0,health_beauty
3cb35b42508b97cb50eb1f1090c9d719,4.0,600.0,18.0,9.0,12.0,health_beauty
4ecb2783e8ddc82d12ff22a32b7490c2,6.0,450.0,27.0,14.0,14.0,health_beauty
531875d56f35380c3a6c52d9c3b005f6,1.0,350.0,16.0,7.0,16.0,health_beauty
58c41dff5d439e3f6260765550748762,1.0,1600.0,47.0,18.0,26.0,health_beauty
778602b15c75fe9eab7692fc81fb3ca1,3.0,200.0,16.0,2.0,11.0,health_beauty
ee104243151384e66a6758c637d7c096,1.0,1350.0,16.0,87.0,18.0,health_beauty
71040c7f50609abf6865f4429f8b1035,1.0,3450.0,30.0,30.0,16.0,health_beauty
5eeb7a5563e8de6571e6ef18a65477c8,2.0,300.0,16.0,4.0,20.0,health_beauty
bd2208216bc0c202640ae18c57e0f483,1.0,700.0,16.0,16.0,16.0,health_beauty
23f52db82a2a0f55b0a1c1ae5b696013,1.0,1600.0,50.0,16.0,40.0,health_beauty
c615ac0ef96d723029051d29d7cd2d16,1.0,100.0,30.0,12.0,16.0,health_beauty
bd378eb2fc8d592ac989db18fb35bbf2,1.0,5575.0,28.0,23.0,28.0,health_beauty
50908a7240199b240e6d857e740cafd8,2.0,429.0,19.0,16.0,18.0,health_beauty
965ab297b516455ba5bae37d17bc51f8,1.0,1100.0,25.0,13.0,20.0,health_beauty
302ff907f751a6ff40456ba47db233ae,1.0,710.0,21.0,15.0,11.0,health_beauty
9fa7e05ae5cddeb74ff2fe5046b742db,1.0,30000.0,55.0,75.0,61.0,health_beauty
3b123ae5d71b7b0d1b2a3f47c00eec8b,1.0,338.0,21.0,6.0,21.0,health_beauty
ef06c0458c76196646fe25444b793139,4.0,100.0,22.0,3.0,14.0,health_beauty
2527d5ced6628c0e47d84293794bc208,4.0,200.0,16.0,6.0,11.0,health_beauty
9eec04a029e2b9372276f3748011b493,2.0,200.0,20.0,10.0,20.0,health_beauty
32fe2e14dc21d43b5b9bf110de7d3a4a,1.0,400.0,20.0,20.0,20.0,health_beauty
49484d56efdb9b218cbb9f96a117ffd2,2.0,575.0,17.0,15.0,13.0,health_beauty
484cd384cbaef07d790fa5b3747269da,1.0,350.0,20.0,20.0,20.0,health_beauty
ca38c039b717207dec906f4fa9a21db7,5.0,538.0,23.0,12.0,34.0,health_beauty
ea2012e0b6ae52438a98f2c18108beed,2.0,250.0,16.0,16.0,16.0,health_beauty
9759a740aa84f55b71c0c8c306a80737,1.0,1875.0,23.0,23.0,23.0,health_beauty
e9f4db3edb652e8ae0afcdcf04c17b39,1.0,400.0,19.0,17.0,15.0,health_beauty
ccbbe3645167596bb592b1401c72c20c,1.0,412.0,17.0,14.0,14.0,health_beauty
391f848f4bc78479c9370a65a94f1d7f,2.0,2850.0,35.0,25.0,30.0,health_beauty
388a6943ef1d99b81f642a0137bfa5da,1.0,400.0,30.0,15.0,20.0,health_beauty
e8c421a493af37beaefc9092d0798203,8.0,250.0,35.0,15.0,15.0,health_beauty
602be4713d609927aca6161cf5b45220,1.0,200.0,30.0,12.0,16.0,health_beauty
5a7832f159a53d0160326c22fe8e9e17,1.0,500.0,19.0,12.0,14.0,health_beauty
6c712952b8ef62f8d06a0314917400c8,1.0,1200.0,21.0,13.0,19.0,health_beauty
10c1d269f014818d6ed16aff376c098d,2.0,209.0,17.0,12.0,14.0,health_beauty
84e3161e8dd15fb8ae229e8d507c9736,3.0,100.0,25.0,2.0,13.0,health_beauty
2709b7e2e1e0694d32d2b6d88d483597,1.0,190.0,18.0,9.0,12.0,health_beauty
46a4b4529fb2c8fbb84be938c9bb8b02,1.0,1375.0,32.0,23.0,16.0,health_beauty
cff9da3150a0d8147cd1ec0d71681858,2.0,900.0,27.0,9.0,18.0,health_beauty
f58fad95d21fded399cd9a1afec793e6,2.0,350.0,37.0,29.0,33.0,health_beauty
9e10ae46a3021a02f1692448ef9fa1db,3.0,175.0,21.0,3.0,15.0,health_beauty
6e70e2f56d6f07cde6377a05d1679f79,1.0,800.0,18.0,18.0,18.0,health_beauty
9ddefe6012ab29194435ee63df2779a1,2.0,225.0,30.0,7.0,18.0,health_beauty
f068148c48720c66b21825e2c558d493,1.0,200.0,16.0,6.0,11.0,health_beauty
c31aeb5af287a26d96b971c4cca17ece,1.0,200.0,22.0,3.0,15.0,health_beauty
297e9e138160099ba59f8f933de5558b,2.0,300.0,18.0,11.0,13.0,health_beauty
f40876e0ef3cd5f9132b1f16b04b1346,1.0,427.0,15.0,17.0,14.0,health_beauty
a60613d36f37a7b27d3344f40f6a7945,2.0,350.0,19.0,11.0,23.0,health_beauty
9d76340f9824309c5737621474c28ab6,2.0,300.0,26.0,11.0,15.0,health_beauty
b5b5a82ce5f1987b7e670f37629be51b,1.0,1000.0,16.0,2.0,11.0,health_beauty
bdfe450775bde583b7abb5698f1bd6e2,2.0,1600.0,40.0,20.0,30.0,health_beauty
962f5772bee158b6fa65e4112823c598,1.0,4450.0,20.0,20.0,20.0,health_beauty
7cdffa73c5aa5471607b4ac982baa201,1.0,2600.0,40.0,12.0,55.0,health_beauty
71cb198fc9db8f9015998870441d9ef3,1.0,350.0,22.0,16.0,16.0,health_beauty
18d307d967bbf1300aa00b34f34c374c,1.0,4600.0,34.0,9.0,34.0,health_beauty
e339410beae2b9f9987f5a4e0ae007f3,1.0,300.0,20.0,10.0,20.0,health_beauty
e60929757cfd605adb6061bc68412253,1.0,850.0,16.0,30.0,18.0,health_beauty
7ca936dc950df6505bbba4a54a00203d,3.0,875.0,30.0,26.0,28.0,health_beauty
83b6bc973e911a21b156247857bc0f59,1.0,300.0,16.0,18.0,16.0,health_beauty
e82773dd03318132e509b6330c868c7f,1.0,150.0,20.0,10.0,20.0,health_beauty
409ee48b5db216ee69ef004c035ff067,1.0,2500.0,16.0,16.0,16.0,health_beauty
691068f9993552f6ba5a12e4b379b4a0,1.0,375.0,16.0,15.0,14.0,health_beauty
9f10eed205ecad4edb9002f9d0b62ac8,1.0,360.0,17.0,12.0,15.0,health_beauty
546acf50e60127aacaed5190d95bf52b,1.0,2400.0,45.0,30.0,30.0,health_beauty
9348cf658c9f20576186a9f3b82c58c3,3.0,1175.0,53.0,18.0,18.0,health_beauty
c86f95986c7050bf988aed62520093e7,1.0,3700.0,22.0,22.0,22.0,health_beauty
af53bbaeee1f3190c2ff939fc236b6f5,1.0,350.0,19.0,12.0,13.0,health_beauty
ab328a14d2698a726fe1ed2695f5f43c,1.0,983.0,23.0,16.0,15.0,health_beauty
4c6cbc8f097c261f62ae0a8a2660db03,1.0,217.0,17.0,10.0,11.0,health_beauty
3f84f961fb9323a568f07488788a4e6e,2.0,200.0,20.0,10.0,20.0,health_beauty
b7e9c96d27b4890f109a6a1d92b64ea3,2.0,1017.0,17.0,15.0,16.0,health_beauty
32b5089b4627d3303dbe8c1b6314b63c,1.0,4050.0,25.0,25.0,25.0,health_beauty
20e5b387f4e760842c0aeaaca8daf4fa,3.0,400.0,31.0,20.0,20.0,health_beauty
33334a894aca4ac5b4b0832506727673,1.0,1200.0,16.0,17.0,11.0,health_beauty
8c96a6969d0fad20629fec9c1ea45e02,1.0,400.0,19.0,20.0,18.0,health_beauty
d62fefb3c6d0e49ff0c93e48d4445b95,5.0,300.0,28.0,8.0,18.0,health_beauty
ba8ebd875851a6e44d2290d2cbea64cd,2.0,350.0,22.0,12.0,17.0,health_beauty
0e13c4b4092996e086fd789f7ecb3be8,1.0,2163.0,30.0,21.0,25.0,health_beauty
e0cf79767c5b016251fe139915c59a26,1.0,250.0,16.0,5.0,15.0,health_beauty
d5afd45d5c0a2f041ae6dd24b7b3f85e,1.0,325.0,21.0,13.0,21.0,health_beauty
1b43b0a6105ffaa6dae01356daec2657,1.0,1025.0,30.0,18.0,20.0,health_beauty
d5cf579c6679ff170fe911659e186285,1.0,150.0,16.0,2.0,11.0,health_beauty
60ee9861f35c13d4a3a2bc10e86bb05b,2.0,1567.0,35.0,25.0,28.0,health_beauty
8a551a6371de62f6f595bb25c473b877,1.0,1150.0,19.0,15.0,14.0,health_beauty
c2dc995f95d54b9ea6dd4adb9f149ffd,4.0,350.0,27.0,14.0,23.0,health_beauty
096b00d9037146606b19d614cd67ab65,4.0,100.0,16.0,5.0,11.0,health_beauty
78540167bc14d4024b1aae7adfa2f7c9,1.0,350.0,19.0,12.0,13.0,health_beauty
cc8a6ff2506f53b738737ef6b4dccd17,2.0,200.0,17.0,5.0,12.0,health_beauty
bfbc74aa36c840ed231ac481b9b0199d,2.0,1145.0,19.0,18.0,15.0,health_beauty
3a92aca3f76960cbae25ef2496c03e09,3.0,150.0,20.0,10.0,20.0,health_beauty
cf2854dbad42c9f15b2e69add9bcb1a0,1.0,650.0,16.0,16.0,16.0,health_beauty
987c2e418fe5bab68f7823af3919d16a,1.0,300.0,34.0,4.0,15.0,health_beauty
afacf402a384ac6715d297140b5a275c,1.0,400.0,16.0,24.0,16.0,health_beauty
3d9acab1b1c5cd858dab1a3d0872a370,1.0,150.0,20.0,20.0,20.0,health_beauty
57e985ca3ae3b6da2382de45f827017e,1.0,2425.0,28.0,17.0,17.0,health_beauty
ccab0a345f7929a38c73b0f978107e74,1.0,6900.0,26.0,26.0,26.0,health_beauty
2960262e3809a91a7908e9b5c5562e8a,1.0,900.0,17.0,19.0,15.0,health_beauty
9ad035c24a9a92391b9e4be7d07879fd,1.0,200.0,16.0,16.0,16.0,health_beauty
ed60a3c48bc2642660f93ddaeddd6515,5.0,400.0,27.0,14.0,23.0,health_beauty
d0865f170f84c0af4a08bf9298ee83e5,3.0,650.0,27.0,4.0,11.0,health_beauty
50e9e70a21b874311949e3db8ace597d,1.0,694.0,17.0,12.0,14.0,health_beauty
fc831501bb322d6de2ffc32037fe0f34,1.0,350.0,37.0,10.0,17.0,health_beauty
05d3d52aea100aa2f887fd940991f040,2.0,500.0,16.0,2.0,11.0,health_beauty
10be5827cbcb06a81f220d46dafd0af0,1.0,375.0,16.0,3.0,11.0,health_beauty
6de9d1098d3eeb226f460acd98feff19,1.0,250.0,17.0,12.0,12.0,health_beauty
caf1466f581875d1c2d9d94be70b4dbc,1.0,1550.0,16.0,16.0,16.0,health_beauty
7a40001d3da620600ab80109510f3496,1.0,850.0,16.0,24.0,16.0,health_beauty
5ac9d9e379c606e36a8094a6046f75dc,6.0,525.0,21.0,16.0,13.0,health_beauty
912d5af95a68c1f1b7ba4b69e4344e61,1.0,500.0,37.0,10.0,21.0,health_beauty
277a12fc4d8cd5dae85d0071015bb745,1.0,2200.0,23.0,19.0,21.0,health_beauty
32b4ca7827a47902152f92205f5cab44,1.0,300.0,26.0,17.0,20.0,health_beauty
d13a4acdb64c202e774e815db547e108,1.0,150.0,22.0,3.0,15.0,health_beauty
63b6b1707cbd2e60baa30b4ec66265bf,3.0,257.0,19.0,11.0,14.0,health_beauty
a1b35ee994b8c571119976c30aa07efe,1.0,200.0,18.0,9.0,12.0,health_beauty
d57e44940ef46f6384a6ce75e230ec31,1.0,200.0,25.0,15.0,15.0,health_beauty
046bb8477448980cb3355e0702e77a0e,1.0,1500.0,19.0,29.0,18.0,health_beauty
5b75bff143600c85dd1fe69b7055982b,2.0,350.0,30.0,5.0,12.0,health_beauty
c0f779f1ea544dca9ebf515dd55fc3c7,3.0,300.0,23.0,7.0,15.0,health_beauty
4c4dbaeebae887ed4fae3a70530901a1,2.0,200.0,27.0,8.0,13.0,health_beauty
54f52360a2b571e7d7b54225b74bbccd,1.0,300.0,16.0,4.0,13.0,health_beauty
a92a1952bbae9c20170d082e2bf950ab,1.0,600.0,26.0,9.0,21.0,health_beauty
c1066831f90626b7fd73ed871a49f158,2.0,320.0,30.0,6.0,12.0,health_beauty
e23ba2d67536a20c2646c23694e39cf8,1.0,875.0,18.0,12.0,12.0,health_beauty
f05159152e8d116081d78d5d1f11b062,1.0,200.0,16.0,25.0,15.0,health_beauty
8e0380f7af31ac310915613749090857,2.0,543.0,23.0,24.0,22.0,health_beauty
3b363eb5f320bf6f9a812a5dccb8682b,1.0,600.0,19.0,14.0,11.0,health_beauty
619276505340bdbe2845a35afde86cc0,1.0,350.0,16.0,12.0,12.0,health_beauty
c3040abf937069c3552391d63d89ece1,1.0,550.0,30.0,10.0,17.0,health_beauty
5a6b04657a4c5ee34285d1e4619a96b4,1.0,1000.0,16.0,16.0,16.0,health_beauty
ae6f0a235fafaf39219b83770a3391bf,1.0,150.0,17.0,17.0,17.0,health_beauty
da8b72e46537fe5af3ade4bc6120f05c,1.0,100.0,16.0,12.0,12.0,health_beauty
54860a1533edf6c65d974441713ead8e,1.0,200.0,16.0,13.0,13.0,health_beauty
f6129fe69e08f8a94a3ab1e72d9394b6,1.0,867.0,17.0,27.0,16.0,health_beauty
ed5726c8183554422f610ef95fa19744,1.0,363.0,20.0,19.0,19.0,health_beauty
48b68cf8eebb10e4dbf1b1ba6cf00107,1.0,150.0,16.0,5.0,11.0,health_beauty
2332f34b4b3eb82c326126ed5eef6478,1.0,1800.0,30.0,20.0,15.0,health_beauty
4167a7ae0930579d1f27d465a1a042f0,1.0,150.0,22.0,3.0,15.0,health_beauty
64cc57332d82d99ae365b4f5f1048bd0,1.0,300.0,20.0,7.0,15.0,health_beauty
108e8b1d89ab5ff933c64882c075dcab,1.0,390.0,19.0,18.0,16.0,health_beauty
91b9cfd0719e34084376b88cada067b7,1.0,200.0,25.0,15.0,15.0,health_beauty
1528d0673079ce2d79d29753b800d76e,4.0,800.0,20.0,7.0,20.0,health_beauty
c1af2dbb7ddaa89a57094a6fde7578bf,1.0,900.0,36.0,51.0,15.0,health_beauty
5e544127b9716110dc0cf017218896c2,1.0,2000.0,28.0,19.0,21.0,health_beauty
f100f4ee5e2b55d163a3f7c300c24d26,1.0,417.0,20.0,9.0,13.0,health_beauty
0c61745b90fbcbd2a7ac7d3cccde8776,1.0,600.0,20.0,6.0,20.0,health_beauty
fcf8767deaa2d325a3150d5bcb8acbea,1.0,350.0,19.0,12.0,13.0,health_beauty
c43b672f48eaccbecc94cdf6b4f53485,1.0,150.0,20.0,10.0,15.0,health_beauty
f2d362fbb792bbe0233ab254111eca4e,2.0,800.0,34.0,15.0,38.0,health_beauty
71e2b3f30ba90c0eeaf3d43ec349ca8c,3.0,500.0,16.0,2.0,11.0,health_beauty
29d405763934f77ce87d3cdad21b7805,1.0,2000.0,33.0,25.0,33.0,health_beauty
947c79ffdc05997e940df6e00bc8a82e,1.0,204.0,18.0,18.0,18.0,health_beauty
78e780df15a8af21016b07b8f03b8904,2.0,500.0,16.0,18.0,11.0,health_beauty
3c949f7dabf571691248f935a0063fbd,2.0,150.0,20.0,10.0,20.0,health_beauty
0e7467f597732a74c1f98f7703117626,1.0,50.0,16.0,11.0,16.0,health_beauty
550879cea3c81b3cf707362060e4fa0d,1.0,300.0,18.0,18.0,18.0,health_beauty
753531d6b13f62a1aae9baefa606a470,2.0,500.0,18.0,16.0,14.0,health_beauty
65e3848513c9ab70bf542e5d694cf072,1.0,575.0,25.0,13.0,14.0,health_beauty
8ba1c0c3f71e72e2a934dbbb99314d71,1.0,450.0,16.0,2.0,11.0,health_beauty
16765bcb7b5644f6fd28a40c0cfa2a97,1.0,2550.0,16.0,14.0,15.0,health_beauty
a7206a94bef040212c063390c1f2e4e0,1.0,1750.0,23.0,23.0,23.0,health_beauty
daa5000b84b8bd4a9e8e622f154ac0c5,1.0,150.0,16.0,7.0,15.0,health_beauty
2a303002260ff8749ef2a438413895bf,1.0,100.0,19.0,7.0,12.0,health_beauty
46fce52cef5caa7cc225a5531c946c8b,2.0,54.0,22.0,2.0,15.0,health_beauty
63f9b908e4626ece2e47cec24ff8dd9c,2.0,367.0,16.0,14.0,13.0,health_beauty
1ec597ef2aaee9e73f32a970247f3192,5.0,300.0,26.0,26.0,11.0,health_beauty
57ba617c4fc4ceef2df5f1574e906320,3.0,383.0,18.0,12.0,12.0,health_beauty
d0c7f4863cf1497a8bc855b8b09116bf,4.0,1400.0,23.0,13.0,23.0,health_beauty
a1b951b4a7ac3dcd035bc6532b95ffed,3.0,1050.0,27.0,25.0,19.0,health_beauty
7cb1e417bdc1490f948ee59caccb6e1b,4.0,1050.0,43.0,9.0,23.0,health_beauty
4ede085df4efad73e78ee270b669f7aa,4.0,605.0,34.0,13.0,11.0,health_beauty
32155c6d462c8ed99e97be6be884475d,1.0,2050.0,25.0,16.0,22.0,health_beauty
01c69d0fbb0d9d8f42ac171ac1238233,1.0,30000.0,55.0,75.0,61.0,health_beauty
4e30cdede55788e1239044e270c60229,1.0,125.0,21.0,12.0,11.0,health_beauty
8c154410716f31649d25e436f7d5d838,1.0,250.0,22.0,3.0,15.0,health_beauty
c055bf6d7dda1345d1226b0b3bb42485,2.0,2000.0,90.0,8.0,15.0,health_beauty
23d8439935522540cfd5bbb8b1208a2d,1.0,1450.0,16.0,16.0,15.0,health_beauty
f109f04ad95889f2f041a91afe3d894e,1.0,2033.0,22.0,12.0,17.0,health_beauty
6680a7d71fdc0fe6b6b9a4bef51ea187,1.0,400.0,19.0,12.0,14.0,health_beauty
5e094b8daf1ba2eb4d6c0cc6ac2ad51e,1.0,150.0,16.0,2.0,11.0,health_beauty
5c5a1f21eaee926ccacfbc212a0d860d,1.0,150.0,16.0,10.0,11.0,health_beauty
d12626c1266a0263a1b0d907437b5fe9,1.0,3300.0,24.0,35.0,16.0,health_beauty
fac82ec645519b81e8873570d454f00e,1.0,1150.0,16.0,20.0,20.0,health_beauty
56cfc201c76464fa6c5b3f4a1257fa0b,1.0,2300.0,28.0,14.0,20.0,health_beauty
fa8f466a5cc7c984851474eda1c9e17d,1.0,454.0,19.0,15.0,15.0,health_beauty
667eb888c47a21cb0cf296deb4eb57aa,1.0,337.0,19.0,12.0,14.0,health_beauty
8d063218dab590d1a369a08e761c16e1,1.0,388.0,19.0,13.0,18.0,health_beauty
68e2f443d819056e1a6b7b29729f7bb7,1.0,650.0,27.0,9.0,18.0,health_beauty
d0055a776e27ad64a6fe6b69da52fa8a,1.0,1700.0,40.0,40.0,50.0,health_beauty
fd09697dea5aa0de13308b83c6e03f69,1.0,750.0,25.0,20.0,18.0,health_beauty
bd78aa243ba78f9d4a311681e172b090,1.0,750.0,16.0,16.0,15.0,health_beauty
846b03a807e25ffd1d787e1ff9e0b610,3.0,200.0,23.0,15.0,15.0,health_beauty
8097e6d8de77768d9f72295263e440fa,1.0,224.0,16.0,13.0,15.0,health_beauty
d9af7011ee049dd8e825111c13ab6638,1.0,350.0,25.0,12.0,19.0,health_beauty
0f91b6a95a57a43203a9b17de98960d9,1.0,390.0,19.0,12.0,17.0,health_beauty
8593d4a9cae477bd61f807d9c2b3b4ea,1.0,1250.0,16.0,16.0,15.0,health_beauty
44f90f085c7a825863cbf867990e1513,1.0,517.0,25.0,13.0,16.0,health_beauty
ac2748de1a459f86c302bbda7f6c4181,1.0,1660.0,25.0,21.0,15.0,health_beauty
1e8d46e0cdc62c1ffa69cc04a6f2660f,2.0,250.0,24.0,11.0,11.0,health_beauty
5f42d57952b7815098979a5c4fa6f82a,1.0,150.0,22.0,3.0,15.0,health_beauty
babebd0af88094b11c6374034e7347f5,1.0,700.0,16.0,17.0,11.0,health_beauty
f195a8ce7489c4c4fe613ef84d8dd7a6,5.0,500.0,27.0,14.0,23.0,health_beauty
615ee56e97eef79c2b855111d9434dcf,1.0,450.0,30.0,10.0,17.0,health_beauty
cb43fd7a1263540b74b5212d93ad11a3,2.0,700.0,30.0,16.0,16.0,health_beauty
6f3aab861391bdb91a3899c05faac2c0,1.0,900.0,25.0,19.0,14.0,health_beauty
ba01cebc5a3c2494d0a97d4713ec8938,1.0,1250.0,30.0,10.0,17.0,health_beauty
0a4093a4af429dc0a9334300e5c13ae5,1.0,300.0,16.0,5.0,15.0,health_beauty
8a8ffceebd3e62e6b982760275d38128,1.0,1150.0,24.0,20.0,16.0,health_beauty
79a8800eb81425242b64f54f687f9af3,1.0,438.0,21.0,19.0,19.0,health_beauty
895f8f3b562dbd4186db48121b4d15dc,2.0,1350.0,42.0,11.0,12.0,health_beauty
e552913ea4188584e1da1c487d9cde7d,1.0,1000.0,24.0,19.0,25.0,health_beauty
7fbf3cba00dcf6da3f7c0fe6a162b4c1,2.0,250.0,20.0,10.0,15.0,health_beauty
e531b5635b6b1acbc902a4d3ea268f45,3.0,1600.0,20.0,40.0,20.0,health_beauty
6ec26b3516fecd18cda3001a9c48a242,1.0,100.0,22.0,3.0,15.0,health_beauty
1de1b0e6f3e585714e7ba60c0fa2551c,1.0,717.0,17.0,16.0,15.0,health_beauty
17f6a6d7f6e0334b28d8d026d12db169,2.0,900.0,31.0,20.0,20.0,health_beauty
6f97a895233612b425fbd7ba837a462b,1.0,550.0,33.0,7.0,11.0,health_beauty
03dc797f6faaa324fb633c518ff3f326,1.0,3000.0,30.0,10.0,20.0,health_beauty
35780c73ee3f0cda4f99733734a30cf6,1.0,2000.0,30.0,12.0,16.0,health_beauty
f936a018eafeb52059650c9e977b53eb,1.0,1613.0,18.0,18.0,15.0,health_beauty
7151659c0516da0bb3d9f27312efb652,1.0,2338.0,25.0,23.0,18.0,health_beauty
ace151a1240f7d1645965f9a9ea6c7e0,5.0,950.0,43.0,9.0,23.0,health_beauty
1f0faca592be013ccc1cd6cc5517eef7,3.0,850.0,16.0,35.0,11.0,health_beauty
08462528607b71ea62cbc019d91b001e,2.0,650.0,16.0,10.0,11.0,health_beauty
152d9634a0dd1eccbd43fcd7c3512a14,1.0,2350.0,16.0,22.0,30.0,health_beauty
faf1ee0011431f48e299fe92491a14c2,1.0,700.0,26.0,5.0,15.0,health_beauty
89045cfdb97f8a26621954162a34462d,4.0,433.0,24.0,13.0,17.0,health_beauty
7dddc9aac98dd159ea9e9c1f68654649,1.0,2667.0,25.0,27.0,23.0,health_beauty
9680867d27bf4f20ac82adbe4dbae9ec,1.0,1100.0,16.0,19.0,15.0,health_beauty
544f4b7ff50d0cfa47e70a27458c8d95,1.0,150.0,16.0,6.0,11.0,health_beauty
6480f3f31b23d41c1b8ad051c201b244,1.0,3500.0,32.0,22.0,32.0,health_beauty
d1a57f4402dbfe2cb1c271ad0da64311,2.0,650.0,22.0,12.0,22.0,health_beauty
48d4c64d5e5feb93683c4298fc62790f,2.0,250.0,18.0,9.0,12.0,health_beauty
eff33b4f1723920cf70e2d493a7a5e49,1.0,2638.0,23.0,25.0,22.0,health_beauty
046cf43a5b63303b3c3c4ba076d1d732,2.0,350.0,24.0,5.0,21.0,health_beauty
ea4f6504cf603bc9b3233999c4ba4ff8,3.0,400.0,40.0,7.0,18.0,health_beauty
340e3e28357bb29f7612c86c13d9729a,1.0,200.0,20.0,15.0,15.0,health_beauty
765828bfddc553298bd28c90187d5aaa,1.0,2300.0,25.0,25.0,25.0,health_beauty
9748aa1679e2f9a2655318636b08e3a7,1.0,5700.0,20.0,85.0,20.0,health_beauty
f73d1f2d7bcbf613000d643e7ec9d528,1.0,200.0,22.0,5.0,15.0,health_beauty
60495adb1f1a49c8aea75e5e56a47a48,1.0,150.0,19.0,7.0,12.0,health_beauty
11ae52c87d8eb9c9c9ce5ed52b8efbbe,1.0,100.0,16.0,5.0,17.0,health_beauty
aed5fffd2ace4156544a1571316b8bc8,1.0,200.0,16.0,5.0,17.0,health_beauty
03552ec45033c8658713c541f6af9f05,1.0,250.0,35.0,3.0,12.0,health_beauty
4a4cfb3b649bf26a6ce05ce0069c8b6e,1.0,500.0,19.0,12.0,13.0,health_beauty
f7f7a305e9312614a635f453cf6be7a8,4.0,1400.0,16.0,35.0,11.0,health_beauty
6f726a6d8634ffddcb69ceba5314edf3,1.0,2650.0,26.0,11.0,23.0,health_beauty
1b9b88f6c9d3025e9d3e581758e1e807,4.0,550.0,30.0,12.0,15.0,health_beauty
8a1e1c6e48f0d275628e3c626d57257f,2.0,400.0,30.0,6.0,12.0,health_beauty
8d4dac6177fb8134f26fb4c5cc6c0aff,1.0,250.0,22.0,5.0,15.0,health_beauty
3117effa9f933a3805a309706e949af3,1.0,1300.0,30.0,15.0,30.0,health_beauty
7e8c9cebda42cbe9ae5ae912f81db940,2.0,200.0,17.0,13.0,13.0,health_beauty
2f494871e1d55c5161e63a5cc3f3e983,1.0,530.0,21.0,16.0,18.0,health_beauty
c59a1dc190f9bfe826a1b40edb7593e8,3.0,574.0,18.0,8.0,16.0,health_beauty
e3b71b54330e59e2e4ce7f1052813a08,1.0,750.0,27.0,9.0,18.0,health_beauty
7c0a2a31bc479e366fe9fee1f5bc62b3,1.0,2200.0,25.0,27.0,9.0,health_beauty
e225e558548f7df6a4f4f1d5ee449ff8,1.0,400.0,16.0,16.0,20.0,health_beauty
2dbad6cd56b73cfd7f1885d112d9b96b,1.0,500.0,20.0,9.0,12.0,health_beauty
276d4fcbcec8b8cdb8c373d5ee67e9db,2.0,575.0,18.0,11.0,16.0,health_beauty
2016dc27f7cc30f18815b34170e0ce98,3.0,3267.0,31.0,25.0,23.0,health_beauty
176b54e1ca47c0ec2bc2e298a76adf9a,2.0,200.0,20.0,5.0,15.0,health_beauty
9ad536de496ccba6e4a9ac7be933ad9d,1.0,1200.0,22.0,13.0,22.0,health_beauty
a014ce59dca05d6160b0a995600511b1,1.0,200.0,16.0,6.0,11.0,health_beauty
63b1e1149e547163e18adba529c9cb5d,1.0,650.0,16.0,2.0,11.0,health_beauty
cb6c9dde377d5b512d251e5b115c0b97,1.0,200.0,20.0,15.0,15.0,health_beauty
06cef71c232a9f86d77f004878df253c,2.0,900.0,20.0,33.0,16.0,health_beauty
31fa8a1e88207a7ca942495d88e590c2,1.0,2200.0,28.0,23.0,16.0,health_beauty
b6075e028451d1426b276da0441684d3,2.0,1300.0,20.0,7.0,20.0,health_beauty
f541764c0e99f1a821dc9d5bb1143a88,1.0,275.0,25.0,20.0,25.0,health_beauty
de26d4014234181730a1143f75dad0e7,1.0,100.0,39.0,14.0,11.0,health_beauty
17c8d9777ad1009a904230d2728fa412,1.0,300.0,19.0,7.0,12.0,health_beauty
f41a6dc6692a3c5c21769881b158de3e,1.0,200.0,19.0,17.0,15.0,health_beauty
8fbf9021a217075b130d33b3485e8fb3,1.0,1000.0,16.0,16.0,14.0,health_beauty
2bea2a1842158b9363c4092b11314267,1.0,469.0,18.0,12.0,17.0,health_beauty
3e5047976e9d805d4cb72a96649f9b11,1.0,200.0,24.0,9.0,14.0,health_beauty
0d629cd382c4987f7faf67956dfd103e,1.0,650.0,19.0,17.0,15.0,health_beauty
43df79876ad10b1a273644d9e177da75,1.0,200.0,30.0,30.0,30.0,health_beauty
49cd6408393770922f19ca2925832dcd,1.0,1300.0,16.0,16.0,15.0,health_beauty
192371c441aec10766ea14ff29fef66c,1.0,400.0,22.0,9.0,15.0,health_beauty
1f5b481884bcb937cc06892b7419eaf8,1.0,500.0,26.0,6.0,21.0,health_beauty
04d70d184a7c12c93cecd9c0d8b5ad69,1.0,150.0,22.0,3.0,15.0,health_beauty
8ca5d414f750bd92cedf636c6f5bd355,6.0,350.0,25.0,15.0,15.0,health_beauty
c8e98656b0bfc1efbadc25aa3fb9640e,1.0,683.0,18.0,14.0,15.0,health_beauty
7d7cb1699744aa881c5a06f79cf072ff,1.0,750.0,27.0,10.0,17.0,health_beauty
7097e685b988cf5b54211dbea82fb80a,2.0,150.0,16.0,2.0,20.0,health_beauty
34aec6c5358dee4e71cbaefc14935c5e,1.0,150.0,20.0,10.0,20.0,health_beauty
2483416c14aa8d93dad96745a9230bfa,1.0,500.0,40.0,20.0,30.0,health_beauty
0e56431285bc62af798b89f6650d23f9,3.0,1900.0,33.0,17.0,13.0,health_beauty
462106d3353d7ae3a8a4561f10833aad,1.0,2350.0,16.0,35.0,16.0,health_beauty
5fea1628f3d9680db59c20a4d80c221f,1.0,400.0,19.0,11.0,12.0,health_beauty
16b4473e98422039c388f144a0b16f55,1.0,2350.0,28.0,10.0,16.0,health_beauty
722dc14e0848efdb771dca6de2929c41,2.0,250.0,16.0,16.0,11.0,health_beauty
9351b1e4334769dc0abe871ee3c7abc3,2.0,350.0,19.0,17.0,15.0,health_beauty
e82b2c6e34cf0e72cd9dd14734dfb607,5.0,1600.0,22.0,8.0,16.0,health_beauty
1058e78d49ac73bc388e05633c15f47b,1.0,100.0,16.0,8.0,15.0,health_beauty
488445f08d5b536d6aaa8dfe5c06a3db,1.0,3500.0,35.0,15.0,15.0,health_beauty
205ff90a4060e651110a277efa4633fd,1.0,150.0,20.0,10.0,20.0,health_beauty
ae7d28dfad9876194f728695f1a51283,1.0,150.0,22.0,3.0,15.0,health_beauty
8fde43429d45d1608e0cc39cfc12f133,1.0,600.0,26.0,6.0,21.0,health_beauty
2dd91cf063cf57cb0eebef072746daab,1.0,200.0,22.0,3.0,15.0,health_beauty
9818832859d572545cee5a86ff7f4a3b,1.0,400.0,20.0,16.0,16.0,health_beauty
cd4e24746b06eb6c6f01501e8c92b623,1.0,250.0,18.0,16.0,14.0,health_beauty
b38b25d838ae0b8385e8cc68b9017644,4.0,200.0,18.0,3.0,20.0,health_beauty
3258acb04d37e2f91f76c9250f3b80a0,1.0,200.0,22.0,3.0,15.0,health_beauty
773d43a287d64831b05013a73a33f229,1.0,30000.0,55.0,75.0,61.0,health_beauty
1ef8a6296ad9dd22ff1a386b57709314,1.0,1362.0,21.0,21.0,21.0,health_beauty
b0b7beef8fa67d157bf514f3ee1ad5d3,1.0,217.0,17.0,9.0,14.0,health_beauty
0e6e9a3510d7c927145921c00077a726,4.0,200.0,16.0,2.0,11.0,health_beauty
ae410a493a61c3073fae7d006ba0cc8d,2.0,1700.0,30.0,3.0,30.0,health_beauty
86743ff92eee3d16b7df59cddd583b8c,1.0,540.0,19.0,15.0,14.0,health_beauty
bb4dc25bd765b4b6beb85469e9b4bc55,1.0,970.0,17.0,18.0,15.0,health_beauty
b6c1e56a27659fd3ff8d352d7a24457e,2.0,300.0,16.0,16.0,16.0,health_beauty
ea588d45372c3d1b99f7761e35c2952f,1.0,2550.0,31.0,16.0,21.0,health_beauty
7d773ad4450782f8ee7f88a7ff94f03d,2.0,350.0,22.0,12.0,17.0,health_beauty
7174375d5bea2b7612929eae33df48d1,1.0,500.0,16.0,12.0,12.0,health_beauty
6ef77c360c5206f18e444f0d170a3a01,2.0,583.0,32.0,17.0,15.0,health_beauty
1d723e2d139a9fd6feb67aff90081bbd,1.0,150.0,22.0,3.0,15.0,health_beauty
4c7288d0bf8ea00b7e9de295598d13a5,4.0,2950.0,18.0,26.0,28.0,health_beauty
c40115486002b7890dc20f64f849accf,1.0,1417.0,17.0,25.0,17.0,health_beauty
f3b82a9bd4330abce1d6fc15a966e6d7,1.0,675.0,26.0,20.0,23.0,health_beauty
afb52012e0c69e1b6af6c48d2a62f760,1.0,2000.0,30.0,12.0,16.0,health_beauty
2a0bfe6be429db305a3573662ae96f2d,1.0,300.0,16.0,7.0,14.0,health_beauty
68f2b86d618f20c45d7a0db6db2cc664,1.0,767.0,25.0,13.0,16.0,health_beauty
1aa290cdf7d94d625562f35575218444,1.0,1650.0,23.0,17.0,16.0,health_beauty
f497ba62f1d6b4f6a3a3266fa8623ad3,1.0,83.0,13.0,8.0,12.0,health_beauty
076e4ce53c8914382e7ff3732511b17e,2.0,633.0,26.0,9.0,22.0,health_beauty
a208b8f91710996b4d3de5d3ee103efb,1.0,650.0,45.0,16.0,16.0,health_beauty
cdf0c921e5025a7ad81c1708b27393e0,1.0,6400.0,24.0,15.0,17.0,health_beauty
63f4d40c05db6ade462cecef857eec34,1.0,1200.0,16.0,30.0,16.0,health_beauty
51d646c5c93e0f1de543528d0e24eadc,1.0,1400.0,27.0,10.0,17.0,health_beauty
d12318481f2561883aa76eadb93f798c,1.0,1100.0,20.0,12.0,13.0,health_beauty
c68307fcc510fdd70015276ba94cf5b7,1.0,500.0,18.0,6.0,11.0,health_beauty
cbb702235ad267cca951499fa8475606,6.0,433.0,29.0,8.0,25.0,health_beauty
0a69d717eddde56680a2f9af307f2b05,2.0,440.0,18.0,16.0,16.0,health_beauty
f08e8a22fd29fbb0b2b09c220758575f,4.0,50.0,25.0,15.0,15.0,health_beauty
ae28fd7a149b08a60309551e235d56f4,1.0,783.0,16.0,21.0,13.0,health_beauty
558180406ec5ec2f77e01f2807180c20,1.0,725.0,23.0,10.0,15.0,health_beauty
b0acce29b45d9b1236d4787813058afd,3.0,1150.0,20.0,10.0,20.0,health_beauty
acffe5d7cd56e6b564cf6841486644ff,1.0,200.0,19.0,4.0,11.0,health_beauty
79161ecc0839d5d58374918d289ee6c7,1.0,125.0,17.0,7.0,12.0,health_beauty
1ac94144a305b4bc370804ca0d290490,3.0,100.0,16.0,3.0,12.0,health_beauty
4c9073fdec69bd1812b35ff1a3472aa8,2.0,1717.0,34.0,6.0,34.0,health_beauty
a9d28bf666feccc924dd16f0a19cb70b,1.0,150.0,24.0,5.0,11.0,health_beauty
99b5252f661c113b53ca9fbaae9dd3fd,5.0,350.0,16.0,25.0,16.0,health_beauty
681953ccd5c33207d75571a4bfbe127d,3.0,150.0,18.0,6.0,13.0,health_beauty
3de0f67a3747dbf94f485e9f5843b02d,2.0,200.0,20.0,10.0,15.0,health_beauty
3d9a059cad84dedd0c4cdec92570bf52,1.0,1250.0,30.0,12.0,16.0,health_beauty
994ab76f0da3349fffcfe5d598e9babb,1.0,150.0,16.0,2.0,20.0,health_beauty
eb10fbd5bb2b14db2c080b7fec381b52,1.0,450.0,16.0,16.0,16.0,health_beauty
574a84e6ebd42413eb6d2a7e97f04612,1.0,2000.0,26.0,17.0,19.0,health_beauty
3b99375795409600e7924e00452855c0,1.0,400.0,20.0,11.0,12.0,health_beauty
856b55eef75569bf5ec655e857bf84f7,5.0,550.0,29.0,7.0,22.0,health_beauty
679d1a26cc192f14e7e30ae397f8b089,2.0,350.0,20.0,10.0,15.0,health_beauty
eb9cd977eb3e9530f59495b4a93e173e,1.0,300.0,19.0,12.0,13.0,health_beauty
c1d14f1a3879495b9df24a6c48880642,1.0,1538.0,18.0,19.0,18.0,health_beauty
3868f82bc773d8de017afc65aa1fd803,1.0,933.0,17.0,12.0,14.0,health_beauty
9ac1378f05cd222b3fb34a3cccc626c7,1.0,1075.0,21.0,19.0,19.0,health_beauty
b1acb7e8152c90c9619897753a75c973,1.0,200.0,20.0,15.0,15.0,health_beauty
113691e29d92130f086ef9c9a463db10,6.0,900.0,27.0,4.0,11.0,health_beauty
e178e8610a35f4d6c9b0934fb5e20e85,1.0,929.0,24.0,16.0,20.0,health_beauty
5840dc6e051b1a6974ff206c4c454afc,2.0,357.0,16.0,17.0,17.0,health_beauty
1c47e837f2780378d8485d04ab83a45d,1.0,375.0,23.0,18.0,23.0,health_beauty
ef7939a961d77a1dc60ee5b933fec5ec,1.0,1017.0,27.0,13.0,20.0,health_beauty
05649d71cdf7d7ec2bbd7a717179de0f,4.0,350.0,25.0,15.0,15.0,health_beauty
813a30050677eb6996e12eea9ad400bf,5.0,12000.0,65.0,30.0,40.0,health_beauty
12e1e59e227d4d5da8efc0dd17831a3b,3.0,250.0,25.0,15.0,15.0,health_beauty
be5353e2c543ba4f67831f95d3775420,3.0,150.0,43.0,11.0,18.0,health_beauty
062364f1fb1943481de879618fc37cdb,1.0,1225.0,19.0,23.0,16.0,health_beauty
c950e249236ca11aa3353e291793a3e1,1.0,300.0,30.0,15.0,15.0,health_beauty
2c7d6cb2b1eeccd3ecadf62d0e60b90b,1.0,2800.0,18.0,19.0,18.0,health_beauty
eb9b44e05684527fbfdfd0ff5cb86250,3.0,400.0,18.0,9.0,28.0,health_beauty
cec29a60285cd686caa31318b3ad3671,1.0,692.0,15.0,12.0,14.0,health_beauty
406e74c47b79bafda070b3b2d20ddf01,3.0,745.0,27.0,12.0,16.0,health_beauty
f54cd09fa7e3c0f502187f200eb84084,1.0,2000.0,30.0,12.0,16.0,health_beauty
964c5f7cd701d923e2350137a4715bb1,2.0,75.0,23.0,7.0,14.0,health_beauty
951aee2eea1136dd1f2cb63241c90ab7,1.0,11100.0,35.0,30.0,40.0,health_beauty
e7ffaa35a5caaca3366f5cc5705b5fb2,2.0,1000.0,18.0,9.0,27.0,health_beauty
f5bef3f1d42ac5eaaa1b7050d911732e,2.0,200.0,20.0,10.0,15.0,health_beauty
4ac50dbde931c0a5ed8c33d3dc047351,1.0,600.0,28.0,11.0,26.0,health_beauty
799e525b4327b03a6d4a325e68c6cad1,2.0,800.0,26.0,18.0,11.0,health_beauty
6e6bc9eb53618579e6184f84ae04dba9,1.0,150.0,22.0,3.0,15.0,health_beauty
7e6ab9f0f7c16f237ee8479c904f3aa6,1.0,600.0,20.0,30.0,20.0,health_beauty
99d1e072c4cb670c31fb43d9a3753598,2.0,800.0,20.0,15.0,15.0,health_beauty
a779813bc20484d25e7dddbacab940a7,1.0,700.0,30.0,12.0,16.0,health_beauty
3c9196215083130155392c4e138fd7fc,1.0,300.0,16.0,11.0,11.0,health_beauty
63cec29ad7647672c20955844b3a212e,1.0,300.0,17.0,20.0,12.0,health_beauty
19a0eb757150fef64875b476f86095d9,1.0,1250.0,19.0,28.0,17.0,health_beauty
ad90bb7ba2b9ed51338d3d97b180bb05,1.0,350.0,16.0,22.0,24.0,health_beauty
f7336eb1d4afd89bb9d4142642cdad6f,1.0,500.0,16.0,6.0,11.0,health_beauty
9da44726bd1515c649cee56a272795e4,1.0,250.0,22.0,3.0,15.0,health_beauty
447fe198c45e35250236fa62b2d98902,2.0,900.0,28.0,7.0,18.0,health_beauty
e14dd4fab66d6821325e8b36fca0e41d,1.0,800.0,22.0,22.0,22.0,health_beauty
ff907ae86deaa05b65cfb3b14166e7c7,3.0,1400.0,27.0,22.0,39.0,health_beauty
b4decdbf54d275fc3c56ade817a12f29,1.0,650.0,20.0,30.0,20.0,health_beauty
2e1f117f6901eb865cc19065c77543f7,2.0,500.0,35.0,6.0,12.0,health_beauty
fce15962a64fe4b658917a18983fb266,1.0,550.0,48.0,11.0,11.0,health_beauty
347b87eae9fc537319fceb5bf22d22fe,1.0,150.0,23.0,7.0,12.0,health_beauty
9153ddefe47e356b46bffa5e9cd8cc3b,1.0,305.0,19.0,13.0,16.0,health_beauty
d31d37381e5760bb91654d898e9c1a73,1.0,5690.0,33.0,28.0,19.0,health_beauty
11467aa972053382530a1b91591eae38,1.0,575.0,16.0,14.0,15.0,health_beauty
eaa5e4f6335cbfad1703327e407e4eca,6.0,350.0,19.0,11.0,23.0,health_beauty
1ae200ea89b47dfa17d0ae0745a25492,2.0,150.0,20.0,10.0,20.0,health_beauty
b6190912a554e26ca7ff517da2a3145b,1.0,117.0,14.0,13.0,10.0,health_beauty
d938bcfd149a626da38febbe8a669a9e,3.0,2500.0,16.0,16.0,15.0,health_beauty
186a9f327c0de21b2dd1dea0a16fb5d5,1.0,150.0,22.0,3.0,15.0,health_beauty
aab15a1fbfab4f54efd93c8d3d47c0a1,1.0,567.0,19.0,11.0,15.0,health_beauty
140a6dabf1644704fc0d592be0be59d1,3.0,968.0,27.0,20.0,21.0,health_beauty
508d48ea59be64138f0015d2cb9c75e7,1.0,5400.0,18.0,10.0,15.0,health_beauty
3609dcfca328f686e30517807ce959a9,1.0,1150.0,16.0,16.0,16.0,health_beauty
477dae843da64019d49703a91abfbd33,1.0,1627.0,47.0,17.0,34.0,health_beauty
226b3973913b6154cb1102026822360d,7.0,350.0,19.0,11.0,23.0,health_beauty
cd2ea14a901da3b47b33516f3ca6929e,1.0,800.0,21.0,20.0,16.0,health_beauty
15859e3a8aaa3c192c10a91d8722abd5,5.0,5650.0,36.0,26.0,36.0,health_beauty
3fbc0ef745950c7932d5f2a446189725,1.0,350.0,19.0,12.0,13.0,health_beauty
7698c2e9ec5dc2b70af8c1c8ac245cae,1.0,50.0,16.0,14.0,15.0,health_beauty
ecb6e29c8e01d5fbc73da1d0f12c088e,1.0,2150.0,33.0,20.0,17.0,health_beauty
32d53bcf0e4dd5e24ce8f1d29388b086,1.0,200.0,16.0,10.0,11.0,health_beauty
39fb1b20d35ef11b96ddb1180d89c25d,1.0,700.0,35.0,35.0,11.0,health_beauty
d76371ba8d578341888d9c3d61ee90f5,1.0,650.0,19.0,17.0,15.0,health_beauty
be4a664850e0060b7559c67de45e8371,1.0,400.0,17.0,5.0,17.0,health_beauty
848fd511a2efc8b7bc15bf948b2f363c,1.0,259.0,21.0,11.0,13.0,health_beauty
ff6a816ae8a01312fe42dc48c7c8ead1,1.0,417.0,25.0,6.0,16.0,health_beauty
ab94356394683706626f737b7c135ae1,1.0,27050.0,60.0,60.0,45.0,health_beauty
52a741f089f5c67d5c648e8437fdf22a,1.0,2300.0,26.0,30.0,13.0,health_beauty
8ad04f842c474ad4cc1414e97265c999,5.0,350.0,16.0,16.0,16.0,health_beauty
d5a0cb2718dce03ce9c4d0de533021f7,3.0,300.0,23.0,7.0,15.0,health_beauty
a9eea144b709e6d670c9bf03ffc2dc2e,1.0,900.0,20.0,8.0,13.0,health_beauty
7614c62b86a81021243e438cfde78ccc,5.0,9900.0,30.0,39.0,38.0,health_beauty
1556a0ea84fd60589afa0d9618c47505,2.0,275.0,30.0,25.0,25.0,health_beauty
8382f9e2420867093a37399229d3dc10,1.0,100.0,22.0,3.0,15.0,health_beauty
bf5fe03d1ac5be6407a279b3681992ed,1.0,700.0,22.0,22.0,22.0,health_beauty
69f1af20fc47db1c5136f570d7e71fb9,1.0,550.0,19.0,12.0,13.0,health_beauty
0e621085968d9a9585ed3c2c204825e2,2.0,200.0,20.0,15.0,20.0,health_beauty
835d8502d265ddeb4bdd39591d55fa2b,7.0,500.0,26.0,19.0,33.0,health_beauty
48bc0b16a79dc0d94adfb679e1f6e965,1.0,1217.0,26.0,19.0,22.0,health_beauty
05019bc35fc2ed878c0c0f55346b91c6,1.0,2550.0,18.0,16.0,17.0,health_beauty
3dd7de1b6e3362ad26c1879acc292f19,1.0,1550.0,25.0,23.0,20.0,health_beauty
8ab83b53b9a953395f4f21f0b1a845ef,1.0,150.0,16.0,16.0,11.0,health_beauty
19d5a6b80192381ea590dbc018f2db6a,1.0,1133.0,25.0,18.0,22.0,health_beauty
11f5b5f05fa5e1a6084d240310fac08c,2.0,5675.0,20.0,18.0,17.0,health_beauty
d63c1011f49d98b976c352955b1c4bea,1.0,950.0,35.0,25.0,20.0,health_beauty
3f212fef0e1f11b343226b633f0426df,1.0,1050.0,36.0,12.0,22.0,health_beauty
c4eee3eae1ec39ae9e5f25b18f0cb4b6,1.0,382.0,18.0,14.0,14.0,health_beauty
5fe490e61e7a37f2f0d1ad1771ac027d,2.0,750.0,22.0,8.0,12.0,health_beauty
8d0d157964a77396b83c879213bc38da,3.0,1200.0,19.0,17.0,15.0,health_beauty
d03a2a3433372ac8f9f6649d1dacadae,1.0,150.0,22.0,3.0,15.0,health_beauty
fcc54227ff8274a40686b505d5874e8c,2.0,2300.0,33.0,10.0,16.0,health_beauty
4005df5f887f3c2529f363671fc8f4a5,1.0,2200.0,23.0,23.0,20.0,health_beauty
56795cce4b5c45ae4bb68caccbcb76d1,1.0,250.0,16.0,16.0,11.0,health_beauty
13378a2e50038c0cce4adb16486e3a6f,1.0,200.0,18.0,8.0,14.0,health_beauty
81040eb9c21d4f60b7771836b3255489,1.0,1075.0,17.0,21.0,17.0,health_beauty
e3025f416b18907e09b3df602c3eca2b,4.0,100.0,18.0,6.0,13.0,health_beauty
8c955afdb3e69c856507b4a7c0085ee3,1.0,200.0,24.0,24.0,16.0,health_beauty
7ac1bbfa01ff564a3fcff52d02bd66f9,4.0,300.0,30.0,20.0,20.0,health_beauty
22234a1dd91ce8e88c7b108d198c40ad,1.0,125.0,19.0,15.0,17.0,health_beauty
77c2aff3c37f549284828851709cedee,1.0,208.0,31.0,7.0,20.0,health_beauty
e24ef3f9a7a1d8c6c2d932c53fcb1fbe,1.0,2300.0,30.0,12.0,16.0,health_beauty
76951acb34204078c0dc377dfc4233aa,2.0,650.0,40.0,20.0,30.0,health_beauty
8f1ab88c66cc3d534f1678dc3ca409e5,1.0,300.0,16.0,16.0,11.0,health_beauty
d8707dd860f966067547d4cff53496f8,2.0,250.0,24.0,26.0,11.0,health_beauty
2c92025a63896497612a531b6d015669,4.0,200.0,16.0,12.0,12.0,health_beauty
717ce88f14ebb225f2c395c8c41cde09,5.0,200.0,19.0,11.0,23.0,health_beauty
1d8b0573a8ebb81f72288beba6bf4327,3.0,250.0,21.0,26.0,21.0,health_beauty
c4d3198d226d8fd420177364aadbe331,1.0,467.0,30.0,14.0,19.0,health_beauty
afb20d6bc6e0556ba8e9e724e6ea03bb,4.0,2000.0,52.0,17.0,35.0,health_beauty
0f784f8f15179b9e101beb85796efc1a,2.0,400.0,24.0,8.0,24.0,health_beauty
4ba501db540524d84cc382bb041ac508,1.0,248.0,17.0,20.0,16.0,health_beauty
797897e182469fff3c330560d2fc851f,3.0,5300.0,22.0,46.0,32.0,health_beauty
9334fc63bffa67f685c03b1dc24df180,3.0,350.0,26.0,7.0,18.0,health_beauty
e12f98550d5a1a612066b387f97c1970,3.0,275.0,23.0,11.0,13.0,health_beauty
7027d0fc936cee48f395376be9bb733c,1.0,2000.0,26.0,17.0,19.0,health_beauty
df33ce690c4eb43954b4d511302ed033,1.0,2825.0,16.0,14.0,15.0,health_beauty
7486542600afc050d20740e976ff87f8,1.0,450.0,18.0,14.0,16.0,health_beauty
a014224bce65682def85e922c3064150,1.0,300.0,16.0,16.0,16.0,health_beauty
e28fdc5f658be194523b68dfbeb186cb,1.0,300.0,16.0,20.0,11.0,health_beauty
e3dd336775af78a83fc27ed85f0f15da,1.0,300.0,20.0,9.0,15.0,health_beauty
07f7c5fe95aa4a3b8ea56a5119546939,1.0,30000.0,55.0,75.0,61.0,health_beauty
bb4580d57d11614d91c391c557e27372,1.0,100.0,25.0,15.0,20.0,health_beauty
0160814e8c847c018da9cf3e01c271be,1.0,400.0,16.0,19.0,11.0,health_beauty
253ef56cd52d920f8066748da224c5eb,1.0,450.0,26.0,11.0,11.0,health_beauty
fb306b50f9757b8b49a3d45b4099d929,2.0,95.0,13.0,9.0,10.0,health_beauty
ca349c4d87c594b4995fcc4fa9c0b77b,3.0,200.0,20.0,3.0,30.0,health_beauty
a0e45a99e446ebadec0421e41666235b,1.0,650.0,16.0,100.0,11.0,health_beauty
daef14e7336419f51236c2765332b13f,1.0,1300.0,19.0,19.0,19.0,health_beauty
735b17533036ee19f4c943704271660a,2.0,1400.0,42.0,11.0,12.0,health_beauty
9e1260b3b3b06ad0be8cbbd26e4ec9fc,1.0,400.0,24.0,17.0,17.0,health_beauty
457fc93046a766588b762befecf52898,1.0,200.0,22.0,5.0,15.0,health_beauty
5146869b3abf654c4b84ef84bebb8d9c,1.0,200.0,20.0,30.0,20.0,health_beauty
f3b5bbdfd20be94cc96583501d2819ce,1.0,400.0,30.0,10.0,17.0,health_beauty
50142ec1faa11eb5a756baf3020128e8,1.0,2245.0,23.0,17.0,17.0,health_beauty
6b2b9f5f0a28682d6e4912563426b64f,1.0,507.0,20.0,13.0,16.0,health_beauty
06ab916413a6a9c4813408f7a72fd953,1.0,365.0,20.0,11.0,15.0,health_beauty
f8c2617f62d3371e14acbe60d9483482,1.0,450.0,20.0,6.0,15.0,health_beauty
8ad94542132b0e6ff0bc2fd20bf4353a,1.0,2000.0,30.0,12.0,16.0,health_beauty
23c8673349e70f9408b2d15865532c53,5.0,1200.0,40.0,11.0,18.0,health_beauty
d6fcbd88428353e7eb9584e8cc51afc0,1.0,100.0,16.0,22.0,24.0,health_beauty
7ff191f993bba082a0f6a643749d9f4b,4.0,150.0,20.0,17.0,22.0,health_beauty
a917c40cbfcd114984034228fdb9cca4,1.0,2475.0,16.0,14.0,15.0,health_beauty
b2680b3b7e17d0d97f9f59a28b8fc54a,1.0,1650.0,17.0,28.0,19.0,health_beauty
68fda662b16d76fbfc062c124171a29d,1.0,200.0,25.0,6.0,15.0,health_beauty
20dd7f59c8d37692cd7aabe00f3af998,1.0,625.0,29.0,20.0,24.0,health_beauty
6768450f8156d15d2eea50dbf509794f,2.0,200.0,17.0,8.0,12.0,health_beauty
3e7d7087ff8bbc0e9568b56ba3504a34,1.0,700.0,27.0,9.0,18.0,health_beauty
78f0b865be4544337ce887646fb06de4,1.0,200.0,20.0,20.0,20.0,health_beauty
e90eaf827c96655742e955fd615026ca,1.0,1650.0,30.0,12.0,16.0,health_beauty
8ddf5554f2617f6324e26cb41a35f41a,1.0,400.0,16.0,2.0,11.0,health_beauty
fd78812672eb8dd819fad93951bdbe64,2.0,187.0,12.0,7.0,8.0,health_beauty
c56ecdd06c754c22fc5c5245d9502e30,2.0,200.0,16.0,8.0,11.0,health_beauty
af37cff523f7bacc47bc01c5674bf4b4,1.0,150.0,20.0,20.0,20.0,health_beauty
f18d999ffda9dade91f3c1b0fb9c7f83,1.0,338.0,20.0,14.0,19.0,health_beauty
214f3ddd6bf0b37fcc394a822e319a30,1.0,100.0,22.0,3.0,15.0,health_beauty
037aab5faf8d9120659b7c8ea3cf4c12,1.0,15500.0,55.0,40.0,40.0,health_beauty
ba6c0daba35afe2ee11400da4ec7b3a4,2.0,1050.0,20.0,10.0,20.0,health_beauty
03624ffc0958f7ea385b6d4e088532b0,1.0,153.0,23.0,24.0,22.0,health_beauty
f47a59657acd7239633ace1a5bd79551,2.0,150.0,20.0,10.0,15.0,health_beauty
4e8d35f24bf710e87a6392ad7c3b011b,2.0,410.0,16.0,9.0,13.0,health_beauty
b2cc0b2e9899ab21cf41e3708c285d88,1.0,3250.0,26.0,33.0,12.0,health_beauty
4c3063dd985fb11ee11451d3bf7a99b0,8.0,1800.0,30.0,18.0,11.0,health_beauty
4e0d01d5e5e4bd454e71e7cd1491c052,1.0,525.0,23.0,12.0,15.0,health_beauty
a8b3b0af05abaf1bc4d318debe51f3e1,1.0,1125.0,29.0,25.0,16.0,health_beauty
ddea6741f6642c13acc25c9fb9165e55,1.0,1750.0,16.0,16.0,15.0,health_beauty
f4e74dfba86d9a38ceb930c9d34bbc0d,1.0,1600.0,30.0,30.0,16.0,health_beauty
ba9100151f4fc29a675a8e1ddee0764f,1.0,275.0,32.0,4.0,22.0,health_beauty
3baabb34049f9644a9e18dd72e229ef1,1.0,425.0,17.0,11.0,14.0,health_beauty
eb9ae6bfc0ac320eac1aec583692de6b,1.0,1450.0,20.0,20.0,20.0,health_beauty
7ca389d3eaebd21435892c359851ffa7,2.0,2000.0,30.0,12.0,16.0,health_beauty
9d09afe70e3f77b5999d6199ab66e98f,1.0,500.0,16.0,13.0,13.0,health_beauty
eb2d12bc991561d4ca5deff0e60854e4,1.0,675.0,23.0,15.0,14.0,health_beauty
0bc5e6c957486577f11519bf36577b38,2.0,525.0,21.0,18.0,16.0,health_beauty
27b99299bd10dc45971843eba0ef3124,1.0,1183.0,20.0,24.0,19.0,health_beauty
e813c8739a6a0706b764a5d4468702a6,3.0,160.0,14.0,15.0,14.0,health_beauty
eaac4fc2977aa6f917c42e6fc02d0ece,1.0,300.0,16.0,10.0,20.0,health_beauty
cfd414b4463647f58c7775eaae06893d,4.0,300.0,17.0,7.0,12.0,health_beauty
d882625606363a3200e0f9fee9452105,3.0,175.0,18.0,11.0,11.0,health_beauty
f91ca402b63936397a526d0c81976270,2.0,200.0,16.0,16.0,16.0,health_beauty
a2f2d194871ef351cfa8271184bfafc3,1.0,1300.0,27.0,9.0,18.0,health_beauty
6ee311be7bbcd310177fcd735f854949,1.0,1650.0,18.0,19.0,13.0,health_beauty
47b8c79d616369fd222f0bb68ea0293b,2.0,600.0,20.0,5.0,15.0,health_beauty
0dce4d890959f0607b58e7475d13fc86,1.0,600.0,20.0,8.0,13.0,health_beauty
83e4697499f98f714028beb3b01d3067,1.0,550.0,18.0,16.0,18.0,health_beauty
9bb8ca338e5588c361e34eae02e8fad6,1.0,431.0,19.0,17.0,15.0,health_beauty
db272366bfa82333abe0da87ae7735d3,1.0,330.0,52.0,55.0,39.0,health_beauty
c0eb3c049747e427282803363d9d7067,1.0,488.0,23.0,14.0,17.0,health_beauty
5c02e160e085328cf3228d73bf180342,1.0,600.0,21.0,14.0,14.0,health_beauty
788e0f3785be86f57f6d42e107d081c0,5.0,3200.0,16.0,35.0,11.0,health_beauty
27cdfae8c8c8a703a13663e4c629ef39,1.0,500.0,20.0,6.0,11.0,health_beauty
73d29abf6531702e5f31c2f7754e8b17,3.0,250.0,16.0,2.0,11.0,health_beauty
128f4a77e367e573f494417d3b0bb68a,1.0,700.0,23.0,5.0,11.0,health_beauty
c100e5fef1abb5e1c5054d1dac2d83ac,1.0,30000.0,55.0,75.0,61.0,health_beauty
aef8207c2e91f4fcdbc0824737abf358,2.0,1075.0,26.0,14.0,17.0,health_beauty
51dcebe4be78c07308e1fee83999e285,1.0,1350.0,24.0,24.0,24.0,health_beauty
6627732c944353907f92ff0812138314,1.0,50.0,16.0,11.0,11.0,health_beauty
1cd876bcbd0907f49bbf28372f86dd32,1.0,150.0,16.0,5.0,11.0,health_beauty
972c34115d851ba523bc16ec0ab2b098,1.0,700.0,25.0,25.0,25.0,health_beauty
dd662a1d30a8b044dac12d0a296fcb70,2.0,200.0,25.0,15.0,15.0,health_beauty
c5588523a52b41fd7e7340375e67b6cf,2.0,250.0,16.0,4.0,15.0,health_beauty
f5116e3193e18d1633b17ae5d58e35e7,4.0,400.0,25.0,15.0,15.0,health_beauty
0b86ce778f1176322de61e5103cc65b1,1.0,150.0,16.0,16.0,16.0,health_beauty
b79f1c3ee8b26b90db738fb3c4abc1ce,1.0,350.0,35.0,3.0,12.0,health_beauty
c40b12e92be6aee40cc2adab6693820c,1.0,1100.0,30.0,12.0,16.0,health_beauty
bb50f2e236e5eea0100680137654686c,6.0,400.0,34.0,4.0,22.0,health_beauty
3db4edbe90c563f7b6c038f9a690fde1,1.0,1183.0,24.0,22.0,21.0,health_beauty
520b149317786c17df69b27c70562c57,1.0,200.0,22.0,5.0,15.0,health_beauty
6a94cf283fcc6b16942f0d13f35fa7b3,1.0,450.0,16.0,19.0,15.0,health_beauty
53e364927f09c41fe6a9af8c18a20b24,1.0,550.0,19.0,15.0,15.0,health_beauty
bfbc408717917806a5ffdc464a898332,4.0,1300.0,26.0,30.0,22.0,health_beauty
17704da54fb7512da5a72cc3b227185e,2.0,700.0,33.0,18.0,18.0,health_beauty
05b515fdc76e888aada3c6d66c201dff,3.0,800.0,21.0,4.0,15.0,health_beauty
c28e193de2c4238b77e875455c458067,1.0,700.0,16.0,16.0,15.0,health_beauty
942328ba3a2546856b7361547edf6eb2,1.0,500.0,21.0,6.0,14.0,health_beauty
c23b47bacd44b878e3345d06ab5664dc,2.0,153.0,14.0,14.0,12.0,health_beauty
3ab309bbd24c697b9a493fc9545361c7,1.0,2400.0,16.0,16.0,16.0,health_beauty
6647429facfcec3f6bb7162c85985c6b,1.0,150.0,21.0,20.0,11.0,health_beauty
be812bad75438bfa69480ee7b2930070,1.0,350.0,18.0,10.0,12.0,health_beauty
7c6456ce44e4a343711f66c893e3e8fd,1.0,1200.0,30.0,30.0,30.0,health_beauty
8c81fd36d91b4da0961fc50ae9522a62,1.0,200.0,23.0,18.0,23.0,health_beauty
f18e0f3757837733f36da5143ddccd73,2.0,30000.0,69.0,66.0,50.0,health_beauty
e6ca601b0b9189e6471ccf0667985c9b,2.0,800.0,30.0,15.0,16.0,health_beauty
540ddaba57a1c4a6cf22f80784c8b426,2.0,150.0,16.0,6.0,11.0,health_beauty
3799649bfcc7821635d757a711ae7357,1.0,2000.0,30.0,13.0,20.0,health_beauty
bca66c2fcd992d2efac1dd904524edc6,1.0,650.0,23.0,20.0,15.0,health_beauty
08a58baf17f52ea9cfb3dffdfda0595b,1.0,2000.0,30.0,12.0,16.0,health_beauty
0de92952548b2f0de651515b1af67a07,2.0,300.0,16.0,16.0,16.0,health_beauty
6a5df7852deb8f54c0cc0e5758459f31,4.0,1250.0,18.0,21.0,27.0,health_beauty
2b0422f04592a663193d00d032c3c987,1.0,650.0,25.0,12.0,19.0,health_beauty
ea15d7ef3399e16b992e190d22dd3fd3,1.0,150.0,22.0,3.0,15.0,health_beauty
fe9dfbe7f974621789683b7b78be2a16,3.0,5300.0,30.0,24.0,38.0,health_beauty
094102aa6f9acae48f92eec22c02180a,1.0,250.0,17.0,13.0,13.0,health_beauty
97de9cc5ef2b385440117d854522881d,2.0,200.0,20.0,10.0,20.0,health_beauty
d14692c03c3093dc407ff86f385bbbec,1.0,267.0,21.0,8.0,19.0,health_beauty
30e538a84e5ed6276d0ef5dc07bac435,1.0,601.0,16.0,21.0,14.0,health_beauty
0368744ea61d6163219e3bcbbbac3680,1.0,2000.0,30.0,12.0,16.0,health_beauty
3ecdc0c6f18cf5c74f2b2e11c23ef462,1.0,450.0,20.0,7.0,17.0,health_beauty
61e10f3719455e41bd5956ef8dc29092,1.0,1500.0,30.0,10.0,17.0,health_beauty
218d038ff5f2acccebb3cc1d452a911b,3.0,133.0,16.0,14.0,12.0,health_beauty
821f6f2b173248cc704e369c94228008,5.0,22150.0,58.0,94.0,29.0,health_beauty
6cc6509fe96a5ee8b3125550e8092a00,1.0,383.0,20.0,19.0,14.0,health_beauty
e30a07181e238b29af319577b9bb22fe,2.0,1100.0,20.0,10.0,20.0,health_beauty
6661021f37132951c2c8d7576fa7b819,1.0,200.0,35.0,5.0,13.0,health_beauty
95fcb44ada4cefca4f03cc0b4b69ee33,1.0,1600.0,22.0,14.0,22.0,health_beauty
9a21563e1d5b0ea5a57e972002c279d1,1.0,167.0,17.0,13.0,17.0,health_beauty
cc07679fe101c4fa74d93e08145463f9,1.0,75.0,16.0,5.0,13.0,health_beauty
70869aae4d447a8815db20569604a9e7,1.0,2225.0,37.0,12.0,20.0,health_beauty
b275ae464e6098f8a20cb7fc183a7a94,1.0,325.0,22.0,13.0,17.0,health_beauty
957e5bb30136d08f9e4f128d0fe9c393,1.0,450.0,23.0,18.0,21.0,health_beauty
258ee266f0b142b30248b7c57b56d579,1.0,150.0,19.0,14.0,16.0,health_beauty
0b0c716fcf2c2571d2e62271261f2abe,1.0,27500.0,40.0,46.0,35.0,health_beauty
cd442924cc287cda38d9de01d285b263,1.0,200.0,30.0,12.0,16.0,health_beauty
44377a26f7c80dbf0a9b2b300604e6bf,1.0,1400.0,20.0,20.0,20.0,health_beauty
9fd9505539e1c67c13e4ee824fc1e1cc,1.0,2250.0,26.0,26.0,26.0,health_beauty
171bb407ca7cfdf4b960389e4404ce8c,1.0,360.0,23.0,20.0,21.0,health_beauty
29f63bab786f598d17b6ebeec83e78d1,1.0,150.0,22.0,3.0,15.0,health_beauty
7ee6dbf13ecd5dc58d07fd0fc2eaf49a,1.0,250.0,17.0,12.0,12.0,health_beauty
8318a2808212aaad26bcb506a505d45d,1.0,700.0,16.0,18.0,16.0,health_beauty
776ef0ee36e20757c513e64903f1fa8a,3.0,925.0,25.0,6.0,16.0,health_beauty
6d44b2c01b6843eb2e68beddf853dd82,1.0,1450.0,20.0,20.0,11.0,health_beauty
0583170ba3f70162729f40600f8a4abf,1.0,2500.0,34.0,17.0,22.0,health_beauty
c3f395b8242415289ed70b34eaf0a3be,1.0,2525.0,18.0,18.0,18.0,health_beauty
f0fe4af158ebc28426b794c0b54d3df1,1.0,2200.0,30.0,10.0,17.0,health_beauty
43c78ce98fcf40ac29ce5912c85eee20,1.0,1150.0,30.0,12.0,16.0,health_beauty
ee3465de8b8ccf1b5e2f9f966cffcf04,1.0,150.0,24.0,5.0,11.0,health_beauty
30f3fd0e7b5d822bcd4ec6611b1e2c91,1.0,850.0,20.0,12.0,13.0,health_beauty
e4568ff2a2b3b7249d96a870f3563c8b,1.0,2550.0,17.0,17.0,20.0,health_beauty
98669593a93035fced33e5280aa30641,1.0,200.0,25.0,25.0,11.0,health_beauty
b59cf7db0bc7ebb20a80f1ea335194b0,1.0,1500.0,50.0,15.0,20.0,health_beauty
a7ea08ac800647345fdd2fc5f4b0a7e3,1.0,850.0,25.0,12.0,19.0,health_beauty
ed39023ccad37336e78bdacb2e20fa69,1.0,2500.0,31.0,16.0,21.0,health_beauty
fc444943f2e00f21072361c8dcc0e0d2,1.0,350.0,19.0,7.0,12.0,health_beauty
c43b6a788906608b6116ed8198dae762,1.0,400.0,16.0,25.0,15.0,health_beauty
b0e9f0cc1a936b07b4fc11b3a35ad519,3.0,650.0,27.0,13.0,17.0,health_beauty
c8e3b23381d275296ec611061b616789,4.0,468.0,23.0,9.0,22.0,health_beauty
3fda13f397426103abde1f106676f0bf,1.0,300.0,16.0,16.0,16.0,health_beauty
612c7f49d1026f7beded75464b574f81,10.0,200.0,28.0,11.0,14.0,health_beauty
b68cf84ede4fd1e14b1740de5b727d55,2.0,638.0,26.0,13.0,22.0,health_beauty
d6dceccd14ebaa873733a545c1e5374a,1.0,350.0,40.0,40.0,11.0,health_beauty
dbd55362ec13c706503b1c71a5068a1a,3.0,473.0,21.0,16.0,13.0,health_beauty
c9d16ed8ba8ec27713efe3d9ede42741,7.0,19000.0,87.0,76.0,16.0,health_beauty
7f601afbca26d221fc2d957b6e211e72,1.0,600.0,20.0,30.0,20.0,health_beauty
61937887eb6ee0b405a5759756426486,4.0,825.0,31.0,15.0,25.0,health_beauty
c98cf453c550c3349275b8381ebb3509,1.0,250.0,21.0,8.0,27.0,health_beauty
2dc0d95288983b8c91627bab326284ae,1.0,3100.0,30.0,12.0,16.0,health_beauty
408e4bb5c406ec8c1609f6a8a2e49deb,1.0,2400.0,30.0,12.0,16.0,health_beauty
d22f287512fb5bda6efc5c8e6216c6db,1.0,1450.0,41.0,40.0,13.0,health_beauty
415800ba8edc079e255fcc4ee5790376,1.0,1150.0,30.0,12.0,16.0,health_beauty
0880a2d2c259afd46c7cca654697cdcd,4.0,2400.0,16.0,16.0,16.0,health_beauty
b751ddb6ca6ae7ecb5de059d5611b3c1,1.0,300.0,26.0,11.0,11.0,health_beauty
a16f2c3edfeabc364393b012e19e2a15,1.0,400.0,19.0,12.0,13.0,health_beauty
24b861426de01a8adcf503251efe05f1,1.0,235.0,16.0,14.0,15.0,health_beauty
c260eea96b32c0e9ff49f68a721e0ceb,2.0,300.0,25.0,15.0,15.0,health_beauty
c5bb1910955da8132293d99d1cb4bec9,1.0,150.0,22.0,3.0,15.0,health_beauty
4a78f5e17416dcfec28c101279235838,1.0,2600.0,24.0,24.0,24.0,health_beauty
309680674fccf761eb94308fe0c557ab,5.0,600.0,19.0,12.0,15.0,health_beauty
2a511952313989fa097fb038cd758dc5,1.0,12400.0,60.0,75.0,60.0,health_beauty
bb7a5793447637a7bb096f75dd7e5dbe,1.0,1300.0,25.0,12.0,12.0,health_beauty
86b60e3773c3013d2d8f41335cb5e1ee,1.0,650.0,16.0,16.0,16.0,health_beauty
b38909cbe15b374243bcacb3e14c3a1e,1.0,300.0,19.0,12.0,13.0,health_beauty
7289a8d65ae2c86dfdee27f8af257a3d,2.0,1100.0,31.0,20.0,26.0,health_beauty
a7e03f1bcebad9ca43f8f4dbda9bc1b6,2.0,567.0,18.0,9.0,13.0,health_beauty
d5ef840497eb48a751179b06d1efd063,1.0,2600.0,23.0,23.0,23.0,health_beauty
932ce0b67f9f877f18a5f7495b84e5c5,1.0,1400.0,16.0,20.0,16.0,health_beauty
dc74094d7435febe5e0d6a59354f2a52,1.0,200.0,16.0,2.0,11.0,health_beauty
b230bd784da7f2bb53eaadc273982cda,1.0,1000.0,27.0,14.0,15.0,health_beauty
12bc892d6fff0dc42c8177f3665ef00e,10.0,100.0,28.0,13.0,12.0,health_beauty
097d5a4bed2be012b4e46e6f5ae0694b,1.0,833.0,16.0,12.0,18.0,health_beauty
bacbde3cf27796fc624ee5fd465065c4,1.0,150.0,25.0,10.0,25.0,health_beauty
7b94353bef4c3e78ed02f8cdf33d407d,1.0,500.0,16.0,18.0,15.0,health_beauty
59be0d716996dda6b7d60b3e839efad3,7.0,350.0,18.0,11.0,22.0,health_beauty
1b770da1c339c216e545d69ee2965da1,1.0,750.0,20.0,18.0,23.0,health_beauty
0657f64d203d600602279807d6cb1dd8,1.0,1600.0,35.0,11.0,17.0,health_beauty
c5895cdcbceeadcbbb3eb786638d2c6f,1.0,1200.0,16.0,16.0,15.0,health_beauty
ffc9caf33e2d1e9f44e3e06da19085f7,1.0,2134.0,25.0,22.0,16.0,health_beauty
deff29051b7f3eb939ef8bf8ca0e85a2,1.0,300.0,16.0,3.0,11.0,health_beauty
9bf55e9d85e0b309f79e92927449d211,2.0,100.0,20.0,15.0,15.0,health_beauty
065855099f5c20755e412cd48702d996,1.0,900.0,16.0,12.0,15.0,health_beauty
21a44a88917ec2c8db5908b4942e8d47,1.0,450.0,16.0,5.0,17.0,health_beauty
86d2f8d99caf3dbfc14925df61b62557,2.0,200.0,20.0,10.0,15.0,health_beauty
9a64551b89ff695cc7dbf380ec7eb9a8,3.0,1200.0,27.0,22.0,39.0,health_beauty
d5c766013132edffbda7017835a9e2d1,1.0,755.0,29.0,14.0,23.0,health_beauty
0c3497a215eb37d2e70682bfde05c93a,1.0,150.0,16.0,10.0,15.0,health_beauty
3cb883c745ef0016bbfc89e032b5a853,1.0,1250.0,30.0,10.0,17.0,health_beauty
3adf5cedad91de2688486727f5ae4d95,1.0,343.0,27.0,17.0,16.0,health_beauty
99008b78e9206243c95a95cf02a71905,1.0,1467.0,33.0,21.0,21.0,health_beauty
58f88ebb71c90b2d46a5b297ae6c3455,5.0,1400.0,27.0,12.0,18.0,health_beauty
ed321c2cdae7c40c08ac0eae3d500495,1.0,150.0,22.0,3.0,15.0,health_beauty
ae347727b83d554247d6cc36029a8392,1.0,9800.0,40.0,37.0,32.0,health_beauty
b39d5770ab89a440abad5360d7a17348,1.0,550.0,27.0,9.0,18.0,health_beauty
fce345e86ad30c0a8de7f92f71ecb4cc,1.0,100.0,25.0,15.0,20.0,health_beauty
73222f60270e03cf855759fa6594a2e1,1.0,900.0,22.0,22.0,15.0,health_beauty
52a8061c8e8e8cea30b41344aac26431,1.0,600.0,74.0,15.0,15.0,health_beauty
ab8b5aa9266aa1a8caceb8699dea0b1b,1.0,300.0,16.0,2.0,11.0,health_beauty
ea0698c943d7a9133e6d36de68654750,1.0,500.0,16.0,18.0,15.0,health_beauty
b17a6664cea6ac6c23ff388f5a67c973,2.0,333.0,29.0,6.0,17.0,health_beauty
ff2b293ae4b3c204113bdec91e27a584,1.0,150.0,18.0,8.0,13.0,health_beauty
ab33dc82f8f99512a4a7086d5e143b96,2.0,200.0,20.0,10.0,20.0,health_beauty
86265224a1b25cd13f8b20ffeb6c8e5d,1.0,1250.0,16.0,16.0,15.0,health_beauty
5e2ba75ad255ff60b1c76c5bf526ae9b,2.0,500.0,20.0,8.0,20.0,health_beauty
1a2b5336765f0c7dd01d380a83a81cec,2.0,250.0,16.0,7.0,12.0,health_beauty
bb1fe952bdc16ef8974d4ca11aec19b7,1.0,417.0,16.0,15.0,14.0,health_beauty
969a102d83f0c52f2da59c65bfeb173c,1.0,1300.0,25.0,13.0,20.0,health_beauty
c695342500b74ff952db47b541726de1,1.0,200.0,26.0,18.0,11.0,health_beauty
b8fdad0799bd50231797580d63194b78,1.0,320.0,26.0,28.0,16.0,health_beauty
f40e67d9fbad11e25f958cc8b534af73,1.0,583.0,20.0,6.0,11.0,health_beauty
425966339f6d9c933d8f5f23310d86a6,2.0,2350.0,16.0,10.0,20.0,health_beauty
d1eae8696e58fd64c47a433ad605f2a4,1.0,100.0,19.0,11.0,23.0,health_beauty
dd9ba6bfb2f1aaefbb43ec910485ccb0,1.0,500.0,16.0,15.0,15.0,health_beauty
65aad7866bb1987f122e668fa84040f4,4.0,800.0,42.0,8.0,11.0,health_beauty
609c35bf8122d5ab8186ed7a6bfcd843,1.0,250.0,18.0,8.0,18.0,health_beauty
6968d8e58726cfe8f9677155ffc6b251,1.0,3700.0,29.0,17.0,15.0,health_beauty
7ae27ce0834f80f4e3779fd06ca9ce83,1.0,1050.0,17.0,14.0,16.0,health_beauty
af210e7b5709fdeb3984f93a10da094e,4.0,7525.0,35.0,32.0,35.0,health_beauty
0668cf65b55579eb49c9f2d167c71dad,1.0,500.0,16.0,16.0,16.0,health_beauty
ae083e4a334a4210ae0ef7323f1584c5,1.0,250.0,19.0,7.0,12.0,health_beauty
0c52f6a43e88c007723e58cce9ef330e,1.0,500.0,18.0,6.0,11.0,health_beauty
6aeed495dcb87dd06532f70dea6ebb5a,1.0,3100.0,16.0,33.0,17.0,health_beauty
b66270a5d5b3a8585f8314b2f14420fb,1.0,235.0,19.0,14.0,17.0,health_beauty
f236d6f238239abfba8268f427d07c33,1.0,3000.0,30.0,12.0,16.0,health_beauty
cb8588dd175ccc47f14755972a62ccc2,1.0,300.0,22.0,3.0,15.0,health_beauty
ad3bd5419246087e48ef4832de3516a4,1.0,2400.0,19.0,28.0,17.0,health_beauty
d00dbd119af813e45588c5ca9b88ffe0,3.0,1900.0,17.0,48.0,16.0,health_beauty
8eafc5708e563dd49b1060f162a690f2,1.0,2625.0,16.0,32.0,24.0,health_beauty
34c00d434e284d60c72377a53b0cce67,1.0,700.0,21.0,14.0,11.0,health_beauty
2cab0ee01c69f31fba46bafb8b1b6a77,1.0,1250.0,21.0,16.0,31.0,health_beauty
e6f7ac15692aee63b79778de70c3d9fa,1.0,1900.0,25.0,20.0,20.0,health_beauty
97e50905efad4b7cdb046db112ed9328,1.0,850.0,16.0,25.0,17.0,health_beauty
806dadaa58bab7f4f6c0e7c1f334975e,1.0,775.0,21.0,23.0,16.0,health_beauty
9eff8192b50cf828d20417ae6c41f4b5,1.0,2900.0,21.0,16.0,31.0,health_beauty
b29c9ac1d3d4e8866f6c4ad814ae9591,1.0,500.0,31.0,11.0,23.0,health_beauty
607fc06d7055bbb7c7649810df3bc0fe,1.0,300.0,19.0,17.0,15.0,health_beauty
edba1f070ba4f8137a89925f6c016bfa,1.0,200.0,19.0,7.0,12.0,health_beauty
832b74a0faa3b602a48e0f20990adaf7,1.0,200.0,22.0,3.0,15.0,health_beauty
65610bb38e3ee3e20a94885411c3feec,1.0,175.0,16.0,13.0,14.0,health_beauty
25292482a61cb3298df8dbe15ea69daf,1.0,500.0,24.0,6.0,12.0,health_beauty
be3c54a25f26acbab9e1190390293fe6,1.0,500.0,18.0,10.0,13.0,health_beauty
75423b8b404590d4f2f6cf28cfc80702,1.0,1500.0,27.0,9.0,18.0,health_beauty
13d10ec6bc5633f5b34c710ba5ff866d,1.0,450.0,20.0,12.0,12.0,health_beauty
b6af4177bdc4b1acc9f8d9d52d614616,1.0,1150.0,35.0,15.0,15.0,health_beauty
aacfae7cd4bac4849766f640abf2db8a,2.0,317.0,17.0,11.0,12.0,health_beauty
cc71571b2ddfca828e182f9d029bb764,1.0,400.0,30.0,10.0,17.0,health_beauty
0a9a9c25c5a06532d1766e00db833a7f,1.0,100.0,16.0,3.0,15.0,health_beauty
ac35486adb7b02598c182c2ff2e05254,1.0,1175.0,22.0,13.0,18.0,health_beauty
691c1cc8a89f47bf99b00a7aeee5c4f3,1.0,5350.0,30.0,10.0,17.0,health_beauty
edcd467c7d7e9c938260a63084594296,4.0,1250.0,22.0,12.0,16.0,health_beauty
c741b4e884aadcb383abe964529d76ce,1.0,475.0,20.0,10.0,12.0,health_beauty
969a9ead309cdd6881492b674cbe5433,1.0,1000.0,27.0,10.0,19.0,health_beauty
8ccd37c870e395f818066927a748565c,1.0,600.0,24.0,18.0,14.0,health_beauty
58e14150c9316b8f981742498dd97606,1.0,1567.0,22.0,16.0,17.0,health_beauty
b038e05741e96f7a40a750921f95a7b7,1.0,1100.0,16.0,20.0,16.0,health_beauty
5d5472bc6ef147ff1d2ca0b78127caae,1.0,355.0,22.0,14.0,17.0,health_beauty
e8ac111f2d0b0e9a43d2980d387d0e7c,1.0,3100.0,19.0,16.0,19.0,health_beauty
a4d0871577d73bc394c482dd0998af7d,1.0,800.0,18.0,16.0,16.0,health_beauty
54f45413afc0d5480c59f5dfeed2d19f,3.0,2450.0,20.0,12.0,28.0,health_beauty
8cc0b6265dda0e4e8aced3d1446b80bc,1.0,367.0,16.0,15.0,14.0,health_beauty
3089d427128cebffda89d3c8fd04fb90,1.0,750.0,16.0,16.0,15.0,health_beauty
8ec49c92046701e29cd13082ae8034eb,1.0,3550.0,20.0,20.0,23.0,health_beauty
7ffd81a5a062250921d431ad78ecb9e7,2.0,340.0,28.0,21.0,17.0,health_beauty
f1de94230ae234a2f348835b969eeab1,1.0,1550.0,20.0,7.0,20.0,health_beauty
5f19455f0c3902e89f16a6042bd4221d,4.0,7600.0,30.0,31.0,38.0,health_beauty
801f748b352e480bd143bcbb6fe86cbb,5.0,300.0,16.0,9.0,11.0,health_beauty
b53de21d6ac42f6bc21b82af0e89a002,1.0,500.0,20.0,16.0,19.0,health_beauty
1ba039173f93b4ad2c34545eb1f64f24,1.0,1000.0,30.0,15.0,30.0,health_beauty
1055db476dfbed87313ac8481c2597c0,3.0,1250.0,28.0,6.0,28.0,health_beauty
0b01ff8012c6301714339a530e7f9879,1.0,750.0,27.0,9.0,18.0,health_beauty
abad2a82d0a25653323cec918ba3e54c,4.0,2050.0,18.0,8.0,20.0,health_beauty
06fe3302412088c32997cf915fced4da,1.0,825.0,18.0,9.0,12.0,health_beauty
5f6b99538b396c18e5e310c2c187dc8d,1.0,1250.0,16.0,12.0,12.0,health_beauty
ff46e29063ede0062c2cfb22f05b54ef,4.0,200.0,20.0,10.0,15.0,health_beauty
cbf5cf4e5d906cda4c6d91d5b7b15e8b,2.0,100.0,20.0,15.0,15.0,health_beauty
82fd0e5d33b58ad696f75449679c1470,4.0,1087.0,29.0,29.0,22.0,health_beauty
3a73521bf3da5249f02a6f3843d707e8,1.0,900.0,16.0,25.0,13.0,health_beauty
7e53a61dd91122cf3f80674ab5068403,1.0,950.0,20.0,10.0,40.0,health_beauty
ab43fe3b7b61e3d4ebd20a816b641df7,1.0,300.0,20.0,10.0,15.0,health_beauty
059edbecfc72eba55fbd079a25c4ab6b,1.0,473.0,22.0,18.0,21.0,health_beauty
ebe9b72c17b25034d971a1609ef8024d,1.0,200.0,22.0,3.0,15.0,health_beauty
c87a617241993d71f043ed39858daa43,1.0,475.0,36.0,18.0,21.0,health_beauty
6cdd53843498f92890544667809f1595,1.0,900.0,25.0,12.0,38.0,health_beauty
562f1e9b58672d3c016b72f43579d118,1.0,1377.0,21.0,17.0,16.0,health_beauty
ffa7e0cbe11656d11a117b534bb1db27,1.0,100.0,18.0,18.0,18.0,health_beauty
ff9a23dcd6b233811bd2a7be174a8e4c,1.0,150.0,20.0,10.0,20.0,health_beauty
44c7b85d371365e52230e2e0efb8e0d8,2.0,750.0,40.0,11.0,20.0,health_beauty
ab507b0003df596e5511f33004ea720c,3.0,650.0,40.0,10.0,25.0,health_beauty
c1000786be861c72021fee27d0add9fd,2.0,200.0,16.0,2.0,11.0,health_beauty
c70b0f9e669ca384c59b1230576199ab,1.0,4025.0,16.0,14.0,15.0,health_beauty
98e0291e1b138b5b5384f44fd7a2d149,2.0,400.0,16.0,21.0,11.0,health_beauty
632c37951cab36a4e928428cbc4fa4f4,1.0,6850.0,51.0,39.0,43.0,health_beauty
0c46bfb6210825d07804a6d4f81a5a92,3.0,625.0,28.0,19.0,16.0,health_beauty
77ccda894b672fe1214b0101d108d7f7,4.0,875.0,28.0,21.0,25.0,health_beauty
969c31fd56d207713e9475c051d984c8,6.0,700.0,25.0,25.0,25.0,health_beauty
e566f2bdd9521bfcb63047b4ac0cfa2c,1.0,1200.0,20.0,15.0,15.0,health_beauty
d0b183d64a31b20c18de673e6e1edd9d,1.0,500.0,21.0,4.0,16.0,health_beauty
27bd615168b15793cc060588b2aadd60,1.0,919.0,17.0,19.0,15.0,health_beauty
20987b1deed06bb23b0d711f72a1370d,1.0,1500.0,20.0,10.0,20.0,health_beauty
a8d8c3a49c2c4b4f2982b529311ce670,1.0,1238.0,27.0,21.0,20.0,health_beauty
8f0b605e0b5fe80442a0ea29b25f7c60,1.0,350.0,18.0,15.0,18.0,health_beauty
818b53f8e37f256043e855531bd9bbef,1.0,150.0,18.0,9.0,12.0,health_beauty
e28f07c46bacab1552060e39781cdfcb,1.0,200.0,16.0,7.0,15.0,health_beauty
1e8c13efcd43c9fb018a870ba9dd73a5,1.0,500.0,30.0,12.0,16.0,health_beauty
36c1f365be147f6c1c6d023ef73b17c3,3.0,1500.0,30.0,12.0,28.0,health_beauty
9d123055622741ac77766a4dbfa4d1b9,2.0,786.0,28.0,11.0,17.0,health_beauty
57f90b6fc66c06410e02e8bacfba79b5,1.0,250.0,30.0,12.0,16.0,health_beauty
417e213344336988e562ccc3975987f4,1.0,1501.0,28.0,24.0,21.0,health_beauty
7fb04722aba7a2b632bac8f9819796f3,1.0,1850.0,24.0,36.0,23.0,health_beauty
923fd8ff0cec825036dbbfaa8ddda4b0,3.0,800.0,16.0,16.0,16.0,health_beauty
fcd98736b0f93602db185e73afddefc1,1.0,850.0,27.0,9.0,18.0,health_beauty
7058b559d90923e6e2a76b2e67f6f63c,2.0,1025.0,31.0,20.0,20.0,health_beauty
8bba4a8de8b5de57c7ff105d043254dc,1.0,1550.0,24.0,38.0,24.0,health_beauty
754abbe178ba64e121856bdf42c6813d,2.0,525.0,20.0,6.0,11.0,health_beauty
e5130ccb07bdb4424ec93754a54c917f,1.0,1000.0,19.0,28.0,17.0,health_beauty
9b1954fdd0f9b4ef4ee2d267ac9de4bd,3.0,100.0,19.0,11.0,11.0,health_beauty
b84c4c7f1845f068f40e350865b803fa,4.0,1400.0,42.0,12.0,11.0,health_beauty
efe89e1f6cc1e32f1971afcd4d56a4b7,1.0,4000.0,24.0,24.0,16.0,health_beauty
08f7d5ada29287296d46f79ec4d397d5,1.0,3100.0,20.0,20.0,16.0,health_beauty
8ee57a1f636eb2e009706bbdb0818ecc,1.0,700.0,27.0,9.0,18.0,health_beauty
a55b43b743437ab4a7ffcfc47d2927c7,1.0,1583.0,22.0,15.0,14.0,health_beauty
6dab56beb5263f0d554cae5c55809208,5.0,175.0,16.0,10.0,18.0,health_beauty
d0b746fab0f305184f317eab7547fec3,1.0,1525.0,25.0,16.0,18.0,health_beauty
7a218e13b9e58954adb01957402cf4d1,1.0,130.0,16.0,11.0,13.0,health_beauty
c0b6b3f28ce02f61610abda2a6049de7,1.0,1267.0,20.0,19.0,14.0,health_beauty
f5980f601cc5c58c4fd5dafc2e8b10c5,1.0,1300.0,16.0,16.0,16.0,health_beauty
211d84789fe01a27d1e5e12a60a30c85,1.0,2400.0,17.0,32.0,11.0,health_beauty
2033d09ad6c9ca9a5f3344e4846ca449,1.0,1200.0,30.0,12.0,16.0,health_beauty
4c27931f2ba16e902f287a9f89ed0723,1.0,2400.0,55.0,40.0,50.0,health_beauty
9127a26242f9a9cfb2154f60f2dd5951,1.0,2000.0,30.0,12.0,16.0,health_beauty
63de2743d05ab59d85caa49e49459ac1,1.0,178.0,18.0,11.0,17.0,health_beauty
dc6fe08afddfeb23ce334ce4cf5890eb,1.0,200.0,16.0,4.0,16.0,health_beauty
1a4247b6eddc27c68f7995dcc68b01e2,1.0,725.0,21.0,23.0,16.0,health_beauty
ca0934a412295c936586b99c0254e067,1.0,610.0,18.0,9.0,17.0,health_beauty
cdb8d3c880b6639a70764c6734e6bb69,1.0,30000.0,58.0,55.0,44.0,health_beauty
e4985e03cd939f1a9f81c65e949f1688,1.0,50.0,20.0,10.0,15.0,health_beauty
af91083bde899b201798b52ae89babea,1.0,350.0,19.0,12.0,13.0,health_beauty
cb9650b0b86415106d480099a14b9d6d,1.0,2300.0,23.0,23.0,33.0,health_beauty
9f1c81345a82b501fef3164ba8c937ef,1.0,1000.0,60.0,16.0,11.0,health_beauty
e7342d120adbd81168c43c95f8bd642a,1.0,1128.0,20.0,15.0,17.0,health_beauty
18409550226f40a1a8990fcd7e517c53,1.0,1283.0,30.0,16.0,22.0,health_beauty
69383c86144a5cfa4d16a0b7dc23d69a,1.0,4300.0,16.0,16.0,16.0,health_beauty
4af84afb6aeb941678e2c3c56ee66343,1.0,500.0,26.0,6.0,21.0,health_beauty
cf77fbd3b6f8bccc81829127933fba77,1.0,1050.0,16.0,25.0,13.0,health_beauty
bfdf2b8f64e8464211813710134b205a,1.0,700.0,21.0,14.0,11.0,health_beauty
4123c46f0ed03bdd39d7d6d94bdbec00,1.0,150.0,23.0,7.0,12.0,health_beauty
c59e4be236b11e5763f64785de026039,1.0,1275.0,18.0,19.0,15.0,health_beauty
b1ab8c16165f6d66427b01ac9b26e141,1.0,150.0,16.0,2.0,11.0,health_beauty
64a23a999b90cc6722df6d12c2ee5bf9,5.0,300.0,16.0,25.0,15.0,health_beauty
38d070104c7e27171e177d581758a90f,1.0,450.0,16.0,30.0,11.0,health_beauty
5c67f41a8b8f3ca4b29c6709498f96c7,1.0,375.0,19.0,14.0,12.0,health_beauty
0963fc9330f54245d1aa396893591037,1.0,600.0,16.0,16.0,15.0,health_beauty
11bbef4e2a44601d9dd471aa1fb433e6,2.0,838.0,28.0,14.0,21.0,health_beauty
9e2ee57a77fedecd33b6914e9cf61199,1.0,100.0,16.0,16.0,16.0,health_beauty
2c36bd802c645850497100e08f9dfc80,1.0,3598.0,41.0,18.0,51.0,health_beauty
d357105bd504c78d8470ffd247747eab,1.0,255.0,17.0,13.0,15.0,health_beauty
51f876eb62be778c757503cf7f8a3b74,1.0,67.0,17.0,15.0,14.0,health_beauty
0cbb82f3f9549ec4aeab968a4be5e7a9,1.0,575.0,23.0,15.0,16.0,health_beauty
64b23fdd98cd2a2dfbc3da831481eaa2,1.0,150.0,20.0,14.0,17.0,health_beauty
10a845be3ffe8a78dc20db2941c2d951,2.0,450.0,34.0,11.0,17.0,health_beauty
006619bbed68b000c8ba3f8725d5409e,1.0,150.0,16.0,7.0,15.0,health_beauty
22c6a8a913119595b77ec3d747e9079a,1.0,150.0,22.0,3.0,15.0,health_beauty
c9f62bee5c17494edcb5c3f3f56d75ad,5.0,325.0,28.0,13.0,12.0,health_beauty
3cb3bb626c59ddde2c270b33131b356e,1.0,1200.0,25.0,11.0,15.0,health_beauty
4c8541293fb2d3359cf52485b4d59b8e,1.0,750.0,25.0,13.0,14.0,health_beauty
231a4c5f70ff00bbb2d76f80604af2ff,1.0,1450.0,21.0,50.0,21.0,health_beauty
419365ae77de855075ecb3c55d2ebc10,1.0,1050.0,25.0,11.0,15.0,health_beauty
101c0247b2686b1ec77fbd9b7bc7cb17,1.0,2225.0,33.0,20.0,17.0,health_beauty
30c687d22c1be52d2fdf233f0dcadf24,2.0,3600.0,48.0,22.0,11.0,health_beauty
875877153c6086d3c0e1fcedcee6a77b,1.0,300.0,16.0,11.0,11.0,health_beauty
78e4f0bfb0f64274be5b054164c602ed,2.0,1500.0,30.0,12.0,27.0,health_beauty
80d63636780c5975e5c93b63236d481d,4.0,2700.0,18.0,24.0,16.0,health_beauty
09ef2dc9a27e35d3eba18b0defec70cc,1.0,1000.0,30.0,30.0,16.0,health_beauty
4473a7a8a08e406e2df4a7200c8a0b5a,1.0,150.0,20.0,10.0,20.0,health_beauty
bf80e0bf47dacb5f19bac03656bcf4bc,2.0,350.0,22.0,18.0,21.0,health_beauty
7a295e6687ed3e00c8143498115f6ca5,1.0,353.0,36.0,6.0,16.0,health_beauty
2a55bbbba62db632421607d23042a393,5.0,400.0,20.0,8.0,14.0,health_beauty
18c2db7204cdc97ff47fb6727bb1aa19,3.0,425.0,28.0,15.0,28.0,health_beauty
f545f84233a92063e33a7539832b63c7,1.0,775.0,18.0,15.0,13.0,health_beauty
1df5ecdbd7a222e8e37cc6aec3fccbb7,1.0,550.0,19.0,12.0,13.0,health_beauty
b27b9df9f45462cc40727ef0681d5995,1.0,250.0,19.0,14.0,11.0,health_beauty
d7324c6fc32d3b7077415f24e259ed8f,2.0,50.0,19.0,11.0,23.0,health_beauty
ae8b1d2c414a22d06ba197876eff92f2,1.0,250.0,17.0,19.0,15.0,health_beauty
6fca157ebcc1a1b76d529f8e32f2358f,3.0,400.0,17.0,38.0,30.0,health_beauty
450c25d98ed6923154a934554475bf13,4.0,19150.0,87.0,76.0,16.0,health_beauty
48c9b5b0aff66a99d74fbc6e2c600b33,1.0,30000.0,55.0,75.0,61.0,health_beauty
3e8dfc6cfd5a615318051a93140c0286,1.0,200.0,25.0,9.0,14.0,health_beauty
991b1552415b78c23b466a622ce28c9d,1.0,566.0,37.0,12.0,29.0,health_beauty
a82f0e2c1b417c32e3812235e6cdacd4,6.0,650.0,25.0,15.0,15.0,health_beauty
06c950c36d589b39b34f5dc1d4a75e29,4.0,667.0,30.0,14.0,16.0,health_beauty
7b73a648fbaac51347a498d0a0b93740,1.0,1563.0,22.0,17.0,18.0,health_beauty
c13e94ddeafb40833a4c2e02c65bbb5f,1.0,30000.0,55.0,75.0,61.0,health_beauty
a95db8c4b3cfdf4a5d518e0d738e4374,1.0,258.0,18.0,16.0,14.0,health_beauty
dd47d9ab7372c7eeae29cff125c1561c,2.0,1286.0,20.0,13.0,17.0,health_beauty
ba9eeef22d7f8d8ce64d99839cfdcee7,7.0,2525.0,26.0,16.0,31.0,health_beauty
42189544021ccb7369862e7ee218d828,1.0,736.0,16.0,12.0,14.0,health_beauty
737b71349729cf37cfd2be8a7bf3b282,1.0,1400.0,16.0,15.0,15.0,health_beauty
e987fc6af8290fcf1db0510d52b65795,2.0,250.0,20.0,10.0,15.0,health_beauty
b56d201af4e494d64897a4be5bb6782b,2.0,6050.0,50.0,50.0,35.0,health_beauty
2d0090282bd77e1ae0f6336ba500facf,2.0,150.0,17.0,9.0,12.0,health_beauty
f3456a2585f6774a74e39abccf24a9b0,1.0,100.0,20.0,15.0,15.0,health_beauty
36ab622c8cb4f831132849c587ba600a,3.0,968.0,31.0,8.0,11.0,health_beauty
190d9562bfbe9d3ed876c2ac6f2f5894,2.0,150.0,20.0,20.0,20.0,health_beauty
d49f9f12cae797620ffae81f5cdf0f79,1.0,350.0,19.0,11.0,15.0,health_beauty
7a3bc1b5f3ad201ecd5d03d51d34bedd,1.0,250.0,17.0,11.0,15.0,health_beauty
99102d064da32428d01b71bd302880da,1.0,450.0,16.0,12.0,13.0,health_beauty
29751fbee1bd3194046027f675cdb5ec,1.0,1400.0,18.0,27.0,11.0,health_beauty
e67307ff0f15ade43fcb6e670be7a74c,3.0,150.0,43.0,13.0,14.0,health_beauty
6c8e5644615f97690580b1b06650f56d,1.0,2200.0,36.0,27.0,19.0,health_beauty
2d80e0dc6fc972cd1ba6ba2972792e82,1.0,700.0,21.0,7.0,12.0,health_beauty
b582be000fb3a394254623d5dff60f56,1.0,100.0,16.0,9.0,11.0,health_beauty
6d81453f00fb94345c02d87149c52f00,1.0,275.0,18.0,14.0,13.0,health_beauty
d47ac622fbf41c4fc51f979a13862000,1.0,185.0,16.0,14.0,12.0,health_beauty
b5f15ee3cd14a7ad279b7f07aa6c8aa3,1.0,4550.0,30.0,10.0,17.0,health_beauty
c4cf7c2e1f190d51517eba7e8211c8e6,1.0,200.0,17.0,8.0,12.0,health_beauty
9433628ec2932d31ae619e76e2dc1a4c,1.0,276.0,24.0,19.0,19.0,health_beauty
f748cb764b18656b28d466eff3cbda8d,1.0,2600.0,18.0,26.0,11.0,health_beauty
cd00bff3b274caea4aac883ee3a8da56,1.0,1275.0,20.0,20.0,20.0,health_beauty
de400f332af871f44efa451ede873f94,1.0,1600.0,58.0,60.0,16.0,health_beauty
0271c9f7fe6a29e563ddb672cdcc2968,1.0,400.0,18.0,18.0,17.0,health_beauty
e7ce523709a63bb4254b103e76658a46,1.0,1280.0,21.0,16.0,16.0,health_beauty
d801510753de8d979707ac7f6dea3964,1.0,700.0,20.0,6.0,16.0,health_beauty
581da9e6a6eda905b74a303dd719dd12,5.0,300.0,25.0,15.0,15.0,health_beauty
0b3de7b77f38988388362460d76d884f,3.0,350.0,20.0,12.0,15.0,health_beauty
d34b35c6ebdef211ce82df0f54bfa678,1.0,650.0,16.0,22.0,24.0,health_beauty
d696ead711c63f9d5d1af6fcfbc3fca2,1.0,2200.0,26.0,17.0,19.0,health_beauty
ffbb3c00e9687ad738ace3977e821da5,1.0,2350.0,30.0,12.0,12.0,health_beauty
5c78cd7b50ea28c57bfe6cd09700dcb8,4.0,863.0,22.0,18.0,14.0,health_beauty
be0711db7f99b4443f68c8b9f13235af,1.0,1000.0,30.0,10.0,17.0,health_beauty
556f5f6c941fc24540f7602d7079d1e6,1.0,2300.0,25.0,15.0,14.0,health_beauty
0926524e4f3783f1b0e35c09d5fe13cd,2.0,100.0,16.0,5.0,15.0,health_beauty
68d89fc0b9f098167d94c8bc6e843994,1.0,950.0,25.0,25.0,15.0,health_beauty
146eb6d2e5e311d926d672b5b25d3f4a,1.0,2300.0,30.0,10.0,20.0,health_beauty
758c721416d9d8799cb3059bd648240d,1.0,500.0,23.0,5.0,11.0,health_beauty
70af9f85d8121e98ab6c26d0fc760d61,1.0,550.0,20.0,9.0,16.0,health_beauty
31207fc086e99a46400056ea7f77857e,1.0,700.0,16.0,100.0,11.0,health_beauty
c3779d48220f0a47ad0adb07b5d19c3e,1.0,413.0,18.0,11.0,13.0,health_beauty
4eec371b7c376e0f55338a4e3e362965,1.0,300.0,22.0,5.0,15.0,health_beauty
f7c758899e1679f82c7e9f006866674d,2.0,1300.0,16.0,20.0,20.0,health_beauty
e648fe1e87009dc727a743101c2fc3fa,3.0,75.0,21.0,6.0,12.0,health_beauty
52e316d4cfc422b232b280bed1c53236,1.0,1600.0,21.0,21.0,21.0,health_beauty
c51aa2261d389a1105d4ef8b0a9a87ac,1.0,150.0,16.0,5.0,17.0,health_beauty
2122804f6d118ffec73266ebf35e85d4,1.0,1450.0,25.0,29.0,15.0,health_beauty
c095f03868efc3263075c4ad20641211,2.0,700.0,19.0,33.0,21.0,health_beauty
dccab0aeed5632473aa1fccf14846b3a,1.0,400.0,19.0,12.0,13.0,health_beauty
56bd2788c02b9ef90c6254dfb6ac257f,3.0,800.0,30.0,15.0,15.0,health_beauty
c1b29a8717b892e82865e123083736c5,1.0,6100.0,74.0,58.0,14.0,health_beauty
2fea0f2cec6b6324a277d4a61c2ed2c6,3.0,100.0,11.0,11.0,11.0,health_beauty
3b027a2faa13b442a89696f121015474,1.0,1000.0,24.0,13.0,15.0,health_beauty
d2744565da36ef69f99ed42b0527dab6,2.0,200.0,20.0,10.0,15.0,health_beauty
cb8b2c8c7d4b9d2be73590f3f99b3cdb,2.0,250.0,22.0,12.0,17.0,health_beauty
8fad1e543221d7d6867e756d4bc5e286,1.0,100.0,16.0,5.0,11.0,health_beauty
9f65cd1fc2c7cf6ad8bc3d8c038abe44,2.0,200.0,16.0,16.0,11.0,health_beauty
396bf7d8b2215de13a3332d2426e2abb,1.0,1338.0,22.0,12.0,14.0,health_beauty
f7e5d21b19afd9b7b543e68501ceef6b,2.0,300.0,38.0,19.0,22.0,health_beauty
ebd57a2515930960ba32c9a88fa45423,4.0,600.0,34.0,23.0,12.0,health_beauty
4dddd45aa241530edb5412e8846361fa,1.0,483.0,19.0,12.0,13.0,health_beauty
8931caf4a2050f6d1229b3599b2342c2,1.0,150.0,16.0,22.0,24.0,health_beauty
6adb0047b5b8c2b523ee463b40e88652,1.0,155.0,20.0,14.0,19.0,health_beauty
475936ba8be53c74b3bce95cb665a0b3,1.0,450.0,16.0,16.0,16.0,health_beauty
af0a99476d96dcc1a1baa7c0d9ff6b9d,3.0,593.0,30.0,13.0,16.0,health_beauty
7b83c11ac78f11bde67542beb12e8163,1.0,350.0,29.0,20.0,24.0,health_beauty
090621b8ea8b2c856067283a91b493e9,1.0,3600.0,25.0,25.0,25.0,health_beauty
a7ac695869dbbe03164408a2f081e0e2,1.0,1017.0,18.0,16.0,16.0,health_beauty
362db8a45afd47d3f54c0f34f7c828bc,1.0,800.0,28.0,12.0,18.0,health_beauty
9ab9b4cd7716f676ce8417012a107119,1.0,650.0,14.0,11.0,12.0,health_beauty
8e0fe01ccda36af7936ac8564cf8aee7,1.0,100.0,22.0,3.0,15.0,health_beauty
55a934a527b112e9d1bf6893871872d8,1.0,317.0,18.0,10.0,12.0,health_beauty
3faadd91c89ff779e6cd1fd09a46ee39,1.0,350.0,32.0,4.0,11.0,health_beauty
0f7b5d8f0464562dd0d3e46054e0bd0e,1.0,2500.0,16.0,19.0,15.0,health_beauty
d938227f7f7591d77e900cf3df3a645d,1.0,2300.0,35.0,13.0,13.0,health_beauty
dad78ca3a5464684968e4242039b647f,1.0,1900.0,16.0,16.0,16.0,health_beauty
20a0eed2151a01394b7656d7269b11db,1.0,500.0,16.0,30.0,11.0,health_beauty
e6aecce54cceeb87adae7bf84dc0f468,2.0,200.0,20.0,10.0,20.0,health_beauty
286c96ba1dbc3222ecf3a683d6e0fb33,2.0,90.0,19.0,11.0,12.0,health_beauty
415a910fc2d4976a0c0f7c86a1c1d129,1.0,800.0,16.0,17.0,15.0,health_beauty
6aef77cdfe08cd913ecf82f04149e0d3,1.0,800.0,40.0,40.0,40.0,health_beauty
e04562caf7e8fe3c04496ef278b61cca,3.0,2225.0,36.0,11.0,19.0,health_beauty
7e7a5ae84c41a0fdde9c2a7c545d2115,2.0,1200.0,25.0,14.0,16.0,health_beauty
89f055104adb9365d7f7b5c475f77742,1.0,114.0,19.0,16.0,17.0,health_beauty
92db64b9fbf288bcf880be1fdd53f78e,2.0,1450.0,18.0,18.0,16.0,health_beauty
a9b7d6445491f7108ce079d4f783dbf1,1.0,30000.0,55.0,75.0,61.0,health_beauty
acdd9eaa79720ca045ce3768250b8e47,1.0,400.0,30.0,10.0,17.0,health_beauty
7f010cef13358c3e8b1a349633d0be05,1.0,289.0,16.0,33.0,14.0,health_beauty
67f1a036affe9a75b73dfddf0386893a,1.0,30000.0,55.0,75.0,61.0,health_beauty
31af99e01af722adb2067b365a311998,6.0,425.0,24.0,16.0,14.0,health_beauty
89f59eee27a6a49b9f0d887136c71cd4,1.0,700.0,21.0,11.0,15.0,health_beauty
6a057a401eab3b3cb8083d9e42972233,4.0,1200.0,28.0,10.0,18.0,health_beauty
194d0a84a60aad8916173c4d611f6450,1.0,1200.0,16.0,19.0,15.0,health_beauty
58b9219b342b712be58665cdeff68b30,1.0,200.0,16.0,12.0,11.0,health_beauty
9fc063fd34fed29ccc57b7f8e8d03388,1.0,750.0,38.0,12.0,25.0,health_beauty
13092c58e867fc029b7307c2dc6f18f8,1.0,287.0,16.0,16.0,14.0,health_beauty
1eb0f26a0aa59535c7bee3e2c02093d7,1.0,2400.0,19.0,16.0,16.0,health_beauty
5453853872f6bf249621d05170346aee,1.0,525.0,17.0,17.0,17.0,health_beauty
f2ce47f623d935ff5d28c942f4dcb7cd,1.0,225.0,18.0,15.0,12.0,health_beauty
5522d9e4b6d59f452aff650b213369d8,1.0,638.0,19.0,13.0,16.0,health_beauty
4713819035a9ef628d084f8ff4fa71f2,1.0,200.0,22.0,3.0,15.0,health_beauty
b868a7a3ed7a16bae1b565d21102dd9a,1.0,500.0,17.0,14.0,15.0,health_beauty
6d7e259fc0d18d051d87bac45bd45798,1.0,1375.0,16.0,26.0,17.0,health_beauty
3d16ff6bb87ceb3db735862f069c3caf,4.0,350.0,18.0,11.0,11.0,health_beauty
6e9d34c0cf438c5a29a9a0232ffe54b6,1.0,4000.0,25.0,27.0,29.0,health_beauty
d9ba932a269adb3893a1d7e53161c7d2,5.0,2400.0,35.0,42.0,14.0,health_beauty
7194ad9c6144dbbc1f3d4c389222035a,1.0,2150.0,35.0,11.0,23.0,health_beauty
3a603f59053328d4680cb2534e8e3998,3.0,250.0,23.0,7.0,15.0,health_beauty
25300f04b80a57680ca191c7d4ea64e1,1.0,100.0,16.0,5.0,17.0,health_beauty
e42b2970798f850409bdc6fc482a7ead,1.0,300.0,16.0,25.0,11.0,health_beauty
1ff1ab7f1fb2e52ac45d89d1b63cbfbf,1.0,700.0,20.0,12.0,14.0,health_beauty
450d88168733816b7f90ea045067d072,2.0,21350.0,68.0,74.0,24.0,health_beauty
b9ac7314894a193a11fd3150f8c69307,1.0,583.0,30.0,15.0,16.0,health_beauty
59d9b72d6d54d0817f5614d78eeea90e,1.0,1000.0,28.0,7.0,18.0,health_beauty
74550f9ab6c8739d66b71d3074ff0c1c,4.0,803.0,17.0,15.0,19.0,health_beauty
05f8865da7fa719bf5e94039cfe17c4d,3.0,1900.0,47.0,70.0,11.0,health_beauty
b932cbe9be7a3e71d8fa7f1865797ff6,2.0,248.0,19.0,12.0,16.0,health_beauty
ae9e33c1ac2b32c7518516756f7b80a5,1.0,100.0,16.0,11.0,12.0,health_beauty
81ef08bfaf325b8e81020f11567027c0,3.0,150.0,16.0,16.0,16.0,health_beauty
f2c6bb3c72a67ac37f14bae1faddcf40,1.0,350.0,30.0,12.0,16.0,health_beauty
c0b2635b5a3c7c81327cbf13d8b39860,1.0,850.0,18.0,10.0,12.0,health_beauty
ea546947e2412f88a20ac74103592b42,1.0,200.0,22.0,3.0,15.0,health_beauty
0f2fd0a589cb7849c1dbedbd4109c2f8,1.0,870.0,19.0,17.0,15.0,health_beauty
30653650de8d186314a945a970c21802,3.0,300.0,16.0,25.0,15.0,health_beauty
2db85e45ff15b96518baa00fdacdc6c6,2.0,300.0,22.0,12.0,17.0,health_beauty
1e8aa599b7a43efac798dff87503a424,1.0,850.0,20.0,18.0,23.0,health_beauty
27287c7af954c885df547dcf11fa77a6,1.0,275.0,32.0,4.0,22.0,health_beauty
6bd755fb81238df1567677fb15b2daaf,1.0,1150.0,30.0,30.0,30.0,health_beauty
044814613492fc3e12bda239e12d6b68,1.0,1000.0,36.0,18.0,27.0,health_beauty
66a7ca628024ae587fe4499b255bc26b,3.0,350.0,22.0,12.0,17.0,health_beauty
5f537918a8fcb8d675c944266babf1d6,3.0,3400.0,25.0,30.0,25.0,health_beauty
336b68746bbdc7ef1b4e7115eaad1668,1.0,1250.0,32.0,11.0,15.0,health_beauty
fb3d9b25b111fc87a868c07e66489cae,3.0,775.0,18.0,19.0,15.0,health_beauty
324bd856c15daca22354f5872b72611f,4.0,1300.0,18.0,21.0,27.0,health_beauty
72aa1e49a803b462fd0a83071c894e7b,1.0,1000.0,40.0,16.0,30.0,health_beauty
182b016da1c600181f4ed79df14186c7,1.0,1100.0,25.0,14.0,13.0,health_beauty
6b966b123b31a54f73d652b5d8f45bb3,1.0,5275.0,28.0,40.0,25.0,health_beauty
ccc8daa0204a0488c019ae676ed5fab2,1.0,375.0,19.0,14.0,18.0,health_beauty
fc8595227785863846b7daa2ae3f2c9b,1.0,400.0,20.0,12.0,12.0,health_beauty
c98fcf63f668fa08d0da5584888d6e4b,2.0,2650.0,19.0,26.0,17.0,health_beauty
a95b8621d9c2434bd66a426fa6dc959b,4.0,400.0,30.0,11.0,20.0,health_beauty
98fe8fcab3c57495e05a61bf5946f2a0,5.0,1200.0,28.0,5.0,18.0,health_beauty
2d5f1b5369818632405b5fa5dd8f657f,3.0,400.0,40.0,7.0,20.0,health_beauty
0dc7ffb1ae1ce3ad090cd7c467d09230,1.0,2050.0,20.0,20.0,27.0,health_beauty
c3b74893e4b47714653329ffaa1ef6fd,1.0,450.0,16.0,16.0,16.0,health_beauty
e074a31cddeee80c21fc613445def7bc,4.0,933.0,28.0,15.0,25.0,health_beauty
3bf95cf337a8c87435a2949c48350fc7,1.0,2017.0,28.0,30.0,27.0,health_beauty
bfd57168007502796abdf43ece7d8dd3,1.0,650.0,17.0,14.0,12.0,health_beauty
3e824028352cd013af85473283f832ce,1.0,550.0,20.0,12.0,12.0,health_beauty
c8796f433d9d3ac290c2639550fac10f,1.0,1400.0,30.0,25.0,15.0,health_beauty
a402cdb9cd42a445e3746bd407588699,1.0,150.0,22.0,3.0,15.0,health_beauty
bb46f6475fe5c9e1d9a869d904b8b4e1,1.0,1400.0,31.0,24.0,31.0,health_beauty
ab6ac334be05ff833a2e3973927dd83c,1.0,350.0,19.0,12.0,13.0,health_beauty
4562a1390da3bb292198395483cdc7a7,4.0,200.0,18.0,8.0,12.0,health_beauty
b141c668aca84c5877a5c66bd94fedc8,1.0,200.0,16.0,5.0,15.0,health_beauty
fdd84aefb08c8f8225e0b8c97429d53b,5.0,123.0,18.0,9.0,15.0,health_beauty
ef7f13c7694be202c48017b71801815c,1.0,3650.0,23.0,23.0,23.0,health_beauty
185145001a2c3f8950733eee387285b4,3.0,300.0,60.0,16.0,11.0,health_beauty
ff9240e1887b9c59757142080b2c8d79,1.0,450.0,16.0,18.0,16.0,health_beauty
ed4dfdaab6c24770fc6f34ad50c89ac1,5.0,250.0,16.0,15.0,15.0,health_beauty
1a658f920c35086bb2f6421f240608bd,1.0,100.0,20.0,15.0,15.0,health_beauty
72d6074ef5c81ec3102b3f2a052c5f49,2.0,50.0,20.0,15.0,15.0,health_beauty
2267b228a5bcef6dcc0fd584a4512908,1.0,185.0,23.0,24.0,22.0,health_beauty
f1f41c991881dc3d4cbcedade3ec1622,2.0,750.0,22.0,23.0,22.0,health_beauty
ccdc2cdf7a30f11bbc65d90c630c5e86,5.0,2500.0,22.0,22.0,22.0,health_beauty
977aa4ebf84b0eac12c39f9d3d8333cb,1.0,200.0,30.0,4.0,12.0,health_beauty
164520f853fb53ecd0b55302c564f7ad,1.0,350.0,26.0,17.0,20.0,health_beauty
71da6d6632902431cdca2b3a8e681b80,2.0,1225.0,33.0,13.0,30.0,health_beauty
921d31a1daa51460b7a95ea5f3ab64d5,1.0,210.0,17.0,9.0,12.0,health_beauty
721b56b7d205d6750e97716593bcb370,1.0,2550.0,35.0,30.0,13.0,health_beauty
4daa0faaa4ddd47f39c5de509edc4a32,2.0,100.0,20.0,2.0,15.0,health_beauty
236634fd768c822b130b6ccf325e4c13,1.0,1200.0,19.0,14.0,15.0,health_beauty
3b2c3b5eca3b8bd45a556828662ac340,4.0,1400.0,24.0,10.0,16.0,health_beauty
e4bb850bf967ec64439ebb3c73b5b6f2,1.0,1613.0,21.0,18.0,21.0,health_beauty
25e9a0d431fe3359ee6a55b9c113a39b,1.0,200.0,16.0,16.0,16.0,health_beauty
c23687a012b702cc7d231d3b07deb6e2,1.0,1600.0,25.0,16.0,18.0,health_beauty
5f4717c32cb957e5faf8d9271dce3fd5,1.0,100.0,19.0,19.0,19.0,health_beauty
c54ed8ea69e24c191fbc23b3234c6b32,1.0,413.0,17.0,13.0,12.0,health_beauty
0543393758e5da8203fc69c4e6707c75,1.0,650.0,25.0,33.0,14.0,health_beauty
f80152c36d5600aabf3bf06bc8dddf8e,1.0,1363.0,26.0,23.0,21.0,health_beauty
187e7d92b8168c3661824809d0c5dffb,1.0,1900.0,27.0,9.0,18.0,health_beauty
ffd7628b0b0b98ebc549e8e4c54a59af,1.0,717.0,21.0,18.0,18.0,health_beauty
5f754b00e7c346bd070d33ffb9f006a7,5.0,250.0,26.0,26.0,11.0,health_beauty
5d8db2781143404c208939ae373a5317,1.0,600.0,16.0,22.0,24.0,health_beauty
6d8a7c569e0db81df2d1589bc7c9af4e,1.0,1060.0,20.0,17.0,18.0,health_beauty
14137f0fd56e4d0b8102dcfcc9b0a4fe,1.0,240.0,19.0,12.0,14.0,health_beauty
13c1b4c5f9f4eb68afa4132342e73777,1.0,460.0,24.0,14.0,18.0,health_beauty
f3ea2d1b49592d576d19a27fc400392a,1.0,2100.0,20.0,20.0,20.0,health_beauty
aa7ace6965a30c1407687d1dea0c4aae,1.0,1250.0,18.0,19.0,16.0,health_beauty
effee13a277ad762527b74dfe4160679,1.0,1233.0,27.0,20.0,20.0,health_beauty
3cdff94d5455b793b415be775cace03c,1.0,250.0,16.0,16.0,15.0,health_beauty
bfb76bd20f67223309240df0b98e1a29,1.0,350.0,16.0,21.0,11.0,health_beauty
ef5ad80d84199def6971cac1eec1bd0e,2.0,2700.0,37.0,23.0,39.0,health_beauty
0a783d7ce18a37749c3a059cf829564b,1.0,200.0,18.0,9.0,14.0,health_beauty
feba83b90adfde26a6a944dee721e573,4.0,200.0,26.0,3.0,11.0,health_beauty
fa0bace68b883626200a9047a5ea10ca,1.0,543.0,30.0,12.0,16.0,health_beauty
35b1777d7b1b0e7839a9d0bd138f4c76,1.0,300.0,21.0,9.0,15.0,health_beauty
cdf516ee3c66d21bf05ed94c812a2642,2.0,300.0,27.0,5.0,16.0,health_beauty
8640f0c0e2d0af93274cad7452f80034,4.0,1300.0,27.0,12.0,19.0,health_beauty
3ebec228f65dffbc25c2ee1b8a84d176,1.0,397.0,16.0,19.0,14.0,health_beauty
f12a26f5ddd49ba9e1bf0ec9d0239326,2.0,250.0,16.0,5.0,20.0,health_beauty
bc7783fa09789dd5984d2c9213413a97,1.0,175.0,19.0,14.0,16.0,health_beauty
4074fd19b30333e6cef7f658d672beef,1.0,1200.0,30.0,30.0,16.0,health_beauty
80298f0be0af5a4873f12e2521515281,1.0,275.0,18.0,6.0,13.0,health_beauty
e604bde09d664bc81fa08c40480c94a6,1.0,15225.0,57.0,18.0,52.0,health_beauty
83b23a333b811855258c5ec9431f6d3e,2.0,200.0,25.0,10.0,20.0,health_beauty
62a5a3de0af802fb3718a83c74c3ff8d,1.0,2750.0,25.0,16.0,18.0,health_beauty
84d866290cb98a0253e770a862679579,4.0,400.0,28.0,5.0,18.0,health_beauty
346347724291a3ffbb5f5778e31a9fca,1.0,150.0,16.0,5.0,17.0,health_beauty
d915345cf6ab72f6efb99f28633c3487,1.0,125.0,18.0,15.0,17.0,health_beauty
e9194103b1566094214eafb456b976c8,2.0,300.0,19.0,7.0,12.0,health_beauty
e398924df814f49525ebf68af637b1bc,1.0,2575.0,18.0,30.0,18.0,health_beauty
669fa1d24065522c00675fb575c1adb4,2.0,150.0,16.0,2.0,11.0,health_beauty
5f39447057f5cc7964f30ec06ebf73a1,1.0,650.0,25.0,12.0,19.0,health_beauty
7cbe64a84bc3fba260c50858e7d402d6,1.0,700.0,18.0,20.0,18.0,health_beauty
e887a6dd92133f40be82741d1998b9de,1.0,700.0,25.0,12.0,19.0,health_beauty
533282178a0de6f31a7d6fa9f2eea7c8,1.0,1050.0,17.0,17.0,15.0,health_beauty
5d9b91e8dc83f3caa1cadaf14cd68660,1.0,800.0,35.0,3.0,12.0,health_beauty
1a432f73243abc5629393e03b5540da9,3.0,1050.0,40.0,18.0,16.0,health_beauty
372a2c75b4d5f160e199dee0f342d11b,1.0,350.0,16.0,8.0,11.0,health_beauty
d47821b10559fffaefcf3e57d2b5ff76,5.0,400.0,21.0,6.0,14.0,health_beauty
f734cc43e615be8b85d014e3c5b52a3b,1.0,10067.0,73.0,30.0,27.0,health_beauty
b19802c584b8a6d131cf6e31628f7f84,1.0,767.0,17.0,10.0,16.0,health_beauty
8dc8cdb4e5a2d2f2af019bc5a255e907,1.0,650.0,25.0,20.0,25.0,health_beauty
8445706ffa7ab0221698f5e1be2a9252,2.0,350.0,24.0,7.0,14.0,health_beauty
599f8ba174ccb73cbb51452117fe3cb0,1.0,517.0,19.0,11.0,15.0,health_beauty
b3ca6d2de786cad398ac5c1c6183c832,1.0,300.0,19.0,17.0,15.0,health_beauty
05f0fe07929d35be0748fac56eecbeb2,1.0,200.0,22.0,3.0,15.0,health_beauty
be9ab5610721c60c477717f7025d713e,1.0,150.0,19.0,15.0,15.0,health_beauty
c8a06a6cf1dbd09f3273d65d3dc2da99,1.0,100.0,16.0,6.0,11.0,health_beauty
0e173417855ce91518a2e79d760f93a9,1.0,1200.0,16.0,30.0,16.0,health_beauty
5f439ff2783a474946e17badd77aea1c,1.0,1650.0,30.0,18.0,25.0,health_beauty
40631fc40fbf11823322e3477ca53171,2.0,700.0,29.0,5.0,16.0,health_beauty
9116a056deb0f453c4f5611141deedc5,1.0,700.0,16.0,16.0,15.0,health_beauty
e226c4f6c92586f1a8845b35edafd8c0,1.0,1700.0,80.0,12.0,12.0,health_beauty
79b45f6fe16c752af64c050de4566693,1.0,150.0,16.0,2.0,11.0,health_beauty
fb21cbf5cf37c8282a583cf8b6e770dc,1.0,700.0,16.0,16.0,15.0,health_beauty
75a9a2b97bddd22ba8b6fdd4b042da42,1.0,1200.0,35.0,10.0,35.0,health_beauty
aaccb76bf4427c9196a531cb10a79458,3.0,600.0,40.0,20.0,30.0,health_beauty
f2caf6034861cb05006f66b9d062207e,1.0,800.0,16.0,19.0,15.0,health_beauty
c43e3279d830e4515718d56b91cfa7d8,1.0,78.0,14.0,8.0,10.0,health_beauty
226b714574d308927d79827c0c7f9972,1.0,3025.0,21.0,10.0,21.0,health_beauty
7971cbbdffdad8e31a1bf8aa423772c5,1.0,200.0,20.0,3.0,11.0,health_beauty
756eab67d3c0edae186c4617412c056b,1.0,640.0,31.0,16.0,15.0,health_beauty
b6d96e7683a87fc151ea589ce97a330d,4.0,150.0,21.0,4.0,16.0,health_beauty
d1b9d81af2e3beb92897dd71af23fdd5,2.0,225.0,20.0,10.0,15.0,health_beauty
5c2a9a8bb1b65277521aabe555a4628c,1.0,390.0,21.0,16.0,18.0,health_beauty
e4fad067efcea03c66a5fa661d391603,1.0,333.0,19.0,16.0,21.0,health_beauty
80fcb8062aff23a658c4b047a08bec66,1.0,200.0,16.0,11.0,11.0,health_beauty
1b37b3107916db24fcb0ea0f9c024bd3,4.0,300.0,31.0,6.0,31.0,health_beauty
415229bc91af2ce6c766bc42ad4f395a,1.0,250.0,16.0,5.0,11.0,health_beauty
2172cc642285306d7cc942de518173a2,1.0,10550.0,30.0,20.0,27.0,health_beauty
a8baceb529f7e2a5c770cc5b4e3da35d,1.0,30000.0,55.0,75.0,61.0,health_beauty
dd1391f8da0f3ec40ba009eabfbffb7a,1.0,1900.0,20.0,26.0,12.0,health_beauty
29f44bef673bbef52b8c43bd2fe3242f,3.0,130.0,21.0,11.0,11.0,health_beauty
330144665b875c2b4555f88d9f4ed7c1,1.0,558.0,21.0,13.0,16.0,health_beauty
e5fdad73fc055d39542568c10dbfe45c,1.0,450.0,16.0,19.0,15.0,health_beauty
d0ae5110da1575c15853f122de459f4b,1.0,1400.0,16.0,16.0,15.0,health_beauty
ea2d6aa9595ad8927759e363f8210825,1.0,400.0,17.0,13.0,14.0,health_beauty
1297aae1e4a553b640f4a0a8a8349d06,1.0,700.0,19.0,17.0,15.0,health_beauty
8b8702416a4fecb685fc70b056cac372,5.0,200.0,18.0,13.0,13.0,health_beauty
8c061c83aadff7ca00360142d8c19c2d,1.0,125.0,17.0,11.0,12.0,health_beauty
008b0ec3de3638637099f97add750136,1.0,690.0,17.0,17.0,13.0,health_beauty
336b5407e252cac6f4e4270979cec8ad,1.0,900.0,16.0,25.0,15.0,health_beauty
69d5b1ade2329c97baa0869990fd5862,2.0,650.0,21.0,7.0,12.0,health_beauty
91e9e720834fd442374e12835393387c,3.0,200.0,21.0,7.0,14.0,health_beauty
413487e44799807551e6b3f305ec1593,3.0,1000.0,50.0,20.0,20.0,health_beauty
adaf9912b6a61877040e1437ec878ef3,6.0,350.0,20.0,5.0,16.0,health_beauty
8e3bddc14b0d34937325162c2ce3939e,1.0,1500.0,21.0,16.0,31.0,health_beauty
8ae20127b8e1aa6df4a5b628d1680e35,1.0,150.0,20.0,10.0,20.0,health_beauty
a2f7cac38089c44bb364918bd80468d5,1.0,500.0,40.0,20.0,30.0,health_beauty
8a15d0ee52b120e0b2bd5549434f05cc,1.0,2450.0,35.0,16.0,16.0,health_beauty
1641c200f3f8a804770370f3be6eb727,1.0,2100.0,19.0,19.0,19.0,health_beauty
19578e02e321cef1252a574bb185a4f0,3.0,1357.0,19.0,17.0,15.0,health_beauty
4b51c9faea1c980869cf8558f2bbf48d,1.0,150.0,26.0,5.0,14.0,health_beauty
b385d882efd3a105b5afb87a64f2a0ec,1.0,200.0,20.0,10.0,20.0,health_beauty
45e9db074ca64dc81ee6f06185544d6e,1.0,975.0,26.0,12.0,16.0,health_beauty
f08d9c15742df022236141f83e0a8a22,1.0,1267.0,23.0,18.0,19.0,health_beauty
73026ce2daa69ea29901945b1f915846,1.0,1400.0,20.0,20.0,20.0,health_beauty
1d16c0509e7011656e03c6a582ff6667,1.0,30000.0,55.0,75.0,61.0,health_beauty
cf41f723df264ec6f1c74d1caca1642e,1.0,3300.0,27.0,24.0,27.0,health_beauty
d2c26c86faaf287263610735e07f1b3d,1.0,400.0,30.0,12.0,16.0,health_beauty
bf6c6addcc27daf7976e4eeeda499619,1.0,250.0,16.0,16.0,11.0,health_beauty
f72b34a6b92429e02fd213923b3889fe,1.0,1200.0,20.0,11.0,16.0,health_beauty
c4036b07aeb315973d843c5bb1fc267f,1.0,1250.0,33.0,10.0,16.0,health_beauty
dc9a06452ff10a147f0f14cd4b8f5580,1.0,1450.0,26.0,18.0,11.0,health_beauty
0546131238f7e9d6b5c24dbb5d8e3133,4.0,1450.0,34.0,6.0,24.0,health_beauty
0e34466be9b2d3af8e189b6d27d5eaf3,1.0,175.0,16.0,5.0,12.0,health_beauty
ea0eb807554abd8349bc5a9f20df8043,1.0,608.0,23.0,18.0,20.0,health_beauty
43adec23c5b0d25ac0f521430a176623,1.0,1200.0,20.0,20.0,20.0,health_beauty
926e1da29dd30de8c9aa8220815f2d85,1.0,300.0,16.0,16.0,16.0,health_beauty
8bf6d2c1c1d31bea726012bde861393f,2.0,1100.0,21.0,6.0,16.0,health_beauty
e98e429fc8f0c5a7bec057cca4f3b6ca,1.0,300.0,17.0,11.0,13.0,health_beauty
33e535ce5a73b54b75937cd85478b9ae,1.0,200.0,22.0,3.0,15.0,health_beauty
56b9f57262f84d21a4bd11c4c3536016,1.0,620.0,20.0,13.0,13.0,health_beauty
da16d51397a128691eb2fec79f2daaf0,1.0,2000.0,30.0,12.0,16.0,health_beauty
67cdbf842853a39463b426b3b2d27466,2.0,350.0,20.0,14.0,18.0,health_beauty
4868933278bdc24a16e464dbd882ae73,1.0,250.0,17.0,11.0,13.0,health_beauty
0254d6e0da36c6f28720f89cde66819a,1.0,361.0,16.0,17.0,15.0,health_beauty
819cc553cef53e5f33e1e74ef5133409,3.0,1075.0,23.0,8.0,20.0,health_beauty
9545d45c37449ccbc376de3a04c66e71,1.0,1350.0,27.0,9.0,18.0,health_beauty
cc03fe412a0cde1ba3de9ebbce01adde,3.0,350.0,19.0,7.0,12.0,health_beauty
55706d564fb262a790f8a7e5096f12ba,1.0,100.0,16.0,5.0,17.0,health_beauty
3c2e0c7185b8cb4c6172f7ad5e8f3075,1.0,400.0,16.0,19.0,15.0,health_beauty
55afdf91178e38185fa461b5ca028a57,1.0,500.0,16.0,19.0,15.0,health_beauty
6408c33baecf128bc76222e5863f85c2,2.0,200.0,19.0,4.0,11.0,health_beauty
d5ccbdb97bdcd82d309e35f10adea197,2.0,1100.0,16.0,15.0,30.0,health_beauty
51eb65f0fd99823a3cb2c0d985e230a9,3.0,29800.0,95.0,19.0,66.0,health_beauty
04cfe2f4173f2acf181b3d2642a387d1,2.0,200.0,24.0,26.0,11.0,health_beauty
a42ee02a34cea6addebcada939929763,3.0,850.0,26.0,16.0,25.0,health_beauty
ba5aeff0d2c2150a200bfffdc8b06ebd,1.0,850.0,30.0,12.0,16.0,health_beauty
1bfc9947194da1defa581550164fc92c,1.0,150.0,16.0,16.0,20.0,health_beauty
d45a5247a53e54d5c3307229d446f75b,1.0,450.0,19.0,28.0,17.0,health_beauty
e06b4c50b1658106be58b72fb9f8c12a,2.0,2350.0,30.0,30.0,11.0,health_beauty
c773bee67e093ae2c47a883109b577b1,1.0,1200.0,16.0,16.0,16.0,health_beauty
519909332323abec396b19dddaebde3b,1.0,125.0,16.0,7.0,12.0,health_beauty
efdffd407eb1ed450506e74a528c8216,1.0,450.0,21.0,20.0,29.0,health_beauty
c7084bc72369a57c93c6edaf0b60b235,5.0,600.0,23.0,7.0,48.0,health_beauty
c2ccc78b5a924096d5274ca6a3118e47,1.0,567.0,43.0,8.0,28.0,health_beauty
c2f66da7257100a87b2d61fe2adf0535,1.0,583.0,31.0,16.0,16.0,health_beauty
a78b102a4520ca6cf50885443c44080b,2.0,883.0,18.0,18.0,16.0,health_beauty
1f456c34d70ce7a6bcb86a6f5a3fb888,3.0,250.0,23.0,7.0,15.0,health_beauty
18c52ee8fc4012f63557c51b8558e8f3,1.0,300.0,16.0,19.0,11.0,health_beauty
ac9b6cd9849570634224a1175befc1be,1.0,1200.0,19.0,28.0,17.0,health_beauty
d39421ec4cc2bf52e35f8bf00f1ec314,1.0,1600.0,35.0,25.0,20.0,health_beauty
a3bd84c2a6d25ea7bc0e55c64d0760ae,1.0,2900.0,35.0,20.0,30.0,health_beauty
e2a44ba73fdd5e184c188e4f45e32eec,2.0,50.0,20.0,15.0,15.0,health_beauty
5b3aa845bba5aa7ba1216e36ae882cfa,2.0,75.0,16.0,10.0,11.0,health_beauty
74528b0886c5bd579dc5794d8c8c4f2b,1.0,150.0,20.0,5.0,15.0,health_beauty
5afde944579b289b99c1ee420b2ad73d,1.0,488.0,18.0,15.0,17.0,health_beauty
8d28eb3a7309368ca0de19e016266251,1.0,2525.0,17.0,14.0,15.0,health_beauty
1bb451598371a55d8d19057f39929ec8,1.0,2550.0,28.0,14.0,20.0,health_beauty
8a0234d9460e4ad9a041849057dce64e,3.0,625.0,35.0,9.0,28.0,health_beauty
4ba2ecadbc22416fc5eab3097203922c,1.0,113.0,20.0,12.0,13.0,health_beauty
121f7f44c9e25be4873ca9296542ebd3,2.0,1025.0,23.0,18.0,20.0,health_beauty
0980718a7bdcf89f5848b202b6394965,1.0,2000.0,37.0,30.0,24.0,health_beauty
1e065b64f82eb1e3fd606ae9b4fef074,1.0,1250.0,18.0,20.0,18.0,health_beauty
5b3e03e8dfa69568003b9f9ca8e9344d,1.0,2000.0,30.0,12.0,16.0,health_beauty
7d681d24b9bad757fb34b0d464c350e4,1.0,240.0,18.0,14.0,16.0,health_beauty
3236ebd1684fa3ff2b74858fcd9ea688,2.0,725.0,32.0,22.0,29.0,health_beauty
e89d4c89630fcc709f93fece786bb06d,1.0,350.0,30.0,20.0,30.0,health_beauty
6fd98945d378fd5d76031095b1ba6523,5.0,300.0,28.0,8.0,18.0,health_beauty
4e8e9ef9e7003217fb1fe04df616fa69,1.0,600.0,19.0,7.0,12.0,health_beauty
d44b26fcb399a78808dc8643d991ec14,1.0,125.0,16.0,12.0,13.0,health_beauty
b4168a64b570417bededa30b167c6148,1.0,200.0,16.0,2.0,11.0,health_beauty
07a5fb04bc32fff7f9bb683e5dac80ab,1.0,350.0,28.0,24.0,11.0,health_beauty
43706a3188de57bb50aa9f10e3b2fbde,1.0,150.0,16.0,4.0,16.0,health_beauty
cd494d8236315646d34e31b09c5f86a4,3.0,200.0,23.0,7.0,15.0,health_beauty
feee7d52babf4002f100a79183eb7989,1.0,430.0,17.0,13.0,13.0,health_beauty
60c031bf1162848b7ee14f56f432285b,2.0,225.0,18.0,11.0,13.0,health_beauty
9e65557e7ad596213400fc446f760f47,1.0,315.0,19.0,13.0,15.0,health_beauty
9799f204443f39b914cb108eb13ef6e2,2.0,150.0,16.0,6.0,11.0,health_beauty
48acade3f4dd39bbab10bd14bcfc8735,1.0,250.0,22.0,5.0,15.0,health_beauty
c2f914f366f5fd371453590b140e929d,9.0,400.0,22.0,12.0,22.0,health_beauty
b766885916ec3bd6e7dc8e2a7e90e1c3,3.0,1200.0,22.0,20.0,16.0,health_beauty
862e1c1b2c4a148c5a5b23dc0ced1fba,1.0,200.0,20.0,10.0,20.0,health_beauty
6906f6d2bb318a3cbb5351653e93ceb4,3.0,6150.0,58.0,60.0,16.0,health_beauty
dbc624bf17ad3fdf6f8e5737ad9bf1cc,1.0,250.0,18.0,12.0,15.0,health_beauty
cbaf5898b92064cd5e399c7cff291d0a,1.0,350.0,19.0,12.0,13.0,health_beauty
56a2556592a309ac9f087be6ca82fbf0,1.0,1517.0,29.0,16.0,25.0,health_beauty
bbf975bffd2ae9ee52f513ae5c8a4b27,1.0,2400.0,33.0,10.0,16.0,health_beauty
7c1ac37ea884ec9c46ebf155ffc53d50,2.0,250.0,22.0,12.0,17.0,health_beauty
dd2c0e65f062b05286c37e92e35e5566,1.0,567.0,19.0,12.0,13.0,health_beauty
6c4f9f5db7665ec7f628f17d459b4aac,1.0,400.0,19.0,12.0,13.0,health_beauty
c80525a7dab2df6000ca88a2e7197323,2.0,275.0,18.0,11.0,13.0,health_beauty
f96ff9b997681965689f78bef092fdd9,1.0,250.0,20.0,10.0,15.0,health_beauty
5b3905d05840ce0b216434db7e7c638e,1.0,2000.0,20.0,40.0,30.0,health_beauty
99563e23b641c8a43e04e528c10002e9,1.0,150.0,22.0,3.0,15.0,health_beauty
347ba21666e27d60475549270486d936,1.0,500.0,48.0,11.0,11.0,health_beauty
662eb743b41155e398e7fdd5d4cf5a3a,1.0,600.0,16.0,10.0,20.0,health_beauty
a41d9e51c365f6e2f5eb1f98fa4097eb,2.0,150.0,20.0,20.0,20.0,health_beauty
543fd1c1fba9cfa6e424473dd4d830f0,1.0,550.0,27.0,10.0,22.0,health_beauty
b3a3a5bfa5a1ee872afa9c86b8a0d0fa,1.0,1050.0,19.0,8.0,12.0,health_beauty
715c4b03fc180db258f11f6808749674,3.0,250.0,16.0,25.0,15.0,health_beauty
1b7e8de633927dc83ae6d84f54f9cc1e,1.0,358.0,17.0,16.0,14.0,health_beauty
14d6a43dc8ec3b5e86ef500845374ebd,1.0,2400.0,18.0,30.0,18.0,health_beauty
86a7362af6fc1b61f0e613146b8c4cca,3.0,200.0,20.0,5.0,20.0,health_beauty
ecac1d187a5eb579329eb27d3e4d636f,8.0,365.0,44.0,16.0,18.0,health_beauty
aa3e27bf73286809fb5e0f5dc2ac552f,1.0,200.0,20.0,10.0,20.0,health_beauty
75d612dc15c03222d19962a082a6424e,1.0,115.0,16.0,12.0,13.0,health_beauty
cbff1df298f7bfd7b65557cfc4133d62,1.0,450.0,16.0,21.0,20.0,health_beauty
aae7281498244a475eb36eec95c9a859,1.0,1050.0,18.0,18.0,16.0,health_beauty
8ad980f63b9be72d0b2aba90fbf5a689,1.0,200.0,35.0,6.0,25.0,health_beauty
81652e8e327c1690eecf9aa488c93895,1.0,16200.0,50.0,35.0,30.0,health_beauty
47c99788ea439ec2acce3a497b596a51,3.0,250.0,23.0,7.0,15.0,health_beauty
a4244677524382339c909db6013a34b3,1.0,350.0,16.0,7.0,12.0,health_beauty
1e571e871a93944c5c48e6226f2cd94e,1.0,400.0,20.0,20.0,20.0,health_beauty
ef55549ccb7d442f4ed08cff81eba0be,3.0,175.0,18.0,11.0,11.0,health_beauty
e6dfd63d9ecc2a60f8a848b4fa051a84,3.0,50.0,16.0,2.0,11.0,health_beauty
b92c0c9a860191befb3f8139aee8c4e1,1.0,700.0,27.0,14.0,15.0,health_beauty
52067b6ad15670cbf03133bb13d2a0a9,1.0,900.0,25.0,12.0,15.0,health_beauty
ecbd40ab57460010c6e9454b586231a8,5.0,250.0,21.0,18.0,18.0,health_beauty
31cddbc370031fbb839a21441df28015,2.0,433.0,19.0,14.0,15.0,health_beauty
19ae992992da3f4401e014758f5d58dd,1.0,400.0,17.0,17.0,15.0,health_beauty
5d9da5147623b060b44db5b01bf9e60a,8.0,775.0,23.0,8.0,27.0,health_beauty
51afee91e441387a77e232e59c3d6135,1.0,175.0,19.0,7.0,12.0,health_beauty
a77aadc991c8f31b9b553fcbb8975ab8,1.0,2500.0,27.0,10.0,19.0,health_beauty
d78c524a16fe960ae8229034d4541469,1.0,250.0,22.0,3.0,15.0,health_beauty
da126b80758e8f5f13c45580e9260fd9,1.0,1250.0,21.0,16.0,31.0,health_beauty
7329d78e4f4ab3101c7e5fc53fb0aebb,4.0,975.0,19.0,18.0,23.0,health_beauty
42fffc68ff7e8176f11baaf4a4227557,1.0,1600.0,20.0,20.0,20.0,health_beauty
ec322025096f33818acee169e97d5b97,2.0,250.0,24.0,6.0,23.0,health_beauty
3429d7e4892a2df967fae671f4c98deb,3.0,5700.0,34.0,29.0,34.0,health_beauty
cec6b4ac0968c2cb31bf465a834aa831,1.0,513.0,18.0,14.0,14.0,health_beauty
5562c7c7b08835a354f9c65cd4f1d9c3,1.0,100.0,22.0,3.0,15.0,health_beauty
e179bedb9436af656cae1edb5b85b815,2.0,663.0,28.0,19.0,15.0,health_beauty
dcebc51f6a02993ffaa4167c339a3d79,1.0,650.0,16.0,15.0,13.0,health_beauty
3560066ba5a5b4f87a8d5de6da565792,1.0,1100.0,25.0,12.0,19.0,health_beauty
57e1815b050566a793e010162f765cdb,2.0,100.0,20.0,15.0,15.0,health_beauty
74166bb28ab55ae0eef81ed7ff3dff29,1.0,400.0,20.0,15.0,16.0,health_beauty
2e16e3a2053bf969c7805b59f2693d29,1.0,180.0,18.0,9.0,16.0,health_beauty
96d76d5a8ce6f19b3072a336fa1aae49,2.0,250.0,16.0,10.0,16.0,health_beauty
2ceff09b2c03503b6dfe7b076c6f0c1e,2.0,150.0,16.0,6.0,11.0,health_beauty
d8d1550e51037a51a94b377c8361d637,5.0,500.0,30.0,17.0,30.0,health_beauty
0092a9e1c8a471753ed7ffa7eef5086e,1.0,350.0,16.0,16.0,16.0,health_beauty
d728859ed699df890281fe11d7b81673,1.0,537.0,24.0,14.0,18.0,health_beauty
cbcf718a3400ee5b15ac8d78559e6bb6,1.0,350.0,19.0,12.0,13.0,health_beauty
d47b66f4d980a10ae5c5aa2222928741,1.0,717.0,31.0,15.0,22.0,health_beauty
933f4f76eae38d2a97ecfb7c6355f0bc,3.0,633.0,32.0,17.0,16.0,health_beauty
af3da1cd239d042efbbf8100b9ef2156,1.0,400.0,16.0,20.0,15.0,health_beauty
47a517d507c8d62a3bbc91d747b5b7af,1.0,1082.0,19.0,16.0,17.0,health_beauty
15bef25125df6626665f702257bd1e79,3.0,150.0,16.0,6.0,11.0,health_beauty
943c812216923e4244e83099e0c62a08,4.0,1000.0,16.0,27.0,25.0,health_beauty
112c1451beb754fad2e4b654fc84dabc,1.0,775.0,16.0,27.0,24.0,health_beauty
37167b49712cb4ce822d51958a4ec0c3,1.0,3300.0,30.0,10.0,17.0,health_beauty
337f10f83d8ba37edab89b7a0e9f32b0,1.0,150.0,16.0,5.0,17.0,health_beauty
9d9e4204b9eea9b05299d1a3e91986c5,1.0,350.0,20.0,15.0,15.0,health_beauty
bf0fb54ca0888fce3109ad83c00617c4,1.0,500.0,16.0,18.0,16.0,health_beauty
264afa6d3b31bde30f0f2693c84795d9,1.0,950.0,16.0,16.0,16.0,health_beauty
f663f7a6fc390011dd15492f14205573,2.0,300.0,16.0,12.0,12.0,health_beauty
0eae0d3fd2fe4e667213525cd676c1fe,3.0,150.0,16.0,6.0,11.0,health_beauty
e63cb7bb4e916e643c1d4785da2b2846,1.0,12950.0,41.0,64.0,37.0,health_beauty
e91ff7c20ffce75705b28b2a7e7586f1,2.0,2300.0,36.0,18.0,27.0,health_beauty
245934f7e4cec1769f1b1107fc8b1500,1.0,1500.0,16.0,16.0,15.0,health_beauty
1336ffed1eaf9f489f9f5656f7e6fd81,3.0,100.0,18.0,16.0,16.0,health_beauty
48d402f7e2e296fe1fb7d29220857042,1.0,250.0,30.0,12.0,16.0,health_beauty
c50ca07e9e4db9ea5011f06802c0aea0,1.0,125.0,25.0,14.0,18.0,health_beauty
863c150f7756157ab06ad61737ce9a16,1.0,534.0,27.0,24.0,23.0,health_beauty
fa642cf83fd321da8ff421fe2915ee75,1.0,250.0,20.0,10.0,12.0,health_beauty
6463e442310f2f4f321c83a32d8c662b,1.0,350.0,19.0,10.0,15.0,health_beauty
08e3404b623856c35ed541708cf05915,1.0,1233.0,27.0,21.0,15.0,health_beauty
bff381f7e26b290f53b9f5669eb7dfd5,1.0,650.0,26.0,17.0,21.0,health_beauty
59f6da6e6ee8c426214d2b9173f2b383,4.0,150.0,16.0,6.0,11.0,health_beauty
4082e07ccc62fff9dfaf275a81804952,3.0,2500.0,32.0,14.0,22.0,health_beauty
9496e670a857b5a2217cb77cbff6a6f1,1.0,4800.0,33.0,22.0,22.0,health_beauty
1ddab42b003ae1166c20d48725f780c0,1.0,2500.0,19.0,19.0,33.0,health_beauty
09d54f61ad675c5398b22357fa3ce395,3.0,1100.0,16.0,19.0,14.0,health_beauty
3f9051ef3d646215621400c6a9b50e01,1.0,2000.0,30.0,12.0,16.0,health_beauty
015ec57b45a4c3efc70288eb133d623a,1.0,750.0,28.0,4.0,18.0,health_beauty
c0b677cf65712618cd0d86b9303aa61c,1.0,1800.0,16.0,11.0,15.0,health_beauty
024553ca83fc6e9ec93f5a9c823d1834,1.0,2000.0,30.0,12.0,16.0,health_beauty
a53009171e5b711cec2681a7871c0016,1.0,200.0,16.0,17.0,20.0,health_beauty
d15010eecc80e3a843ccb15865c328da,1.0,30000.0,55.0,75.0,61.0,health_beauty
f889fb87b505b73de10c18b93352469f,1.0,150.0,22.0,3.0,15.0,health_beauty
6f2a4da2fb20abf7cfb17f4ccdba0fdb,1.0,400.0,19.0,7.0,12.0,health_beauty
0a9bba9c02d484c391416587002dae47,1.0,900.0,16.0,16.0,15.0,health_beauty
02a97df83a8a100c7d2b14a02aea6a3d,1.0,400.0,21.0,16.0,18.0,health_beauty
a1d9c007667f29f62ea648623552d21b,1.0,217.0,17.0,13.0,15.0,health_beauty
152eb960a9b1698e3b8dcd50aa14b611,3.0,10200.0,48.0,48.0,18.0,health_beauty
9fcd066d9a5d85dbd05e7d8348539300,1.0,750.0,30.0,12.0,16.0,health_beauty
f98dbc219c0bcd7fb37420dff826912f,3.0,1200.0,24.0,11.0,15.0,health_beauty
5a33c907f184dbfeb2ad4721d983dbda,3.0,350.0,27.0,14.0,23.0,health_beauty
00e62bcf9337ca4c5d5b4c5c8188f8d2,3.0,700.0,41.0,9.0,11.0,health_beauty
d6637bdb2f31c77a3335a1b3c36923d1,1.0,2450.0,19.0,28.0,17.0,health_beauty
ddbb759beb54e5f4ce6e43018cc6d2ec,1.0,2483.0,27.0,21.0,22.0,health_beauty
fa8ca858fe87995e9961a3423bce21d8,1.0,200.0,16.0,16.0,11.0,health_beauty
c4d513d82ef46690cc4bedd562795aa3,4.0,1617.0,24.0,27.0,19.0,health_beauty
08a7edee09bde7cfc9504bc369e64cb1,1.0,917.0,28.0,16.0,20.0,health_beauty
d0d16f5960bcd2ebeea321a525f44067,2.0,155.0,17.0,11.0,15.0,health_beauty
a0b706aace06abff783f614e8b01b760,1.0,500.0,19.0,16.0,16.0,health_beauty
f71645f75bd8cf99682825bf079b8a6e,1.0,1300.0,18.0,18.0,16.0,health_beauty
2948658cb6abc82847412be7201bfc4c,5.0,3500.0,36.0,25.0,21.0,health_beauty
838944cf86ccee50e01a52fba21cf29b,1.0,2500.0,16.0,32.0,17.0,health_beauty
4308439e0d80d5fe03f17ba83b57c493,6.0,600.0,16.0,17.0,17.0,health_beauty
7365350090e895554bc2aeb4fea072e7,1.0,606.0,23.0,15.0,20.0,health_beauty
a16a9c467d4c62181e253cfe2dc9b43f,1.0,1433.0,21.0,17.0,16.0,health_beauty
6b4738836ca838a18b9d08d35bf6b2b6,1.0,600.0,16.0,2.0,11.0,health_beauty
0c5193db708519e6b812ac8474898ffa,2.0,363.0,16.0,4.0,11.0,health_beauty
f0ea9d66568ac8ab30808833a473920f,1.0,200.0,17.0,14.0,12.0,health_beauty
635812e3e457981e2dbc9739594fdb83,2.0,775.0,28.0,12.0,14.0,health_beauty
a93cfe142d94a5cd5a24cd5eed21d7eb,1.0,253.0,34.0,4.0,15.0,health_beauty
cc62ab8550303ced5351594a4fd87884,2.0,500.0,18.0,16.0,14.0,health_beauty
cde80dbf58c3a7c76f553442a9881715,3.0,950.0,16.0,2.0,11.0,health_beauty
24dc9e724587e5bd160e891dc0e3699a,1.0,250.0,25.0,26.0,11.0,health_beauty
c55c77207af4d2ce4b0c54740f4ee7f3,1.0,300.0,16.0,6.0,11.0,health_beauty
10583f0f24319d0c8db47ac35e977021,1.0,550.0,16.0,10.0,16.0,health_beauty
4a69179fab5ff745a1fc23748d65551e,2.0,1025.0,21.0,10.0,16.0,health_beauty
651fe753ea1d6ad3d5744c1bffd3d6e1,1.0,50.0,16.0,16.0,11.0,health_beauty
927019d88409196f97d1fd56daaeecc1,1.0,475.0,18.0,16.0,14.0,health_beauty
bad9cd5ad615c0b5ba87448e03ec954c,1.0,30000.0,55.0,75.0,61.0,health_beauty
5b0414dde0eed69a8968dd1df92c9024,1.0,350.0,17.0,12.0,13.0,health_beauty
13ce216ee959a22dbaec66c182a1b87f,1.0,500.0,30.0,10.0,17.0,health_beauty
a43a88461fa9308923d4464102a5a6ec,1.0,2963.0,25.0,19.0,21.0,health_beauty
826e0179d6f0f44339c0fa71c464acf0,1.0,3330.0,21.0,21.0,18.0,health_beauty
63444bbabe7f7185d14af28fa281f516,1.0,1500.0,20.0,12.0,21.0,health_beauty
8215db96a612d69839c27866feabf350,1.0,1075.0,17.0,13.0,15.0,health_beauty
f1f762d742a61bd111909093655c621d,1.0,700.0,18.0,18.0,18.0,health_beauty
14bcfd08402831f2e770b142a1203d9e,5.0,400.0,25.0,15.0,15.0,health_beauty
5ca414808a1673669317d56dd0fd6b1b,3.0,1200.0,19.0,15.0,23.0,health_beauty
2e91e5644d8da04d17ade8d59c0990ca,1.0,2225.0,18.0,18.0,18.0,health_beauty
7a5b821fca01c5a75fa33c06f249e0f5,1.0,550.0,30.0,30.0,30.0,health_beauty
c8d415e06ebd7a37c7a5b4a18641ca11,1.0,383.0,17.0,13.0,15.0,health_beauty
ffbe3df3856b1fef3fee8f1264105a89,1.0,250.0,16.0,11.0,15.0,health_beauty
65987bbda0b048eb2cbd8fb635c959ab,1.0,300.0,26.0,5.0,18.0,health_beauty
7a89d29a8c19a5bea1ac95a83525d182,1.0,350.0,20.0,20.0,20.0,health_beauty
dc29bdbc4333f8825bb17ed7834e54f2,1.0,250.0,25.0,5.0,24.0,health_beauty
5e6935146c2d07b17b2ca0d3e98cb1f6,1.0,200.0,20.0,3.0,11.0,health_beauty
c1a97b7dfb03db09a3736bd6f1eb9034,1.0,800.0,16.0,5.0,11.0,health_beauty
9b526d1b3e58c9453221353c4368e075,1.0,1372.0,23.0,16.0,18.0,health_beauty
c46c87888b081cf424913fd74b9b6e87,4.0,450.0,27.0,11.0,19.0,health_beauty
802c5db7d7c05d87d41f83f6b0f19e34,1.0,1350.0,25.0,25.0,20.0,health_beauty
dd2e425e371689b74d67c0bd6e739ea2,3.0,300.0,19.0,11.0,23.0,health_beauty
c0dd2eb717671a095ce97504bfba29c7,3.0,850.0,51.0,36.0,34.0,health_beauty
44a6e4ecf7b48f87481c243383b1c4cf,2.0,230.0,19.0,7.0,13.0,health_beauty
8d723f8940f0c575be59e3dbbded3089,1.0,150.0,20.0,10.0,15.0,health_beauty
fdb86e192fdd20037175daab38af9656,2.0,800.0,28.0,5.0,18.0,health_beauty
d699f2079ed493d4c96bc4ce92838723,1.0,600.0,20.0,35.0,20.0,health_beauty
678f2ac714d00eef5ccc48a9b25b2fef,1.0,200.0,16.0,11.0,11.0,health_beauty
08fe42c83a91594fec4d1e11474200f3,1.0,200.0,16.0,12.0,11.0,health_beauty
06abf4be826ed1d548e8a22a3d75d912,6.0,5250.0,56.0,17.0,40.0,health_beauty
5131368354b35ed441caa8ca27244f16,1.0,1383.0,30.0,27.0,28.0,health_beauty
d4604111a0a16806f51aec592303d857,1.0,500.0,22.0,11.0,16.0,health_beauty
fe34a95208c5b3b69d91552aecf1bd71,1.0,850.0,32.0,17.0,17.0,health_beauty
fad376b336be4820300fd7fb5d4e3dea,1.0,550.0,16.0,16.0,16.0,health_beauty
331a9e69c95aad991177b0f1ef85a261,3.0,800.0,25.0,6.0,16.0,health_beauty
46e24ce614899e36617e37ea1e4aa6ff,1.0,30000.0,55.0,75.0,61.0,health_beauty
209699610264262664b7357184f3b83f,2.0,200.0,20.0,10.0,20.0,health_beauty
0d735ec0b40c02b6f7175205fb0e2de5,4.0,200.0,16.0,25.0,15.0,health_beauty
da86f3242cb55a55dd9cd7b19d951685,1.0,200.0,16.0,3.0,12.0,health_beauty
5e7baae596125f355d38d3823b041f1d,1.0,800.0,19.0,17.0,15.0,health_beauty
755065e3daddb86ee48ea0f788b909a8,1.0,200.0,17.0,13.0,13.0,health_beauty
11fb16e86df4d50cd2c289ede0b70f42,1.0,250.0,26.0,18.0,20.0,health_beauty
8a5334e25cfd596c6fca284b039cc99c,1.0,413.0,20.0,13.0,15.0,health_beauty
332f9726c0192e9edf59cb7b1fae49df,1.0,1400.0,20.0,25.0,20.0,health_beauty
edae5a83fa229c8a7ec2d4730120bbda,4.0,200.0,16.0,5.0,20.0,health_beauty
646562dff45f7f272a61182f9833b22d,1.0,5300.0,30.0,35.0,30.0,health_beauty
a3e3f836e0fc63cbec4c31020dc91cde,1.0,696.0,21.0,17.0,17.0,health_beauty
e2b9252181ddde232e0bfb68df262610,1.0,1600.0,27.0,10.0,19.0,health_beauty
72f7a39ebe43db1530241755c8df490e,1.0,833.0,17.0,16.0,14.0,health_beauty
7b1f2b12d9bcca133f8df7a53b55db6e,1.0,3800.0,23.0,23.0,23.0,health_beauty
5050cfa82dba6f455d0e91b798777f21,1.0,450.0,18.0,16.0,16.0,health_beauty
1be6d38ae75d87f6ee74e1d8e7e5466d,2.0,550.0,30.0,10.0,20.0,health_beauty
ed832a46332b37403eb8670e6bcb9ee1,1.0,400.0,18.0,16.0,18.0,health_beauty
16679d68bdbed3fb97af806424d7f2b7,1.0,83.0,19.0,15.0,18.0,health_beauty
1010bcae3110d01e187c7fcf789207bc,1.0,150.0,22.0,3.0,15.0,health_beauty
8d0bda0e4b386849210b1210ecb1a7fb,4.0,1400.0,42.0,12.0,11.0,health_beauty
c415aad99ee06e0fe8a58c09d3598ef7,3.0,2267.0,22.0,13.0,18.0,health_beauty
e3ea1102502e62696f6f37a4d9f22535,1.0,550.0,23.0,8.0,13.0,health_beauty
d950ce1f38b6772552be4523baf94c7a,1.0,1400.0,20.0,16.0,16.0,health_beauty
c974196c0f8fa41b6475a72f67b8df99,6.0,100.0,25.0,2.0,13.0,health_beauty
da6f9d8ce4950ad572b7b4fe7d7e6c90,3.0,275.0,21.0,3.0,15.0,health_beauty
317dba41947df9cb9fec77921ee2d22e,1.0,350.0,30.0,12.0,16.0,health_beauty
0cbc07d4b85c30f4eb6394504185f8f5,1.0,350.0,19.0,12.0,13.0,health_beauty
a703f5ade6e4fae527357132230ea778,5.0,225.0,45.0,10.0,14.0,health_beauty
97c948ebc8c04b26b7bbb095d4228f2a,1.0,30000.0,55.0,75.0,61.0,health_beauty
181f62ad3d1d8b78fa2695f30613b444,1.0,1050.0,26.0,21.0,23.0,health_beauty
b1b787a4d7563b9e375ee8af5bee4a74,1.0,2300.0,27.0,27.0,20.0,health_beauty
a71f57831a39fd421d4dd2cbfbbcf9f7,1.0,233.0,18.0,5.0,15.0,health_beauty
7facb0c1345658cbdc0850feaaae0678,1.0,300.0,35.0,3.0,12.0,health_beauty
1f2b3e5d739add9d4596ba6de24204d4,1.0,10350.0,36.0,19.0,40.0,health_beauty
a5c76443c27d925386c35fe3d6921bf6,1.0,1550.0,22.0,16.0,17.0,health_beauty
5fcdc30ee64ffa6bcecc39887915109f,1.0,650.0,19.0,19.0,19.0,health_beauty
437c05a395e9e47f9762e677a7068ce7,1.0,1110.0,19.0,11.0,18.0,health_beauty
70f408ac32f2b337c6a2d82c98886aad,3.0,19000.0,87.0,76.0,16.0,health_beauty
c63aa9195696eccba5bebc6d7a20aedc,4.0,200.0,19.0,11.0,23.0,health_beauty
a44915c1c247c7de4b5ea38ae2fcf657,1.0,700.0,16.0,18.0,16.0,health_beauty
0c94b3b3e297c165f359c7cd62acc3da,1.0,1600.0,19.0,37.0,25.0,health_beauty
aea040f28a221a9ae37c4287f317d73e,1.0,171.0,19.0,20.0,13.0,health_beauty
0a48b93d24c0c87253c73da8cb8c2e80,1.0,514.0,17.0,16.0,13.0,health_beauty
fafb498dd2f33cbb55cbd0f7d7706047,5.0,150.0,19.0,11.0,23.0,health_beauty
78f3f7fb2c7a8a53bccb6cfc49f34f66,6.0,300.0,30.0,15.0,15.0,health_beauty
b7ff94c9416e098a62e75a26f3a53268,1.0,263.0,18.0,14.0,16.0,health_beauty
11566035935b80d02a0c8a261546610b,1.0,367.0,16.0,20.0,16.0,health_beauty
7aac5971b0560a816c14f6b6e9185bcc,4.0,1450.0,25.0,22.0,19.0,health_beauty
e0f4107654fb507e08290df3af081a51,1.0,2350.0,16.0,10.0,30.0,health_beauty
03566b85189259c49476f004ad2afd08,1.0,150.0,20.0,15.0,15.0,health_beauty
baf25ed4f8f70238cc87230379471454,1.0,100.0,25.0,11.0,11.0,health_beauty
bd84287687cd6471cc78eee8ed6a6a8e,1.0,250.0,31.0,4.0,22.0,health_beauty
4f4474c152e4d8831cc0abc3551e8ff4,1.0,1188.0,17.0,16.0,17.0,health_beauty
47f699d9462e071f977f612be2b5b67a,3.0,1350.0,41.0,21.0,23.0,health_beauty
0c5aecba8eab00eb055c6e2e7b9b4346,1.0,30000.0,55.0,75.0,61.0,health_beauty
afa3726033e2542ca816dd6736e3c601,2.0,2100.0,60.0,33.0,21.0,health_beauty
e2372fa4eec7531e44bb43844876e25b,1.0,500.0,20.0,12.0,12.0,health_beauty
8ec7eb9f181b55edfe7d45092c37a3ef,1.0,400.0,19.0,12.0,13.0,health_beauty
fdd06e4d9669d1f11992a3973a0fdd7b,1.0,1400.0,31.0,21.0,31.0,health_beauty
b8b743faa0c9c15594a70b1bc2e78d8e,1.0,1700.0,20.0,20.0,20.0,health_beauty
9c3ea852d17b33b64cca327b892d8972,1.0,725.0,23.0,15.0,13.0,health_beauty
69faf0d53eb73597d6cfd50175901a56,2.0,300.0,37.0,23.0,24.0,health_beauty
738121d1a5b54545080cef01275446d8,1.0,400.0,25.0,25.0,25.0,health_beauty
312fe77899d7627c5c174229fe0324cd,2.0,150.0,20.0,10.0,20.0,health_beauty
4e27772a66624ce9308a0eb8b989ebe7,1.0,500.0,98.0,3.0,12.0,health_beauty
0042f1a9a7e0edd1400c6cd0fda065f8,3.0,175.0,23.0,11.0,13.0,health_beauty
8431e675f10f64da092849a218cc1f15,4.0,1200.0,16.0,35.0,11.0,health_beauty
08b2b99a87e01c87c200a459bb3f4bc7,1.0,1100.0,27.0,9.0,14.0,health_beauty
3d22445510fe5a03299a8d2a5da7abf4,1.0,2250.0,30.0,10.0,17.0,health_beauty
7efc9c66bf68e3026c7846b0ec3e8682,1.0,350.0,26.0,5.0,18.0,health_beauty
707ad2b2f447c0b9d0a7da2f8e7621b3,1.0,450.0,16.0,30.0,11.0,health_beauty
1fe8e6e01596885617fa1c90d29c2f81,1.0,750.0,30.0,10.0,17.0,health_beauty
b95ce147ff20af1909bd69a2901e39b2,1.0,1250.0,19.0,17.0,17.0,health_beauty
e2998bdeb405a823c497b3ea4e3f263e,4.0,300.0,21.0,6.0,17.0,health_beauty
2afc707b6184690b2ab2c03f44e97293,1.0,1850.0,16.0,14.0,15.0,health_beauty
b15323f89b45fbb7ca64d625a4b741b2,10.0,1350.0,20.0,12.0,20.0,health_beauty
9a36ef546bfd8ad2c01c308dcfe4084f,1.0,150.0,16.0,2.0,11.0,health_beauty
4d07b8f45de0eab0f3a44af37386764c,1.0,350.0,20.0,10.0,15.0,health_beauty
7cf06eb02a976fb3570fe67d117d75d8,1.0,30000.0,55.0,75.0,61.0,health_beauty
9453bde60c4ee52155c963641736cfc5,1.0,750.0,30.0,30.0,30.0,health_beauty
fa93c0bb0bce886ddae9cb218afb8033,1.0,3700.0,21.0,16.0,31.0,health_beauty
0b3a130c2e54aecf33e3e1955fbeeb00,1.0,650.0,18.0,12.0,12.0,health_beauty
f343690217692891e7a092d5c1e5eef7,2.0,250.0,16.0,16.0,11.0,health_beauty
db32d8826a7126c0c59d511a62de9a8c,1.0,200.0,17.0,17.0,17.0,health_beauty
65f7d28684bc62da5693c88fbda94ef9,1.0,700.0,16.0,10.0,20.0,health_beauty
8cb9da14221c0256f8f965c7c07cdcf6,2.0,1100.0,42.0,10.0,20.0,health_beauty
d99009773ba4802173e603cf715ff382,1.0,3217.0,27.0,21.0,27.0,health_beauty
5c6a3e484e7aebf406c2045718dea406,3.0,1150.0,42.0,11.0,12.0,health_beauty
6ea7a562f5a6249001ce232582060265,1.0,200.0,23.0,24.0,20.0,health_beauty
b1ce6dc4824ff3e89a7a10426462158b,1.0,50.0,20.0,10.0,15.0,health_beauty
90df8aac53ea5a44fce74e1ef7ca2259,1.0,150.0,20.0,10.0,20.0,health_beauty
f14d112d3db74fc2977850a25cab3d5d,2.0,150.0,20.0,10.0,20.0,health_beauty
338925450cde31710e3fd65b8bac0b1f,1.0,29050.0,55.0,75.0,61.0,health_beauty
0aa03bab4d36e4ee21cf9024a65f65e2,1.0,300.0,18.0,9.0,12.0,health_beauty
cb1c66d42de1ca828b60cf0514bfba5d,1.0,1100.0,21.0,11.0,17.0,health_beauty
4a8a91cb75042e2b6496f1a6d2d1cdd6,1.0,3900.0,30.0,30.0,16.0,health_beauty
9749139e09929de55d37e68e64b89706,1.0,650.0,16.0,7.0,13.0,health_beauty
d2ded4a70d299e058fdd3ff6b8fc19f4,1.0,250.0,23.0,17.0,21.0,health_beauty
1994792a258088f40af8b4f4bd60d6cf,4.0,200.0,16.0,15.0,15.0,health_beauty
c21390fcf82d68f3a008468547cc3e66,2.0,100.0,16.0,16.0,11.0,health_beauty
5c7236967f55c233f51e36e5126eaf7c,1.0,1800.0,20.0,45.0,11.0,health_beauty
e475c947d2287b8ea1e6a90dbbae56bb,4.0,300.0,16.0,10.0,16.0,health_beauty
1444bc50e2165224458beb85d5542beb,2.0,300.0,20.0,5.0,20.0,health_beauty
53a335c80caee2e8b25272563a2f5120,1.0,600.0,16.0,16.0,11.0,health_beauty
29446ebec998a09982353d9d7628ac58,1.0,650.0,23.0,12.0,18.0,health_beauty
597451e58551660b4c4f0e432c7da39c,1.0,100.0,20.0,20.0,20.0,health_beauty
f25de2089ffdbd1c151d1e971b67a928,1.0,1250.0,16.0,16.0,16.0,health_beauty
a7b883ad302f6f168540e7d46a245450,1.0,350.0,19.0,12.0,19.0,health_beauty
5861173d9af66445f070078cfc29a597,3.0,400.0,20.0,8.0,50.0,health_beauty
e9c1abcc7126360336d8f56d49041a8c,7.0,500.0,22.0,6.0,16.0,health_beauty
614c372933e8129d83b410afdbbb5305,1.0,1400.0,16.0,19.0,15.0,health_beauty
5d5a4bac98d0066fe4c630ea3bcf5e13,1.0,4200.0,32.0,13.0,26.0,health_beauty
85f493d343229dcd90aaa5fa5a2d39a0,1.0,150.0,19.0,17.0,15.0,health_beauty
89e26dce3020ad6cabac5c86120d67fe,4.0,450.0,20.0,16.0,16.0,health_beauty
188372a703d9a84ec0b6a32a0044c7f2,1.0,150.0,16.0,9.0,11.0,health_beauty
62ec3446da1cd57bfa1e822a521c31bc,1.0,650.0,18.0,8.0,12.0,health_beauty
02d53241d2a3c4b1d65f21028e15fde8,1.0,400.0,19.0,12.0,13.0,health_beauty
8a4505505378c8f5d983f3201e9c25da,1.0,325.0,19.0,20.0,18.0,health_beauty
3758055ab2434bd36ac78e00b15b5cf6,3.0,600.0,50.0,8.0,105.0,health_beauty
e892e0e01990e737eb81a57db12f8c8c,1.0,325.0,16.0,14.0,15.0,health_beauty
0b37bd7d994d4ab29992281e2690ad1a,1.0,431.0,18.0,18.0,15.0,health_beauty
18661ef1d69f1bd07e334d1fc498d40d,1.0,450.0,16.0,16.0,16.0,health_beauty
e947e58ac779fe38f69c437738a5cb5a,1.0,4650.0,47.0,27.0,28.0,health_beauty
af827351cc8287dd464466e8793046b0,1.0,1230.0,18.0,18.0,16.0,health_beauty
20e638b21cd236147992f02fbdcf0673,1.0,450.0,25.0,14.0,13.0,health_beauty
c9211f70935f786061bcf1b441c2c25b,1.0,450.0,16.0,19.0,11.0,health_beauty
d761571f5524f788ce8a5797c4cd732f,2.0,900.0,25.0,30.0,20.0,health_beauty
cfb3a98da132f3a6d51b1efdc851120d,1.0,500.0,40.0,20.0,30.0,health_beauty
6b9def857487cb25057f162bce6520d5,1.0,600.0,26.0,6.0,18.0,health_beauty
40161099308e1f5f784d57e2b88b31b5,1.0,1300.0,33.0,10.0,16.0,health_beauty
9cde4f61e193a94c1759e5260804008c,1.0,413.0,17.0,12.0,14.0,health_beauty
37cdd2e6cf19b94999e23e10cc95cdde,1.0,150.0,20.0,10.0,20.0,health_beauty
c0704b7b41d23540e8576c5e84484dcb,1.0,250.0,17.0,11.0,13.0,health_beauty
c50f4a0f1214c5054279a7017d1f4405,1.0,200.0,16.0,11.0,11.0,health_beauty
c30af44af15fb162e1ee0233c7e5d583,1.0,150.0,16.0,17.0,14.0,health_beauty
1bbf3c5abc34eb8f1d884a7503b7764f,2.0,350.0,27.0,4.0,11.0,health_beauty
1809be4f054d8243278d6c83207696ee,1.0,3500.0,24.0,15.0,17.0,health_beauty
642369377615febc7fa89e4c8df5110e,1.0,150.0,16.0,7.0,12.0,health_beauty
fdf37ff6a4ff39ac973343a01c1f91ef,2.0,300.0,27.0,5.0,16.0,health_beauty
4f84ff0aab6b53675317e34f2406ea99,1.0,250.0,25.0,15.0,20.0,health_beauty
f78c2e2b9562f4eb436a275b2a230531,1.0,1167.0,19.0,16.0,16.0,health_beauty
c55345c89c1bf659ac0e4164498658c2,2.0,300.0,30.0,16.0,16.0,health_beauty
0a4f9f421af66d2ea061fbb8883419f7,1.0,200.0,22.0,3.0,15.0,health_beauty
079189201e6c6f0b0f70d118fff53fd5,2.0,450.0,20.0,6.0,13.0,health_beauty
27c5d184e397082e7f0ff11ace0d7269,1.0,750.0,22.0,12.0,22.0,health_beauty
45008a48815255d904cacbfb01303b0e,1.0,1300.0,20.0,30.0,20.0,health_beauty
16007704980fa90718364a0dd747133e,1.0,1550.0,27.0,9.0,18.0,health_beauty
b83ba81552d0748b45288e7e57c62888,2.0,460.0,36.0,10.0,16.0,health_beauty
22cae88a3d0dfb90553827c761728e55,1.0,250.0,19.0,18.0,18.0,health_beauty
6311e3c0a462892d8b8115567bee582f,4.0,1250.0,18.0,21.0,27.0,health_beauty
a20f56d082d66a0caeab963592f3cad5,1.0,650.0,19.0,12.0,13.0,health_beauty
7c6fbb3a5346dfd607386155c6f628f8,1.0,150.0,22.0,3.0,15.0,health_beauty
e044a6c8994164db4e2446054a374b9a,1.0,375.0,16.0,13.0,15.0,health_beauty
55735d5427bd8e6d279d1af6997b5fc8,1.0,500.0,16.0,8.0,11.0,health_beauty
108dbde571d17eee3c21fa2492e8921b,1.0,900.0,18.0,12.0,18.0,health_beauty
d3f00f350c591d6d9f98c6282c1ca080,1.0,225.0,20.0,18.0,18.0,health_beauty
3d15cfddaaad1a981e05901ad88fa50c,2.0,600.0,17.0,23.0,20.0,health_beauty
77da35d9e8023abd25ed7a92d9a65288,2.0,450.0,29.0,14.0,15.0,health_beauty
197cb673852389801377308c616f5738,1.0,350.0,34.0,4.0,15.0,health_beauty
3e87e743e56d7fbf4bb9b67399b99a9d,1.0,553.0,20.0,13.0,18.0,health_beauty
a5190314b65b1f99d589e8fba9894639,1.0,1267.0,17.0,16.0,14.0,health_beauty
803711d24d376b5e52332a616f50dbe5,1.0,200.0,20.0,15.0,15.0,health_beauty
2d354026ff76d22a151846a05f5cfd3c,1.0,500.0,16.0,10.0,20.0,health_beauty
2c96824d8716171d254d8177e6a232e7,1.0,200.0,16.0,14.0,12.0,health_beauty
8c292ca193d326152e335d77176746f0,1.0,200.0,17.0,11.0,15.0,health_beauty
a6b8385d1008214b2b70342c04e8aafb,1.0,2500.0,19.0,28.0,17.0,health_beauty
04b48e86a968cfe620da1cab5c7556ae,1.0,630.0,21.0,12.0,15.0,health_beauty
8d7654102992872ef4342f91f9997e64,1.0,2500.0,30.0,10.0,20.0,health_beauty
fc7a99a9bea1e3544a0712c0649595ec,1.0,3500.0,18.0,11.0,36.0,health_beauty
fc5010afcac79b05b2e4bc8e5912092d,1.0,3725.0,20.0,20.0,20.0,health_beauty
58a84286399d234f7234d54d9daf6418,1.0,2450.0,30.0,12.0,16.0,health_beauty
19ee3f358951bb4ffb50cfc4f3780449,1.0,200.0,20.0,10.0,20.0,health_beauty
c3309944c260af795614f886c749e6db,1.0,700.0,18.0,15.0,15.0,health_beauty
dc861f18267cce21f3b70f9f7990b8ce,1.0,30000.0,55.0,75.0,61.0,health_beauty
8f1e43e0e3374ed8c84df748034d6179,1.0,1000.0,20.0,20.0,20.0,health_beauty
8569e9a17c2b63e9e6e998dac2dfa533,1.0,150.0,16.0,10.0,16.0,health_beauty
3b8c4349c3256c61f1c1d7181267fe76,3.0,23975.0,80.0,50.0,48.0,health_beauty
8776ca0117daf03227870f2095f9b511,1.0,650.0,19.0,17.0,15.0,health_beauty
64cc3c7698b70c71f7f1ce671c112ad0,2.0,150.0,20.0,20.0,20.0,health_beauty
24c66f106f642621e524291a895c9032,1.0,792.0,19.0,14.0,16.0,health_beauty
8d2597b69d4374f067b17eba13383a0e,1.0,225.0,18.0,9.0,12.0,health_beauty
d9ef8862928998b3921fa52eb30c5fe2,1.0,100.0,27.0,28.0,27.0,health_beauty
262f65b4fffa70d0216e5aafde271967,5.0,200.0,16.0,16.0,16.0,health_beauty
c4a235a34fa3361e6746f11175504a94,1.0,200.0,23.0,9.0,14.0,health_beauty
a704d78958b47246aea55603a798d0ff,1.0,3350.0,25.0,27.0,29.0,health_beauty
ff274e9a1f40c1c9bc8a2069af3a0084,1.0,1875.0,36.0,25.0,20.0,health_beauty
c412b0618351955b3643d844e914ab1b,1.0,2600.0,22.0,8.0,16.0,health_beauty
4ff38de0673d41a0da1499e300720ef6,2.0,125.0,20.0,16.0,19.0,health_beauty
f6c6fea19a623d1d948f6e4f8235cab1,1.0,1275.0,21.0,21.0,21.0,health_beauty
b79361867edbe85462b548334d136a8a,2.0,125.0,13.0,7.0,9.0,health_beauty
b018c22a201761d4890a4a33ba8f0633,1.0,1250.0,25.0,29.0,15.0,health_beauty
10ab16a7860f0bf18ed851ca94ab90a5,2.0,100.0,18.0,9.0,12.0,health_beauty
5eb9aa8db351127bf2212636cac6e0e7,1.0,475.0,16.0,14.0,11.0,health_beauty
e0b9f1ae7c2469feb2555a5d42e2fe53,1.0,260.0,17.0,16.0,15.0,health_beauty
1e10b292e5af5e5af60b4e8bc7726e22,1.0,400.0,19.0,7.0,12.0,health_beauty
7a5d2e1e131a860ae7d18f6fffa9d689,1.0,870.0,25.0,20.0,18.0,health_beauty
16c85ec4d9d97a526a3848d6ac11be61,1.0,400.0,21.0,13.0,16.0,health_beauty
c744b9538213403285c97c9f7a53776f,3.0,1000.0,31.0,5.0,15.0,health_beauty
4cf4ced7fc5be2945ff731f99d259c55,1.0,387.0,21.0,13.0,18.0,health_beauty
48a59a89c4c68ff3e20a8b7586f33337,3.0,650.0,30.0,20.0,20.0,health_beauty
79882368bfedd5f03e3beed890bd2f95,1.0,1950.0,30.0,10.0,17.0,health_beauty
11f7fe3e6faefffa90541a46c3a4398d,5.0,675.0,29.0,19.0,16.0,health_beauty
73654d559ec8c7b46ae0c6419cd59072,1.0,300.0,18.0,18.0,18.0,health_beauty
ca84f66aece31f9e2298a1b53d9f39ee,4.0,200.0,19.0,11.0,23.0,health_beauty
bc74f63361c15c1a5baa5b97ac432e62,1.0,4050.0,17.0,11.0,13.0,health_beauty
648b8a8c89e77c27e1e894e857667f6c,2.0,225.0,18.0,11.0,13.0,health_beauty
61447f1b201702e05090de1afd35c560,5.0,350.0,19.0,11.0,23.0,health_beauty
0c21c38f5c53913ec6ae3884484aac81,1.0,500.0,16.0,11.0,11.0,health_beauty
cf42c8f3dc04e4fe02b18b4176eb8e1f,1.0,850.0,20.0,30.0,25.0,health_beauty
44231a850e5be11ed6374fab222ff49f,1.0,600.0,30.0,15.0,16.0,health_beauty
5f5e612ca8903e6425fd6d2d3f7fe985,1.0,1750.0,16.0,16.0,16.0,health_beauty
25d5e7a4f8052c1843acdb8bf8969fc6,1.0,3300.0,30.0,12.0,16.0,health_beauty
ad21c6ffe97ed6db7a3d73b51bca2ee0,1.0,150.0,16.0,7.0,15.0,health_beauty
7cdba2b188d18b2054e22e431ffff829,1.0,300.0,35.0,3.0,12.0,health_beauty
99d48e31cb95ab20a319faea37066bf0,1.0,350.0,23.0,7.0,15.0,health_beauty
ec1600d8f15b93ce3e402f522696a18c,6.0,20200.0,90.0,60.0,20.0,health_beauty
5972ce0f3fcc077f4017b1f7cd9eb9f9,1.0,150.0,18.0,9.0,12.0,health_beauty
db6677c6f890ba1730c0b75bd8132579,2.0,950.0,35.0,25.0,20.0,health_beauty
746d236f81b4ae9d259030ace2833590,1.0,29100.0,50.0,50.0,11.0,health_beauty
ef814c6dd6dc000a73c50dbaedef4002,1.0,625.0,18.0,18.0,18.0,health_beauty
0918fd47e51e716ae8b6d2512866988d,1.0,300.0,19.0,12.0,13.0,health_beauty
7e7da0ee83024e649680e11ed76dfe58,3.0,271.0,19.0,11.0,13.0,health_beauty
2cd9064c8472a73250ac970950521c41,1.0,250.0,16.0,20.0,15.0,health_beauty
1b861948326326b19c7442789ef59ebb,1.0,100.0,16.0,11.0,11.0,health_beauty
a1fc7e27ec70c82cbc5a559b1af76424,1.0,163.0,33.0,4.0,20.0,health_beauty
f0bc0aed23d451f89495f7650d81e244,2.0,900.0,30.0,5.0,23.0,health_beauty
8c550fe557028eb6b7b19850b6a3d7bf,2.0,300.0,36.0,5.0,17.0,health_beauty
0afe6af6700e5ff3b7b6f08a0b12ce71,1.0,200.0,22.0,3.0,15.0,health_beauty
67bd616e1ba0d3d3e8545f3113b0140d,1.0,300.0,18.0,18.0,18.0,health_beauty
9384e66a84d6f8833eb4c69a3d537fef,1.0,350.0,18.0,13.0,18.0,health_beauty
e4bf89766decbc6dd5e5c29edff02990,1.0,250.0,30.0,12.0,16.0,health_beauty
0554df77f3ed2e36e06c60eb65dc357a,1.0,300.0,17.0,13.0,13.0,health_beauty
49eaaa38ac3df51ca790372b47b99604,1.0,175.0,19.0,18.0,14.0,health_beauty
7ca0995633d93c1c87f7ed7429173ddb,5.0,4175.0,45.0,39.0,30.0,health_beauty
3af6d5f9fdb78f106c003ce49d7f0186,1.0,100.0,16.0,5.0,17.0,health_beauty
5edb58b97a719cf98b2a76f48e723f05,2.0,667.0,30.0,12.0,16.0,health_beauty
69ae578cb2e84390bb7c44216380ad5e,1.0,4650.0,23.0,23.0,23.0,health_beauty
2c6c5761d3367fd186effcf2922d125e,2.0,50.0,19.0,11.0,23.0,health_beauty
2404d9b539ebddc4401a24da18215fc4,1.0,280.0,18.0,19.0,18.0,health_beauty
7547e75e8db99c03f67c1dc291e896ea,1.0,150.0,16.0,13.0,11.0,health_beauty
cb61986817d2a774d7c902dbbce84342,1.0,500.0,19.0,12.0,14.0,health_beauty
56d071c5c405afe639fbb1e7af7891e5,1.0,400.0,30.0,20.0,30.0,health_beauty
27535386be7362e36d9e78c2afb8c0e5,2.0,900.0,30.0,15.0,26.0,health_beauty
9eca7d28777e4887c113e775ed3cb87c,1.0,333.0,21.0,19.0,21.0,health_beauty
90c9742c178ef9389b82fcb1bd9ae2b6,1.0,3633.0,34.0,19.0,41.0,health_beauty
12a5914d1826c08632a428b769a4eb30,1.0,100.0,16.0,2.0,11.0,health_beauty
af524b0bf462d47ea8b0fb48db35504f,1.0,150.0,17.0,10.0,15.0,health_beauty
aa1ae6a4dce8c9a91c5c562d4b84ab3f,1.0,653.0,19.0,12.0,16.0,health_beauty
149de4383ccb1829ea75380fc5f0b5fa,1.0,750.0,18.0,19.0,23.0,health_beauty
830345ab5d2e365c7c6b91459119ea2d,5.0,1400.0,22.0,29.0,13.0,health_beauty
9637ad471df1e71f71217ef109fb0607,1.0,600.0,16.0,6.0,11.0,health_beauty
4c9fe8e7edd1b6d9751a70ff47c32f86,1.0,150.0,22.0,3.0,15.0,health_beauty
32272e8a9336baf4548671ac811f4f14,2.0,750.0,18.0,13.0,13.0,health_beauty
6c134d5cb3a3dd71dd85c1b5cb4fc7b0,1.0,400.0,19.0,17.0,15.0,health_beauty
1d94412990844cddc0ab637ba8c1339d,1.0,1400.0,25.0,11.0,19.0,health_beauty
7f6b034a2bb30ba8e1da93017a86bd58,6.0,200.0,35.0,16.0,28.0,health_beauty
8a6f438e9c9eb5acb74c50525dbf40af,1.0,1250.0,25.0,25.0,25.0,health_beauty
7fe7d331253bc4643ab397881aa801e7,1.0,150.0,19.0,13.0,13.0,health_beauty
70275b3042e4c4b6f18637720387bc0c,1.0,1250.0,30.0,10.0,17.0,health_beauty
a58618eb6d5ab975d0bf78cb2c77f373,2.0,150.0,16.0,7.0,12.0,health_beauty
a055e7613e88b48f2d724981fae9d2d4,1.0,500.0,21.0,6.0,21.0,health_beauty
52d6f0dc99f96ca1d2ddbb64146f11b0,1.0,450.0,32.0,5.0,21.0,health_beauty
c7b8e643fca22f6d8ec5f4b76b72e65f,1.0,1100.0,20.0,10.0,15.0,health_beauty
a1ccbdad642a580304988cd472018896,1.0,500.0,16.0,15.0,15.0,health_beauty
aa852c9c016c836c84928a70b669f6a0,5.0,350.0,19.0,11.0,23.0,health_beauty
b4be8f8fe79a6219017a8de82c24a4ef,1.0,200.0,17.0,13.0,12.0,health_beauty
2dcff90bd6ccaf271aeed159a91f2958,2.0,550.0,40.0,21.0,14.0,health_beauty
7978cf8f35b3ee5e60ce063d2b041dcd,1.0,1250.0,26.0,17.0,19.0,health_beauty
e3d17fa3c240d8614ea0d89d249b2a92,1.0,2400.0,33.0,10.0,16.0,health_beauty
448dc391c54233ca4f7a87fe0e6052b9,1.0,350.0,16.0,16.0,16.0,health_beauty
d0885d40d75c08cf3c44d7ae88897e11,1.0,2200.0,21.0,27.0,20.0,health_beauty
67b6e702f44cd2c2ce9db4be16490cdf,1.0,1000.0,16.0,16.0,16.0,health_beauty
c7087c85276fc1785b4575ca6680ea9c,4.0,250.0,16.0,6.0,11.0,health_beauty
6416e0ecd625ef4adf18658a9aca2e10,1.0,644.0,20.0,15.0,19.0,health_beauty
9b6ee5c8c553ff804dc0b0c2d06baa49,2.0,283.0,18.0,7.0,13.0,health_beauty
2c190df9aeb8a3b7cfb2e07277fcdbd6,1.0,2300.0,30.0,12.0,16.0,health_beauty
f33bfcc8610360bf8b4d2831c7f4488e,1.0,425.0,22.0,14.0,18.0,health_beauty
5a9db0654a2a5e1ee2b517023d04f279,2.0,275.0,25.0,6.0,18.0,health_beauty
cf5fb18f3ac3f373759295cc8ba3e2c3,1.0,1650.0,26.0,18.0,11.0,health_beauty
d581a9097bc2a13adf46bbd864ee0d08,1.0,300.0,18.0,9.0,12.0,health_beauty
ec538f9435c2c6da3874121d51c5c556,1.0,1300.0,40.0,40.0,16.0,health_beauty
bda12489ccff8dd18c899c64cc6411b8,1.0,150.0,23.0,9.0,14.0,health_beauty
c5c322bee0fbbd74896c84816df9c6d3,2.0,933.0,33.0,10.0,23.0,health_beauty
2722b7e5f68e776d18fe901638034e54,5.0,650.0,20.0,20.0,20.0,health_beauty
ecb092c44590e3c5867a4b8bb4f08ce5,1.0,725.0,22.0,14.0,17.0,health_beauty
98d8b8d9df31604bf471f6d9483e94f5,1.0,2000.0,30.0,12.0,16.0,health_beauty
a945078e19efed6370a484e25e879894,1.0,150.0,18.0,13.0,18.0,health_beauty
bc9cc914f974963c07be697fc93037bb,1.0,75.0,14.0,9.0,7.0,health_beauty
b74cc46deca5ba8f6a2226df8041a0b7,1.0,300.0,16.0,16.0,16.0,health_beauty
63ac048b30e75cf4da2929227a478f4f,1.0,1250.0,16.0,20.0,11.0,health_beauty
b45db6d7f215afe884f987a98d44788c,1.0,700.0,16.0,2.0,11.0,health_beauty
016711f78a6a87696645db0a6a834826,2.0,1150.0,27.0,22.0,39.0,health_beauty
377d0ea8bb2c8365af0b1519223d324a,1.0,150.0,16.0,7.0,11.0,health_beauty
4ad4cf9cb1cce9af79caf2426fd9ab93,4.0,350.0,16.0,16.0,11.0,health_beauty
55945cf4a4e6def88dcc8996a581608a,9.0,275.0,28.0,12.0,22.0,health_beauty
4660d9b4ae2a49dc7a5cac39499b204b,3.0,600.0,17.0,22.0,20.0,health_beauty
5072bfb5e5e1ce79d108a610b6b22642,1.0,1100.0,16.0,16.0,15.0,health_beauty
b197f7fdb89aef348bb41b2f62966a5a,1.0,4900.0,18.0,35.0,11.0,health_beauty
ab4d426852a7cd31cef3270bfab3bcdd,1.0,2300.0,30.0,10.0,20.0,health_beauty
8f19c4fa78ba4a8d037bc977eef22927,1.0,700.0,16.0,35.0,11.0,health_beauty
ac3e3a9f9e66ca62953057a6965ce444,1.0,50.0,16.0,4.0,11.0,health_beauty
b69585752110ce1af10cf9baee38e992,1.0,500.0,37.0,4.0,16.0,health_beauty
5c8b2723686640aef19e22ebe3692795,1.0,650.0,25.0,12.0,19.0,health_beauty
be4788070edee09cc2eac8525f99aec1,1.0,100.0,16.0,13.0,16.0,health_beauty
7f9e40aa498f8f6edf4cc51215ecce9e,1.0,575.0,18.0,16.0,17.0,health_beauty
3d9bbe6e6d8c6dd8ba6e728f2586e510,1.0,273.0,16.0,13.0,14.0,health_beauty
cddac36c1809b09b2bb467a49c56ab1c,1.0,50.0,20.0,10.0,15.0,health_beauty
6adc47df234495741cc1af4ffc25b58c,1.0,1200.0,16.0,14.0,15.0,health_beauty
53027b8270c2c4b97acb3907e39e999e,1.0,600.0,20.0,6.0,20.0,health_beauty
eaeca85086b0c4f68351e52deb944e16,2.0,50.0,19.0,11.0,23.0,health_beauty
7db522185b13bcf14ea1bdb147463547,1.0,1700.0,98.0,15.0,15.0,health_beauty
54a96160126877c6a5cd30bfd35831e3,1.0,1550.0,20.0,30.0,25.0,health_beauty
4c55077cfe05007e8051304d1b721343,1.0,300.0,16.0,16.0,15.0,health_beauty
8cd4137e61645f90ab828559c9ab651a,1.0,650.0,16.0,20.0,15.0,health_beauty
a8d2c5e8f29550a539f377d977f10a52,1.0,225.0,17.0,8.0,13.0,health_beauty
8a87ff3419a80067bd8c101012f37e55,1.0,1300.0,16.0,16.0,15.0,health_beauty
f3b8bfa5b86249e75e5c0632acc0e82e,1.0,2550.0,20.0,20.0,30.0,health_beauty
ac477a098cb23c128ec2915a4f3c4625,2.0,717.0,19.0,17.0,14.0,health_beauty
d5f4f441812a9a67cf8fa6d6019192c8,1.0,1700.0,20.0,15.0,15.0,health_beauty
38cc17614e78b88b0cb0d44063572e22,3.0,300.0,17.0,5.0,13.0,health_beauty
d77d9f61eda0118690a342a000144563,2.0,400.0,20.0,10.0,15.0,health_beauty
84183944dc7cddca87a5d384452c1d3c,2.0,150.0,16.0,2.0,11.0,health_beauty
1fea2a921fb07ca863ffdda55598bbdd,1.0,400.0,16.0,22.0,11.0,health_beauty
8844bd4b8ca8f93603694ca2bceb77e9,3.0,900.0,33.0,17.0,12.0,health_beauty
da9d5b38b3e2e1c8cb2731aa7e8bec8c,1.0,1000.0,16.0,16.0,16.0,health_beauty
243332c5551ef72c46bb6885fcaaa848,1.0,2000.0,30.0,12.0,16.0,health_beauty
b6af69cb42f5e5e78bcf59f9be1b61a7,3.0,2400.0,25.0,25.0,25.0,health_beauty
9d12e90dff96cfce78ad02405d6467f4,1.0,800.0,16.0,16.0,15.0,health_beauty
c837ca3eaf5506275072300511cb7b12,1.0,300.0,16.0,6.0,11.0,health_beauty
35ea4c3f97a29ec66a63df3b60633dc8,1.0,1125.0,18.0,18.0,16.0,health_beauty
55d81ec5f183a366aff5fb33d29efce5,2.0,1300.0,32.0,27.0,40.0,health_beauty
45256604fab2c941ffc501ebabd4d41a,1.0,1150.0,20.0,20.0,13.0,health_beauty
8fb8fc612eb9832ae220a1b88f3b375d,1.0,250.0,16.0,16.0,16.0,health_beauty
c099dea24256de1aa15369a19d7c9712,1.0,2300.0,33.0,10.0,16.0,health_beauty
3b85e44a54ca23950c469c7fb1cc0e0a,1.0,30000.0,30.0,88.0,22.0,health_beauty
543af92389bfb55bedfb145b64211c0c,1.0,150.0,19.0,7.0,13.0,health_beauty
643a4049ae3e6df63858575f28cd7b21,1.0,200.0,22.0,5.0,15.0,health_beauty
1a0bed98d47b5923948a6a49612aeb83,4.0,175.0,25.0,12.0,20.0,health_beauty
159dc4423e5092c3baa443379a458fa9,1.0,1100.0,37.0,12.0,22.0,health_beauty
71806ae7a741f21e27a83b42237b2405,4.0,16050.0,97.0,20.0,70.0,health_beauty
5c737d7f2147bdf63360675bf7b7735f,2.0,1100.0,16.0,15.0,11.0,health_beauty
6bb1532261d0a1b244b21ed4aab982bd,1.0,150.0,16.0,12.0,20.0,health_beauty
bdcf6a834e8faa30dac3886c7a58e92e,1.0,1614.0,31.0,16.0,28.0,health_beauty
4c4a28727e951ccf6f37590a7028e182,1.0,240.0,23.0,16.0,14.0,health_beauty
259318f8df188cf39e275a77f0f6f02d,3.0,2350.0,21.0,13.0,30.0,health_beauty
f9c972fb058194f8e948a46e6c611ee1,1.0,1225.0,26.0,20.0,23.0,health_beauty
06b3565e07ddba55a46439bb0035af89,1.0,2500.0,35.0,15.0,15.0,health_beauty
6846dfbf7215f5f155de98eed2597736,1.0,200.0,16.0,8.0,11.0,health_beauty
7e05e6713e6b05c5f4ad524f783c1de8,1.0,1154.0,23.0,18.0,21.0,health_beauty
e2aa433aedb3d633cea92d4fe212cb96,1.0,3175.0,25.0,23.0,26.0,health_beauty
062619359d5f9a664606cb2a6ccb477a,1.0,2000.0,20.0,20.0,20.0,health_beauty
634f5ba39b0d81a3b43edfb57af63be9,1.0,1600.0,18.0,28.0,17.0,health_beauty
e8769e00778ec82e2fddf58d7b360a27,1.0,700.0,34.0,9.0,25.0,health_beauty
d64a657e6b0860d638e61086e3a3d372,2.0,300.0,16.0,22.0,11.0,health_beauty
ee294f9280db285331ad04dc2de96173,1.0,347.0,18.0,14.0,14.0,health_beauty
c94fa82c83478dddeb98388b6bf43d79,1.0,450.0,19.0,15.0,19.0,health_beauty
ec8cad139523a58066a27ef934466932,1.0,14400.0,52.0,83.0,20.0,health_beauty
2ada8214e59b86de70b03d8f03894c93,1.0,300.0,16.0,16.0,11.0,health_beauty
d1606c4563d5481c8020de798866465e,1.0,650.0,19.0,12.0,13.0,health_beauty
1ef4d09abc3b209cfc14875996252306,1.0,625.0,16.0,14.0,15.0,health_beauty
c347971e06135135a97fd33d9db5b74c,1.0,1133.0,30.0,18.0,23.0,health_beauty
6bda2b8bcc2bab4fb46bce67c4f4b829,1.0,400.0,18.0,10.0,13.0,health_beauty
9091499533100191c6b89d09e43445e8,4.0,50.0,19.0,11.0,23.0,health_beauty
ad148e862f7210012a3126ff066f56ec,1.0,2150.0,26.0,13.0,14.0,health_beauty
8873909eb9409566f9d5a6d47c4d38c1,1.0,265.0,19.0,18.0,16.0,health_beauty
2cb04e10eeaa0cc28bb0b7db018c9056,1.0,1350.0,27.0,27.0,22.0,health_beauty
1f58e3c365e615b33b2b30b068d7578a,1.0,600.0,20.0,10.0,15.0,health_beauty
9ccb2e3f0e2cbe7e3566c2db1c67db1a,1.0,1400.0,16.0,31.0,11.0,health_beauty
048b4eb037d1114ddc13a9653b5f2381,1.0,400.0,27.0,9.0,14.0,health_beauty
74d7448191f6e492834de7fe6dd952c2,1.0,4800.0,28.0,28.0,18.0,health_beauty
65d5bf9ec18c2fd1bd7c9ff9b935a320,1.0,538.0,24.0,18.0,19.0,health_beauty
c710d4f0236009b5f3091aa6ccdc4760,1.0,1425.0,22.0,13.0,20.0,health_beauty
08713ad044290890b1373e1bedc8464c,1.0,200.0,18.0,13.0,16.0,health_beauty
f622086c97c7060ffc84d17b9986a1b8,1.0,2250.0,25.0,12.0,11.0,health_beauty
bcdfe7d7d9e6f6eb14f6947b0e92537b,6.0,400.0,16.0,16.0,16.0,health_beauty
84d31006cea641457f23b4a720582bde,3.0,1050.0,18.0,21.0,27.0,health_beauty
0eda6e310c91549299a2f97d0354f7fb,2.0,450.0,18.0,13.0,13.0,health_beauty
1c8068ff974de37eac2c0c8ce23f4ef0,1.0,900.0,16.0,25.0,15.0,health_beauty
5db30faf301625dca549c9153f7499ec,1.0,1800.0,16.0,16.0,16.0,health_beauty
e0bf01f7bf9a2581d5b670edf6252aaa,5.0,333.0,32.0,22.0,26.0,health_beauty
277acb101c00b04ed2eabf11a7285a7c,8.0,2275.0,31.0,16.0,31.0,health_beauty
2f8720465c51a4f13bcd060e76014b3f,2.0,125.0,16.0,4.0,11.0,health_beauty
96a108eb37275bef319a3f39dfc45ec2,7.0,500.0,25.0,12.0,15.0,health_beauty
72d135605b8f0dd92505c47ca12157bd,1.0,200.0,16.0,28.0,11.0,health_beauty
ba7b704d92d5b165f298aaca31278695,1.0,1200.0,29.0,13.0,14.0,health_beauty
31123805776da48ab8b0237cdc3e5636,1.0,700.0,24.0,24.0,16.0,health_beauty
b12f82804a690dfabd840ce47db63c40,2.0,650.0,22.0,8.0,13.0,health_beauty
386eebb43722ab502f04f7900bd2451b,3.0,117.0,15.0,4.0,12.0,health_beauty
5bbcc3770981c2f5ca7228bd8c2ff2ae,1.0,900.0,16.0,19.0,15.0,health_beauty
49e4da381c1d39e7df445cb2209e2359,1.0,1200.0,20.0,16.0,20.0,health_beauty
b6c0dab3208ff1a4b29721889b878b81,1.0,763.0,25.0,21.0,22.0,health_beauty
45f134f05fdbccafa57f9f5b22f70b62,1.0,200.0,16.0,2.0,11.0,health_beauty
36e8b28f4e34b4117e2cde0fd2afe789,1.0,1617.0,19.0,13.0,16.0,health_beauty
960f877599875172acdb3504cf4a55af,1.0,300.0,17.0,9.0,16.0,health_beauty
f86e052042e77d7109bc4cc95f4ed9ca,1.0,250.0,16.0,35.0,11.0,health_beauty
be40b2de99172a1101c7dfc49a52d2cf,2.0,250.0,25.0,10.0,20.0,health_beauty
f9624194634737145e6066d831213df8,1.0,800.0,20.0,20.0,20.0,health_beauty
13b327c2193f552f00ec5b1e442f52b2,1.0,2500.0,18.0,27.0,20.0,health_beauty
f7ed5567fe5b3e1c257886976714043d,1.0,800.0,16.0,17.0,22.0,health_beauty
8d84ee7261f8b9cf3e852ad3e099e524,1.0,2450.0,16.0,16.0,16.0,health_beauty
61472ba502ffe30e46fd1b0565087f95,1.0,3600.0,41.0,10.0,22.0,health_beauty
5e65e068400cdced025ac4801d36ed4d,2.0,150.0,20.0,10.0,15.0,health_beauty
7fa4c60dbf8adabb4797ac6719fbdbff,1.0,4600.0,40.0,11.0,30.0,health_beauty
699b951712e89732efa149981f235bfe,1.0,250.0,20.0,10.0,20.0,health_beauty
6c6c606fb5adb58ab9ef88a8d96ddd09,2.0,300.0,18.0,13.0,16.0,health_beauty
3163d5f3a906578f9babd8fdc4911ef8,1.0,675.0,16.0,22.0,24.0,health_beauty
f9d774a1820f792952eea079a40a7c6b,4.0,500.0,28.0,3.0,19.0,health_beauty
9ac56c8e557ff9cf308163daeda7b26b,1.0,867.0,17.0,17.0,14.0,health_beauty
c71f83052356c632aca23cdc29abca86,1.0,700.0,19.0,28.0,17.0,health_beauty
b021c76fe55cfee1a103b025bda7346f,2.0,100.0,20.0,15.0,15.0,health_beauty
17a116d0390ebc37c44ecfd8c6e36d00,1.0,1250.0,30.0,12.0,16.0,health_beauty
64d3a062571cfc39b9543b7bf5b14d22,1.0,700.0,17.0,17.0,17.0,health_beauty
6f636bbfc940a89b20858b9080f4c091,1.0,400.0,19.0,12.0,13.0,health_beauty
be29276f7c3781b418ca51f707255455,1.0,350.0,19.0,12.0,13.0,health_beauty
b497d0032ea073dd58bbd2d7809d25b3,3.0,825.0,23.0,5.0,15.0,health_beauty
2d489652c89700752b4a86973f9ec8d0,1.0,1206.0,21.0,13.0,17.0,health_beauty
ff0ba1ffc67724ddc6db331bd417ef67,1.0,517.0,24.0,14.0,14.0,health_beauty
d790fcd60d4743d309fedf7e7bb4c902,1.0,650.0,50.0,5.0,30.0,health_beauty
4419a003d42a243227478f2a949722d8,2.0,850.0,25.0,6.0,21.0,health_beauty
2636a9812d151c718b53387171ce08be,1.0,443.0,21.0,13.0,17.0,health_beauty
c1cf541d5b33a4b04ddc1c3be7aa1c86,2.0,150.0,35.0,2.0,26.0,health_beauty
f6574524b07d5bb753bab6f35abe2d06,5.0,3600.0,35.0,25.0,50.0,luggage_accessories
4c8056caed5757810b9a68b83c3759e6,2.0,450.0,20.0,40.0,30.0,luggage_accessories
1eb4a9aee05c9cad041e09add2a26d68,1.0,800.0,38.0,8.0,28.0,luggage_accessories
65a6462e42e05ab3b8dc613566736825,4.0,1100.0,39.0,12.0,28.0,luggage_accessories
6d14f72afff32795290f2df6507f063c,3.0,2300.0,84.0,14.0,20.0,luggage_accessories
795ed173180b101b114960e572d2181f,1.0,700.0,45.0,10.0,31.0,luggage_accessories
0a17941f41b99d2f070fab54b458a4a4,1.0,300.0,16.0,23.0,19.0,luggage_accessories
8a4667ce8c036b0d54dd65a38298bfc0,1.0,950.0,46.0,10.0,33.0,luggage_accessories
a2bd2eae20998a24c22b110334928b02,1.0,700.0,19.0,48.0,35.0,luggage_accessories
55103cbbe0851d3a303a022cc4140628,5.0,2900.0,40.0,55.0,30.0,luggage_accessories
1c36a5285f7f3b1ed2637d7c528ce5ff,4.0,1600.0,55.0,37.0,30.0,luggage_accessories
2b27cb23faa03f71607fcdd1539387f3,7.0,1100.0,35.0,14.0,29.0,luggage_accessories
5ad04927f75f1ec98ff4458470452b01,1.0,2240.0,76.0,10.0,14.0,luggage_accessories
1fceb6597ec80646345b1d8517b48cb2,1.0,700.0,16.0,30.0,20.0,luggage_accessories
bae8ac5e125a98fe445bc17714104709,3.0,10700.0,40.0,100.0,16.0,luggage_accessories
e9896cd67d67e394cc2d3b0ecfd11eb2,3.0,17150.0,36.0,48.0,56.0,luggage_accessories
85d187257cdbf2692d10649a11c7e78b,1.0,2000.0,35.0,27.0,12.0,luggage_accessories
ddddff18d8f990347156c317421df46d,1.0,1000.0,35.0,10.0,34.0,luggage_accessories
2e04efb6656990084af256e304d9a573,6.0,650.0,20.0,40.0,50.0,luggage_accessories
42830ac3bef5dc8b398055683e52ad9a,4.0,325.0,24.0,19.0,20.0,luggage_accessories
694f7daacd749d7bde487e0f9675c5b8,8.0,850.0,30.0,15.0,15.0,luggage_accessories
b21f65209a6ce012874c5b0a33d7bc55,1.0,100.0,30.0,8.0,25.0,luggage_accessories
363daaf7bd11e7d76a33134068e06985,10.0,1050.0,30.0,15.0,15.0,luggage_accessories
47b61a5f9093614abf8416431fa2817c,1.0,500.0,18.0,45.0,32.0,luggage_accessories
7dcdcf1d40dd5422c3f16685ac1f0dbc,1.0,100.0,16.0,3.0,16.0,luggage_accessories
db56f6d2b04c89eae4daba188842fd7b,3.0,12450.0,40.0,25.0,57.0,luggage_accessories
fb1e2262cc73f7ab23c5dc5cf8d78693,2.0,16200.0,43.0,29.0,67.0,luggage_accessories
bf8193d8e1127957f3b82527c6d44c01,1.0,500.0,25.0,7.0,20.0,luggage_accessories
43bafb0c5d10b886c2a7166089560202,8.0,950.0,35.0,10.0,20.0,luggage_accessories
d53d0094e20a39b4c5304940cf8995ea,9.0,1750.0,32.0,52.0,19.0,luggage_accessories
659dc4a2860c19265edc2fe7e451329c,1.0,550.0,45.0,10.0,32.0,luggage_accessories
ced65a7af145a0974ffb661e7b20b5ae,1.0,450.0,20.0,5.0,20.0,luggage_accessories
d3a10b49783a6ba7ea46526fc79aea91,2.0,12000.0,35.0,20.0,50.0,luggage_accessories
1efe84b450fd2e07ceac3cd1ace28348,3.0,19100.0,40.0,78.0,41.0,luggage_accessories
75d7e231ed2dba03def04a4ade1e17c1,1.0,500.0,50.0,5.0,40.0,luggage_accessories
da17d63dff29a96ddfd5a9bfa5fb0aa9,3.0,100.0,17.0,3.0,13.0,luggage_accessories
3e49351c2f191cb67c4224b392531a74,9.0,1750.0,32.0,52.0,19.0,luggage_accessories
3c3c57f8884d5702b83ab9ff91dbbd50,4.0,22600.0,77.0,33.0,56.0,luggage_accessories
e7d26dd6742baca292020c158e6720c3,1.0,450.0,24.0,47.0,34.0,luggage_accessories
82183967d9fde935fc0b0189bb68ccec,1.0,500.0,22.0,46.0,34.0,luggage_accessories
8a8ca51f9f9e167a56b3469d64492632,1.0,675.0,29.0,23.0,18.0,luggage_accessories
8bfcc2900410d032d52f24991311a009,1.0,450.0,18.0,48.0,32.0,luggage_accessories
58b566d4cc7237145b29b21e9699e15c,1.0,800.0,33.0,10.0,45.0,luggage_accessories
c4c508eec81b6f7eb8153419004c6450,4.0,20850.0,50.0,50.0,50.0,luggage_accessories
a916a0b56448758409cb1147fa3d1f8b,6.0,575.0,44.0,8.0,33.0,luggage_accessories
277d6549d32c2aa10255800083e9816b,5.0,450.0,20.0,40.0,30.0,luggage_accessories
13a05309c09bd28a2d0418005ae7a55b,1.0,1200.0,19.0,44.0,35.0,luggage_accessories
3881e42dae9f77fcbaf9f23020b7ef44,1.0,800.0,46.0,10.0,34.0,luggage_accessories
77dcfc5b971dc8c9efed8eebca4af2d5,1.0,700.0,100.0,11.0,11.0,luggage_accessories
50b0e47f8219992ae98677122c483fde,1.0,9500.0,76.0,32.0,49.0,luggage_accessories
ce4819dda4ac7cf24daf8f88eb5b70af,1.0,700.0,46.0,10.0,33.0,luggage_accessories
4d78056b9f9774c590e778a5fbdb7150,2.0,600.0,80.0,11.0,11.0,luggage_accessories
4f0e806431f76599423676fd485109ae,1.0,700.0,17.0,44.0,37.0,luggage_accessories
0347f9daa0a33f82b4c9c0821450cc8a,5.0,9075.0,29.0,39.0,45.0,luggage_accessories
8d7ab3701456fdbfe2526636ce15327a,1.0,325.0,18.0,18.0,16.0,luggage_accessories
7aa53bb43cb5b12d70be2a69d1e3c364,3.0,16200.0,26.0,57.0,39.0,luggage_accessories
5ea135a7b8448e88c3fa7696860b3c3d,2.0,400.0,20.0,10.0,16.0,luggage_accessories
16e148a208d0f11df31eaf2f731ee460,1.0,700.0,49.0,10.0,34.0,luggage_accessories
ce9642db03eabe825b92638bd5d4aebd,5.0,1200.0,45.0,15.0,35.0,luggage_accessories
a69e3d74b5056570954717a7efc806de,10.0,3350.0,29.0,28.0,24.0,luggage_accessories
016809bbae76f284266dcffcbb12480b,3.0,600.0,50.0,5.0,40.0,luggage_accessories
6553ffe8703fdc36bad125ddf9f6d691,6.0,425.0,40.0,7.0,34.0,luggage_accessories
20a67c4242225878d0a014685ab3edaa,5.0,250.0,20.0,11.0,20.0,luggage_accessories
51b10a13b460cebc64e1325e7f228ae8,7.0,14800.0,45.0,60.0,22.0,luggage_accessories
45db4516caf5bf0516fb08b73fd14d1e,2.0,550.0,16.0,6.0,11.0,luggage_accessories
bb5f7cb699fd0467c5d6289669df9510,10.0,3050.0,52.0,32.0,19.0,luggage_accessories
5f3e86b7e537b8d2d993596c969b69a6,1.0,18700.0,53.0,77.0,32.0,luggage_accessories
25c3eb54945e82e7c1dc8191a1ebb5f1,4.0,19900.0,77.0,33.0,50.0,luggage_accessories
d73068913476e74d4f35a6f2d5399ae9,1.0,650.0,90.0,5.0,11.0,luggage_accessories
bb099f12bf2833153c9def3538cb52dc,3.0,10700.0,40.0,100.0,16.0,luggage_accessories
07f2e8872fd2d0e17780989da6c06362,1.0,800.0,19.0,49.0,34.0,luggage_accessories
b046862b2553fe4962392cdc93a2ae93,1.0,850.0,25.0,50.0,30.0,luggage_accessories
8762b647d716b99b09ee045657f9d383,3.0,600.0,16.0,30.0,20.0,luggage_accessories
3554200c1d7f3b4b39a0ae68aa1c0a54,1.0,4633.0,37.0,34.0,30.0,luggage_accessories
4630761de87581e8b659dc77bb7eb4ee,1.0,650.0,46.0,10.0,34.0,luggage_accessories
0160785b697a5ea87d52949bd097ce05,3.0,14000.0,26.0,66.0,46.0,luggage_accessories
dabb495df6a109d46f8faeca31a1c75d,2.0,150.0,16.0,17.0,11.0,luggage_accessories
23905e2fed49239bf63e416ba24bd556,6.0,1100.0,25.0,25.0,25.0,luggage_accessories
597db778f5d2ebf10a3fa0f43a2ae143,6.0,1000.0,35.0,10.0,20.0,luggage_accessories
497f3cf6e1c584b489ca78da2bc08d5a,4.0,750.0,25.0,55.0,40.0,luggage_accessories
937a0cd52717a017956a9309a7bc49a0,2.0,6360.0,31.0,45.0,54.0,luggage_accessories
0bdcdfb68f8b45a19fe06a348853cf4c,2.0,400.0,65.0,11.0,11.0,luggage_accessories
f91a53ddc9bba002d1f3d77e9a39c07e,3.0,700.0,40.0,15.0,40.0,luggage_accessories
4eccb57987c7f971d1fd64f81362f191,6.0,200.0,16.0,7.0,11.0,luggage_accessories
becdef3ca4da8b5dca0f783acc5ee300,1.0,1400.0,45.0,20.0,35.0,luggage_accessories
635b0964f7d41f9ce3275551c36a44d8,1.0,700.0,34.0,24.0,21.0,luggage_accessories
e355d989e7c7101b4e80a8e9052985fd,1.0,650.0,46.0,10.0,34.0,luggage_accessories
1e291c0c369924c39765c90de669e4b4,2.0,9560.0,31.0,45.0,54.0,luggage_accessories
0efb0a47500c44e05a5930cae12307d4,1.0,18400.0,53.0,77.0,33.0,luggage_accessories
86facec0be6ecaeb315ad287b9841c4f,3.0,550.0,16.0,30.0,20.0,luggage_accessories
25d22295e68fa5bc9fff2b947a3eaeb5,1.0,1600.0,41.0,15.0,29.0,luggage_accessories
29c02f0c592b76b958c77d85f4d5b954,3.0,425.0,28.0,20.0,29.0,luggage_accessories
0d7312f1f397b109b3765a2917e45b13,3.0,550.0,16.0,30.0,20.0,luggage_accessories
8b395ea13c2e262687ff3e463c8867d4,4.0,300.0,30.0,20.0,12.0,luggage_accessories
0fb24ffeb90c073288dd0de0d015cd51,1.0,600.0,22.0,44.0,39.0,luggage_accessories
eadb1b7e01cc1cffae6481602d1ce7dc,2.0,283.0,21.0,16.0,23.0,luggage_accessories
6e945cffb2e4e63d0ee8c5e7cfb717c7,1.0,1800.0,30.0,40.0,30.0,luggage_accessories
322159ea16aa68e7bff8da4025d2fef8,1.0,3250.0,29.0,35.0,21.0,luggage_accessories
ca753b1e379d59868172ac9d8d62d14f,1.0,1000.0,46.0,10.0,34.0,luggage_accessories
30710ef7a45eef1ce593ebd6bb498bbc,2.0,1150.0,30.0,50.0,40.0,luggage_accessories
a3b46e392953235f9337a0a56f933ffa,1.0,700.0,45.0,10.0,31.0,luggage_accessories
9093d520c7871c0d57998f4b5386870b,2.0,284.0,16.0,14.0,15.0,luggage_accessories
48c6a56d5ca5f69c0150da0c98a745b8,2.0,150.0,16.0,5.0,16.0,luggage_accessories
581397bf7a4dba024cd9123f3018f905,3.0,14650.0,58.0,23.0,38.0,luggage_accessories
83fb75d581e85667440635bdd314c645,1.0,1100.0,20.0,10.0,45.0,luggage_accessories
2661ef1d31888c2ecf2c878d1c85545f,1.0,800.0,46.0,10.0,32.0,luggage_accessories
1f4183ec3278c69b1237f900c701b762,4.0,2800.0,36.0,34.0,27.0,luggage_accessories
7180e36c30b2c9aaef70caabf4e8edea,2.0,10250.0,45.0,19.0,36.0,luggage_accessories
25d5b8d69bc7e6ce9f9a59e1a00ee50b,4.0,1600.0,32.0,12.0,25.0,luggage_accessories
bdce983de5f3fe3c23363b676b19dcbf,1.0,875.0,13.0,32.0,46.0,luggage_accessories
18f968379c4898b794fcf83f317ba60e,6.0,4300.0,30.0,55.0,40.0,luggage_accessories
75f6a4f019ec1322758d53b2fee2cc12,3.0,16050.0,60.0,40.0,40.0,luggage_accessories
8326a865712b71ff436aefafc04a4817,1.0,1150.0,40.0,10.0,35.0,luggage_accessories
4b44730a7923e3c19eb67f1c8bfa1c39,3.0,550.0,32.0,42.0,12.0,luggage_accessories
02fb2d61da1247bf732360ea76b16240,1.0,850.0,19.0,51.0,34.0,luggage_accessories
cb1b037c120d9dad45d63a2723e46f18,2.0,7700.0,18.0,64.0,40.0,luggage_accessories
159afb2051a2a69bcd9a594ce5ed6452,1.0,950.0,12.0,32.0,46.0,luggage_accessories
5d43da09d9bdd70109b2cccd41632a06,4.0,1500.0,41.0,15.0,29.0,luggage_accessories
069b1293b22c9d000af947225ce14791,3.0,20500.0,60.0,40.0,40.0,luggage_accessories
2e1b5445dd65296e510e3e8c65ea7071,1.0,750.0,46.0,10.0,33.0,luggage_accessories
5073cb7b965df5f1fea32e8728782a8f,7.0,1400.0,55.0,40.0,25.0,luggage_accessories
f0453e2cbc3480959c34ab663b44c777,2.0,250.0,20.0,3.0,20.0,luggage_accessories
88f65c67a768f35feb3de87afe055ea6,6.0,11700.0,54.0,25.0,37.0,luggage_accessories
5637032095493f280eae8d9da00da6f1,1.0,750.0,81.0,6.0,11.0,luggage_accessories
25184d12546e74ab8843112abca3f1d6,5.0,950.0,27.0,10.0,28.0,luggage_accessories
7f8bacbe759179781b50331ea609f7f8,2.0,1400.0,43.0,27.0,43.0,luggage_accessories
726e355b119d1f8186283de59fc5b702,4.0,1500.0,41.0,15.0,29.0,luggage_accessories
b205c1d9481d550412cbac291356e234,1.0,2000.0,35.0,46.0,20.0,luggage_accessories
a836767158b2c4fdca1d178b8e4e6165,2.0,150.0,20.0,20.0,20.0,luggage_accessories
c6976aecdc5f7b5964f18b71ebf12978,1.0,700.0,45.0,10.0,32.0,luggage_accessories
9c6db8c47fae241469bec6c43c674bce,3.0,6965.0,36.0,38.0,36.0,luggage_accessories
7e5fd19172dd777a98503a8fbb66fa04,2.0,900.0,25.0,50.0,30.0,luggage_accessories
30ccf4724f5227265f837e9ba0246278,1.0,1450.0,49.0,10.0,33.0,luggage_accessories
d46169ff14ef99286a176b5391a7a1c8,1.0,22600.0,37.0,80.0,60.0,luggage_accessories
646ce272adff96b1ace27e81c9bdf29d,1.0,1500.0,18.0,53.0,30.0,luggage_accessories
e7d9d7787c96a30e0f418993c1555633,1.0,1000.0,45.0,10.0,31.0,luggage_accessories
d9fcf1be6830bf510f03d9e6c979e4df,4.0,18050.0,60.0,40.0,40.0,luggage_accessories
f75eb66dc82bccecabd706bd441cfd3a,1.0,800.0,20.0,51.0,34.0,luggage_accessories
521e6ee10253492c99b97a77007036a0,4.0,1200.0,40.0,31.0,31.0,luggage_accessories
c5e93f42eccbe45b7eda897d5a26fb78,1.0,1450.0,55.0,32.0,35.0,luggage_accessories
688f41cea8b772c6901d723e73b74579,1.0,600.0,20.0,49.0,39.0,luggage_accessories
61e8bddb5e00dffe8bfbf972cf3fdf18,4.0,1050.0,30.0,15.0,15.0,luggage_accessories
42af75da4dff5f8f6be029c5bdd5f08f,3.0,17450.0,29.0,57.0,40.0,luggage_accessories
9eca2336e05ce3b44072af92fe661a3a,2.0,700.0,28.0,9.0,14.0,luggage_accessories
855b12ca88fe958e9076503d8c716c4e,1.0,800.0,41.0,10.0,30.0,luggage_accessories
e9e8ec421793c31261cde20786e9ff16,6.0,5000.0,50.0,45.0,25.0,luggage_accessories
ce50ce6bd3918bddcce75a3014b560f6,5.0,1383.0,40.0,23.0,37.0,luggage_accessories
e24c96c234ee0f2b0947bd394ec402ca,1.0,1900.0,48.0,10.0,33.0,luggage_accessories
f1e60c5b5f15ae0c91d490abe6c03bf2,1.0,600.0,34.0,6.0,24.0,luggage_accessories
dc556db3ce4879d098cc5479d44beb13,2.0,3850.0,30.0,10.0,49.0,luggage_accessories
1bc861b90a53405f92c18482e45e897c,1.0,600.0,47.0,10.0,34.0,luggage_accessories
681e1525258578dd8a22a3c249509bf5,5.0,200.0,16.0,5.0,45.0,luggage_accessories
f576b52ac16acd49c1c3dc82ca1e792e,1.0,500.0,18.0,48.0,34.0,luggage_accessories
c68252426f70e1434cf6e465d7cae869,2.0,450.0,16.0,40.0,25.0,luggage_accessories
1272db6c9d16e3c3b9878c3462a0f369,3.0,450.0,28.0,19.0,29.0,luggage_accessories
cb584c49f570fef84e71a4297652bd48,5.0,375.0,28.0,19.0,29.0,luggage_accessories
c7b3cf9de7be95b3e09e7a63315685eb,2.0,16250.0,18.0,53.0,39.0,luggage_accessories
75e8e3d9663c75fe4693bdf6d6b03ede,1.0,700.0,46.0,10.0,34.0,luggage_accessories
bb5270be574487250ba3c3b742caa6e0,6.0,1150.0,20.0,20.0,20.0,luggage_accessories
2b939dc9b176d7fa21594d588815d4a4,1.0,1300.0,33.0,10.0,49.0,luggage_accessories
ef70e532c5fc29ee4c3e44006819669b,3.0,480.0,16.0,30.0,20.0,luggage_accessories
cb378611bbb39f1716b4f0c335201448,6.0,16850.0,38.0,58.0,25.0,luggage_accessories
5dd8e8df9f408e7b2feb9bfd44c6f011,1.0,950.0,33.0,10.0,49.0,luggage_accessories
909cbfcbd548d18e67449df6a47e73f2,3.0,600.0,16.0,30.0,20.0,luggage_accessories
5adc6c464f33f8560dd3c984291d4ba1,3.0,550.0,16.0,30.0,20.0,luggage_accessories
1a980a10bed1d765e2eb2ad3608a63a1,1.0,850.0,45.0,10.0,31.0,luggage_accessories
01caf54032309b518a584331b8a673f6,1.0,800.0,46.0,10.0,32.0,luggage_accessories
571547781b09e0d5b1b0fe849e41728d,7.0,1550.0,30.0,50.0,20.0,luggage_accessories
1a57fd59f51629d5eefcc5737fa74bad,2.0,338.0,22.0,25.0,23.0,luggage_accessories
dc3503150b2bd7dbbb59168d88cd7550,1.0,600.0,47.0,10.0,31.0,luggage_accessories
77aadda8f3636c56d2e32ebf735426ba,2.0,1500.0,41.0,15.0,29.0,luggage_accessories
f41f2bc23bbc617dd7fe3bbe1168754a,2.0,950.0,42.0,22.0,26.0,luggage_accessories
9bc5cc0e165e23d3f4824e7b02fb16e3,7.0,1150.0,35.0,14.0,29.0,luggage_accessories
a4d44eb9f68b301db3a15c9a346f395c,3.0,3700.0,37.0,42.0,39.0,luggage_accessories
91a3dcf83ffdf9fecb0dadfc7f026998,1.0,800.0,45.0,10.0,32.0,luggage_accessories
ee414848defe3c945669ef6867298a62,1.0,200.0,16.0,5.0,16.0,luggage_accessories
32cb082100ed973a2e3a6950214f8629,1.0,19200.0,40.0,77.0,55.0,luggage_accessories
83d5757d175fa2b1b90e5369ce549b8e,5.0,4200.0,40.0,55.0,15.0,luggage_accessories
d34ec3c23c142291062f958688a1b41c,1.0,1050.0,40.0,10.0,35.0,luggage_accessories
6c25ce13992ffcb21d6f65764e5624f3,1.0,1000.0,46.0,10.0,34.0,luggage_accessories
1ea666016f92dbe83254279eda832f34,3.0,350.0,25.0,10.0,20.0,luggage_accessories
4c92e541a1ebcea93b97d490990df18a,1.0,600.0,90.0,5.0,11.0,luggage_accessories
c948690e312407d6724998a03db29a6e,1.0,500.0,20.0,41.0,28.0,luggage_accessories
c384917e9d01a9fe89791010d3ed0883,4.0,21200.0,77.0,33.0,50.0,luggage_accessories
afa545a68cd944454da238793813a4d8,2.0,16050.0,60.0,40.0,40.0,luggage_accessories
6e59a5107a6102148b438cb33d5a2529,1.0,800.0,21.0,50.0,33.0,luggage_accessories
e558ed9db130cd52586bb4fcb1090132,1.0,900.0,19.0,51.0,36.0,luggage_accessories
e78a3e8673e3084630444ea05692785d,1.0,5300.0,19.0,49.0,34.0,luggage_accessories
2b6a4adfd7ce44db781519964309b7f1,1.0,700.0,47.0,10.0,34.0,luggage_accessories
8dacc114d37ff4b78075db0d2464022e,1.0,700.0,19.0,48.0,35.0,luggage_accessories
0eb4fddd203cfbfae403820aca2656e3,1.0,750.0,49.0,10.0,33.0,luggage_accessories
e116f9f26f694ce10fec2f4e93fce4f6,3.0,14450.0,42.0,28.0,67.0,luggage_accessories
b5a8535271a06eda7aad510c09ddbf38,1.0,900.0,46.0,10.0,34.0,luggage_accessories
06976617d8c5e71de4f3c2d93e788fd5,1.0,1200.0,32.0,10.0,45.0,luggage_accessories
995a6110a2705a9401669fb4cf939241,4.0,12700.0,18.0,105.0,40.0,luggage_accessories
beefe69ad05b3ad47376e388d3b5ea22,1.0,1200.0,40.0,10.0,32.0,luggage_accessories
fcddf470369a3a13fc7b6146ac3a816e,1.0,20300.0,50.0,80.0,30.0,luggage_accessories
329851bd191cfd30470ffd5aa5457c23,1.0,500.0,47.0,10.0,31.0,luggage_accessories
a87229f9d53610c8fa59579c82e1da8f,3.0,850.0,20.0,5.0,20.0,luggage_accessories
dac10a81c7091cad557ed66495179ca6,5.0,750.0,20.0,50.0,40.0,luggage_accessories
85f0972baa5c063019825fbf04f0d6a9,1.0,800.0,30.0,15.0,27.0,luggage_accessories
3ca00c4e1220f5de09fed51ea33cec30,3.0,1000.0,16.0,50.0,35.0,luggage_accessories
87ac501420e10a4e559d1094f172eb63,4.0,500.0,35.0,25.0,25.0,luggage_accessories
45ace3827ebfe577f1a9b99f35e23e60,1.0,733.0,43.0,11.0,35.0,luggage_accessories
5a885007d9eed9680c983b19126a4bee,3.0,700.0,43.0,16.0,27.0,luggage_accessories
c3e34cbfe33021ebcb984bc07aef6b73,1.0,750.0,25.0,3.0,20.0,luggage_accessories
5002827044a87d2de4309a5e7e6e7755,1.0,700.0,45.0,10.0,33.0,luggage_accessories
ef0045bdfc1b559c7695588c4bc324a3,1.0,850.0,50.0,9.0,36.0,luggage_accessories
5abf8ac7fdb8291904445c4bd64ac917,2.0,4200.0,55.0,25.0,37.0,luggage_accessories
590386f8c7dfc7ab1adac3857a4c074c,4.0,550.0,31.0,12.0,22.0,luggage_accessories
d3d5a1d52abe9a7d234908d873fc377b,3.0,4900.0,38.0,55.0,22.0,luggage_accessories
41797ff66598803fa9ac0480e2ab3bc2,5.0,9800.0,42.0,70.0,25.0,luggage_accessories
ab4d60f2cff5544a9e5a3d9c7a88373b,3.0,3800.0,50.0,25.0,40.0,luggage_accessories
fb5bf004540ad1453e3903bdd2162293,2.0,8050.0,16.0,98.0,33.0,luggage_accessories
0816234aa8a9ed73333cc61afb578bd1,3.0,550.0,16.0,30.0,20.0,luggage_accessories
8d56572e0e7f9f3c82d73c8ebe61623e,1.0,550.0,16.0,44.0,35.0,luggage_accessories
c45f017c36f9112a8bb4f170edfb1870,1.0,1400.0,33.0,10.0,49.0,luggage_accessories
df56d8f81acf5a02dbe27e7f257c2029,5.0,1450.0,32.0,52.0,19.0,luggage_accessories
a85fa7ea0b6ca7f780ad3034bf943070,1.0,1350.0,32.0,10.0,45.0,luggage_accessories
1aaf6070d787633a51243dcd6efa127b,1.0,16050.0,60.0,40.0,40.0,luggage_accessories
106686a363064e034fee1344220be7bf,2.0,4000.0,35.0,20.0,50.0,luggage_accessories
245883f1fe3a5b61da001c3cdb59b641,2.0,635.0,28.0,19.0,16.0,luggage_accessories
922ec0e0e2ca6416b4671198410cbf50,4.0,20900.0,50.0,50.0,50.0,luggage_accessories
134e9349b6b54e115f640c6df85fd3bf,2.0,10200.0,42.0,38.0,41.0,luggage_accessories
033e5e4f49acb5621c782ac8a37aa90b,2.0,175.0,16.0,10.0,16.0,luggage_accessories
3319ec949aa117693a4d6fd941858af9,1.0,1200.0,40.0,22.0,30.0,luggage_accessories
c372010a1ffe3950b8fdfd365ea26d88,1.0,3100.0,62.0,20.0,40.0,luggage_accessories
89039f76a4c1ed8e4c13f4b531f158ca,1.0,1400.0,30.0,10.0,32.0,luggage_accessories
d5eaad1134bfeff3b2e4a051f652801d,1.0,600.0,20.0,5.0,20.0,luggage_accessories
680fb1be80c45666f3735cab0e1e5c30,3.0,6825.0,42.0,42.0,39.0,luggage_accessories
765c417cdc38443aaa558a0159a98591,7.0,3500.0,40.0,55.0,25.0,luggage_accessories
f71973c922ccaab05514a36a8bc741b8,2.0,16100.0,35.0,65.0,44.0,luggage_accessories
7ba8971d032709efa2bf76c413975d2c,1.0,700.0,46.0,10.0,33.0,luggage_accessories
8ae2a62356fe10b4261e16268508ddb5,1.0,4100.0,30.0,35.0,40.0,luggage_accessories
77a5af4a7d2e2717af0999f7dd0dd046,10.0,2000.0,32.0,52.0,19.0,luggage_accessories
ffad988078a64af484dfbc5f494d12ac,3.0,150.0,16.0,10.0,12.0,luggage_accessories
2daba1ba2b585317701770c97f0a3c0b,1.0,100.0,35.0,10.0,20.0,luggage_accessories
e86ea175305909ddc0ba25650b2cc7be,1.0,700.0,46.0,10.0,32.0,luggage_accessories
c92f0e7b9d49a9543558d6532772441b,5.0,17550.0,73.0,20.0,47.0,luggage_accessories
93da3479685193b3ccc6f071b91408d2,1.0,650.0,46.0,10.0,33.0,luggage_accessories
56537b99d06c3516aeaaadad438c9f64,4.0,950.0,16.0,50.0,35.0,luggage_accessories
2a65f5c6c203f2e5079da9ac55814c61,6.0,15700.0,45.0,65.0,25.0,luggage_accessories
84cfaf518b9392ee6b67e734c68a072d,1.0,600.0,47.0,10.0,34.0,luggage_accessories
55a1e3d39ace9c0b217f6c30b04d43c0,2.0,550.0,45.0,15.0,35.0,luggage_accessories
5605209fafe11a02a00c5744147e0c92,10.0,3450.0,30.0,40.0,11.0,luggage_accessories
67c3a22492bcb6677d6ee56b8516f537,1.0,900.0,22.0,46.0,39.0,luggage_accessories
e671b914e8cc916b75cecb4034143e31,4.0,1350.0,32.0,52.0,19.0,luggage_accessories
24270aa37ba68dcc6be98dfde14da3be,8.0,900.0,35.0,10.0,22.0,luggage_accessories
06f756df8d80309915285f3ee6ea1059,4.0,700.0,16.0,40.0,40.0,luggage_accessories
8e30f17e8689a168dfee27521e218e75,2.0,225.0,42.0,11.0,14.0,luggage_accessories
6dff489dd40cf8c8575c6ac85b080f04,5.0,575.0,32.0,42.0,12.0,luggage_accessories
9630b857efd71e4e583678219f57f0e2,5.0,1300.0,35.0,19.0,29.0,luggage_accessories
29d6d16a90eb88618b243dc8cf30822a,3.0,11200.0,30.0,56.0,39.0,luggage_accessories
adcadcaea9138b1888d211693ee2421a,3.0,200.0,16.0,6.0,12.0,luggage_accessories
13e41fa2d255674c03342fa6b4f9e3b3,1.0,600.0,45.0,10.0,31.0,luggage_accessories
47125061c86148a6f08a9e8708cef1ff,7.0,1175.0,45.0,19.0,34.0,luggage_accessories
e303dfa61ada1f0823b4775f192606b3,3.0,24050.0,60.0,60.0,40.0,luggage_accessories
431084bfeb9352363649e36c9c4cc3ad,7.0,19050.0,30.0,76.0,50.0,luggage_accessories
46fe748c7ab970cdaaeb666a29766c62,1.0,300.0,24.0,5.0,11.0,luggage_accessories
ed724a28107bfd2a1aebcb6dcd2055f4,4.0,1200.0,42.0,20.0,31.0,luggage_accessories
37e25cb997fa9c3559b68928bdddff23,1.0,400.0,34.0,6.0,24.0,luggage_accessories
05b0567fb831a93123b9d6866b022490,1.0,3300.0,34.0,31.0,34.0,luggage_accessories
28356035671957110f6f397362711b99,1.0,450.0,24.0,47.0,34.0,luggage_accessories
af51d485dc5255ba2e18b21b550156e6,1.0,22350.0,32.0,74.0,53.0,luggage_accessories
3e4176d545618ed02f382a3057de32b4,1.0,1200.0,40.0,22.0,30.0,luggage_accessories
5b3242867b3c1f86ebe790699c88b901,2.0,450.0,16.0,2.0,11.0,luggage_accessories
2748fba16a62f912134f7991548c3cee,1.0,3715.0,54.0,58.0,16.0,luggage_accessories
5eccc2d95245db3260989916f2646afe,2.0,400.0,60.0,10.0,45.0,luggage_accessories
17787817a9595579380dbad81feb561b,8.0,5800.0,50.0,40.0,15.0,luggage_accessories
849bbcb8cdb844f1cb82330de929a1e5,2.0,1400.0,33.0,16.0,45.0,luggage_accessories
98ba4d6506268560a9b0a03b6ae02636,5.0,2700.0,19.0,49.0,34.0,luggage_accessories
9ee0701e1be943cb92d9cd9305fdd026,2.0,3550.0,25.0,28.0,37.0,luggage_accessories
2020db9c389956e879dd05e6250413d8,5.0,4000.0,38.0,52.0,22.0,luggage_accessories
34476af6d3d70a896db8dc512f43d627,4.0,450.0,25.0,40.0,11.0,luggage_accessories
8cd9fd2917c6e1b0f29acae309d564fe,1.0,800.0,47.0,10.0,32.0,luggage_accessories
dec0886d6479d5bdb56d856c501e01c2,2.0,875.0,16.0,46.0,38.0,luggage_accessories
fd92a7f41be98d0580faa2e6683b4ca0,1.0,4403.0,36.0,60.0,26.0,luggage_accessories
dd37c35adc95b77dd3124c71fcca0c29,2.0,1150.0,40.0,30.0,20.0,luggage_accessories
c8e902a9fd219512cc3fc5353a829e8a,1.0,150.0,40.0,10.0,30.0,luggage_accessories
6c3f9c870ff6e96ad4f4511602078fb0,3.0,5750.0,17.0,48.0,42.0,luggage_accessories
aa720f8684a8fc318f7a22c52c02a2dc,1.0,1600.0,34.0,48.0,17.0,luggage_accessories
c389f712c4b4510bc997cee93e8b1a28,1.0,2965.0,41.0,27.0,34.0,luggage_accessories
693cf0e43d6a106df00fb14bd62d0d3c,1.0,1100.0,40.0,10.0,30.0,luggage_accessories
657247f6f60543b93e3cc708a8e6329c,2.0,18050.0,75.0,20.0,50.0,luggage_accessories
fbb280a5758e5cb3b4f72e652794103d,2.0,16050.0,60.0,40.0,40.0,luggage_accessories
3a4615e315386cd6bdbb427b3a570e42,3.0,1250.0,32.0,52.0,19.0,luggage_accessories
405beab43803e68c26263d0ee804fe7e,1.0,6700.0,50.0,20.0,40.0,luggage_accessories
750e3a9d8289e451a68398b2c697f119,3.0,3000.0,37.0,29.0,30.0,luggage_accessories
1da4c75f3ccfdd3e7f3416b5b0aa0f5e,2.0,4219.0,41.0,52.0,29.0,luggage_accessories
aede48631330269f65a8d680de491657,1.0,1400.0,48.0,10.0,33.0,luggage_accessories
f99e92b9472a8d08d27cfc7e98292b42,5.0,900.0,25.0,50.0,40.0,luggage_accessories
fd0731561b291a28f6a3a189e86a1107,1.0,800.0,22.0,44.0,38.0,luggage_accessories
c1d98cc08467aa0204c5a1095da83df4,5.0,15500.0,40.0,60.0,25.0,luggage_accessories
a1507b98cd821fad51fcfa3e9a95e94e,1.0,24500.0,37.0,80.0,60.0,luggage_accessories
2c84220fe9da006b23135d32964d10ec,1.0,1400.0,36.0,19.0,36.0,luggage_accessories
8a3cc0bbd52a7985b211643c48ceff4d,1.0,600.0,30.0,10.0,35.0,luggage_accessories
f97b8c47571a82c23473ff139b8a58e5,6.0,16700.0,41.0,76.0,50.0,luggage_accessories
16afd9cf37e1b340bc46822fdd8240aa,1.0,1000.0,32.0,47.0,12.0,luggage_accessories
6b9d0e95cad6725dcb7bc0c04a382c8f,1.0,1300.0,47.0,10.0,31.0,luggage_accessories
4c8002ad563bfab901da64be8d88f550,2.0,850.0,20.0,50.0,40.0,luggage_accessories
8b9f7fc148edbc07e1ce6dce23984f3d,1.0,1087.0,39.0,28.0,33.0,luggage_accessories
c7280bb32453a1088b2fe0817b42cdfb,3.0,9175.0,30.0,36.0,46.0,luggage_accessories
3bcb870fe5c8598df95b30780d2adaed,2.0,14000.0,38.0,28.0,56.0,luggage_accessories
4621f88827b983332c2a833d49c2ae35,3.0,19250.0,32.0,76.0,50.0,luggage_accessories
4353af36fe588dc73497fa158ed6cefb,6.0,17200.0,45.0,70.0,25.0,luggage_accessories
5245dad16589e03f45e496de427b578a,1.0,900.0,18.0,51.0,35.0,luggage_accessories
2b62c18e1379676edad99be2c9bf9a9d,2.0,850.0,23.0,19.0,20.0,luggage_accessories
79a564cca1924553af76d396bf7c0662,2.0,483.0,24.0,25.0,29.0,luggage_accessories
ff3ac832869618856979ed4f8d770d4d,1.0,800.0,41.0,10.0,30.0,luggage_accessories
1cab19d5be9a1286428e85aaebf82906,3.0,950.0,35.0,12.0,25.0,luggage_accessories
79c619b1a012a01b9280d686b5938fa1,5.0,900.0,30.0,40.0,20.0,luggage_accessories
3b967178828b90699459383919d5d53b,5.0,21400.0,32.0,77.0,52.0,luggage_accessories
48c50c7181ca1507017447595d399b8f,2.0,900.0,40.0,20.0,30.0,luggage_accessories
98de98bcd25120495ad55c516a11a531,2.0,1400.0,50.0,50.0,20.0,luggage_accessories
608af629c5b520efe1caf06e1cfc4abc,1.0,18050.0,53.0,77.0,33.0,luggage_accessories
d9d5e3c7a8d24dfb8968ba75e4313ac3,1.0,1150.0,35.0,10.0,34.0,luggage_accessories
8e8bcc3a0043f514854cb1a9959ec9d2,1.0,700.0,90.0,5.0,11.0,luggage_accessories
1f60570b3795d85b7b2a879f921e06bd,2.0,350.0,20.0,20.0,20.0,luggage_accessories
003962cb74a8b43cf1034fed541a76f0,1.0,1000.0,16.0,46.0,36.0,luggage_accessories
f133fa2c8b27d82aab5e1a10df7012de,1.0,700.0,45.0,10.0,31.0,luggage_accessories
0b5c0ecd14105464e2b879a307092e3f,1.0,650.0,30.0,10.0,32.0,luggage_accessories
c4334dbbe9c97c0eb165debf7132c689,1.0,850.0,17.0,37.0,28.0,luggage_accessories
3bc1b27ebc43f46dcb6aace1b65325a7,1.0,900.0,19.0,51.0,36.0,luggage_accessories
46195ad0b1fda769ee883a305ac7eb66,2.0,800.0,40.0,10.0,40.0,luggage_accessories
e528f35cc19bd2f9707138bb82a2c933,3.0,900.0,19.0,50.0,34.0,luggage_accessories
242edc6b84c00f0d48c664a020a92c52,1.0,500.0,23.0,45.0,32.0,luggage_accessories
2b301a96f8ae692b3157360f621b658f,9.0,210.0,17.0,22.0,11.0,luggage_accessories
dce3d94fd2f5d6d78c586d93faa33646,7.0,800.0,30.0,15.0,15.0,luggage_accessories
b9732f4c0f20039130f5ff8cea1c2cb3,3.0,5400.0,90.0,9.0,39.0,luggage_accessories
9c3e030eb36047b2a7610a613b945642,1.0,550.0,16.0,30.0,20.0,luggage_accessories
75baeeacdb53150ac063abf52e4acaa7,9.0,250.0,23.0,26.0,15.0,luggage_accessories
77b544530b2a38fff1b3af62cfe355d8,10.0,1000.0,30.0,15.0,15.0,luggage_accessories
6109d0cae3bcb57d579bc0fab6e61814,1.0,1250.0,49.0,10.0,34.0,luggage_accessories
5ab836116525006a1a417c5c24091e2f,1.0,600.0,45.0,10.0,33.0,luggage_accessories
58b81e95d79fc90308246d12ef1e2688,7.0,1850.0,32.0,52.0,19.0,luggage_accessories
f0bbc1bdaf90ddcab4aa862660dfc6d3,3.0,650.0,65.0,7.0,11.0,luggage_accessories
e209d220eede88d11b0dd048529e6716,8.0,700.0,20.0,50.0,40.0,luggage_accessories
a13374144d7adf59d766eee43e93b849,3.0,700.0,42.0,8.0,33.0,luggage_accessories
b238fb795411250d25c065c35bd330be,4.0,500.0,40.0,30.0,11.0,luggage_accessories
4ef55cfc0052b8c8c9313fd35d00289c,1.0,700.0,35.0,10.0,34.0,luggage_accessories
4a1ccd2d546bbea7809a0cf98863eb50,5.0,900.0,25.0,50.0,30.0,luggage_accessories
3df02779fb868fabf6f42649c50b6046,1.0,700.0,46.0,10.0,36.0,luggage_accessories
16197dbfbd978dcb5cd7ce71e756a549,1.0,700.0,16.0,40.0,30.0,luggage_accessories
f0f464c1300173b9ed4aeacf16840936,4.0,550.0,16.0,20.0,15.0,luggage_accessories
ba1cc0f3f26616d7ad90de1085bdfeda,4.0,900.0,23.0,22.0,35.0,luggage_accessories
819fc0e9c061a08bac3d5044eb92b173,1.0,850.0,20.0,44.0,39.0,luggage_accessories
d7252737cad49d030f9ce83b50249120,9.0,2350.0,32.0,52.0,19.0,luggage_accessories
b0498e44190727b728ae4490f2e9b6a5,4.0,5250.0,34.0,23.0,40.0,luggage_accessories
0505f239830b15ffbd923b4113a96855,8.0,250.0,20.0,26.0,15.0,luggage_accessories
e1d1d22e9f8122a4ec1533b032c12562,9.0,2150.0,70.0,8.0,34.0,garden_tools
6fef6d87bb6c2eb11d57a967209219a8,1.0,250.0,17.0,3.0,11.0,garden_tools
0992c6cba95a13bfa68ea7d5e22d478b,1.0,3850.0,29.0,12.0,24.0,garden_tools
1e12f1836c1f08b25ef78fcdf76fbf08,1.0,900.0,37.0,3.0,23.0,garden_tools
43b6d9e46e1e6b8ac743a1c31e462937,1.0,7700.0,39.0,28.0,25.0,garden_tools
4c6018f41a6c2e5543cc034e94f5ce5b,1.0,16500.0,40.0,25.0,26.0,garden_tools
b6be875acca0b4862cae6479c5d9e6fa,1.0,200.0,16.0,3.0,11.0,garden_tools
2029248294c186017ecfc48cecd47bbd,3.0,3250.0,32.0,14.0,22.0,garden_tools
39d5f0edfbb6ee4d1c524dd620c0bc7a,1.0,425.0,31.0,6.0,12.0,garden_tools
e83ded7d97b96d338c4e72bb1ff7676c,1.0,1900.0,44.0,19.0,19.0,garden_tools
bcad5b050c241af2fdc24c51556b297c,3.0,11450.0,23.0,43.0,35.0,garden_tools
06efa56b8557e1efcb2c107f55d1a8dd,4.0,600.0,19.0,7.0,14.0,garden_tools
77c0d362526797bf132aaf564b1e436d,3.0,1400.0,20.0,20.0,30.0,garden_tools
96bcd2d5266412b1a43593fe5b904536,1.0,2700.0,16.0,30.0,25.0,garden_tools
b687f7d54b34a215172bf55f9584584a,1.0,900.0,30.0,10.0,20.0,garden_tools
8bfd18c7b7358231b2a3f9ae98eed105,6.0,850.0,24.0,13.0,18.0,garden_tools
43267ceb81c34b7d49decd624671ccfa,1.0,509.0,17.0,13.0,13.0,garden_tools
5e6248437b2668bba62c0fdd71eaf72d,3.0,1075.0,34.0,31.0,34.0,garden_tools
557484a8965bdc4e548658239f7663fd,6.0,4000.0,30.0,21.0,24.0,garden_tools
70cc46ccdfff951dd7829395bce256ca,1.0,700.0,30.0,10.0,20.0,garden_tools
3f9714af5d7efa95476ebf732c9078c8,2.0,200.0,25.0,5.0,12.0,garden_tools
68db47d312d0b87e469762f0481d3b9c,4.0,16900.0,38.0,70.0,38.0,garden_tools
9914c493622d54a4297b480620db7cd7,2.0,5903.0,38.0,31.0,33.0,garden_tools
cec6ba506483e17644eb48ee6694f5cf,1.0,5050.0,21.0,35.0,21.0,garden_tools
c0bc78ee82fbbd6bfc0638d513c238df,2.0,550.0,27.0,8.0,20.0,garden_tools
8f79800a347de2da5104a414bc791a0b,1.0,400.0,30.0,15.0,20.0,garden_tools
8973ef2da217ed7a8e15dc3c7c5c96aa,2.0,5650.0,30.0,25.0,45.0,garden_tools
cea7edf64d9e93fbf6b89cc3ba537cd9,1.0,25000.0,40.0,40.0,40.0,garden_tools
a71e9a8a54f4ec1e46202a099345f838,2.0,125.0,18.0,18.0,18.0,garden_tools
6e7df7f4622d4360261995dbd5e787d0,1.0,1450.0,26.0,15.0,23.0,garden_tools
06cd420a1b028388e0bf1f78daf20411,1.0,2850.0,22.0,15.0,14.0,garden_tools
15151e8a937f6a4d1a4f0c03c765c6f2,3.0,50.0,51.0,22.0,22.0,garden_tools
90d44d8f3025c0bcf8ef83de3fe8011e,2.0,700.0,22.0,28.0,24.0,garden_tools
1aecdb5fa3add74e385f25c6c527a462,1.0,16400.0,100.0,30.0,30.0,garden_tools
67583cf9d65f2b9a1f26c158bd85257f,3.0,16600.0,42.0,90.0,26.0,garden_tools
e8726dba146280f6ac62eddbf22d71b0,3.0,450.0,50.0,20.0,20.0,garden_tools
e6afe5ce0d27df0b787daf76bd037050,3.0,5400.0,34.0,34.0,34.0,garden_tools
34b2f2ad489d0598df09cab99e17c928,3.0,7600.0,40.0,40.0,40.0,garden_tools
de00d8cf49c6e6ce6b269424b550413a,2.0,1900.0,69.0,5.0,22.0,garden_tools
b08df62248deffb092aad0ec5ef5d03d,2.0,2900.0,30.0,10.0,25.0,garden_tools
aa49aaae4bb4f02fb270790fd815b40e,1.0,250.0,18.0,16.0,15.0,garden_tools
aa95bee0592e05d2ef533b8e5b7236b3,1.0,500.0,36.0,3.0,11.0,garden_tools
24a8def3ef6e6ee8fcaabfa6e0e9f6be,2.0,500.0,20.0,15.0,15.0,garden_tools
059dce566827cd3b3274f2b986d5c0db,1.0,3500.0,40.0,19.0,35.0,garden_tools
6ed222ae1a69000a035843cc85964446,3.0,250.0,20.0,20.0,20.0,garden_tools
191b7949f8bac02b5232cb1d4efcac66,4.0,1100.0,35.0,5.0,11.0,garden_tools
f0d56a1df2c0a7a756d7e4352cdcc8f0,3.0,2300.0,67.0,2.0,41.0,garden_tools
abe356a1d236588f0fdb8099527108d2,1.0,1000.0,24.0,13.0,18.0,garden_tools
dc1b52066a98303e1b82d19fa6bd33f9,3.0,950.0,31.0,5.0,31.0,garden_tools
ed7c541aa5466333629b1e1b8cfc8087,1.0,832.0,32.0,9.0,32.0,garden_tools
a5c36ddbcb3dae3f3f2e60c141b6b650,5.0,1700.0,33.0,25.0,23.0,garden_tools
4c99d6df98c5f4960cae6fd9f8603bd3,1.0,700.0,35.0,20.0,40.0,garden_tools
09b2a4f1ce3561a6562ffdccc0ca7c18,3.0,1150.0,25.0,20.0,25.0,garden_tools
e4aa3f3e3209009166c6b79afa8204bc,2.0,1600.0,16.0,4.0,30.0,garden_tools
3cf83300f19d319b1a4b6c40f6734b06,1.0,475.0,19.0,8.0,12.0,garden_tools
8db8fb254b643aad727afd54e618b34d,2.0,600.0,22.0,13.0,22.0,garden_tools
62410fbefbe7df2abf7e6b23e64255ee,7.0,8050.0,43.0,32.0,22.0,garden_tools
3630657a252ca88c694edfa53f2ad9f2,1.0,300.0,26.0,3.0,12.0,garden_tools
0fa49c14fe89e1b01414391d78f7c1a8,4.0,200.0,30.0,10.0,20.0,garden_tools
20856303113ea417297aa919436cf183,3.0,1450.0,20.0,20.0,20.0,garden_tools
d66efed659bfd2df454da7f4c4dac4dd,6.0,860.0,31.0,15.0,14.0,garden_tools
5003ff32113b7b59ff731227f2681fbc,5.0,1000.0,40.0,3.0,15.0,garden_tools
c59dfb699331407c6b2ab0c81b723a57,4.0,2150.0,26.0,13.0,16.0,garden_tools
9e9289854d376ff8dc6d8200e4d1d754,4.0,1214.0,30.0,17.0,17.0,garden_tools
36e188142f61f077323f5d175e1af77e,5.0,7950.0,53.0,30.0,31.0,garden_tools
173b3c971bbd7b0d48b9d87a96d10783,1.0,350.0,21.0,14.0,14.0,garden_tools
064d09b1de34c17dbacfa4096f79f256,1.0,400.0,16.0,7.0,16.0,garden_tools
1963cf66a18eaa163005e27cc39d9793,1.0,300.0,27.0,4.0,11.0,garden_tools
94db23ef7b9dfd4774a38942cee3e05f,3.0,10700.0,46.0,40.0,46.0,garden_tools
53374f156a1ace240c1db1d30de7f110,2.0,3000.0,50.0,17.0,38.0,garden_tools
2f4fe9fe975fa20adbb6d6f38c5fab3b,6.0,300.0,17.0,6.0,11.0,garden_tools
f15982438cbe439923dbc01e8ee1b6e8,1.0,9200.0,33.0,7.0,33.0,garden_tools
2de5c479fb0c490a0f2a2f3ab36e71b6,6.0,1050.0,22.0,21.0,16.0,garden_tools
03ac940e93916395ea0483161cc84d5c,1.0,6800.0,77.0,14.0,34.0,garden_tools
0654d3c1e3efc7e7cd9dbde9cb743df2,2.0,700.0,20.0,18.0,19.0,garden_tools
ef69da85d3bc28e624e5bc8fd34456c7,1.0,14350.0,40.0,50.0,40.0,garden_tools
1c38f26a1dba8b5325c3b434679bfea2,1.0,363.0,18.0,26.0,17.0,garden_tools
66ffe28d0fd53808d0535eee4b90a157,4.0,3950.0,16.0,64.0,38.0,garden_tools
53ecc2857666872f67f44e60b13d2ed2,2.0,353.0,26.0,14.0,14.0,garden_tools
51847bb213d8d5d22fd786d07a658968,1.0,600.0,25.0,32.0,25.0,garden_tools
da3d93a1cb86a9e0369c04900f413a5d,2.0,2660.0,34.0,25.0,16.0,garden_tools
ff6154cee42bf2718cca4865f0620e04,1.0,600.0,24.0,22.0,24.0,garden_tools
6e729bd456c54469a9af4c8774f1eab7,1.0,6050.0,18.0,39.0,31.0,garden_tools
7a82832901d5f4cd314a4e102c47bd2b,1.0,1900.0,45.0,6.0,20.0,garden_tools
ff34f05b00e8638201e04d2d0651c663,1.0,2350.0,30.0,12.0,15.0,garden_tools
662522c4792f029e5de23e6241378b38,3.0,6000.0,40.0,10.0,20.0,garden_tools
f00f7669eb9a3712d500fe96759bb02b,3.0,1700.0,67.0,2.0,31.0,garden_tools
a58add0d4b913cb2fe2542b77bac6dc8,1.0,3700.0,40.0,34.0,33.0,garden_tools
37587b932bbc7d76c4d1cde1cba57542,2.0,800.0,24.0,13.0,18.0,garden_tools
2f6e181a1c1c54d63d3a7e4d64b9947f,4.0,850.0,16.0,7.0,30.0,garden_tools
757172573ef8a2cc354243f3da4fa565,1.0,2700.0,80.0,12.0,60.0,garden_tools
56fd30e18420cb9a5a50c718168fa660,3.0,700.0,16.0,17.0,16.0,garden_tools
368c6c730842d78016ad823897a372db,2.0,1650.0,30.0,22.0,30.0,garden_tools
9d6a5df183306316cd9954e052f30dd3,5.0,150.0,17.0,7.0,12.0,garden_tools
67e3279668ba06a3dd977cb31399a311,1.0,6200.0,18.0,32.0,18.0,garden_tools
be68ca1484d5bcc92f0949413e5eb445,1.0,900.0,16.0,16.0,16.0,garden_tools
060e9872b582bceaa83d520807008f1b,1.0,5500.0,29.0,29.0,39.0,garden_tools
b37a8cda46313ac91d79f16601ca5253,9.0,600.0,21.0,8.0,13.0,garden_tools
1a4abdf8e4e0329e516e6e55260bb1d7,1.0,600.0,16.0,7.0,22.0,garden_tools
44b3c2d28ae185727a80fc99e0d330ae,1.0,800.0,16.0,63.0,13.0,garden_tools
51bb55b87cf953219cadc7deb9d282c2,1.0,2700.0,30.0,23.0,20.0,garden_tools
a8b35b03653cbd1f85f6a9487fba6eac,3.0,2250.0,34.0,4.0,23.0,garden_tools
3914a208bb9313e3d980399268ddd54e,1.0,200.0,16.0,10.0,11.0,garden_tools
fa723c2295c02577738691a61d56a94e,1.0,6800.0,60.0,20.0,40.0,garden_tools
2d4f312a487b1af17bdc9e77505a205c,1.0,600.0,16.0,8.0,11.0,garden_tools
a037c98ed926711d7513cf779d788536,1.0,250.0,30.0,6.0,11.0,garden_tools
055b53c58f373d53438cefb346ffcbbf,1.0,6050.0,75.0,25.0,25.0,garden_tools
e251ebd2858be1aa7d9b2087a6992580,4.0,8875.0,40.0,14.0,43.0,garden_tools
d2085f7e0f9533605386960fc7e987ec,4.0,150.0,16.0,2.0,11.0,garden_tools
4f7453bf6629f63942b81205e1e2b1ba,4.0,600.0,42.0,6.0,16.0,garden_tools
c8d911f37c7f9d03f1b86ba6e1258ae0,1.0,400.0,16.0,3.0,33.0,garden_tools
18f0c077dff7331d813fd82f7dd05a6e,1.0,270.0,26.0,16.0,21.0,garden_tools
5e434712653feed8cd837cbd10ea9b18,10.0,5800.0,54.0,36.0,15.0,garden_tools
5c464bee255064e53a68796590864694,1.0,800.0,22.0,5.0,14.0,garden_tools
643d903164c4b6ba8bd0b68348e9d135,3.0,458.0,20.0,13.0,32.0,garden_tools
a4f599bc20c26f1845518f370c437896,2.0,500.0,32.0,4.0,12.0,garden_tools
714e305d7c565927c0ede7012c1c5c7c,1.0,17533.0,58.0,58.0,59.0,garden_tools
2b9b580cdc992e165ca0336a078d695f,1.0,15200.0,23.0,102.0,32.0,garden_tools
426844dd9ed9ae105a5d4b3f1e18becc,4.0,133.0,18.0,8.0,12.0,garden_tools
157c0b6a86cb5823d6d2dd1fa8c5d450,1.0,1450.0,24.0,21.0,16.0,garden_tools
902ef94ec6b84c1abdc30ac2877a0e95,1.0,1200.0,27.0,10.0,14.0,garden_tools
3fa43718c1d128c8d2f148530e9493f5,5.0,16300.0,100.0,25.0,30.0,garden_tools
fef20920e4ff569015ea64270cd3c741,1.0,1200.0,40.0,30.0,20.0,garden_tools
9bf49e13f79afe62919c79d125d81cf8,4.0,1150.0,22.0,21.0,16.0,garden_tools
e55ed19897a6692649240b894020d683,1.0,8250.0,24.0,102.0,30.0,garden_tools
4fd6ec612afa6f67b850b157f00a3368,9.0,598.0,38.0,30.0,38.0,garden_tools
ceeb4790786e93c65ce079c50c8bd6b0,2.0,29600.0,42.0,17.0,42.0,garden_tools
c7fce98e1aa3d8a6cbaaebc7ab99cbe6,1.0,700.0,30.0,15.0,15.0,garden_tools
547b95702aec86f05ac37e61d164891c,1.0,9100.0,42.0,13.0,39.0,garden_tools
b7c472e4bf39b63628ecedc8c9af805d,1.0,3000.0,27.0,10.0,32.0,garden_tools
5862da8a8a08881304fe2dc5d8671200,3.0,1000.0,105.0,20.0,20.0,garden_tools
1ab21e6620cb6346784529bff0a0c43b,1.0,268.0,38.0,9.0,12.0,garden_tools
0a8038344359ff23c26156650b801e6c,1.0,1600.0,32.0,21.0,14.0,garden_tools
96fda9a1e131e4c4f2faecacbf9aaf50,3.0,8650.0,40.0,30.0,20.0,garden_tools
276e9ed23a30582d125743aaed57ed22,3.0,250.0,17.0,7.0,13.0,garden_tools
d1b571cd58267d8cac8b2afd6e288bbc,1.0,2400.0,40.0,15.0,30.0,garden_tools
3ecb2f23ecd8934a20027accead2b058,3.0,700.0,16.0,3.0,12.0,garden_tools
03e9fcb7adffd8c9e14285c979ea59c9,1.0,700.0,21.0,14.0,17.0,garden_tools
8f03c5b78e41d6cecdfb6f6bbe4de8da,3.0,5683.0,45.0,30.0,30.0,garden_tools
eca9ba7e0790a2802bfc28b0d7f92f56,2.0,750.0,24.0,9.0,24.0,garden_tools
3a221f8b6066d77649602c0ea9ec8922,4.0,8000.0,49.0,28.0,57.0,garden_tools
fa2fd2d3e78769a9f0b997cfa389a0d2,4.0,2100.0,32.0,16.0,31.0,garden_tools
e74468fa3b2f543435a8b3258fbf5f28,2.0,650.0,30.0,7.0,21.0,garden_tools
e015a943a2281ba26f48e93527fc5af1,2.0,1700.0,30.0,25.0,45.0,garden_tools
a92f9c409ce92305f2f7e79a8c5e342e,1.0,600.0,25.0,40.0,25.0,garden_tools
142def78f5d245670dbb99d00cd6e175,2.0,900.0,20.0,20.0,20.0,garden_tools
a5d39bdbd8f8873a55299222206fd522,6.0,340.0,14.0,16.0,13.0,garden_tools
875354d714cb706c1429cbaab1c358a4,1.0,10100.0,53.0,30.0,38.0,garden_tools
fc2d2cbc50b7d69ce961df503cb25e6b,4.0,18500.0,67.0,58.0,38.0,garden_tools
d65a890d49d3bb0209e3e727b1830cf0,4.0,800.0,35.0,8.0,13.0,garden_tools
9b9005cfa3747d9fa0d544fc9f994c14,2.0,700.0,33.0,10.0,18.0,garden_tools
7276b9bd8445d938495e0f0736b3a2ba,5.0,30000.0,75.0,50.0,50.0,garden_tools
5322d72e04acadda01cd9c274b4af288,1.0,400.0,25.0,5.0,11.0,garden_tools
0fbf220f61720a67fc0d6432cb32a5b4,2.0,10650.0,22.0,28.0,44.0,garden_tools
6ae38d49db7fc65ad1779828542aecba,1.0,2300.0,23.0,22.0,19.0,garden_tools
c681df24c54f79b5eab51e15b603abf8,1.0,800.0,40.0,3.0,15.0,garden_tools
557d850972a7d6f792fd18ae1400d9b6,3.0,13805.0,35.0,75.0,45.0,garden_tools
ef8c595d7bee1734828c0dde5ee24c93,3.0,8800.0,66.0,10.0,54.0,garden_tools
1e587ac160dfda2548e3517c33e7faf0,3.0,1800.0,33.0,23.0,11.0,garden_tools
6e40985ec667ded54668d2b70a7aa0a2,2.0,550.0,25.0,15.0,15.0,garden_tools
8a34e97a5098e93f13e0573591fcab5e,2.0,5100.0,46.0,20.0,46.0,garden_tools
4283c900275a984c6684fd9358cd20a3,1.0,335.0,21.0,21.0,16.0,garden_tools
0bcc3eeca39e1064258aa1e932269894,2.0,1800.0,37.0,22.0,40.0,garden_tools
ee99026a2d04ff2294f42f8cf337029b,2.0,1300.0,25.0,14.0,24.0,garden_tools
164a001b8c3c3be1c4c04f158bfafaca,2.0,3020.0,35.0,23.0,25.0,garden_tools
c91c24a6ec3aa0059e69656c4677e84d,2.0,3750.0,32.0,14.0,22.0,garden_tools
f2169c25db6a579fde210bf8ce7ce9d7,1.0,7750.0,54.0,28.0,28.0,garden_tools
ebb7e538904b31d1ead2b53b5a7ee6d0,2.0,600.0,20.0,30.0,30.0,garden_tools
8374b39a15882a19ce4558f13064b55c,1.0,350.0,20.0,22.0,22.0,garden_tools
8163c8c2e8dc7cc8c93d1b30a2e7428b,5.0,2375.0,33.0,18.0,22.0,garden_tools
02851253400fd18410f8eb4369cff9e1,1.0,3900.0,45.0,6.0,38.0,garden_tools
832755a0ea738bb04907c1558ef43e40,7.0,1000.0,22.0,21.0,16.0,garden_tools
cce7f750a7a055d0309a6d0046498b7a,7.0,700.0,19.0,7.0,14.0,garden_tools
9b83697904aaffc71f44ffe33b3c69be,1.0,900.0,32.0,13.0,18.0,garden_tools
9431a9c618106cc583ea8b3381047c0b,3.0,350.0,23.0,7.0,14.0,garden_tools
33c4b54c2a3e60ac5beb217d833d9f52,5.0,1650.0,30.0,23.0,20.0,garden_tools
b07d4d53510cb94a50f0088119134afe,2.0,15100.0,45.0,45.0,37.0,garden_tools
53ab1363bbc2573a252d86619a782424,2.0,1800.0,30.0,10.0,25.0,garden_tools
2ec5162658b1b4db8fc79e9fc88a0b1f,5.0,23700.0,81.0,35.0,17.0,garden_tools
b47f7c9903cbd0bed2968a1b4cd21ed6,2.0,2900.0,17.0,26.0,27.0,garden_tools
28e5952cd1bf2d11f282fe5ab0c1e733,2.0,1100.0,25.0,25.0,25.0,garden_tools
a0a6b0afd47416d62bb25892c68b6296,2.0,550.0,30.0,8.0,25.0,garden_tools
a6b5c06253205267d5a66952a4524a83,1.0,1625.0,45.0,30.0,30.0,garden_tools
755d50f7034720815db9431dc2f1cb27,4.0,300.0,104.0,9.0,12.0,garden_tools
760be8243b7e45dab18ef46ace561ff9,1.0,2835.0,25.0,16.0,22.0,garden_tools
ecb624b552f939e58c7881de58ece085,1.0,900.0,62.0,3.0,13.0,garden_tools
6548e4e34dccfc63407b2bddc88b1b7b,1.0,985.0,52.0,19.0,19.0,garden_tools
5dce4ec7e7079a63b3086781d26c2cd8,7.0,400.0,25.0,5.0,11.0,garden_tools
6badcb10ad09ebf25ab2e97fc1b95b1b,4.0,4300.0,50.0,10.0,34.0,garden_tools
143c616ec3fe0cb065c3805cf9bd812e,2.0,1100.0,30.0,23.0,20.0,garden_tools
ac6c3623068f30de03045865e4e10089,1.0,3750.0,35.0,40.0,30.0,garden_tools
b5ab439c1d3d3990ca8375b8db5b8440,2.0,5500.0,37.0,15.0,37.0,garden_tools
711ffb7574aa22c89aa744dd74fefd5c,4.0,3100.0,37.0,9.0,16.0,garden_tools
b13899910ed51e5a0e45b71c21c46606,5.0,500.0,26.0,4.0,12.0,garden_tools
f522bb1400b17373f48c625ccdcb3a13,1.0,11600.0,37.0,26.0,20.0,garden_tools
85e8e8aad6ad12d67c21300379760196,4.0,6050.0,54.0,48.0,28.0,garden_tools
ee47f3323aacfeba9e122400e5200fe5,2.0,3600.0,35.0,33.0,14.0,garden_tools
1ea8d02d9ad9f5e5987010de353fa800,2.0,1700.0,21.0,17.0,17.0,garden_tools
548ace38f22cc53db6f049c551d31397,2.0,850.0,24.0,13.0,18.0,garden_tools
4aabcc5cb08a8a919cc46a2a7a7d1bd9,4.0,200.0,16.0,4.0,18.0,garden_tools
32ce8729ae3e7d91243934373ab532ec,1.0,850.0,34.0,3.0,15.0,garden_tools
53831e0850c84699b8fa4a593a529774,1.0,350.0,21.0,21.0,14.0,garden_tools
4876ed03e78909ab8001cf42557022e7,3.0,250.0,23.0,3.0,11.0,garden_tools
a8075470f960215ffb67624782f80fec,4.0,2900.0,67.0,3.0,31.0,garden_tools
cbb6d11525eba71627d2dfe778fdba7c,1.0,400.0,16.0,24.0,16.0,garden_tools
d548fb64c4bf0a142c3f314398be477a,1.0,3650.0,25.0,7.0,25.0,garden_tools
2fa89b5aab0d3ca1853c81851047b55b,1.0,1550.0,38.0,28.0,33.0,garden_tools
cb03e4f0503f45854e87afe535e0681d,1.0,9150.0,33.0,8.0,33.0,garden_tools
428848f6b59540ebc1d7613df5c8b545,5.0,3900.0,32.0,32.0,20.0,garden_tools
0e19c7867209124d5a735e0505c2bb24,1.0,2350.0,24.0,10.0,35.0,garden_tools
fc83db05de6120d00e02ea0fe6f916af,4.0,1300.0,35.0,10.0,30.0,garden_tools
95ffcc544c6a973ef0885c2017b54318,2.0,300.0,20.0,20.0,20.0,garden_tools
f09df9cb1beab8b8d5aacb6a51934d13,2.0,360.0,21.0,8.0,14.0,garden_tools
e6baba6c7819d44817a76305e082d682,4.0,8300.0,50.0,22.0,40.0,garden_tools
e0eb83f5cf9560ca3b976eea5dcfdfde,1.0,900.0,32.0,13.0,17.0,garden_tools
de11bf385785a97ca03b274d98373c76,2.0,2700.0,22.0,14.0,22.0,garden_tools
c7eaaf164fd5631e52cd54268c113edd,2.0,267.0,17.0,14.0,16.0,garden_tools
cae79e3b5c787c231543fa415a20b5cc,1.0,350.0,45.0,45.0,12.0,garden_tools
0383c4d17410e421f6a8b905fb9adcbc,2.0,2700.0,43.0,15.0,15.0,garden_tools
f288cae3916218ec01f708d093b29d4f,5.0,150.0,20.0,5.0,15.0,garden_tools
f2b264b1a4602b87d64eebefc899c1d0,2.0,1000.0,30.0,15.0,30.0,garden_tools
994e65eb77f3501f497e7fd860b0ea9e,2.0,1000.0,33.0,14.0,14.0,garden_tools
cb07b3df7c64648bbeceb85cacd464c9,1.0,1900.0,20.0,20.0,20.0,garden_tools
a35908642db2ef18437c352a421035ef,4.0,13300.0,46.0,40.0,46.0,garden_tools
4bc694564c0e9e411942047bec1c0515,1.0,350.0,25.0,5.0,16.0,garden_tools
1d8ff272f4ff5248bde1358ef928713f,1.0,900.0,30.0,20.0,35.0,garden_tools
da776bf9b82768f68ed598d4bc16c5e1,8.0,450.0,20.0,15.0,20.0,garden_tools
3ba707b28e8f14b4a194e442d1294cac,4.0,3550.0,52.0,11.0,20.0,garden_tools
b6046194183ce54d8fcaa7a2d28b1095,5.0,400.0,30.0,7.0,23.0,garden_tools
9fcf1f95cb545ca095c4a17491b81382,2.0,300.0,16.0,20.0,16.0,garden_tools
e923da464bbde92908a4d934bca4ab85,1.0,600.0,17.0,17.0,12.0,garden_tools
627dce1ab24323cb7ac147cad5ac0b8c,1.0,1200.0,27.0,3.0,15.0,garden_tools
d339b523c298009f15d242a3a99392c7,3.0,850.0,24.0,9.0,26.0,garden_tools
ad1280b6c5b1af7cfd97372249be66c9,4.0,16700.0,46.0,40.0,46.0,garden_tools
5a6eeab62396852f7d89b60ba3a73cce,1.0,300.0,16.0,22.0,11.0,garden_tools
c1afa44a5a60e2e7cf7280e57eba0597,2.0,12300.0,33.0,20.0,80.0,garden_tools
9ea4c0cee3567625c3b2dcff46ef152a,5.0,2550.0,42.0,8.0,19.0,garden_tools
f647cb5c7b9b37aaecfaee8418a864cc,1.0,400.0,16.0,3.0,29.0,garden_tools
1b1c78225aa5601414a8c09020ee1803,2.0,200.0,16.0,14.0,14.0,garden_tools
9cae5ee8e51cfc67d044b79868637427,2.0,850.0,27.0,8.0,24.0,garden_tools
c95ef8ea078a841a370c7ae96a552711,1.0,475.0,18.0,11.0,16.0,garden_tools
c154987c6780d1a2b579aae00e53485f,1.0,900.0,30.0,16.0,25.0,garden_tools
c3e43e07f541c49ce73e9778dfecc6ca,1.0,2400.0,43.0,42.0,11.0,garden_tools
8e35752c1597713f370e8e63cf0dd338,1.0,200.0,18.0,21.0,12.0,garden_tools
08574b074924071f4e201e151b152b4e,1.0,9000.0,42.0,12.0,39.0,garden_tools
686f5682d2be7689714c5fae465de396,1.0,150.0,16.0,2.0,20.0,garden_tools
2ec8497962cc5f7730756635a5cbbf16,2.0,1100.0,25.0,5.0,13.0,garden_tools
42d1fff9f30ad3e2fada37eb95868fe6,4.0,1100.0,18.0,8.0,13.0,garden_tools
3733ab31371499cdb860660de819a97f,1.0,2450.0,23.0,9.0,29.0,garden_tools
8e80199142878e6d9c9ab17de67eba98,1.0,483.0,15.0,16.0,13.0,garden_tools
bfd4d65a528678737bcb523e5a3c5f58,4.0,2500.0,22.0,14.0,22.0,garden_tools
62934ff6ef7f25516705459fedd35d20,7.0,1250.0,22.0,21.0,16.0,garden_tools
a4d8943cfb74fde740be042b8a042d8d,1.0,2700.0,34.0,37.0,12.0,garden_tools
2f3d6a007ef7d13bbfc3ac66894cf2e0,2.0,1000.0,25.0,9.0,27.0,garden_tools
ebd127d25e3b326ac93b992dfd4d2e0b,3.0,150.0,19.0,7.0,27.0,garden_tools
f2610c932aaabc3eb24c3512b498a838,1.0,1200.0,16.0,6.0,11.0,garden_tools
9e0873e9ac04b12f282b81af5daebd2e,1.0,2825.0,29.0,29.0,29.0,garden_tools
401b500ac0cf49fd24047ba60015a7ae,1.0,1680.0,29.0,24.0,35.0,garden_tools
a868dfef572cedc4008920c09417cbbc,8.0,350.0,20.0,6.0,11.0,garden_tools
45af78e8f5b2d214adf9b3023f2a5bbf,5.0,2500.0,28.0,9.0,23.0,garden_tools
1b06c90f0a31f14d0f505323b5723a80,4.0,650.0,19.0,17.0,19.0,garden_tools
c4ccc1c24eca33f056b233bb1d73a536,1.0,1250.0,50.0,50.0,50.0,garden_tools
48e501c433fdd2f8b2622bb9c658ffe3,1.0,12100.0,100.0,30.0,30.0,garden_tools
b3821db2024af98844b6381cc25651c8,4.0,1450.0,32.0,15.0,25.0,garden_tools
f71e81166f65ac9b5174e4630ab20615,3.0,7900.0,55.0,40.0,55.0,garden_tools
1d7099ae41da8738fa29e4c51a5a492b,5.0,14500.0,45.0,45.0,40.0,garden_tools
90eda8c813935dfe3841ad5119a92a32,1.0,2130.0,25.0,19.0,24.0,garden_tools
ee08e2b1f2f38ce754c804780c6a048c,2.0,150.0,20.0,11.0,14.0,garden_tools
57e7f9befd08f9e14bc4545abf760d0e,1.0,700.0,25.0,11.0,11.0,garden_tools
45c6a146b3386b75159f74dce2524e02,1.0,9600.0,45.0,29.0,44.0,garden_tools
33ac889bc3af4ddede9c14fc789a3743,1.0,1700.0,30.0,5.0,30.0,garden_tools
49fdcc44b6df2e779bdeffeb68244fe1,5.0,500.0,43.0,3.0,13.0,garden_tools
24cedfce5dc5fe3e0695de06ee56d9c5,1.0,2650.0,26.0,8.0,26.0,garden_tools
81ea712c5f76a3b1c0e4c3dbc5126404,1.0,300.0,23.0,8.0,16.0,garden_tools
23e44bcf966914b366c7e28f13327dfe,1.0,4600.0,16.0,25.0,11.0,garden_tools
41bbc4286da4cd2380514863440e9a9d,1.0,9400.0,64.0,16.0,52.0,garden_tools
a1f1aaa22f634ff796e9acad925c346d,1.0,6025.0,45.0,50.0,40.0,garden_tools
540362999eae1bdce87657c3cc633805,2.0,700.0,30.0,23.0,20.0,garden_tools
21dda9c8f188955446cf905038acd22a,1.0,5850.0,59.0,23.0,29.0,garden_tools
e049c7f13358a63cf7f6ceb45a067a81,1.0,1625.0,21.0,17.0,29.0,garden_tools
8bba571a200eafc25322c17a89ee24b0,2.0,9150.0,39.0,39.0,36.0,garden_tools
ddb67d084003da7eb28d3e2992a5971c,2.0,1450.0,30.0,23.0,20.0,garden_tools
c7b775d0318ecc1285014d8a068f9090,1.0,305.0,16.0,21.0,12.0,garden_tools
a96d7b91547c9d381eef6793af2c639e,2.0,2900.0,30.0,20.0,16.0,garden_tools
0030e635639c898b323826589761cf23,1.0,1550.0,26.0,6.0,20.0,garden_tools
e4d34d3dbd367b0021e5d65105870180,2.0,1372.0,28.0,12.0,26.0,garden_tools
f649a2fc406930962c1cd7b147497a79,4.0,400.0,35.0,10.0,26.0,garden_tools
67bd6a1598204895a42b0b3071a398e0,1.0,500.0,16.0,2.0,11.0,garden_tools
76265fc5cc76fc5f09534fb307605c10,4.0,1000.0,36.0,24.0,24.0,garden_tools
f67d6f74c4699f7ccf3bd1c0786901c8,1.0,1000.0,55.0,3.0,11.0,garden_tools
4b7690d7352318e41ae9594241ac4789,1.0,1000.0,20.0,12.0,21.0,garden_tools
2f774e1d1ee6937ae8294771c662066d,1.0,800.0,40.0,6.0,15.0,garden_tools
26d45aeb865b8800989ec3c0dc33b229,1.0,1400.0,35.0,22.0,24.0,garden_tools
b907ce62cef95401ecb7606178afd705,4.0,100.0,17.0,5.0,14.0,garden_tools
612e4aedc946db0cf1a5b9e1f2f81272,3.0,250.0,17.0,7.0,12.0,garden_tools
10ee3576fcc55c71728a897eed8d2f95,2.0,1450.0,68.0,3.0,48.0,garden_tools
c1e4bd7e1144f99ac576aedc324a5cb3,1.0,30000.0,43.0,102.0,30.0,garden_tools
0c159d7ce798ebc726ad977f9ade848a,1.0,250.0,35.0,7.0,11.0,garden_tools
f3db6d0af0fba45a583881e07a903bf4,6.0,300.0,20.0,15.0,20.0,garden_tools
c0db539123a403f670c50237d970b215,2.0,850.0,20.0,20.0,20.0,garden_tools
21fecd254a3103704126b28478ea7980,1.0,7400.0,43.0,14.0,33.0,garden_tools
1d0f7339adddb21ecab3c4170865ffdf,1.0,1700.0,31.0,11.0,11.0,garden_tools
d4e4531d0c111ac55f30c23fdc69ed77,2.0,650.0,30.0,10.0,12.0,garden_tools
91a5ae441d12befb1c62c19c4ffc940e,2.0,6950.0,56.0,14.0,56.0,garden_tools
f124ac8aa094e07c961869a91b771c27,5.0,600.0,21.0,7.0,20.0,garden_tools
dee65430e13a3daa9011e4f6f04b4981,7.0,200.0,20.0,5.0,15.0,garden_tools
14e9b59d37c1571b980c02e237a5d395,3.0,6800.0,50.0,40.0,50.0,garden_tools
c2cc0ecc5738d02d916da7e23d80286c,1.0,650.0,16.0,30.0,20.0,garden_tools
1f48020881e631a1f4077698cc78204a,3.0,300.0,20.0,9.0,14.0,garden_tools
d465fef4e52e46bc9e04996b37789bbd,5.0,880.0,22.0,21.0,19.0,garden_tools
422879e10f46682990de24d770e7f83d,2.0,1550.0,30.0,22.0,30.0,garden_tools
9766505cde62429c3629bb6411cd9dc4,1.0,900.0,24.0,13.0,18.0,garden_tools
37b99aa22bbac19b2a4afc4b2a958a53,3.0,17300.0,26.0,26.0,26.0,garden_tools
075b253cd6c59b821c1dab51c1ae56b9,1.0,350.0,20.0,5.0,20.0,garden_tools
baeb8e1a680cf9e1f13557d74b6cec3d,3.0,2400.0,31.0,28.0,15.0,garden_tools
98a8c2fa16d7239c606640f5555768e4,1.0,8325.0,43.0,14.0,33.0,garden_tools
a11b09bc9acb0cfeac91d3f4c13fff01,5.0,1800.0,33.0,14.0,11.0,garden_tools
a7643323762a75398fdfe3ba23a04cf2,1.0,1625.0,28.0,16.0,25.0,garden_tools
a2e378c184ed5489efbed08896c7a6d1,1.0,5550.0,45.0,29.0,22.0,garden_tools
9b6b39ca91a2f27743f6e4ff7b1a65ad,1.0,2733.0,35.0,32.0,33.0,garden_tools
e4337c013620a5a05f0c80622bb33f90,5.0,1500.0,26.0,24.0,20.0,garden_tools
0bf0f08192fdf749718e1225a5f89e26,1.0,450.0,16.0,7.0,16.0,garden_tools
f1fe595ee7ef768b41bd9b246d13432d,7.0,1900.0,17.0,13.0,31.0,garden_tools
8a980dfdaa65705c68887400af28534e,1.0,650.0,20.0,20.0,20.0,garden_tools
fa9dc7c2009cded2c3956b704762d700,1.0,1100.0,26.0,8.0,26.0,garden_tools
988117394d514cb9fb1b367714159a67,1.0,3500.0,21.0,23.0,11.0,garden_tools
f6f1af8bef22ed40d530548c79bbe953,4.0,6033.0,29.0,36.0,38.0,garden_tools
f0788219c3d63c6183bbca7699ca9608,5.0,400.0,30.0,10.0,20.0,garden_tools
35aa06ce9cf87fdcb9b19797c981c4a6,1.0,2067.0,33.0,14.0,15.0,garden_tools
a3451244906bcab69b25de035b3ee0a2,2.0,725.0,30.0,9.0,27.0,garden_tools
e57549e5119d3af0cef6f900464dc99c,1.0,800.0,16.0,8.0,23.0,garden_tools
c139b099cfb2e693fba282b4cfcb5fe3,2.0,300.0,16.0,6.0,11.0,garden_tools
a44edbb4226328a7a816f3460556d638,1.0,2100.0,30.0,30.0,25.0,garden_tools
475152a7f8c7ddd5457fef29a9d20dd1,1.0,950.0,16.0,32.0,13.0,garden_tools
13cbcae713c151157883c4c13a1ae639,3.0,850.0,24.0,9.0,27.0,garden_tools
db07b03c014c3a71c190127c5444ddeb,3.0,255.0,29.0,9.0,20.0,garden_tools
28e2aedad93288312a4929b8dd91ec73,1.0,1100.0,16.0,6.0,11.0,garden_tools
5548040d5b1cc71c61c03d2f1d2e6ede,1.0,200.0,39.0,3.0,13.0,garden_tools
9cfc534e612cd634ccf02aeb68583094,4.0,1733.0,22.0,21.0,19.0,garden_tools
aa9077a4c7139067003eeffe84759def,2.0,170.0,16.0,10.0,12.0,garden_tools
1231bc5d1cab6d3f64357eba69240f63,1.0,11900.0,30.0,40.0,30.0,garden_tools
f5b43eb04df32b98c282b6168cd72a5b,1.0,8800.0,33.0,102.0,26.0,garden_tools
2a565e1622c978b79bd6efc394ca6fee,2.0,200.0,16.0,12.0,11.0,garden_tools
cae58f36738671651f3d19fee286f556,2.0,550.0,32.0,7.0,13.0,garden_tools
fd5dd5fe13fcd7d1d4d6322e35c559f0,7.0,4750.0,27.0,39.0,31.0,garden_tools
10f50167caa9977081afd4052657f36c,4.0,250.0,19.0,3.0,11.0,garden_tools
4e674f56be3a9b8c94fafaa44cbba42e,1.0,3800.0,86.0,16.0,40.0,garden_tools
13c091cf8ce1e5e8d6dac6ad263888cd,4.0,8767.0,47.0,64.0,38.0,garden_tools
6c8b2975a4a05d1f36948b20753b29ca,9.0,1500.0,45.0,10.0,35.0,garden_tools
926d11f0e2a1171fed968faf5caa8f92,1.0,1150.0,28.0,55.0,12.0,garden_tools
d0c54febdabb86e59080ec565c461d1e,1.0,1850.0,22.0,22.0,12.0,garden_tools
b162dfc96ebbb5bed62e6f3ecc8ceefe,3.0,200.0,20.0,20.0,20.0,garden_tools
37eb69aca8718e843d897aa7b82f462d,2.0,600.0,38.0,16.0,25.0,garden_tools
19290ebcf78e385cd9fcd48ce5e1393d,1.0,267.0,27.0,13.0,17.0,garden_tools
d152aa8d02d82ad4a7b53a5437002efc,1.0,500.0,20.0,20.0,20.0,garden_tools
541de21b45fa18d292382c79394e055c,1.0,3200.0,20.0,10.0,22.0,garden_tools
40bb10ced586734cde2061c5247f0ad8,1.0,350.0,23.0,8.0,16.0,garden_tools
b575098a6da9b81384a7df56314b7f70,3.0,30000.0,47.0,62.0,62.0,garden_tools
2e34ed2b95d40201c3ca372ec80db75a,2.0,500.0,33.0,10.0,18.0,garden_tools
e13d2c379481eddfa4b8844f8beb7db0,3.0,850.0,22.0,5.0,45.0,garden_tools
4e3ebb4f257a1b5a8180093f6609aa72,5.0,1600.0,28.0,9.0,27.0,garden_tools
684083941cd33ec781a319a518f6ab96,1.0,350.0,30.0,10.0,20.0,garden_tools
4fd676d9c4723d475026e40aeae56957,3.0,4300.0,36.0,13.0,20.0,garden_tools
84904413b82eee333a3f79137e8d197e,3.0,1600.0,18.0,22.0,17.0,garden_tools
abe839f92bf39ec954b4b37b4b6c6860,3.0,801.0,45.0,4.0,15.0,garden_tools
c1fe1d0cdc60f0908dd825d2a096f85a,3.0,8400.0,50.0,35.0,45.0,garden_tools
32f4e91725978c2ec6f4902929215b1f,1.0,900.0,16.0,27.0,35.0,garden_tools
db580783a754f97648c304e049cf4d76,3.0,850.0,22.0,8.0,25.0,garden_tools
36ed32627110790264cb94c9d49ffea1,3.0,200.0,16.0,16.0,12.0,garden_tools
3fd95674ddba6b30c42b8f62fe543c6b,1.0,700.0,18.0,5.0,13.0,garden_tools
9d8945bf83fcf586d751dacb07e28a3e,3.0,3000.0,45.0,13.0,18.0,garden_tools
6e2c62713ec17c681eacdf653dddb4e5,5.0,300.0,17.0,4.0,11.0,garden_tools
17222c974b8e98e7df1f7da91491178a,2.0,500.0,20.0,20.0,20.0,garden_tools
2d0c6fdf8f2cc2e6468a409238683897,2.0,250.0,16.0,16.0,12.0,garden_tools
a67612e1012978cc97efe7834bd28b64,6.0,950.0,22.0,21.0,16.0,garden_tools
dd0b31ac0d6c9e81abda2ca71d396d6b,4.0,600.0,30.0,16.0,16.0,garden_tools
2056c9497992c9032fdd92346baab6c3,1.0,1800.0,35.0,13.0,31.0,garden_tools
e7bca943d8e86d7b45c6d24634c55850,3.0,5800.0,38.0,34.0,27.0,garden_tools
86999f823d7791c5796d506ae0ed44ea,1.0,4250.0,16.0,14.0,11.0,garden_tools
01c96f284d6c40f92f25142a59328511,3.0,3750.0,27.0,19.0,22.0,garden_tools
0521fe3eb04940304b489d0fb49a37dd,1.0,1450.0,90.0,6.0,18.0,garden_tools
0c08876047d07cc4448ba14159a454e7,3.0,200.0,20.0,10.0,15.0,garden_tools
edac4210602e69d752554780d5a913f4,1.0,450.0,17.0,17.0,17.0,garden_tools
0b2d8323940867a9979b90f7692dcbc0,1.0,650.0,19.0,16.0,16.0,garden_tools
978dd538bf5e5185609b6e464ba25eae,1.0,600.0,31.0,3.0,14.0,garden_tools
c268b49ab05de2f6d390bd3e5b53cf0d,4.0,4900.0,29.0,19.0,23.0,garden_tools
272f828875d25e7c0a395cb6ce703bf3,2.0,800.0,20.0,10.0,25.0,garden_tools
7b0837837bc77c47aff31afc04286281,7.0,10700.0,41.0,23.0,40.0,garden_tools
deafef42415ecde158b2a30ed7981e65,5.0,4300.0,33.0,16.0,33.0,garden_tools
e7cfb5f52c08494aeb59190d03ddf5f8,2.0,10700.0,30.0,30.0,30.0,garden_tools
322ecdda3eff7439376c27a5114fd114,1.0,400.0,20.0,20.0,20.0,garden_tools
244e3bff7e186eaf8248819370c22daf,1.0,600.0,16.0,35.0,25.0,garden_tools
b931645cdc2d9868f01544e8db63f5ab,6.0,4200.0,50.0,28.0,28.0,garden_tools
8ed3ae310714d18ee990923aeb411508,1.0,900.0,30.0,40.0,25.0,garden_tools
778da519962c5306049eafccfd72abb8,2.0,4900.0,34.0,18.0,31.0,garden_tools
03c14a3d479e334e87ee5baf2563811d,1.0,1500.0,20.0,22.0,22.0,garden_tools
6acb159c74b0fa813fb68bf88655c7ab,10.0,1300.0,40.0,10.0,15.0,garden_tools
c148ea72eba1b3bb6f9f5050183d533d,5.0,5950.0,35.0,26.0,24.0,garden_tools
532576a988e8cefa38a4531cab18a354,2.0,250.0,22.0,9.0,15.0,garden_tools
389e547608604fa4ffd18d40703b5416,4.0,1700.0,28.0,13.0,15.0,garden_tools
0ce1adfdded63914231951b7b34624fe,1.0,350.0,18.0,23.0,18.0,garden_tools
1d27f15c0c084ccec3d472eb5c1eb29c,1.0,4200.0,19.0,38.0,18.0,garden_tools
5af8f974918d5e68bc22ea894296adb6,1.0,800.0,19.0,32.0,19.0,garden_tools
3865cc3c59d3375d97e65b938d9d25b3,2.0,300.0,16.0,16.0,11.0,garden_tools
01ebdb7ca76a3c581c0d5229ed80be7c,1.0,600.0,16.0,31.0,18.0,garden_tools
db715cc52497b781151fa5d2968048c9,1.0,600.0,20.0,16.0,16.0,garden_tools
52b626c2fc8fffbcd01084202221bf48,2.0,2000.0,37.0,25.0,37.0,garden_tools
0449db5eede617c5fd413071d582f038,4.0,5900.0,46.0,20.0,46.0,garden_tools
f2a7bb2516da405f550438e4cf82d06a,1.0,12900.0,39.0,28.0,25.0,garden_tools
8a5bdb0edeb5e2664a2f147198a52b9b,1.0,600.0,20.0,10.0,20.0,garden_tools
33edceeb3ecaca6ed4cdaf8085a21b3d,2.0,9500.0,35.0,8.0,35.0,garden_tools
8eed2a3a47f27f69cec34ff9562fc7b9,1.0,500.0,25.0,16.0,16.0,garden_tools
33c599c2bf23093baae8f760a49a58a1,1.0,3500.0,42.0,28.0,42.0,garden_tools
36e76b21975cb010ce431815283898dc,1.0,250.0,16.0,14.0,11.0,garden_tools
629397d35e30e4a0b7d3da8bf69be7ca,7.0,1900.0,18.0,22.0,20.0,garden_tools
c33c4c004ece60b63399db2f36374f93,1.0,4600.0,25.0,8.0,25.0,garden_tools
d103a59e482517dd37f6865b1bf5499d,3.0,1650.0,25.0,25.0,20.0,garden_tools
ff1f1de0f05e0ec5b2d721e2fb425b0c,1.0,2100.0,26.0,26.0,24.0,garden_tools
3aaf169c291f3a9e57cae0428e82e545,2.0,16900.0,40.0,55.0,40.0,garden_tools
76f4e994b24c20555320f08cf10d28bb,1.0,200.0,22.0,10.0,14.0,garden_tools
9d86a51639004c70d7b6037f43ecc070,4.0,2093.0,58.0,51.0,17.0,garden_tools
2f5895fbda5cbf713513c5b641383a97,3.0,575.0,16.0,13.0,14.0,garden_tools
b7dbb2c93670c4764ab45c860d999d74,3.0,50.0,69.0,5.0,30.0,garden_tools
5825c8e4e13409ac13639e711804cce6,5.0,6950.0,50.0,16.0,30.0,garden_tools
4272f4544f17efd4fa4ccdc76912feab,4.0,1042.0,20.0,24.0,20.0,garden_tools
81a5ad77c14cd83d0c853e4c317cb837,1.0,345.0,19.0,16.0,23.0,garden_tools
d9de30e71874dfe17522cbfbc5c72921,5.0,1300.0,19.0,32.0,13.0,garden_tools
e71bbaefe62c59ffa58c1c4864b7e283,1.0,2100.0,26.0,7.0,26.0,garden_tools
48f933e4480c7187cd28b1637ddca29f,1.0,200.0,16.0,12.0,20.0,garden_tools
44414d55ce2808a7b8f3568a92d1484f,1.0,3763.0,49.0,45.0,34.0,garden_tools
178c02376540dea14abfbcc1af483528,1.0,550.0,19.0,14.0,10.0,garden_tools
e6c30d6c9696ee10542e7e25dcdffa92,1.0,1200.0,52.0,8.0,11.0,garden_tools
2b82632fc977852ca422e8bf3255912f,2.0,1488.0,28.0,24.0,22.0,garden_tools
77feb885b9ca6c9b64934b33e3c0e15e,3.0,6300.0,37.0,15.0,37.0,garden_tools
0c8862859cb952ee81428f80dc8140d9,2.0,6000.0,44.0,28.0,25.0,garden_tools
981ded16f0a16ee18baf49b12796399a,9.0,12500.0,30.0,30.0,25.0,garden_tools
12fe5f63ed2e43c806260b2476886351,3.0,12700.0,46.0,40.0,46.0,garden_tools
b3d0dc381a72d9d125dcb88e31a3e00c,1.0,1200.0,30.0,30.0,30.0,garden_tools
9f82fdef2a36bb15d22d70af1aedb3ce,2.0,30000.0,60.0,50.0,50.0,garden_tools
7fbbe412c783af7237d40b9145aa5a8b,1.0,50.0,37.0,8.0,25.0,garden_tools
bca5c45c40f5c10e76d44d5104ecb9b5,1.0,250.0,16.0,10.0,11.0,garden_tools
11fb5797b3ae9cf31bc0fcb8d907979a,4.0,6050.0,32.0,24.0,32.0,garden_tools
39a7355be858c501ee022aaf6461bccd,3.0,8800.0,33.0,28.0,20.0,garden_tools
912ab68074130a81d1d94f48b67150a2,4.0,2900.0,58.0,26.0,28.0,garden_tools
2c14b8fb1b0888410324f12fc6748772,1.0,2500.0,20.0,10.0,20.0,garden_tools
b155265e4297510af95358ac2018fbd0,2.0,400.0,20.0,20.0,20.0,garden_tools
7e0dc102074f8285580c9777f79c90cf,2.0,800.0,30.0,10.0,30.0,garden_tools
9cd4e242b488f919520445a0623cc055,6.0,1800.0,25.0,35.0,22.0,garden_tools
5eda929e3621fe903d57208a6939acf5,1.0,900.0,16.0,7.0,21.0,garden_tools
3d482fda7c84e7e2eb013c19760f5c46,1.0,6500.0,29.0,21.0,11.0,garden_tools
dd12ee0c5287865a05d9a873944680bc,1.0,500.0,16.0,21.0,11.0,garden_tools
07b6a220c2eaa7e458c5df73daec6e6e,1.0,4600.0,45.0,13.0,34.0,garden_tools
021f04378f9692f8747f926f38bb8281,1.0,16150.0,62.0,12.0,50.0,garden_tools
4bf69d3613878eefeaff2e9ab865e468,1.0,150.0,16.0,15.0,15.0,garden_tools
463013aa75c3e698fc887b04b225f435,1.0,450.0,18.0,12.0,13.0,garden_tools
b0868ddc5f282e1e482593315aa0643d,1.0,475.0,18.0,4.0,14.0,garden_tools
28e734fac9ca5436945bb771fe50a35f,2.0,600.0,27.0,8.0,21.0,garden_tools
58674b2344e60d791624641af054b71d,1.0,200.0,16.0,4.0,14.0,garden_tools
b4431ed501beba1c20c06656260d30d5,1.0,800.0,16.0,3.0,19.0,garden_tools
9979e4194cc6ffdd0638449218eda062,1.0,600.0,22.0,28.0,24.0,garden_tools
ee0ed531164a13619c1c6eb6455076b2,1.0,1450.0,59.0,23.0,29.0,garden_tools
191bdbe90160787e2232af92b5b53088,1.0,283.0,25.0,15.0,16.0,garden_tools
e951fa511351528e83ebde739f059348,5.0,2600.0,20.0,17.0,30.0,garden_tools
bff2010b28e8fbcff5a9db9d3fea5ac4,6.0,850.0,90.0,20.0,20.0,garden_tools
ff8e9a180c931adab01ed6b3c44edc25,3.0,4200.0,23.0,13.0,23.0,garden_tools
07b90e3c7e287977b2e8cd54a98ddb89,2.0,500.0,20.0,20.0,20.0,garden_tools
4bf444c66409a51339c68e12d0672f6e,3.0,400.0,29.0,2.0,11.0,garden_tools
4c2065301aac51ff9004422acc07765d,1.0,1663.0,36.0,14.0,27.0,garden_tools
35557c68a22ecebcf066e25ca2ddc144,3.0,300.0,17.0,7.0,12.0,garden_tools
c9798643ad1a1a5a02c1bdfbafa78323,1.0,2350.0,34.0,12.0,30.0,garden_tools
519f3a4ea67cdce4923fbc76badd6bd2,1.0,625.0,23.0,10.0,14.0,garden_tools
4e1cccfdb088e7e5b74d7a5b1d299364,5.0,6800.0,44.0,28.0,29.0,garden_tools
152397b614be35e54106663bd5671f7d,1.0,546.0,16.0,15.0,15.0,garden_tools
4a90b44b456e79e7a33435fdd36e551f,4.0,10700.0,32.0,63.0,32.0,garden_tools
4618f9c46ea4592eccee4a62718e1560,1.0,675.0,31.0,14.0,14.0,garden_tools
3e6d98f0757ce033a71509cf730ab7d6,6.0,200.0,16.0,6.0,11.0,garden_tools
b6b220a6c539cb65be34eed6fea8fe63,1.0,1300.0,85.0,7.0,29.0,garden_tools
c0c4cfd8255da22de900ac9e613e2a73,1.0,800.0,24.0,13.0,18.0,garden_tools
2fcbaee260e3146369f5e4f2b2abe551,3.0,2000.0,45.0,18.0,12.0,garden_tools
ab92f8667e54e4866cc3ace9e3febf97,1.0,750.0,21.0,20.0,21.0,garden_tools
8fd009f43c970fdd7db487475a59cc7a,4.0,3400.0,30.0,20.0,20.0,garden_tools
a9db0b3ccda9daac5d0fca952d5ab30a,1.0,15300.0,35.0,10.0,35.0,garden_tools
118300f12ed121839fd8035986a012aa,1.0,6000.0,30.0,22.0,14.0,garden_tools
b0961721fd839e9982420e807758a2a6,2.0,1850.0,37.0,22.0,40.0,garden_tools
282c75088d0af52d3dfb32089759993d,3.0,250.0,16.0,25.0,16.0,garden_tools
e42ced1dcfe8691020b3e41bc2017cd1,4.0,1700.0,24.0,18.0,18.0,garden_tools
a1f36b00f1b14c2f4a0b816e592a94a4,6.0,900.0,22.0,21.0,16.0,garden_tools
f0e1372ab5cfef5ea974b45e419851cb,3.0,1400.0,30.0,19.0,11.0,garden_tools
4e56c4cc11b3f85f53862139fd7d360d,3.0,350.0,16.0,19.0,11.0,garden_tools
3f64ba374e24f2a408729e5153b67283,3.0,250.0,36.0,3.0,12.0,garden_tools
4f3b83b83f7fb280fca4f90ba502f50e,2.0,9050.0,39.0,12.0,42.0,garden_tools
c1a7082fb76e37a467ef216e92ee0423,2.0,800.0,40.0,15.0,40.0,garden_tools
2bc21a82809d1558515e2962e53cc4bb,4.0,7700.0,46.0,20.0,46.0,garden_tools
1fb344134cd7164d32dea4d87ba3ec5a,1.0,625.0,23.0,18.0,20.0,garden_tools
c329abd2a10fad4a2f83377956328c67,2.0,817.0,21.0,23.0,19.0,garden_tools
3478e86e13980bc0cf09919ae35561f3,1.0,7600.0,56.0,54.0,12.0,garden_tools
fdf648fe44c2e24e9857c8d4ad5a7028,1.0,700.0,19.0,24.0,12.0,garden_tools
8e50f3c86fefb2bdbb35c8eace423a9d,4.0,3600.0,50.0,32.0,37.0,garden_tools
4374f5c6e8ab35133a8dbc5517ec0388,4.0,2200.0,25.0,9.0,16.0,garden_tools
73ee27eac8d0005ac08e1a29e1b0831f,1.0,250.0,21.0,15.0,19.0,garden_tools
6fb42788c5ef9affaa2fec30ca8b6053,1.0,200.0,16.0,3.0,13.0,garden_tools
65b183dcbb9689b176730d709a0003dd,1.0,18400.0,30.0,105.0,25.0,garden_tools
e1cfc87f543782b8a78b59fc8571df92,4.0,369.0,26.0,7.0,7.0,garden_tools
c9f7e5216cdc6556dcfe5cee1f05a88e,2.0,550.0,20.0,30.0,30.0,garden_tools
c3960e12854082e89ed521ed468946fa,4.0,900.0,20.0,12.0,12.0,garden_tools
196a8ebab62f48072dc189014d46a8d3,1.0,150.0,20.0,15.0,15.0,garden_tools
90f2ead613083f79ff1beeb9a0139aef,2.0,600.0,24.0,10.0,16.0,garden_tools
91aa52c1ac115bf6dad8750700e06d2d,2.0,550.0,20.0,20.0,30.0,garden_tools
1d373b3e02a3212aff33054cbf30abf1,3.0,273.0,23.0,14.0,16.0,garden_tools
50504a602afeb7a2822ea65f1bed8f36,1.0,300.0,16.0,4.0,21.0,garden_tools
dff77495e86ee63b26d521d2b196ad0d,1.0,2900.0,16.0,12.0,37.0,garden_tools
05a4cea3c80d33b04145946e6c5e0fa9,1.0,850.0,22.0,7.0,17.0,garden_tools
317ac060ed225d07050a819ca208d66e,1.0,5500.0,18.0,12.0,58.0,garden_tools
5f24849289916bf82378a061a131fde9,3.0,6000.0,28.0,22.0,16.0,garden_tools
0036bb031e69d915cd384d1b3838b5d3,3.0,200.0,18.0,5.0,13.0,garden_tools
af041e55b9882e8263bde0a886b360be,4.0,950.0,22.0,21.0,16.0,garden_tools
930987da9df8e7d52d8072b5d7de5f6b,4.0,600.0,16.0,3.0,19.0,garden_tools
e679677773e55e08f289ceeb0115f4f8,1.0,400.0,16.0,10.0,11.0,garden_tools
4d0322b5ddf89ce6a3564aca2e261a3a,3.0,28300.0,87.0,45.0,42.0,garden_tools
426596c392468d670e27195c23a6c3fe,4.0,8350.0,91.0,33.0,56.0,garden_tools
8d404ec088b339aa069d726152e21cc3,7.0,300.0,20.0,10.0,15.0,garden_tools
39849897ee574a067adeb72b6c8e84fa,1.0,320.0,16.0,13.0,18.0,garden_tools
6b0894fbd8143c541f3c40622d8a9603,6.0,1200.0,34.0,7.0,22.0,garden_tools
8397dc503d1a0c2ac7422701884de5a6,1.0,315.0,14.0,13.0,13.0,garden_tools
dddcb6a32cedda766f9011556aa4eebd,1.0,130.0,16.0,11.0,16.0,garden_tools
18209df52bc87a69b84db4df602397c1,2.0,9600.0,35.0,27.0,23.0,garden_tools
58bde724a1c7fa581fc432dda14450dc,1.0,200.0,16.0,11.0,11.0,garden_tools
cd0b48da951206bf66d438924bab6059,1.0,1800.0,30.0,10.0,20.0,garden_tools
5dddb31154cbd968caa4706ef0f4e0f0,1.0,1100.0,19.0,50.0,20.0,garden_tools
5ffa5bcfb017e836862c86ec3fbf9045,2.0,450.0,20.0,20.0,20.0,garden_tools
457ca2b0e3bf044a65c8bee434d5c5f8,7.0,750.0,19.0,7.0,14.0,garden_tools
64f764873cfcd50da6ea9b4692fbda89,1.0,950.0,16.0,33.0,11.0,garden_tools
82bdb2c2a2df01df01f61a28ca5673e9,2.0,3300.0,31.0,15.0,25.0,garden_tools
fd939dd54384f5681c327919e8f6a1b8,1.0,500.0,43.0,8.0,15.0,garden_tools
d487634085fb3d1a632265c1e3de08c1,2.0,600.0,22.0,4.0,13.0,garden_tools
37095a57db396667492dcd7e10f5b792,2.0,850.0,16.0,10.0,11.0,garden_tools
5adec774989986e22714470345c20469,1.0,50.0,99.0,65.0,28.0,garden_tools
f4562f701031e9ead90f426761bed162,3.0,2100.0,30.0,30.0,15.0,garden_tools
636598095d69a5718e67d2c9a3c7dde6,1.0,3900.0,31.0,13.0,13.0,garden_tools
f98af4e337d1f14dc2773ef99d80e6f9,1.0,4500.0,29.0,10.0,37.0,garden_tools
104df90728d375537321e6d994168cc1,4.0,5750.0,41.0,18.0,27.0,garden_tools
39d111da3ecf6cae8cca1d6d2946585f,5.0,1050.0,22.0,21.0,16.0,garden_tools
25ce0807224644a6afe590a392c237b3,1.0,8450.0,45.0,44.0,29.0,garden_tools
70501750103046be6103489889ccb96e,5.0,1150.0,22.0,21.0,16.0,garden_tools
f66597ad60f7a529979f1d8af0c71e5b,5.0,600.0,19.0,7.0,18.0,garden_tools
6fc7ab933ccdd144b8fa4db0e99205d2,1.0,50.0,16.0,2.0,11.0,garden_tools
0466aacbd155769293483722a2e5bead,1.0,7150.0,30.0,40.0,30.0,garden_tools
530b2adc666f8f1553e3590543920a72,2.0,800.0,20.0,20.0,20.0,garden_tools
f57d7420f086c47b2fda2115ecfbd2c9,1.0,1000.0,25.0,16.0,16.0,garden_tools
7d1de1f9f0157db00486b7ff28b6c5a2,1.0,5100.0,50.0,73.0,20.0,garden_tools
0adf970bf07772b0f8c88f664e146221,5.0,3500.0,32.0,31.0,11.0,garden_tools
0563d4cc419141eab2e5b438046e844e,1.0,5650.0,17.0,38.0,32.0,garden_tools
52c80cedd4e90108bf4fa6a206ef6b03,2.0,7650.0,20.0,20.0,20.0,garden_tools
be093c0e6f627542bae561c8f3dff875,3.0,175.0,22.0,8.0,15.0,garden_tools
4bdcd91fcab0b7401865fa7d7f916253,2.0,7900.0,70.0,8.0,34.0,garden_tools
cc5c6bf704a4b642e8964b5b2dcdb0da,2.0,200.0,30.0,4.0,30.0,garden_tools
b950ee33f8e898131a41a874f72055dc,1.0,1050.0,16.0,11.0,11.0,garden_tools
b44e238dee5686eb00c9130a613519b3,3.0,17100.0,17.0,32.0,32.0,garden_tools
585d35af545f17795ce05febd7a474d2,3.0,3100.0,32.0,32.0,11.0,garden_tools
5e80fe2cee2f6de9a494047ed35a2fe3,5.0,700.0,36.0,21.0,36.0,garden_tools
c59b59b99633517061514b986fd0a481,1.0,250.0,22.0,3.0,20.0,garden_tools
45f3c607c2bc2ccd08a385fb6faaf05d,1.0,900.0,30.0,20.0,15.0,garden_tools
b2a90ba22313bc64caf4664c557a7703,4.0,1275.0,45.0,16.0,45.0,garden_tools
cbed65dd852bda2f669945e36b28c580,1.0,150.0,16.0,2.0,11.0,garden_tools
5a968ab149dac747332323c42b49e30a,1.0,850.0,25.0,11.0,20.0,garden_tools
eaac80e3f50c54437cdeb9980d8e974b,2.0,600.0,25.0,12.0,26.0,garden_tools
beda52fd19ab7f39cadee87a7f3f472f,2.0,900.0,24.0,41.0,24.0,garden_tools
38f16086ec7bd2fc9f61f4271c6df59d,2.0,400.0,30.0,10.0,20.0,garden_tools
9d014dd97b32b1631dbbf5b35c4c36a1,1.0,2900.0,36.0,7.0,27.0,garden_tools
93469d43c0b67d96b6b9156ba384f78d,1.0,100.0,16.0,2.0,12.0,garden_tools
62fd674a590e093bfc9aa9515d94caee,3.0,2500.0,27.0,16.0,32.0,garden_tools
167eb9b9fa0dad61a47c00a96bccdf4d,1.0,30000.0,62.0,78.0,36.0,garden_tools
60d0556ba3ec09b00a4656eafb0a2760,4.0,300.0,16.0,5.0,23.0,garden_tools
09461131e28a1b16536fe028eeea4c4a,1.0,1650.0,31.0,9.0,19.0,garden_tools
e857bc338b00787f1a6c91938412823b,6.0,300.0,18.0,6.0,20.0,garden_tools
0e683e7a71fcb46d071a6b104a685927,1.0,2100.0,25.0,32.0,26.0,garden_tools
c779ecde09b3c3f75e0ed112fecd07c3,2.0,20650.0,33.0,20.0,100.0,garden_tools
900a1000340c354f62ee5f07f3a080ac,2.0,1300.0,30.0,30.0,30.0,garden_tools
07212eaf1754d46acd245fe7346b8d41,2.0,400.0,40.0,10.0,20.0,garden_tools
1a6f6c1a25598378fea659d719fcdc5c,2.0,2475.0,38.0,38.0,18.0,garden_tools
fbce52c4e7a3898c2ade51f177f77012,4.0,207.0,17.0,8.0,12.0,garden_tools
aa48e6651ff3cf9a7dfbaadd40a86af4,1.0,1550.0,27.0,16.0,34.0,garden_tools
da7da0c2d3f2dbb32bee4ad3cf467fc6,2.0,100.0,17.0,7.0,12.0,garden_tools
fec2d939a171210847d8f2d102f0dba5,1.0,8950.0,32.0,10.0,32.0,garden_tools
95a7d5ca0408f97bdf54c821b173684b,1.0,2400.0,40.0,20.0,20.0,garden_tools
f44779c162af631efd4c427aa9020d94,3.0,100.0,16.0,17.0,19.0,garden_tools
b86d1f2c052bc4749ee88bb74688d814,1.0,30000.0,42.0,102.0,42.0,garden_tools
36af22070302e9864c747cfc1f76dce9,4.0,15500.0,33.0,20.0,80.0,garden_tools
57a2e16f66595e9242fd508a9f336125,6.0,800.0,16.0,18.0,20.0,garden_tools
b04aad9dbf15eae09db4376ff7590cff,1.0,700.0,16.0,10.0,12.0,garden_tools
429cf9c31b3ba3f4de81507a63f98724,2.0,12200.0,33.0,7.0,33.0,garden_tools
4efaaa0a8d959fc23e3745093d3aac6a,1.0,5700.0,50.0,25.0,25.0,garden_tools
913eefa4eb54c8a9bcb9871dfd94a0ca,2.0,400.0,20.0,5.0,21.0,garden_tools
f39d173b39667dbc8a170145b8035ae2,4.0,1550.0,29.0,7.0,21.0,garden_tools
9698db22a15cee3747028222da04f1b1,4.0,500.0,35.0,5.0,20.0,garden_tools
f87341d0a32c1998e212c1c9ec6d3362,3.0,5500.0,48.0,30.0,30.0,garden_tools
14aa8b2c8709b5e12cf97b252e111a59,11.0,1000.0,35.0,20.0,20.0,garden_tools
06b0745ce2aca5382b0509425b8a5ae0,2.0,8350.0,36.0,46.0,36.0,garden_tools
9357e1687bcaab3890093cb4ae50ed79,2.0,1129.0,33.0,18.0,18.0,garden_tools
d6e7ac236e583af1e1543d8068c91676,8.0,3211.0,36.0,53.0,22.0,garden_tools
931541a73da8874f772b1fa532b99fea,2.0,1300.0,16.0,65.0,16.0,garden_tools
69e8f74916646e186145f5648840ea9e,1.0,8950.0,60.0,32.0,28.0,garden_tools
8b1c8d92f0eece60d9b05532d2b88184,3.0,14250.0,32.0,90.0,26.0,garden_tools
cb8071e0e6bdb1ac211879a8cc3b9a41,1.0,2900.0,38.0,10.0,28.0,garden_tools
7b0d4f48315e67c7fe70059533c450f8,1.0,600.0,16.0,8.0,23.0,garden_tools
137e9ec1c850527fe02f316333848d59,5.0,1100.0,25.0,10.0,25.0,garden_tools
b9f75330f0582e2e33c3ea72ae17f499,1.0,600.0,25.0,7.0,11.0,garden_tools
ac7a56c6ca5262e3a3fb15581c087cc6,4.0,800.0,16.0,3.0,29.0,garden_tools
f4daca35389849edde800f3532be3719,2.0,800.0,30.0,20.0,30.0,garden_tools
aa70c29cc4b519f080d45ba24d79e144,1.0,450.0,20.0,20.0,20.0,garden_tools
1c636ce22ef8c85c26936781e313be5d,3.0,300.0,36.0,3.0,20.0,garden_tools
2850884dd642010ef2a6238e8ece634d,1.0,250.0,16.0,2.0,11.0,garden_tools
42faf2e98f0486405f5dfac48e5cba7d,1.0,100.0,16.0,2.0,20.0,garden_tools
b6397895a17ce86decd60b898b459796,1.0,1400.0,27.0,9.0,11.0,garden_tools
0354c6a8cb8961e29b70e564b93861fe,1.0,400.0,38.0,10.0,25.0,garden_tools
c511bbd742df73d5b2ba4594d4901f2b,2.0,1750.0,43.0,14.0,39.0,garden_tools
2b97fe4500ceb4d2151ef8a5439876ff,1.0,1575.0,28.0,29.0,34.0,garden_tools
671daae289ba175770580ddd6240ef76,6.0,250.0,16.0,7.0,11.0,garden_tools
dceb3f67aef3484498a7caa4ba50f484,3.0,8800.0,100.0,7.0,35.0,garden_tools
5b685cb0e36ab67e60afdaf2d784e2ed,1.0,250.0,16.0,7.0,16.0,garden_tools
84c7330da95da86fa555e15070a8b1d3,1.0,700.0,16.0,24.0,31.0,garden_tools
2b210308bc3d8dee92cb9d62f7b4bbfb,2.0,300.0,20.0,15.0,15.0,garden_tools
efe572a7ee9cf0317bbcd4ec8b98a088,5.0,825.0,33.0,26.0,21.0,garden_tools
4089861a1bd4685da70bddd6b4f974f1,1.0,1500.0,27.0,6.0,23.0,garden_tools
85fa7be0fc14808a79c3987d739eac6a,1.0,150.0,19.0,3.0,13.0,garden_tools
6a615d08894298ae667e38c7b23b0965,2.0,650.0,22.0,15.0,22.0,garden_tools
33731b575da5eeaa98cd7c30b2c5c2e0,4.0,700.0,20.0,45.0,20.0,garden_tools
c703016c346bcd06bfe444465d3998ed,1.0,1550.0,26.0,6.0,20.0,garden_tools
c0325887115675bec470d41d2d601a7a,1.0,11100.0,71.0,16.0,56.0,garden_tools
fec3b45dc09b257690a09a742870b149,1.0,1650.0,25.0,4.0,25.0,garden_tools
f6605392877b41d225dd146d2cf116b5,1.0,550.0,17.0,17.0,17.0,garden_tools
25a1c5b2e0ccbf703cb7b69ffebfaf38,2.0,1100.0,20.0,20.0,20.0,garden_tools
4cc4d02efc8f249c13355147fb44e34d,1.0,6700.0,35.0,12.0,22.0,garden_tools
55979acc6e2155188d3a43d8afb0c7aa,2.0,300.0,23.0,22.0,17.0,garden_tools
41fe836a60674d3d25645e3698651f6b,1.0,1650.0,34.0,12.0,30.0,garden_tools
2dac6cadfa47913e528969d43723697b,7.0,850.0,24.0,12.0,14.0,garden_tools
62de52bc0f87cf3a234c38e196edac91,2.0,250.0,17.0,5.0,12.0,garden_tools
a7b497445896c24d425d100e4f03d8cd,3.0,1130.0,38.0,26.0,20.0,garden_tools
d718131dc0f308e7971d8ffb7c504e7d,2.0,200.0,17.0,25.0,16.0,garden_tools
dce24381876a1d59ccc9d00d3dbade56,5.0,3550.0,100.0,20.0,30.0,garden_tools
8f8d13918bd8137584fdb475d38f9f38,1.0,1300.0,26.0,26.0,20.0,garden_tools
c77c492102301954afea10050ff5c91d,6.0,7500.0,45.0,27.0,36.0,garden_tools
e7c8819338fc9a87e81ea2d90898f612,1.0,4000.0,47.0,14.0,20.0,garden_tools
0eeb248ad8f9b39dcba17afa65c7ae82,1.0,1000.0,16.0,20.0,18.0,garden_tools
39a4610d926a93fee7cfa54319ac3515,7.0,1600.0,18.0,22.0,20.0,garden_tools
892bc3e900a6ad3cba5112ccdb33466f,1.0,850.0,40.0,15.0,40.0,garden_tools
5533be1a0bbb27d0332f8279556b5e86,4.0,700.0,24.0,3.0,24.0,garden_tools
3648e11d15ee75fee70a690f89bc9100,1.0,9700.0,28.0,41.0,36.0,garden_tools
54cf6855290fa84f4229157050027d5d,7.0,21900.0,60.0,25.0,45.0,garden_tools
9a290f7a53618827319b1a927f1a62b4,3.0,6325.0,35.0,35.0,32.0,garden_tools
ba05e2861971098fc7ecd8162c23452a,1.0,850.0,22.0,7.0,17.0,garden_tools
1f532d60bbc8273d9dd553120f6e47d5,2.0,6950.0,21.0,65.0,21.0,garden_tools
bb8fb197bdc7f3b6ce2939b5be48b19e,8.0,575.0,23.0,13.0,23.0,garden_tools
b819ed236b82096e16417593eda54f26,3.0,7700.0,18.0,64.0,40.0,garden_tools
5e98eec44c208da92f2b66345586a229,6.0,150.0,16.0,16.0,11.0,garden_tools
5b7e1c33e4e9e477847a8a031353ff40,1.0,1600.0,45.0,15.0,45.0,garden_tools
5ddc96fb8e668fa2e46d170c94119dc3,1.0,1500.0,43.0,8.0,33.0,garden_tools
7c03e2562178adecc404571f7c52db4e,1.0,250.0,22.0,6.0,11.0,garden_tools
1a6c4373641dbeaf6f12af2427da7719,5.0,700.0,20.0,10.0,20.0,garden_tools
77bff4816ab0cdd46ae338713dc8537b,5.0,12700.0,100.0,25.0,30.0,garden_tools
b3b9bbe2bce84b01d3333df71d742590,1.0,2500.0,20.0,20.0,20.0,garden_tools
4df6e781d0eb0ae3d85f8bf5d2e72404,3.0,2750.0,40.0,25.0,20.0,garden_tools
a2801a7e7915dc8d259be64ffcbb7bb0,1.0,1950.0,33.0,12.0,20.0,garden_tools
f77a346fdfdf07e4818efc84d3c084a9,3.0,2350.0,28.0,8.0,25.0,garden_tools
fb20d37a2c78452667f7a347e756727c,2.0,800.0,30.0,12.0,30.0,garden_tools
06b3951f1930297079eeae756ce88cf8,1.0,500.0,16.0,33.0,13.0,garden_tools
25cf184645f3fae66083bf33581b8f13,3.0,3000.0,67.0,3.0,41.0,garden_tools
38dcb9ae53c258cfba73583f9454d721,3.0,6000.0,38.0,34.0,27.0,garden_tools
415dfa57292b8b7360d3f4cf2f9bff06,1.0,472.0,18.0,19.0,18.0,garden_tools
389d119b48cf3043d311335e499d9c6b,2.0,1750.0,37.0,22.0,40.0,garden_tools
39b412b5207741a171a17c32e630fe70,1.0,400.0,23.0,3.0,12.0,garden_tools
554fc36c06624912230e7355ab7be734,1.0,300.0,18.0,3.0,22.0,garden_tools
e08d86e1c599e2373d95380ac9a3ccc8,8.0,5000.0,17.0,30.0,30.0,garden_tools
d5ad5c4a843732aee4cecc1bbbf276dc,3.0,3300.0,21.0,35.0,27.0,garden_tools
84ebb1fd3f66392b5fad4d56abc35f15,5.0,50.0,30.0,20.0,20.0,garden_tools
4657246e1ead35fc541c29d5a4010c73,3.0,425.0,20.0,20.0,16.0,garden_tools
7db99245d13e00f87039c3ab615d5d33,1.0,250.0,25.0,10.0,16.0,garden_tools
5c6dad13ed0e96184a1bad2adbbd6394,8.0,4000.0,40.0,13.0,19.0,garden_tools
3ed31fdf8af68a6c0b059a256420a5c5,3.0,2600.0,30.0,20.0,20.0,garden_tools
5e9f7e47bbd1cf91d9a98ed9fdaf6193,2.0,1050.0,40.0,6.0,22.0,garden_tools
97a929277bfb5cc39a42b7a3dd729f10,6.0,850.0,24.0,13.0,18.0,garden_tools
823d744bdaf063ad824cac2fc3540fd8,1.0,3600.0,30.0,25.0,50.0,garden_tools
8c591ab0ca519558779df02023177f44,1.0,6050.0,20.0,20.0,20.0,garden_tools
37165892660e2d231f643fbd2e88b556,2.0,260.0,21.0,19.0,16.0,garden_tools
7cfda1a28e3673a7dcf2094f856bf54b,5.0,850.0,21.0,20.0,14.0,garden_tools
a87d9e903f9535b37cc8c45e0ab5edf2,6.0,6150.0,45.0,27.0,36.0,garden_tools
e9587f9144eeecc69fd4ed7dcf32a024,2.0,1250.0,16.0,26.0,40.0,garden_tools
0fc323f82937aa2d350753be764a155f,1.0,1900.0,45.0,30.0,42.0,garden_tools
628d0ba951ebb8fd1edc5ab3934468e0,2.0,1600.0,17.0,17.0,78.0,garden_tools
842fb98abb484ddb50b2682d0be9c3f2,1.0,263.0,24.0,12.0,16.0,garden_tools
68cd3f9c7b7a1ccaf0b0b7c784999f54,1.0,500.0,30.0,10.0,20.0,garden_tools
a4f54c9dd963683598b8de115aa031be,1.0,150.0,16.0,16.0,12.0,garden_tools
6fee267f4631409f41121e09376e8fbc,4.0,3800.0,29.0,21.0,24.0,garden_tools
25b5e375efa4812d72aa608b5379bc45,1.0,450.0,16.0,19.0,19.0,garden_tools
0fd34234ad17b2324b58696fb78e6c2e,4.0,5400.0,65.0,7.0,27.0,garden_tools
8cb406882e34a39390cdf5f7f2632589,1.0,800.0,26.0,23.0,23.0,garden_tools
f6eb9d00c16e94859a66c68eb8b66bdc,1.0,200.0,16.0,3.0,20.0,garden_tools
2bee6706184be07ea6ee4221c1660e85,1.0,2400.0,16.0,2.0,11.0,garden_tools
fe83af233315b04d9093c7edbcf789dd,1.0,1700.0,41.0,18.0,20.0,garden_tools
21733435c91b1a39455537eeacd3c467,3.0,300.0,16.0,4.0,20.0,garden_tools
45ade111a241eb94d71890c6fcd2a0e0,3.0,550.0,20.0,15.0,20.0,garden_tools
865bfa00c1dad8f4146d3c2765f051ca,1.0,650.0,74.0,15.0,41.0,garden_tools
77f9afba18e2795ef8beea40ea189168,2.0,7950.0,54.0,70.0,44.0,garden_tools
c4baedd846ed09b85f78a781b522f126,1.0,5950.0,20.0,20.0,20.0,garden_tools
ec16be6dfd2b67c4f576d7c7ccda1358,1.0,5200.0,30.0,15.0,40.0,garden_tools
c876dad8e599989a907ee3b09c68966d,1.0,975.0,28.0,7.0,18.0,garden_tools
a9e9edb1bcac585bfbfa381ce40e5d99,3.0,8600.0,50.0,40.0,50.0,garden_tools
41414ba9bcc97ea83730baf9c9d90adb,6.0,550.0,36.0,5.0,14.0,garden_tools
8eaa9bab89d7c3af6b8d4c7156573e79,1.0,500.0,21.0,21.0,21.0,garden_tools
b23fd3f070d09d342bffeeea53c27aa3,3.0,17000.0,30.0,64.0,30.0,garden_tools
d5de9e83335830f4597d314e63845eb3,6.0,11600.0,52.0,23.0,22.0,garden_tools
98ae5b3166d58f0055db5dc330ff1914,1.0,4000.0,43.0,11.0,43.0,garden_tools
7c74ba4802d0f3253c363e9ba4f56ba5,4.0,350.0,23.0,7.0,14.0,garden_tools
fad4c004f68304a86535ea71c79cfaa4,2.0,1400.0,16.0,11.0,11.0,garden_tools
14d617ec6c1f7a295007b14080e84a97,1.0,500.0,16.0,28.0,11.0,garden_tools
875a509e10e1382ada98cd0c25f0a256,1.0,575.0,20.0,20.0,20.0,garden_tools
71acaef19d5812b0a4d90b82a7b52ff8,3.0,7500.0,46.0,40.0,46.0,garden_tools
f125e27b53e319685161d2b99f637ff7,5.0,7000.0,41.0,12.0,30.0,garden_tools
53759a2ecddad2bb87a079a1f1519f73,2.0,1500.0,30.0,22.0,30.0,garden_tools
15964f2421f68d33a3f74b037ebf8822,2.0,286.0,22.0,19.0,19.0,garden_tools
b800d7bb8cd5a7093dd099a367d1dde2,1.0,750.0,20.0,15.0,15.0,garden_tools
fad4e554c85c77f187ef2c6744495d31,1.0,400.0,18.0,12.0,15.0,garden_tools
638882546765f357dc667b5987ceb69d,1.0,1950.0,24.0,24.0,16.0,garden_tools
cb9cc307a215ac435ec87b0f799e8dab,1.0,5450.0,23.0,7.0,20.0,garden_tools
276a758b93931a65bf302f5b052678d9,4.0,600.0,16.0,30.0,30.0,garden_tools
dbb4b689eaa1ad701be03776dc5f39f5,1.0,350.0,22.0,22.0,12.0,garden_tools
4b9e7007ca824be245d93214d52e993a,1.0,307.0,27.0,27.0,29.0,garden_tools
db04654a0a48dbdc74c877e6a3964df1,1.0,409.0,21.0,10.0,18.0,garden_tools
27e7285754ae724e707141aa7e80ff69,1.0,1350.0,59.0,23.0,29.0,garden_tools
8705c69d6378c86e175573b8fbf954c8,1.0,1500.0,22.0,6.0,11.0,garden_tools
7f47a83b83456eab8ebe7dc273b2107e,2.0,1600.0,16.0,26.0,40.0,garden_tools
c92a761aaccfb831d4220d44648f260a,6.0,100.0,18.0,8.0,12.0,garden_tools
94dfe961f86c1f33e5387b6c59201fc7,1.0,180.0,60.0,16.0,11.0,garden_tools
5e1fd83e9a7c4730ccc806c248ca0720,4.0,650.0,30.0,10.0,22.0,garden_tools
1a658140e2f572e10461d6f7b4513a89,1.0,1200.0,16.0,3.0,42.0,garden_tools
b6911a73311462653bc381da86a3a3c6,3.0,200.0,17.0,7.0,12.0,garden_tools
d6286b24db0db6d5cde06cb31e5b74d4,2.0,5775.0,35.0,32.0,32.0,garden_tools
0cf4eefa56151424d91f1fa527e29d20,5.0,650.0,20.0,10.0,15.0,garden_tools
01847cb3f55acfd629641e58e38e561e,6.0,800.0,17.0,10.0,12.0,garden_tools
cafb50a62fe3c915a17fc33f068bd387,4.0,2225.0,26.0,7.0,26.0,garden_tools
0df2a1aed6dc8c10577115fa9e4b6de0,3.0,1233.0,32.0,15.0,29.0,garden_tools
b249cf5fcf68f70e13515489f0fcb627,1.0,1300.0,19.0,33.0,13.0,garden_tools
4eb0d9529369cb573f792d489af46f51,1.0,2450.0,22.0,20.0,18.0,garden_tools
11fe97e9c97411c66289ebbf9ddbd789,4.0,1100.0,22.0,21.0,16.0,garden_tools
8802c7b83ddf545be6b7846f575d2fc5,1.0,4375.0,43.0,35.0,25.0,garden_tools
3b04dbc12a3fcaa8402b8dd2b3a909d7,1.0,1700.0,63.0,7.0,18.0,garden_tools
fa6abc53b6abfed3231c37cfa290850a,3.0,400.0,17.0,5.0,12.0,garden_tools
60e47589d616c8d62f908800260e102c,1.0,3900.0,31.0,6.0,29.0,garden_tools
582eea85bf06659660e2c6101ead3e7a,1.0,7800.0,18.0,18.0,18.0,garden_tools
1c6b8ed36259a0971b3fd58692b60f9c,1.0,2050.0,50.0,50.0,50.0,garden_tools
d5aab5918f6581c1857e6a0c38f13e78,6.0,150.0,17.0,7.0,12.0,garden_tools
75bc0bb91f61a5baa249e4db903eb504,1.0,3800.0,35.0,35.0,25.0,garden_tools
056b837251897cfc6f46d3643bad614f,4.0,1150.0,17.0,8.0,31.0,garden_tools
1eba879220bd0981a0e2fbab499ed4e1,1.0,8950.0,52.0,51.0,17.0,office_furniture
e869d449cc32881790ef9af9b4c670f8,1.0,15700.0,58.0,28.0,58.0,office_furniture
1fb2c1a0d7f863e0644077cb5d8f80df,1.0,16500.0,58.0,28.0,58.0,office_furniture
3b82733180834cc02658403163260204,2.0,16100.0,63.0,61.0,24.0,office_furniture
d0877f0094337c414d23f5a3c7bad20c,2.0,30000.0,50.0,50.0,30.0,office_furniture
e63e00cfcd91a5b34c13e2134671e842,1.0,5850.0,45.0,55.0,16.0,office_furniture
95578be74a242e7a0eae084908bbb5f8,1.0,14900.0,58.0,28.0,58.0,office_furniture
2de11f4242720888f88ebe396a8332f7,2.0,900.0,17.0,10.0,15.0,office_furniture
4cbccd77b25ad10677a460380987eaf3,1.0,13600.0,58.0,28.0,58.0,office_furniture
bb706a70fa03c46aa8d5f4a15505ce1a,1.0,650.0,20.0,12.0,15.0,office_furniture
5e560c2bf4bf75f9c836af727033f3c2,1.0,20500.0,58.0,28.0,58.0,office_furniture
c62dee961914cc2e49239963b04258ec,1.0,25400.0,64.0,30.0,74.0,office_furniture
256c61261c818dab727fa2a60d8964ca,1.0,8638.0,51.0,62.0,26.0,office_furniture
ecb4c7c604905689ed8075d75c012acc,1.0,14550.0,56.0,60.0,36.0,office_furniture
339a989bacc8557091e137fd3ee46831,1.0,10850.0,55.0,24.0,55.0,office_furniture
c4e8d6b4c4915e1e596379c68c4391dd,1.0,7900.0,35.0,52.0,34.0,office_furniture
79706e79825f7409ef032653a271fba2,2.0,22800.0,48.0,45.0,56.0,office_furniture
cd9d71c495bc54dbb324571016b7f37c,1.0,8425.0,53.0,53.0,18.0,office_furniture
add055c0f961a8667228b93f97d43b0f,1.0,14600.0,58.0,28.0,58.0,office_furniture
7dda94d5b1861c308661fedb3944df60,1.0,9275.0,54.0,30.0,53.0,office_furniture
325c397d5d1eebe97422d6bc1ed8709d,3.0,5600.0,90.0,30.0,40.0,office_furniture
36027cd76cee85025c9136de78270a6c,1.0,14600.0,58.0,28.0,58.0,office_furniture
0352f26fa462bd615275f3e91857926d,1.0,250.0,78.0,45.0,21.0,office_furniture
2f465f0f879ab88842042a85bac3a937,2.0,30000.0,51.0,66.0,63.0,office_furniture
db99498f1d7048253b27cbb54916ec1d,1.0,17950.0,64.0,30.0,56.0,office_furniture
6685d4ea9111ef423f76ea2ecf350180,1.0,6975.0,52.0,51.0,17.0,office_furniture
15529bfa2d73947d1e03020f58f5a016,1.0,6800.0,45.0,55.0,16.0,office_furniture
8aa1ba72d595bcf58ead2e5636f006cc,1.0,9350.0,52.0,52.0,17.0,office_furniture
0fbe487106cf1d260fa38c000eaa0dbd,1.0,15817.0,54.0,48.0,30.0,office_furniture
aef95f9d9e323e61a5caecdc41907c79,1.0,12675.0,48.0,49.0,40.0,office_furniture
6dde44b4172999f35f08654d06bad633,1.0,16167.0,64.0,62.0,25.0,office_furniture
8787e56abaa84fc6c3ba9afa857632b1,1.0,20700.0,58.0,28.0,58.0,office_furniture
92c1eb75a887a500d9689fbad65e27e3,1.0,17150.0,58.0,61.0,24.0,office_furniture
fb23a21f32d00e71247da1188220cb33,1.0,13475.0,53.0,65.0,32.0,office_furniture
b1dddee0530f59d8b4808c007e8f14a8,1.0,10850.0,58.0,20.0,58.0,office_furniture
2a5806f10d0f00e5ad032dd2e3c8806e,1.0,11875.0,57.0,55.0,22.0,office_furniture
7d1d3de69616eacb023e39204065a068,2.0,20850.0,100.0,10.0,55.0,office_furniture
97c57b8428f6b7a7597248a02938681d,1.0,11400.0,58.0,21.0,57.0,office_furniture
8d7d29e5fb9ff5333009326c87fc04e9,1.0,7433.0,57.0,68.0,31.0,office_furniture
3713f19c71c4be21ced80738e2fa49bc,1.0,8200.0,53.0,74.0,18.0,office_furniture
a0265e3673ba47db572b54978126f6ae,1.0,15000.0,50.0,90.0,50.0,office_furniture
364db9e9154fdb4355992287afa4f774,1.0,13550.0,58.0,55.0,24.0,office_furniture
da501879ed2eaf908ff2efd3e8535abc,2.0,22550.0,79.0,12.0,40.0,office_furniture
f1f0860095cfa6521eb73bd997599888,1.0,15200.0,58.0,28.0,58.0,office_furniture
8adfef9b7c8f92b52ef0d9fb88ee9997,1.0,9300.0,53.0,74.0,18.0,office_furniture
b114bf337c0626166abe574eee9e3f32,1.0,13350.0,57.0,56.0,22.0,office_furniture
afa29d87f14911e7ddf199438b208e37,1.0,7500.0,58.0,28.0,58.0,office_furniture
6336e61e06e1a49c55f632beab8217f2,1.0,20500.0,58.0,28.0,58.0,office_furniture
3e49ed0eb3b0fd7c15032a2e250d43d5,1.0,12100.0,54.0,40.0,52.0,office_furniture
037a23831f142c505b119215d92eaf7e,1.0,8900.0,53.0,50.0,16.0,office_furniture
927c2a01437aaec44d9b67f277b55eab,1.0,11350.0,63.0,61.0,24.0,office_furniture
3eef0cb94ba82de806bb30ab743c7655,1.0,11880.0,50.0,60.0,27.0,office_furniture
8516ee98a593fbd30f6ab57f3d3477bd,2.0,20050.0,101.0,10.0,62.0,office_furniture
fb909933914c1f945839287e7c253687,1.0,7125.0,52.0,52.0,17.0,office_furniture
508d5e8ce8e79bb506f9f0c096b295c4,1.0,12775.0,37.0,65.0,36.0,office_furniture
2ef87e8b6ce7e78d811c0ead73d63507,1.0,10750.0,54.0,54.0,18.0,office_furniture
9d9734db712d5ab6c3ff4c33700eb34c,1.0,8375.0,52.0,51.0,17.0,office_furniture
b03f486273ee4263286c00383ef34f37,1.0,6400.0,98.0,30.0,15.0,office_furniture
0661920a7a5f19746f501d1190888270,1.0,15300.0,58.0,28.0,56.0,office_furniture
a85a2e4685825ebc0cd51883eda05919,1.0,16650.0,58.0,28.0,58.0,office_furniture
516ccdc0667fe7e260156d1998ef9546,1.0,7563.0,58.0,65.0,30.0,office_furniture
e0352fc1b2c93712f1772fc4b0204db7,1.0,8075.0,52.0,51.0,17.0,office_furniture
a0c39dee6817bb443090f9248eeafa4c,1.0,27200.0,48.0,45.0,56.0,office_furniture
22594ba8fd9a72ad95d352929c821560,1.0,8450.0,53.0,50.0,16.0,office_furniture
bd59d7bffae06b0b2ee40cf5b7939626,1.0,21450.0,101.0,8.0,60.0,office_furniture
2f58dd6eba44d0096d2d56fcd75700aa,1.0,16750.0,58.0,28.0,58.0,office_furniture
818ce0c6a1687dd947ad226fb4387621,1.0,7450.0,52.0,52.0,17.0,office_furniture
74a47de1d29e6b5c5b0135dbce365e67,1.0,6025.0,57.0,55.0,22.0,office_furniture
a7d454bed93698b6ddb23f865e69f111,1.0,10850.0,58.0,28.0,58.0,office_furniture
aba86c093ccdbac75b09111d57e50004,1.0,2600.0,40.0,45.0,39.0,office_furniture
70edd5335ad299e9e54698f46a88db07,1.0,8800.0,52.0,51.0,17.0,office_furniture
a5647c44af977b148e0a3a4751a09e2e,1.0,12160.0,56.0,51.0,28.0,office_furniture
310fb273d383efab30a7599552f3bfe8,2.0,23950.0,62.0,16.0,49.0,office_furniture
675921526583e0b3096c3f811d46a7a0,3.0,18950.0,31.0,88.0,64.0,office_furniture
3bf87d2001b8176e6a3ad804b80774b4,1.0,14775.0,63.0,60.0,25.0,office_furniture
8ed094bfe076c568f6bb10feada3f75d,1.0,16133.0,63.0,59.0,25.0,office_furniture
4d88659b2d47e07c93060537d6542bb5,1.0,20500.0,58.0,28.0,58.0,office_furniture
a17e026dc13fc5106208684c448aedc1,1.0,9200.0,52.0,51.0,17.0,office_furniture
f80214fd7d681d1dcf12b3acaf4f0da7,1.0,12250.0,63.0,58.0,24.0,office_furniture
07591f80309eb6393c6af043b234cb83,1.0,16650.0,58.0,28.0,58.0,office_furniture
0364c36f8e845e4d309c0a3accc04b1c,1.0,16800.0,63.0,58.0,24.0,office_furniture
f83475065f800a2c5bf842c7dc3f8925,1.0,10850.0,58.0,28.0,58.0,office_furniture
b6ef58b78e4e69f8b583ffd8bd592d28,4.0,2850.0,62.0,4.0,82.0,office_furniture
eb6b82b5e0758b2710c52ef65ffad74d,2.0,20900.0,101.0,10.0,62.0,office_furniture
ee99cd2d468819078af4687f923cf17b,1.0,15200.0,58.0,28.0,58.0,office_furniture
cae4c48440297651e8ff3c2d58d314d2,1.0,20500.0,58.0,28.0,58.0,office_furniture
7d40b684cc830baa8f7760f6fb1528c0,4.0,2600.0,53.0,11.0,32.0,office_furniture
6cad28878d72af7730d0956a292fa125,1.0,6500.0,58.0,28.0,58.0,office_furniture
f16d9c6688f187efa6ce353d689d85fd,1.0,8400.0,25.0,23.0,37.0,office_furniture
c56400aa5823575d5a92a8f98077490a,1.0,9150.0,35.0,52.0,35.0,office_furniture
cbdb9bf611328898bd4b32a384506b3a,1.0,12700.0,55.0,70.0,18.0,office_furniture
7137dd34a614f3fb4eb7b734ea5320a3,1.0,15200.0,58.0,28.0,58.0,office_furniture
7a8eb3bd149ed8073f9a9db5ea1fafd9,1.0,9350.0,52.0,51.0,17.0,office_furniture
f8a7665279f140d238371c8e7604c204,2.0,650.0,40.0,11.0,11.0,office_furniture
1a8aea590bd168ec134d9f19ae6d78ee,1.0,11400.0,58.0,40.0,58.0,office_furniture
b92a7304ebad1ca5b393b53b2de5c70a,1.0,9725.0,53.0,52.0,17.0,office_furniture
c169014808557ef3fc3783ac1e02c0d8,1.0,11950.0,58.0,28.0,58.0,office_furniture
3de88091a3ed3699a8e32f77898c6368,1.0,15200.0,58.0,28.0,58.0,office_furniture
d5875a64de7c209c43f0028b728f7e4d,1.0,10650.0,58.0,28.0,58.0,office_furniture
f4f4debbcfcafe6858d1e37a1f6e436e,1.0,13867.0,101.0,8.0,57.0,office_furniture
6309ecb18b264afd138380fe238589f7,1.0,12475.0,53.0,54.0,18.0,office_furniture
835e3f51a6ef088097cc8cf42f08fd17,2.0,24700.0,62.0,16.0,49.0,office_furniture
9f05bf9bbb9b5629e674ce58804cd164,1.0,3125.0,45.0,55.0,16.0,office_furniture
505005df95180728667b709c27783732,1.0,11400.0,58.0,35.0,58.0,office_furniture
8f73613d06e3a557da0249015cbae6b6,1.0,30000.0,48.0,45.0,56.0,office_furniture
bd07b66896d6f1494f5b86251848ced7,1.0,8267.0,52.0,52.0,17.0,office_furniture
38f82b1c10c441adf66cda952e0b6096,1.0,11950.0,58.0,21.0,56.0,office_furniture
5c087f345e870429ec3ea20a49a79735,1.0,16450.0,63.0,62.0,24.0,office_furniture
5145cef9f9e1293cf8cba2c924eb94e9,1.0,11600.0,58.0,20.0,58.0,office_furniture
e52fa0c1b61bfc1db27ed2beec83f801,1.0,16000.0,74.0,68.0,26.0,office_furniture
7f04dc0b85182744b422109acd2d40f5,1.0,9225.0,53.0,53.0,18.0,office_furniture
68e6e8fd8c5f5b252b105d00daa9b57b,1.0,13800.0,39.0,13.0,102.0,office_furniture
331e79a28ee5afbb321a3146653085f2,1.0,10725.0,57.0,55.0,22.0,office_furniture
3fb22448e11f38ac4437c25693fcac1e,6.0,2750.0,16.0,36.0,36.0,office_furniture
ced7fbfaaf7d98ad9bd9b32a5eb5fe58,1.0,10700.0,52.0,51.0,17.0,office_furniture
a1b5a3e2a2233424b6c4ce31f31aa8db,1.0,9675.0,42.0,47.0,33.0,office_furniture
39774ab6b55af4ca99782e23935a97a4,1.0,12050.0,57.0,54.0,22.0,office_furniture
0fa8853b873ba06e7d27385fbb1411ca,4.0,16250.0,57.0,55.0,22.0,office_furniture
4dc6f66680ed2f883632bcf4e039256c,1.0,9550.0,57.0,54.0,22.0,office_furniture
914c9e9af640dd56f48764a225b00f89,1.0,7463.0,56.0,64.0,35.0,office_furniture
41b43381a92451746dc1374dbbd4c43e,1.0,10025.0,57.0,55.0,22.0,office_furniture
b781cf30a200b5eff2787c2074d67045,1.0,9650.0,57.0,55.0,22.0,office_furniture
092efe1dbcc1a4752b17a19fb6de36dc,1.0,14925.0,53.0,54.0,18.0,office_furniture
e8316a4667e5870c85e906b1f062bde1,1.0,9200.0,53.0,52.0,17.0,office_furniture
f4d450a6163f21cf9db8bcdf8c7e50f8,2.0,12125.0,41.0,58.0,41.0,office_furniture
d8d04b94572126180be57d08fddb186a,2.0,9200.0,52.0,50.0,16.0,office_furniture
b47865eeb745bcbfca95513b46bd977d,1.0,8633.0,42.0,64.0,43.0,office_furniture
576b0f2b5001819adda7c2512b9f69b9,1.0,8400.0,53.0,53.0,15.0,office_furniture
0530063c4be8e898dd6dac7d6bceff24,1.0,11800.0,53.0,54.0,18.0,office_furniture
9bcb9de1c0d270b98bd46b4ff7161808,1.0,11275.0,75.0,66.0,27.0,office_furniture
b665d6299c02572404ef4ee1741140a3,1.0,10850.0,58.0,20.0,58.0,office_furniture
208e1df130afb08c59c387b356bc149a,1.0,7000.0,52.0,52.0,17.0,office_furniture
408a59367613a62d59b6e3ca5ed58631,1.0,6400.0,18.0,53.0,51.0,office_furniture
66122b7ff167774803377cb2b1af7799,1.0,7575.0,52.0,52.0,17.0,office_furniture
59c5e6e108b88212fb98525c9000ecfb,1.0,8217.0,52.0,52.0,17.0,office_furniture
0335b2f76fdeed85180abe8c6c444aa4,1.0,7300.0,53.0,51.0,18.0,office_furniture
acf8371901a741912c231a031fe39c71,1.0,20500.0,58.0,28.0,58.0,office_furniture
4d4ec3126cb53c5375bc4235f9c9aa2b,1.0,8400.0,56.0,56.0,18.0,office_furniture
33e77eecc23c25a65d10f627e5053617,1.0,7400.0,54.0,53.0,20.0,office_furniture
99a7f15d914ad5f7432f6ccb18f95292,1.0,19067.0,50.0,50.0,52.0,office_furniture
07f381c65e8e66460c07781b9b1b8834,2.0,17050.0,63.0,62.0,24.0,office_furniture
a96a0642a479ed47a0ee2cf1da54d08f,1.0,13650.0,55.0,27.0,55.0,office_furniture
eb7151059126a851a89a9463dfac7feb,2.0,12450.0,62.0,16.0,49.0,office_furniture
6004cefa8473b7ccbaf181bbf633541f,1.0,15200.0,78.0,45.0,21.0,office_furniture
eab67bf937aaadc19f83383a331d2dd9,1.0,10975.0,53.0,51.0,18.0,office_furniture
2d07cb5238b8e2ba12a4b2ac8b6f100a,2.0,16100.0,63.0,58.0,26.0,office_furniture
78d622eda7a1b229d04311074b1029aa,1.0,17950.0,58.0,28.0,58.0,office_furniture
e2a73ef4fc3f78da8824aaec109a2676,1.0,15700.0,58.0,28.0,58.0,office_furniture
90b58782fdd04cb829667fcc41fb65f5,1.0,7417.0,102.0,46.0,11.0,office_furniture
805fb04b1eee16776d3ff45a40a30044,2.0,3875.0,35.0,52.0,34.0,office_furniture
37f9b5f1e37fc317e03a93b80915992b,1.0,10500.0,52.0,50.0,16.0,office_furniture
72ef87b1953a2844ed089bd6dcf73913,5.0,650.0,23.0,15.0,15.0,office_furniture
68a058d125ba1544e726898f0b8c0523,1.0,10475.0,52.0,51.0,17.0,office_furniture
81ad2aebdd010001ccb2bf579b5ad94c,1.0,10850.0,58.0,20.0,58.0,office_furniture
bcd321359bdd2426f0982373dec54e75,1.0,15450.0,58.0,28.0,58.0,office_furniture
145028037adecb27b1a58cf9597676cc,1.0,6650.0,23.0,19.0,29.0,office_furniture
9981d5a8b44135a14dffa76e857d2d83,1.0,12500.0,57.0,54.0,21.0,office_furniture
9674b7f245c1d659972605a979ac3dcf,1.0,13900.0,55.0,27.0,55.0,office_furniture
1c05e0964302b6cf68ca0d15f326c6ba,1.0,9375.0,55.0,54.0,19.0,office_furniture
b835d69ca6a226be6960b90d5b477bf2,1.0,10850.0,58.0,20.0,58.0,office_furniture
3b5c8da5a1bb814b0a0d43918fb1223e,1.0,7817.0,52.0,52.0,17.0,office_furniture
b401695ca697a7d76595b73066aec52a,3.0,30000.0,97.0,40.0,42.0,office_furniture
22e1d28f941306826ef9642bc41822a5,1.0,9000.0,52.0,51.0,17.0,office_furniture
2b7aa376a6e728560bddb5558cc48e89,1.0,13388.0,54.0,47.0,28.0,office_furniture
fcc22617447eefe483e5e60d6bdf7b22,6.0,1000.0,20.0,12.0,15.0,office_furniture
2aef77073a11c1bb21ae9eabbc7a97e7,2.0,16200.0,63.0,58.0,26.0,office_furniture
04cb9679db724268544436f40166c3ed,1.0,15700.0,58.0,28.0,58.0,office_furniture
9c60b810e32e14c3a278742567720634,1.0,17400.0,63.0,58.0,26.0,office_furniture
6b59816f789d2ecd9884ca8bbb81dd93,1.0,14900.0,58.0,28.0,58.0,office_furniture
b2855c4e42b8a50f359904c6763eeddc,1.0,7625.0,52.0,41.0,69.0,office_furniture
f2399cabe080029634d12cec4f60dbf0,6.0,2100.0,16.0,26.0,26.0,office_furniture
6f842ad54a86bf94d9254744d910ec56,1.0,8925.0,53.0,74.0,18.0,office_furniture
1e1bd97639fea164c61d7f2260cb4033,1.0,19783.0,49.0,54.0,52.0,office_furniture
a04fd52c740629158cfbf0e0154f9f7a,1.0,20500.0,58.0,28.0,58.0,office_furniture
2bb712ca1cdeeed53191f0f9404abd7d,1.0,14050.0,58.0,20.0,58.0,office_furniture
36d2ea35ee407975d70fcef78e16e3a8,1.0,14050.0,58.0,20.0,58.0,office_furniture
ba4a91633739ceceb2b73b627e2cfbc3,1.0,8750.0,52.0,51.0,17.0,office_furniture
579447868ed3bc1c03b199dd2f0dcd07,1.0,8200.0,52.0,52.0,17.0,office_furniture
dafc178b7166ee2eedeb1fccc31ad432,1.0,9813.0,45.0,64.0,39.0,office_furniture
587ff13bc6c58e023e298ac897fa1a3c,1.0,15200.0,58.0,28.0,58.0,office_furniture
7d280add4441effb2c942c68738b3faa,1.0,12550.0,57.0,54.0,21.0,office_furniture
0c9452f6a812935c0615faee8bf8646b,1.0,10050.0,100.0,45.0,20.0,office_furniture
bd149e7e19bab469011f129cdba049e6,1.0,16800.0,58.0,28.0,58.0,office_furniture
0faf79119af5cb143f82d98d27d9c5e3,1.0,7133.0,52.0,52.0,17.0,office_furniture
1ab21d1c80e214bc2cedfcb7a5ade550,1.0,30000.0,74.0,63.0,26.0,office_furniture
d4257bb9c6abde06be66858be5e4e6e7,1.0,20300.0,57.0,55.0,22.0,office_furniture
a425439bda03235c54fcb21e14f3865d,2.0,3950.0,18.0,23.0,27.0,office_furniture
77ab8b22b7f8062a284b90d51735b11e,1.0,14050.0,58.0,28.0,58.0,office_furniture
05431e0dd637e910dd67d7ad823e8437,1.0,10850.0,58.0,20.0,56.0,office_furniture
7d2e5a2c70a96151cd14274d426589d5,1.0,10850.0,58.0,20.0,58.0,office_furniture
34fa176b8be0f1b6cdd8730dc3ce178f,1.0,20900.0,23.0,55.0,58.0,office_furniture
7ca64c0215270be35559fa18afe2ed7a,7.0,11000.0,47.0,66.0,39.0,office_furniture
1b37d55343061aa2b18b807945ff9831,3.0,2400.0,54.0,10.0,33.0,office_furniture
8d070077591cb06503a4933e5050bc69,1.0,10075.0,53.0,51.0,18.0,office_furniture
9fd402a0b4e316e0945ec7a6cc106d08,1.0,14900.0,48.0,22.0,32.0,office_furniture
4fa2410cf10d733adc25a98d23a33975,1.0,12400.0,58.0,28.0,58.0,office_furniture
b73f6899a58fe7a37e55149e9a11c717,1.0,10500.0,53.0,73.0,18.0,office_furniture
1d26d159bfabfa6a92ceb697ec0c5d56,1.0,12700.0,57.0,54.0,21.0,office_furniture
02ce0c74e59d6cf6bc9026601414a9c4,1.0,15900.0,40.0,90.0,40.0,office_furniture
1176fc831c22bd69f919a091f888fd65,1.0,2200.0,50.0,8.0,32.0,office_furniture
cbbc2be2dd13b09f354a19a987e05924,1.0,7850.0,52.0,51.0,17.0,office_furniture
bb8e7dea852be7eb17288af376b3b933,1.0,11450.0,58.0,20.0,58.0,office_furniture
78540c45d4f971380710a35fa4ecc41b,1.0,13950.0,63.0,26.0,43.0,office_furniture
30de9bc2bc110c6a584cacba9c17d88a,2.0,16150.0,63.0,62.0,24.0,office_furniture
e40dacc1c350d93c25ee648abbdd9236,1.0,9183.0,52.0,52.0,18.0,office_furniture
b343cce43d6f08fe602d2892b106ad59,1.0,9200.0,52.0,51.0,17.0,office_furniture
7e646f7e1e428a1ddde5a18dd9d42e95,1.0,12000.0,52.0,51.0,17.0,office_furniture
2a34e0af5f72ca6cdeb148377a247c86,6.0,29700.0,65.0,32.0,82.0,office_furniture
1ba0e7ce15d3e3e8ec7b8bf976a76b97,6.0,2750.0,16.0,31.0,36.0,office_furniture
0554911df28fda9fd668ce5ba5949695,1.0,5200.0,45.0,54.0,15.0,office_furniture
659966e9c909841fb346bc47ebf45ea9,3.0,30000.0,84.0,52.0,56.0,office_furniture
1e96993bf0abebd3ee50f96a52bb51aa,1.0,10500.0,52.0,50.0,16.0,office_furniture
86f2416d4670e4ea3ca5494d043d9f24,1.0,11700.0,36.0,54.0,35.0,office_furniture
db7b4e39ca0f4246549e7f3034c2a125,6.0,2550.0,20.0,32.0,35.0,office_furniture
10be3a54fb1b2a42ee3ed8c9ee32010d,1.0,8200.0,58.0,20.0,58.0,office_furniture
728b05c29f6264ed83982354d261654a,1.0,9000.0,53.0,51.0,18.0,office_furniture
92c92e54ea03085ca64e3556bdc18689,1.0,8000.0,53.0,74.0,18.0,office_furniture
73bc42701d50d3c0673b38ea8fbe2e32,1.0,16650.0,63.0,61.0,24.0,office_furniture
47920da896bbd89e851429c78a7a7a8b,2.0,19400.0,48.0,45.0,56.0,office_furniture
ff37b24bee4345bc69d11fae0e6cd3da,1.0,20450.0,101.0,10.0,62.0,office_furniture
143bc7fcaf6929ef5979e58abf39d4ed,1.0,18225.0,38.0,54.0,38.0,office_furniture
d4e8f0258fc25c199ade899a87a8f664,1.0,15750.0,58.0,28.0,58.0,office_furniture
c1e1936d50ab1559e729f1438d0c414c,1.0,10850.0,58.0,20.0,58.0,office_furniture
23bf81fdd5f4015f1b924385a3eda89c,1.0,20500.0,58.0,28.0,58.0,office_furniture
26320e4682c6a0f297d07f3c74155666,3.0,16400.0,57.0,55.0,22.0,office_furniture
4630317645c09161b7409edb2448a828,1.0,16400.0,63.0,60.0,25.0,office_furniture
02965440ee186dd4f7f6e8f962a75c60,1.0,10013.0,58.0,56.0,23.0,office_furniture
a0dfc64334e89bf3c3762f5ad8b7249c,1.0,12775.0,53.0,52.0,17.0,office_furniture
61d980017b9f55ac2451dbf0bdb849f2,1.0,50.0,35.0,90.0,45.0,office_furniture
73a6530caef9511c04711d12dcef551c,1.0,5000.0,60.0,45.0,45.0,office_furniture
17f2685e91a49b99540dcb684ee7d94a,1.0,9200.0,52.0,52.0,17.0,office_furniture
bb192bc461e65d645d26fa3a97866f2f,1.0,14600.0,58.0,28.0,58.0,office_furniture
787a015e505e9dfe5dde6e5be78f0eac,1.0,7667.0,52.0,52.0,17.0,office_furniture
5c31001a08d64b7c60a58f6e5a9604b5,1.0,15100.0,58.0,28.0,56.0,office_furniture
c6ab810300ecce0784a66d36fcb5560f,1.0,6550.0,23.0,19.0,29.0,office_furniture
ea7d883a0a9922f5899f071e5b4f8873,1.0,6500.0,58.0,20.0,58.0,office_furniture
b11671939984d7f8b038369720ed36d3,1.0,5500.0,22.0,22.0,33.0,office_furniture
1108e11fe60f34cb7f2a832d96c17137,1.0,10850.0,55.0,24.0,55.0,office_furniture
2633fa4ea71ee7977ce3251ed0b2e2ba,1.0,15700.0,58.0,28.0,58.0,office_furniture
e41a6ac2f57a273eb0d214c7cbab5db9,1.0,8975.0,35.0,52.0,36.0,office_furniture
e134cbe135ee33ea460b71bfd96a38ed,1.0,13000.0,58.0,28.0,58.0,office_furniture
4efd35570dbaaa27e216bd8bf3ed4cf3,1.0,15925.0,44.0,57.0,27.0,office_furniture
7c898e0b8ea203dd94ba846627fc34d1,1.0,12650.0,54.0,54.0,18.0,office_furniture
1878fcfa202ce65b4bfaa9d16250ee86,1.0,7725.0,53.0,51.0,18.0,office_furniture
eea1d0033f3735c72d0501fdc2be0437,1.0,22900.0,74.0,68.0,26.0,office_furniture
7fa380056f1fbd883cc80a75e60f207b,1.0,10125.0,57.0,55.0,22.0,office_furniture
4c1bbc12438daec98a77243c2bf7a3ba,1.0,15475.0,81.0,7.0,83.0,office_furniture
c41cb239626c439032c226463d082c9c,1.0,16100.0,58.0,28.0,58.0,office_furniture
7ccdeb231b869e61d5663c82dcd499f5,1.0,15900.0,58.0,28.0,58.0,office_furniture
308e4e21ae228a10f6370a243ae59995,1.0,8250.0,53.0,74.0,18.0,office_furniture
0cc96a3f64ff4585c941ab9aaf043f18,1.0,11000.0,58.0,20.0,58.0,office_furniture
13384f6452c53eb1f29768dc57f75903,1.0,14850.0,33.0,38.0,39.0,office_furniture
613221d716be89edd3bb436c8060cd05,2.0,22700.0,62.0,16.0,49.0,office_furniture
0db4869ac8a908414823d44d742f5ba3,1.0,17000.0,63.0,58.0,24.0,office_furniture
93492b51618a093d88d0616985f0c6cc,6.0,2150.0,16.0,26.0,26.0,office_furniture
a6dfe3ac4d3a7c8dcce74a95ba58c27e,1.0,9750.0,59.0,45.0,43.0,office_furniture
ceaccc5199621adcf71bc58486a52e21,1.0,11400.0,58.0,28.0,58.0,office_furniture
683cfdf77dfc3c305e4769968a854e10,3.0,27300.0,61.0,71.0,43.0,office_furniture
99342b88d6faf8f67c940d2269922f7c,1.0,8725.0,35.0,53.0,34.0,office_furniture
7d96d1abbde52bb350c688d0d049df07,1.0,30000.0,100.0,45.0,11.0,office_furniture
1bfb290d7273a442c874dbe74b4abae6,1.0,10075.0,55.0,64.0,26.0,office_furniture
1bcb50aa4fa11ec2f767d6eea810d8b7,1.0,9750.0,92.0,15.0,27.0,office_furniture
67c27d404db051709a626dab489ef356,1.0,20500.0,58.0,28.0,58.0,office_furniture
9590794c4ad7475e1fa368c491c0dbb6,1.0,28100.0,73.0,85.0,28.0,office_furniture
6a23c2eb9acc78f8ec403be9c6210dd4,1.0,7513.0,53.0,62.0,26.0,office_furniture
02ce467092b184e71d3967d29110adc1,1.0,12275.0,40.0,54.0,38.0,office_furniture
f94648b3948c15f95aad0b5902be6025,4.0,10750.0,53.0,74.0,18.0,office_furniture
38b007c8f51a77bde546746ad8af4f64,1.0,13200.0,100.0,8.0,60.0,office_furniture
26986dfc8b3cb9f957f2a5cca8920fa7,2.0,22500.0,79.0,12.0,40.0,office_furniture
785ca50096466547f93836e61beb7424,1.0,11050.0,58.0,20.0,56.0,office_furniture
8c22b9ad6943f7dfc87fde6fb92ab133,1.0,7900.0,52.0,51.0,17.0,office_furniture
848d1cf68443591d7075b6f81449f650,1.0,10650.0,58.0,28.0,58.0,office_furniture
d6fe3b4ddecd4a8393c6a1385de3bfb6,1.0,16650.0,63.0,58.0,24.0,office_furniture
a0eccc912d428eaddf1ef4fe47593ece,3.0,30000.0,62.0,55.0,60.0,office_furniture
9a78fb9862b10749a117f7fc3c31f051,1.0,9750.0,42.0,41.0,42.0,office_furniture
29d02bf288d4101006e5aaefe7f13250,1.0,20500.0,58.0,28.0,58.0,office_furniture
a226729b96bbb6962f9f8fc6a14db590,1.0,16750.0,63.0,58.0,26.0,office_furniture
d02d1fb4bb52737b8d68075e5a079a4a,1.0,13175.0,57.0,55.0,22.0,office_furniture
7ae5c4294636a8ccd3d8574daa6d7d21,1.0,12700.0,58.0,20.0,58.0,office_furniture
101c51628f18e013a1b2900a8f275fd2,1.0,11000.0,58.0,28.0,58.0,office_furniture
186f6f0ad7928097faf963de4b3e67bf,1.0,11600.0,57.0,56.0,22.0,office_furniture
7aa95fc2760624a5770b5ae65a429605,1.0,13950.0,58.0,20.0,58.0,office_furniture
f9a09e5ecddf77ede4cade6a11624ac9,1.0,20500.0,58.0,28.0,58.0,office_furniture
0419e76e19f81672eb13b6a8bd19a5cb,1.0,14600.0,58.0,20.0,58.0,office_furniture
fca5d31cf768e5bf8a75483fa7f4674c,1.0,11400.0,52.0,52.0,16.0,office_furniture
6ffccc089c964ffc65eb623f5acf4a1a,2.0,25500.0,48.0,45.0,56.0,office_furniture
58e03c2c00f9e4f3a35b6cf0d13cbb67,1.0,10050.0,54.0,28.0,53.0,office_furniture
57c8519e414546bcd4311294c2eb4d85,1.0,30000.0,48.0,45.0,56.0,office_furniture
0bbf093ffaa05565b79b64ee97f917cb,1.0,11575.0,57.0,55.0,22.0,office_furniture
feb18700015c20ef4ca5098a6288f6f7,1.0,10850.0,55.0,27.0,55.0,office_furniture
7012287e9175401bc81084de729e664d,1.0,14600.0,58.0,28.0,58.0,office_furniture
dd619ff22f2b3f2bfe6d853f945fc25b,3.0,11025.0,57.0,57.0,23.0,office_furniture
759d6e247dae636cc8e135f50052865e,1.0,9125.0,57.0,55.0,22.0,office_furniture
88ddff0c40fa663f407d4bc8c339f764,1.0,22750.0,70.0,32.0,62.0,office_furniture
2239cf6b4421c4bd57f8a87127800929,1.0,16125.0,81.0,7.0,83.0,office_furniture
39e496dace43a41056e2a487d41c8629,2.0,18800.0,101.0,10.0,62.0,office_furniture
95aaccc936e7e81419cce63c21062954,1.0,4225.0,45.0,55.0,16.0,office_furniture
b1bef728f668a4117c1129694b7f4bec,1.0,16150.0,58.0,28.0,58.0,office_furniture
ade405a562b15f95950b65eaccb3f0bb,1.0,19100.0,58.0,35.0,58.0,office_furniture
06398d4e8885390c99322d5e4aedcc16,1.0,15700.0,58.0,28.0,58.0,office_furniture
de5596e009313841e57616878a6fbce0,1.0,16150.0,81.0,7.0,80.0,office_furniture
475e8a9ddbebf13af503d1c7eccadb1a,2.0,3400.0,27.0,21.0,21.0,office_furniture
46073ed592d49422d9ade51d5d9919bf,1.0,9150.0,52.0,52.0,16.0,office_furniture
ddc50b859563aa0b3d663559f3696690,1.0,11113.0,58.0,55.0,24.0,office_furniture
a9516a079e37a9c9c36b9b78b10169e8,1.0,8683.0,54.0,64.0,31.0,office_furniture
74a86d4a9f05585758fcf89d91f9d378,1.0,15700.0,58.0,28.0,58.0,office_furniture
5348d069341a567161f19fa9e1d6fec0,1.0,11300.0,32.0,32.0,42.0,office_furniture
dc2cab354de46ca82b8cf4cb24e16614,1.0,8300.0,53.0,51.0,18.0,office_furniture
dbf47a585df3a9d8f0b5f4c125a2b8e8,1.0,8700.0,52.0,51.0,17.0,office_furniture
b8dac5113b06a97e64943234522572b9,2.0,6000.0,87.0,3.0,42.0,auto
334479e94cba98064050db1c9636e244,1.0,220.0,18.0,14.0,17.0,auto
94080f9219044d897195e2be145945dc,6.0,921.0,17.0,9.0,16.0,auto
e6a1ff3552ba3305c1cf0a4dde50347f,6.0,5250.0,47.0,19.0,23.0,auto
d8a405c732027a2af3187b031890933d,1.0,200.0,35.0,4.0,26.0,auto
8d6cb00151d423c52855385c89f0bae8,1.0,27100.0,50.0,50.0,50.0,auto
fc2edee55f4118969f4dc49f7a717605,3.0,500.0,16.0,12.0,17.0,auto
1cf39a397efa955b102a52ee7ec5531c,3.0,18200.0,56.0,15.0,15.0,auto
42fe4aefc7e8a45dd96a59af81dd3fef,1.0,1300.0,20.0,20.0,20.0,auto
ecaae002060173ec59f5b168cbd55d70,1.0,825.0,20.0,24.0,15.0,auto
98d0e0ca6213edc063889593a2475e36,1.0,13825.0,70.0,35.0,49.0,auto
37dffde0476450e75dae423136954b0f,5.0,250.0,20.0,20.0,20.0,auto
d19d6968c8fa843da04bf9c9d23c312f,4.0,400.0,16.0,7.0,11.0,auto
99a5e7a2c16478ff3f0ea9c20eb2820f,3.0,550.0,16.0,21.0,18.0,auto
8a2d3285de64b2117fbf83784acd09fc,1.0,250.0,16.0,27.0,15.0,auto
fdac82e439dafa5f87a9547581532380,1.0,1000.0,26.0,40.0,20.0,auto
22776ebd2bfdf5f55499fd324862a673,2.0,500.0,20.0,8.0,14.0,auto
0417855683de23ba1e20e8a358a5ac7c,5.0,1475.0,68.0,9.0,35.0,auto
2068e3435a38f6a3cc95ba89a96378ab,1.0,3300.0,35.0,20.0,20.0,auto
1684f99c7e0e67403e52a7783366870f,5.0,4200.0,78.0,4.0,47.0,auto
ad0e74d7a7848008daa87492dff8db9f,3.0,500.0,16.0,21.0,18.0,auto
8eed5d27f5b8c6248731efb4782f6141,1.0,2800.0,16.0,2.0,11.0,auto
c01cc7b6054e22d68972a35df1e0c249,1.0,8500.0,18.0,29.0,13.0,auto
8f9dc141063eb39ea09a9df984895c50,4.0,1475.0,32.0,28.0,28.0,auto
4732ecf5e4abee8f7ff4d1b8df0f7af5,3.0,1100.0,37.0,12.0,30.0,auto
1dce3fd38c13a3e74fe5000f33858442,3.0,1800.0,22.0,10.0,18.0,auto
5ec9cc4e1217d387b9fedfa362b7bc24,1.0,3750.0,42.0,19.0,25.0,auto
bc86251d831265a9937ccfccecd6c224,5.0,1500.0,68.0,9.0,33.0,auto
e1bb819e98ca4d6153c28872921f171e,6.0,450.0,20.0,15.0,15.0,auto
0011c512eb256aa0dbbb544d8dffcf6e,1.0,100.0,16.0,15.0,16.0,auto
7ffd59e4a33610e863f39cd3040ae7b1,4.0,350.0,44.0,17.0,30.0,auto
20d672f52195d2c20168f758a77303d6,1.0,200.0,16.0,15.0,15.0,auto
cedc0a95516e84ab083db0319e55003f,4.0,7350.0,24.0,69.0,53.0,auto
af76a54b712e9cab85d2824e96c56ff8,3.0,200.0,24.0,2.0,17.0,auto
e9f4a2b16f44a27e454037659cceb20f,2.0,200.0,32.0,8.0,26.0,auto
096b3aa9d2c93af82434f196a713ad74,1.0,5750.0,30.0,19.0,31.0,auto
9e3fb85220e7c0d45fab9a93288ec717,1.0,200.0,18.0,9.0,13.0,auto
29589c613b8c17e6fe91da9af08ed148,3.0,350.0,25.0,10.0,20.0,auto
59f8cb217c16b9d838ab8f6d92fd2eea,2.0,250.0,18.0,19.0,15.0,auto
3647983375e701c3f089068b5fc0cf98,1.0,4000.0,65.0,25.0,25.0,auto
0ca31cd8916e06a977f3596faddc6852,6.0,9050.0,56.0,11.0,32.0,auto
f5287cac0d71b68c9cbf57fe0e19181e,1.0,2800.0,95.0,7.0,33.0,auto
baf76b06184501269d8e44228cc940ac,2.0,100.0,16.0,5.0,16.0,auto
e7ef7e0bc312196681f8304cf7ddd92e,3.0,6700.0,70.0,25.0,22.0,auto
2954628cc646e129a849918ab2b366ee,5.0,4200.0,78.0,4.0,47.0,auto
1860b96949f9ff0adcd5e2c340d32e12,3.0,800.0,21.0,8.0,14.0,auto
fddede0d4854d07dbb9bcf3b090697f3,2.0,500.0,16.0,16.0,12.0,auto
4b54c1f607b7a55ec9a34555b5607539,6.0,4700.0,47.0,19.0,23.0,auto
95b6e8160fbea38f306a26e66a6465a3,1.0,4500.0,59.0,10.0,59.0,auto
1ffe0f57d9bad302d252f7df6d6d29fc,3.0,1700.0,34.0,18.0,16.0,auto
b15b38f8a24ce6254dfa5bc5a06f18c5,4.0,1600.0,25.0,9.0,17.0,auto
4462167dca28740ae5078b9dce00f199,2.0,1200.0,19.0,6.0,14.0,auto
8bf5b1e066d9fb2a639f8f69d55a370d,1.0,575.0,20.0,10.0,15.0,auto
26a5c56121a055cfa75ae4f9e324c024,2.0,75.0,16.0,15.0,15.0,auto
89005f5c60b53829a9a617fe5e292221,6.0,700.0,40.0,15.0,40.0,auto
e337509290028e0c81c0ac93d7b1234e,8.0,18000.0,50.0,20.0,20.0,auto
1fd95182c672cf5b10c82207ca5dab97,5.0,1100.0,23.0,7.0,38.0,auto
ceae7ba6df69ce2b3d1ec03bcfafc31a,3.0,1125.0,60.0,8.0,33.0,auto
cb5df9426d14898cd286c3c5ac0b8cea,1.0,6800.0,45.0,20.0,45.0,auto
6722735e7b6ea43bbd86b1c9074c3057,1.0,1050.0,20.0,16.0,16.0,auto
29e4631be78811ab993ae12613053b53,1.0,3100.0,70.0,8.0,70.0,auto
331f7c3a5502a8007a966f70e151e89d,4.0,100.0,18.0,13.0,13.0,auto
f2a949f938c95d18433bebfb12afe395,3.0,650.0,16.0,21.0,18.0,auto
da77fdd937aba84787dbbba9231f79f8,3.0,550.0,16.0,21.0,18.0,auto
d0fac709247e97e9b44a5351891ef9f3,3.0,800.0,16.0,16.0,11.0,auto
52875639c307f1a60e501898dcf12a4a,3.0,1800.0,34.0,40.0,19.0,auto
f24fac234abea1ab9560893ecc15a573,1.0,3375.0,47.0,22.0,11.0,auto
ea768069ca084e95a752ee7d51a8ff70,5.0,975.0,22.0,6.0,13.0,auto
8d578db76b524efa43a961df4ac2d7d9,3.0,2275.0,33.0,7.0,26.0,auto
4c1bdb311e919e2100eef5ef92debbbe,3.0,2200.0,22.0,4.0,22.0,auto
df3ef285e62ef3719a8d1b02ea511fc9,2.0,200.0,16.0,16.0,12.0,auto
3606696d19bbcad6cb6c0e985749862f,4.0,450.0,16.0,9.0,15.0,auto
1a264b7839c199ba4df21d5284492650,1.0,250.0,18.0,11.0,14.0,auto
fb629d276a4906468cec4054df4bfd24,4.0,100.0,16.0,20.0,11.0,auto
736c8680c4a1ce8fc7ed08c9df0431ab,6.0,4450.0,56.0,11.0,32.0,auto
b62c4aeee36fc51b2bd7fa2e5c3268b2,4.0,1350.0,25.0,10.0,20.0,auto
adafff46869180550d3c4741c60841f2,5.0,2400.0,30.0,28.0,30.0,auto
4e5649d10a8a7453bb3957caf1cdebf4,1.0,2413.0,69.0,39.0,57.0,auto
584c7a0f5da1770ba58350c8d8176b45,4.0,6250.0,40.0,30.0,30.0,auto
70f4ee470f7fc40e48a98f2903ddf010,3.0,1750.0,35.0,10.0,35.0,auto
a6d351912e312fb24186739576d04fe2,6.0,5650.0,47.0,19.0,23.0,auto
a6a8b6b05afd3a6e65c00b897f718425,1.0,3850.0,65.0,25.0,25.0,auto
56a5da29b4975931b470aa9d61ced8d3,1.0,200.0,20.0,6.0,17.0,auto
8f5cb6362e19f8120f77484dc5619a6b,1.0,13300.0,62.0,62.0,21.0,auto
141f72cac97df846fc51097f795bd94e,1.0,750.0,30.0,8.0,30.0,auto
bdf4090aad270b83a2ce5eaac92032cc,2.0,100.0,16.0,10.0,15.0,auto
34bd280578cc88e0e8591ba38e2dd7d2,6.0,1975.0,42.0,28.0,31.0,auto
de72ea95a1cd05b1a597d294a425be57,2.0,25100.0,64.0,64.0,49.0,auto
a179fe5e75138e812571da4d038f0271,6.0,3650.0,56.0,6.0,76.0,auto
a3ebd09e2be48bebfd0d16ef3c83a176,5.0,1100.0,63.0,9.0,33.0,auto
9c16099894e4002d54e17033e06bdbc8,1.0,50.0,16.0,11.0,11.0,auto
0d77de0f4137ba0f89d3d25191ce4788,2.0,200.0,16.0,16.0,11.0,auto
022b0ef3922883f810bdff4d58e93115,5.0,1625.0,60.0,8.0,33.0,auto
c25202cc84e17ea4188bdd80a6b069e9,1.0,463.0,16.0,13.0,15.0,auto
328e385961fd439024dabd6512dc1039,4.0,5200.0,44.0,17.0,30.0,auto
d19c17e2d1254322fcd22ddc11c15fae,1.0,600.0,16.0,2.0,11.0,auto
0f63bdd7e201644735e2c9d8fca69554,1.0,300.0,16.0,18.0,15.0,auto
65906875895d4c8ba11779d8bd5b1270,4.0,450.0,30.0,30.0,30.0,auto
b5034cecd2d602fcc8175e8fe0988a3d,1.0,200.0,35.0,4.0,26.0,auto
425b2ba2dab3986c4fa13ca01547aff0,3.0,400.0,53.0,3.0,41.0,auto
fb3230a295c320ca2a32fc1047e8715f,1.0,300.0,30.0,15.0,30.0,auto
45e967683e7292b195609137fadaf2fe,4.0,100.0,21.0,2.0,17.0,auto
882b88e3f8d6db8171ee56f61efc8bd8,4.0,500.0,17.0,4.0,11.0,auto
62a6991adbb1e60f5c03a77fae5568ff,1.0,3350.0,35.0,20.0,20.0,auto
a12c02e04fe31b34937656a5c5114a7f,2.0,500.0,21.0,18.0,13.0,auto
0290cc426311fb177fe19e513a7dc349,1.0,1000.0,20.0,20.0,20.0,auto
3f31e91ff55912757b04a48d7c1337cc,5.0,6950.0,78.0,4.0,47.0,auto
0cad3c9a114203d74ff1ca303486f205,1.0,3350.0,40.0,40.0,40.0,auto
1cbe6092926b24ecacfdeb748bc34105,1.0,4950.0,65.0,25.0,25.0,auto
3dc7db1edfac20883ed35ecfec05a3cc,1.0,1050.0,16.0,5.0,16.0,auto
22e9d458875333a868ae17fc894781e5,5.0,3300.0,78.0,4.0,47.0,auto
9047a9fe0b7e4175af012bfa793890cd,1.0,2050.0,25.0,25.0,25.0,auto
b7db1a22a9e89c9749d7386c4f0ff639,3.0,400.0,16.0,7.0,20.0,auto
75dffc4de999c1c28630b084e58beee4,1.0,1425.0,24.0,10.0,23.0,auto
c90cf9075d7e8a5f4eca8b39763bf2e5,3.0,100.0,20.0,3.0,17.0,auto
79f9c6ec3a4021fc8af98efb87be2ce2,3.0,100.0,38.0,2.0,22.0,auto
6562dd6467621f6b5ab019a96d4ee8c7,1.0,9850.0,56.0,15.0,15.0,auto
8f7f39a553ee4fad3c49f91a837dc58a,1.0,200.0,20.0,6.0,17.0,auto
dcf9390408cfcc20fbe35ae75f74d0c4,4.0,11600.0,53.0,77.0,17.0,auto
65aca437a0c87d858fed1fd11dda2f4f,7.0,400.0,30.0,11.0,15.0,auto
1e78f6e43c85b0bc80a2ccb4b78006ba,1.0,5100.0,45.0,20.0,45.0,auto
1a4313cc3541860e69057b96e097d419,2.0,5550.0,55.0,35.0,30.0,auto
01880e9ca075037ac0520fb94c07a79a,5.0,550.0,17.0,5.0,12.0,auto
6fa678696394694c5c9fb4d32a9fd247,5.0,3850.0,53.0,43.0,11.0,auto
267a48e9a306231f94d36b274782ca5d,2.0,4259.0,24.0,22.0,32.0,auto
a8255c87078b4bd9bc05fe7290ca5c25,1.0,24000.0,61.0,67.0,33.0,auto
9ef8eabf54b45bc606e85fcb4d97e968,1.0,2140.0,38.0,38.0,36.0,auto
4f969a12cc8cb60a5cce67cc3fc305cd,1.0,186.0,16.0,13.0,14.0,auto
8b4a33d7c554bbe096de11bb33ce6f4a,3.0,550.0,16.0,21.0,18.0,auto
ca7a479258a82d50745a75fc9a916475,6.0,1775.0,42.0,28.0,31.0,auto
08bc541b873d8c1ecd4e6bdd1d287c97,3.0,500.0,16.0,5.0,11.0,auto
c862d801c5bf9b08e1bde0e3801199ed,2.0,1100.0,32.0,13.0,30.0,auto
1ef5ef43b311a978115840517ac78943,2.0,150.0,25.0,20.0,25.0,auto
aaff2ae684debfeafcf84e22e46e12d9,1.0,550.0,20.0,10.0,15.0,auto
55782cb82e0efe052da0a3da237da3b2,3.0,2450.0,30.0,30.0,30.0,auto
9e71d4f2f252c40fd2528b50789ed5f1,4.0,300.0,16.0,11.0,11.0,auto
4bebf188c775f30a151f05ab7501e290,1.0,250.0,24.0,18.0,18.0,auto
81b454070eecf89b21503cd5d313aa57,4.0,250.0,16.0,6.0,15.0,auto
922efd345b4d692aadf0e6b65f5d51e7,1.0,200.0,16.0,16.0,16.0,auto
fef0dd8c53552d0f784b7cc5375a3ffe,1.0,600.0,16.0,2.0,11.0,auto
fc41206e8fcdfebc2418ab3a038053af,6.0,3550.0,56.0,11.0,32.0,auto
03940e741e919e2c258e177d875f8423,5.0,5400.0,78.0,4.0,47.0,auto
8b78fb97dfb22b6e0e32d34284716d91,1.0,700.0,20.0,20.0,20.0,auto
f22c9d6ce2431ff939aad39e026cc7ef,4.0,2600.0,38.0,18.0,23.0,auto
8c870be13e6e06a1a88de95a856e2585,5.0,1150.0,32.0,6.0,29.0,auto
f111bc943c81722e3b96cb1d089026fb,2.0,3300.0,65.0,25.0,25.0,auto
61a7263fdb4809852aef0552a2c38342,7.0,6900.0,30.0,15.0,20.0,auto
4bbaec4be577b56985a8fef3237b7551,1.0,700.0,16.0,2.0,11.0,auto
e695e154d81ff71bfa7c12769a6faa07,1.0,720.0,28.0,18.0,18.0,auto
a78fa6c80b9cc50d0100e12a097b8417,1.0,550.0,18.0,5.0,12.0,auto
d063fc697e5aa468ad1e689d5e6028fd,3.0,1950.0,40.0,12.0,32.0,auto
8dfb264673631eed595f12828b0ff2c6,5.0,2600.0,37.0,13.0,24.0,auto
ef43a6c287409808c37a67734f21e264,1.0,4500.0,69.0,15.0,20.0,auto
b953d9a0d8c056d4144acbff1f0adc80,5.0,1100.0,23.0,7.0,38.0,auto
494f6aae5fcc59af1db7b6dc85df1977,5.0,6675.0,71.0,4.0,44.0,auto
3779f2d78a8cc041bcce56232d83befb,1.0,1125.0,20.0,17.0,17.0,auto
ee22145169e4612ac54f2b9282a8047a,1.0,750.0,16.0,28.0,16.0,auto
d2efc686acbf02ce6200ee423516f0d0,5.0,100.0,19.0,7.0,16.0,auto
7ad04045119d9f1c12c3c395ce9a6590,3.0,17300.0,51.0,51.0,41.0,auto
2362291929f77eccf5f5cb26029dcf90,1.0,2400.0,52.0,8.0,52.0,auto
8b2a1e0d2ee4fa00cd00519b7881203a,3.0,17400.0,50.0,40.0,40.0,auto
808a67fcfceaae1ecb87b9e85260e593,1.0,2875.0,60.0,21.0,25.0,auto
f38c674135b439b1d2deb1d68da9f4e6,9.0,600.0,20.0,10.0,15.0,auto
3c5ff6cfedc787b5fcef300fc43100c0,1.0,300.0,24.0,18.0,18.0,auto
642e125cbc752b4eeb8faf442319c39f,1.0,500.0,35.0,15.0,35.0,auto
b2e9a7118faa5cc45d5bbaef6c53c40f,1.0,100.0,23.0,5.0,23.0,auto
7c1001239dfe84755f6c35910436abd1,6.0,100.0,16.0,5.0,11.0,auto
70fb1a4e096e46196c07bcb13f615a44,3.0,5300.0,42.0,12.0,27.0,auto
28a165dbe64110f22085544d7129480c,4.0,17950.0,60.0,60.0,37.0,auto
b65b2a89b987d90577d40783232a49c2,6.0,100.0,30.0,5.0,20.0,auto
2615fceb03b49ac6e17fa5b8f2e11b63,1.0,900.0,25.0,20.0,25.0,auto
685eb31be05f115e9263add7796ad95b,1.0,6900.0,65.0,13.0,65.0,auto
ed71b39fde2f884a620dedc2053dcf86,3.0,350.0,25.0,25.0,25.0,auto
7a22c18ef5b314ac41161a5598c05352,2.0,1850.0,95.0,16.0,35.0,auto
89571bdf5db85184c4e877bf9dfaf92d,1.0,1300.0,16.0,30.0,12.0,auto
a2246862425c12496bad1be2082015ab,1.0,398.0,18.0,10.0,15.0,auto
6a012e40ee0f3e0ca9b34bbdeedbdd2c,3.0,150.0,20.0,20.0,20.0,auto
89e0afa29b7165f7a6a95381418dd471,1.0,21000.0,65.0,44.0,44.0,auto
0f9a07df17934769a978a9b2917ba8a3,4.0,550.0,33.0,27.0,26.0,auto
78d9cee7386ff7a3fb916ee1c076a278,5.0,8400.0,77.0,4.0,47.0,auto
529a32307961a32ec5b6fe0a5bd17fba,1.0,4250.0,65.0,25.0,25.0,auto
37c871f73c08339b2ee4b6c03337837d,1.0,100.0,16.0,10.0,15.0,auto
594e6c5d1c4a58f7936b5a7134f53c80,1.0,1400.0,105.0,7.0,25.0,auto
93323c2cfff65a81c9da5566fcdde69f,3.0,600.0,20.0,20.0,20.0,auto
40f999464ef29d2a07cfaca1eea4c210,2.0,125.0,16.0,20.0,20.0,auto
241a1ffc9cf969b27de6e72301020268,2.0,400.0,16.0,4.0,11.0,auto
fdfe4f462b8972c3455163e3fa7653c6,6.0,7000.0,56.0,11.0,32.0,auto
b72a8fd99d59007948419121f2a5056e,2.0,425.0,20.0,5.0,19.0,auto
00088930e925c41fd95ebfe695fd2655,4.0,1225.0,55.0,10.0,26.0,auto
c7d75b3bafed2b1d9475c4876b1c46b8,3.0,100.0,17.0,17.0,17.0,auto
183210d186d30d050604f96ef87af803,5.0,4350.0,78.0,4.0,47.0,auto
bac155b95a240e42f840f622bde271d1,4.0,400.0,24.0,5.0,11.0,auto
8fd3860e3ab6a97c681d58366f981a07,6.0,5950.0,53.0,43.0,11.0,auto
167b946cfe5de05aadc151871edf7bb9,1.0,1100.0,17.0,12.0,16.0,auto
4a9ba6f126261f91a91af268158e1ea4,6.0,7300.0,47.0,19.0,23.0,auto
f9888c7f6af544006f91ca92833d3507,2.0,2000.0,54.0,17.0,24.0,auto
f32ac4ba1acc078eadefc29c8d76a9e2,4.0,250.0,16.0,6.0,15.0,auto
d66eeeb49d2801f33401c8c6828aee40,1.0,700.0,25.0,20.0,20.0,auto
d048c384871633c66df10bc4d05e2345,6.0,16900.0,40.0,30.0,30.0,auto
ad53b74739180a632354ce9cb16bbdde,1.0,50.0,30.0,30.0,30.0,auto
b3dc35a7b0042136507e1c174bd7cd2d,2.0,150.0,16.0,7.0,11.0,auto
fc9ccf6863eb3c05fbaa46d4382540e7,1.0,400.0,40.0,20.0,30.0,auto
aaa86a9a394d5df9490a43aa78b4a59d,5.0,50.0,24.0,2.0,17.0,auto
1613b819ab5dae53aead2dbb4ebdb378,2.0,50.0,17.0,10.0,15.0,auto
ab29bedd6685cf84ec913965978c9d3a,4.0,1350.0,21.0,21.0,21.0,auto
e5458c88e2edc3d9d1109ae906fdbc62,1.0,350.0,30.0,15.0,25.0,auto
01cdc6fbdb39fc792bb4c40164ce2331,1.0,7050.0,102.0,4.0,41.0,auto
de7e97827841985dae27ef4c4769da95,4.0,900.0,18.0,7.0,14.0,auto
1cc6c532b1ed8a5250688f8136e01cf7,1.0,150.0,16.0,6.0,11.0,auto
ac6c24af9f913c9375a3ea77883bda6e,6.0,300.0,35.0,3.0,26.0,auto
b77f596e85780e540958a58d35836e96,2.0,200.0,16.0,10.0,16.0,auto
2b1736cd698222fad698e3c1be9dd4a3,5.0,2550.0,20.0,20.0,20.0,auto
4ffe5c9bcc2524a17ce23973b55d8b24,6.0,3800.0,47.0,19.0,23.0,auto
1701185747f4a378004088c1e14d0555,3.0,10550.0,70.0,30.0,30.0,auto
6d1befe53a3d28e0d0d8b3bfcce11195,1.0,1800.0,34.0,40.0,19.0,auto
77ae02eaaa26f680c28c257388c2e1f9,5.0,50.0,24.0,2.0,17.0,auto
0678913581818c6056713a9b02f5ceef,2.0,250.0,19.0,19.0,14.0,auto
b812780d29a366e40afd8d49b17b6d01,1.0,800.0,41.0,45.0,11.0,auto
3817b9ab15f83deb6e7b1fb0285a560a,1.0,2100.0,28.0,32.0,38.0,auto
04a58e66cae7d954a87cb7fbb67b204c,1.0,6600.0,44.0,25.0,39.0,auto
e870001ffe8a98a3318c48957bd271ca,3.0,200.0,25.0,7.0,12.0,auto
43af87f38a5fdd07c23a32ec33727ba9,5.0,50.0,24.0,2.0,17.0,auto
987ae6d6e94a608f9ea32bc82a649470,4.0,550.0,36.0,8.0,15.0,auto
d070415dddac66bcbc0a2e4f253c0f81,1.0,20100.0,61.0,61.0,37.0,auto
f720c39eaaedbc6f37a0cac64fe6a6aa,4.0,150.0,17.0,21.0,15.0,auto
69c5919a1b057b3d3d8b58f3b9b4b89d,1.0,800.0,20.0,10.0,20.0,auto
1020b67af447026e34fadc5a08f786b1,6.0,3850.0,53.0,43.0,11.0,auto
dfb8e83d3ad8c5ce34db45b25f755b46,5.0,175.0,25.0,25.0,25.0,auto
55917ad8d492641d4910c90cc593d896,3.0,100.0,16.0,16.0,16.0,auto
1e1e594f54aee5d344f0f58b399c7493,3.0,50.0,16.0,12.0,12.0,auto
a861d5c0df81a446e7e60ddb33ec0659,4.0,1550.0,27.0,24.0,27.0,auto
f361fccba568fabe00db466f80626d1e,1.0,75.0,17.0,8.0,13.0,auto
1d3f55c00acdb29bd959f2760abc8b7d,1.0,5150.0,60.0,12.0,60.0,auto
875bee7b8010ed5307538425241dda8a,3.0,100.0,24.0,2.0,17.0,auto
38ebfc282f610c4b8c8950b634db74e2,2.0,4900.0,31.0,31.0,31.0,auto
401717fdb76bea40aad511f64ab03c92,1.0,100.0,16.0,8.0,16.0,auto
fabff014f52a6bfb8d46666506ef416b,2.0,550.0,21.0,18.0,13.0,auto
b8ded693eefc7fd6fae337f6c202093e,3.0,100.0,24.0,13.0,19.0,auto
bf5f81431577de43f0cb0864d45f835f,9.0,650.0,16.0,29.0,22.0,auto
e641658c6c4f39509609041a4c1443ad,3.0,1350.0,30.0,20.0,30.0,auto
90c3564fa89e67d5e1b4898dd43cebc9,4.0,300.0,51.0,15.0,15.0,auto
2a5431fbefaafd4adc1abc5f60a2ba31,2.0,100.0,16.0,3.0,11.0,auto
1ce3fabecf822e737401979c2eef12e5,2.0,150.0,16.0,16.0,16.0,auto
d766964397625ab68a48b7267bf7b04e,2.0,11100.0,60.0,60.0,18.0,auto
5fff011a1080f30f5ef452bf7ea65820,3.0,1400.0,19.0,26.0,16.0,auto
a7c82583dc20dc8caa7b88a98b8f3cd5,1.0,350.0,27.0,8.0,14.0,auto
9ccf11289147e5277b022439b4ea1f20,5.0,600.0,20.0,20.0,20.0,auto
cebff45f1d1558430be0e07ac0df6a68,3.0,1400.0,30.0,30.0,30.0,auto
c5cc16e72344194c359106a8061c83f5,1.0,2750.0,35.0,20.0,20.0,auto
df4df3fa6ff7a9f642cdd117ed85626e,1.0,400.0,16.0,2.0,11.0,auto
c4b21b551ef498a942996724f6f82695,4.0,850.0,28.0,16.0,21.0,auto
700ad1e824c548718de15b880c688ef1,3.0,150.0,24.0,2.0,17.0,auto
6921371f065f148b890f1007f4520c14,2.0,150.0,20.0,6.0,14.0,auto
265f4031e6bbb8ee2c1590baca25c89f,1.0,750.0,16.0,24.0,24.0,auto
4fcb3d9a5f4871e8362dfedbdb02b064,1.0,5950.0,65.0,11.0,65.0,auto
17865682ce7cccfe7dec02d1f74a8f86,1.0,350.0,25.0,10.0,15.0,auto
612fc86af2e1c8927886a7503dcc67a1,1.0,1600.0,33.0,27.0,26.0,auto
74136808e9dcf6fd885771521203035e,3.0,3400.0,45.0,25.0,45.0,auto
c7c27b5cbae5f0689560d8d154af7724,2.0,2050.0,90.0,13.0,18.0,auto
ddcb7473fdc5368c019e3ef6fbde816b,1.0,2950.0,41.0,19.0,41.0,auto
6df665a20caa80a66804f836165bbf36,1.0,4300.0,31.0,11.0,31.0,auto
2e6c12b01b91073e4cad9732887edc57,2.0,153.0,16.0,6.0,17.0,auto
53da2e917302c9e5e834b9968ea829a7,3.0,500.0,24.0,6.0,26.0,auto
8471182114c4e0e3b1586fef0ad240a9,4.0,500.0,25.0,16.0,20.0,auto
4632bc49b300378ed4f1d48f424d414e,2.0,795.0,30.0,15.0,26.0,auto
59fb1c8d9f3640a622cf774c3867e170,1.0,833.0,26.0,14.0,15.0,auto
d0aa4a695d9699cb8eef61acc4c6d6b0,1.0,400.0,16.0,10.0,15.0,auto
ce6bbfa347690099b21b9d688772d5ab,3.0,700.0,32.0,15.0,11.0,auto
38991d9514cf1298f8ac1d66d8aefeba,6.0,5950.0,47.0,19.0,23.0,auto
4f0c6229d5ce73d86039d4887f52f8ff,3.0,600.0,16.0,21.0,18.0,auto
03d19e503abb1698d26d630c0017b11e,1.0,14100.0,62.0,62.0,21.0,auto
fa7b3afca12fceaa20c5d7aa279f08ca,2.0,100.0,18.0,4.0,14.0,auto
55f166570845e0a7b4456edac9c420b7,1.0,975.0,32.0,35.0,29.0,auto
7a585ae6a8f9d910486651811c79f6b8,1.0,900.0,40.0,40.0,40.0,auto
bdeb69e094c42de582310fffad126d77,2.0,100.0,24.0,2.0,17.0,auto
794a58949439ec61f210c58f05fcd177,1.0,550.0,18.0,5.0,15.0,auto
3ebd44ce3c5f4ef6af43b9f0b1df1729,4.0,70.0,19.0,3.0,16.0,auto
46f739c1cd676603026c0af4d29ef7a5,3.0,1850.0,20.0,15.0,20.0,auto
1131505c80690c39fe3696048a24fc2d,1.0,980.0,17.0,10.0,12.0,auto
0259a8068ce1198d4370abb0d3c2e576,1.0,500.0,21.0,9.0,12.0,auto
a01d67702cc563c68a6860bd1547cd53,1.0,5500.0,28.0,32.0,40.0,auto
cbc7a92fc315194a3965b32acc10fc1c,4.0,250.0,40.0,10.0,17.0,auto
949e2d53ce148a06e79f6dc7fdc2b045,1.0,350.0,16.0,10.0,11.0,auto
b4014cdccfa7055c39ddadfc592bd47a,1.0,50.0,16.0,10.0,11.0,auto
d08be8dd645faa82eff8d59fb8c23ffe,1.0,5350.0,91.0,19.0,33.0,auto
a45ce07b9fbd59f065c8fa0c0361506e,1.0,2600.0,35.0,20.0,20.0,auto
4d37ead6e95bf651d4ab59453425e7fa,5.0,7200.0,72.0,4.0,44.0,auto
c04ad94639d284d69b5ca0642a44f445,1.0,11650.0,40.0,30.0,30.0,auto
32d2e623efaedc3666528d8c0f629b31,3.0,600.0,16.0,21.0,18.0,auto
a64c80ae3742add8f6a968d49badf726,6.0,2050.0,20.0,20.0,20.0,auto
ba6060edcfb9011f13da2fcdc78a01b8,1.0,1700.0,30.0,14.0,30.0,auto
db638cd0a90d624a723f17ff5c018f7b,5.0,4200.0,78.0,4.0,47.0,auto
cb3ad2d2499eebaa7ccb4fd1e7db9bc7,4.0,1450.0,30.0,30.0,30.0,auto
91cc456718659c7d18785370cb68e64a,4.0,800.0,66.0,10.0,11.0,auto
a779a9eec979527333131437db0882b1,5.0,1950.0,30.0,25.0,30.0,auto
9a20e324f5e442222a85d335f77b39c3,3.0,550.0,33.0,27.0,26.0,auto
f6fe7aa38a197e6e9c4f000f1d44b24e,1.0,10400.0,40.0,30.0,40.0,auto
18952a79fa194b9ebff6e058236bc57f,4.0,3950.0,65.0,15.0,15.0,auto
60b8232efc6b30822171dff08d6c439f,2.0,2133.0,17.0,15.0,17.0,auto
51c3bce480bc653e51d768e09253d6dd,1.0,250.0,25.0,7.0,20.0,auto
dab1750d4e397e53ddd0f128982de661,6.0,6300.0,47.0,19.0,23.0,auto
30ed98dda461030e31c6751bafe78746,1.0,1100.0,49.0,46.0,46.0,auto
6269367991dd832f09999605131f2c54,1.0,400.0,30.0,30.0,30.0,auto
33ba4b29d820b397054cc97e892ab1bc,2.0,300.0,17.0,10.0,15.0,auto
927ab43b52f8e2af38e2ab92fdd25637,1.0,730.0,25.0,12.0,18.0,auto
89db899bdb35ae40d0901e38f21d2ede,1.0,2200.0,16.0,2.0,11.0,auto
7d28cd96eae3fa5a49bdbfa00af70ea8,6.0,1775.0,42.0,30.0,31.0,auto
2251aec7efe1a143690c889ff64ceb8a,5.0,4350.0,72.0,4.0,46.0,auto
fb31d5d2acd4bf37057330c1a96af712,1.0,1750.0,45.0,20.0,45.0,auto
49d89239eb92d383e390b38b9bb792c6,2.0,200.0,16.0,5.0,20.0,auto
059d3cf4de5bc9099cdb4c10ee7e84d5,1.0,200.0,16.0,2.0,11.0,auto
f7adf36ac9a90fe0ef2ab34bc1baa8b5,4.0,100.0,23.0,2.0,17.0,auto
f58ba49c5634ca1ef2ad765ebc1110cc,5.0,1550.0,60.0,8.0,33.0,auto
94774f52c71a3e4ce084c21c873507cc,2.0,100.0,16.0,10.0,15.0,auto
ba959fa0160c144aab62f721009c5f32,1.0,12200.0,62.0,62.0,19.0,auto
b834ec50d00416ab0968b61763ae7700,1.0,5050.0,35.0,20.0,20.0,auto
ff817f0901191fbe02933928daa95e6e,2.0,725.0,60.0,8.0,33.0,auto
232ae93f6ac6e6a57c1b34b312eb3826,4.0,100.0,24.0,2.0,17.0,auto
fb9c4133006cdb80c0a96dd36310aac4,2.0,2130.0,23.0,17.0,19.0,auto
a84a9be4cdf0d5dbd36103b1e1ebc82f,3.0,6450.0,72.0,22.0,52.0,auto
47fe9ce1e411796d7fd0fe712100ecd8,3.0,500.0,16.0,21.0,18.0,auto
92c22a554e81bcc9dd5aa9824b1f510f,3.0,6900.0,17.0,19.0,27.0,auto
07aa6a21d16be9ac95fbff7ab3ed81e9,1.0,2200.0,50.0,10.0,50.0,auto
1178e5819b87e4a8846d636e39df026b,6.0,400.0,16.0,7.0,12.0,auto
30d150cd35905a222b8840fbdfd422dd,4.0,450.0,16.0,16.0,16.0,auto
d03e27d4f155991fbefbd25b974b543a,5.0,5750.0,64.0,5.0,39.0,auto
2a7e9f98e73a335bbb0ba2253d0c9b40,3.0,8500.0,65.0,40.0,65.0,auto
c9087c6bffed15d6cd627121fb818386,2.0,480.0,27.0,8.0,14.0,auto
abcadf3aeced9a5dd2c23cb61ca09a4c,3.0,577.0,24.0,14.0,13.0,auto
63c4a70e0a12b4bd9475fca9e9937e76,1.0,30000.0,60.0,60.0,60.0,auto
6f9d3ff69fea5b27532628c987f4b49a,6.0,5900.0,53.0,43.0,11.0,auto
083e8ca099c4307911ac90d162896350,2.0,300.0,16.0,5.0,11.0,auto
9804060d742be8facca9ff94f9aa436e,4.0,617.0,22.0,17.0,15.0,auto
91072b0e0e5d60ea13524c273da16106,4.0,100.0,18.0,9.0,16.0,auto
016f3b29107ed03252e477b08445cec4,2.0,3500.0,25.0,5.0,25.0,auto
79469b17ae739422fe9f4c789d6de229,1.0,3750.0,33.0,20.0,33.0,auto
84aa780b4f8692cf7a28b30cd0ff671d,6.0,2050.0,30.0,25.0,30.0,auto
3c3b7758fe340e0cc216142b0700124a,1.0,850.0,16.0,28.0,16.0,auto
39251fd407f6dc1db07c08f5786aee52,2.0,700.0,26.0,10.0,35.0,auto
a4275459104a31ba114508b8709860d1,1.0,9250.0,67.0,6.0,20.0,auto
20c26b058070cf8c6bbb8c8943eea98c,6.0,5100.0,47.0,19.0,23.0,auto
d5f1f35337b832cc42168c69511e311d,4.0,100.0,24.0,2.0,17.0,auto
1a500c1549fa82451817be3577b4c49a,3.0,350.0,16.0,5.0,11.0,auto
cd90f11ad61a8c297079c171ec8904f8,3.0,3150.0,100.0,3.0,42.0,auto
771a6b6fc2cc294592e31f3c675a091a,1.0,1700.0,45.0,20.0,45.0,auto
bfb09aea4e6432b4b0588f9ce9062a9b,5.0,100.0,24.0,2.0,17.0,auto
b9518f0140a3efddd3c1ef9ad49d23d8,1.0,5575.0,63.0,9.0,63.0,auto
ce582863190cb932e8a7f5515791c11e,7.0,550.0,30.0,5.0,20.0,auto
47cad419b0ad5dc9d2305bf795c3c16f,1.0,1100.0,30.0,25.0,25.0,auto
4d176a016a49d75b92aab5ebf0373d66,1.0,5200.0,16.0,2.0,11.0,auto
4d614d466f2eba2e50e683ebb1460351,4.0,325.0,25.0,25.0,25.0,auto
b73fbdb4503c5486939044e48d8d013a,1.0,2100.0,16.0,2.0,11.0,auto
7e42a5d6c862c0078b9e31fd9daa31f8,5.0,850.0,23.0,7.0,38.0,auto
767fca648c29a96b61038a0768d31a42,1.0,1600.0,24.0,19.0,20.0,auto
f00994e2f3a249eaa0d8b57ca53f6f13,5.0,6850.0,64.0,5.0,39.0,auto
6c04a068e5ab37749c980c42a036b9e3,1.0,200.0,16.0,2.0,11.0,auto
449af2f192415f431411568b2d475c14,5.0,100.0,16.0,18.0,14.0,auto
1716ea399ed8ee62ba811e6f55180f45,1.0,200.0,21.0,17.0,17.0,auto
134830b1415ca0fa9d9f413259e1bcfe,1.0,1100.0,42.0,12.0,22.0,auto
79ef79da14164ed8222e3ac4efe5be84,6.0,5050.0,47.0,19.0,23.0,auto
79147ae9bf3c190a2e8abf486502d46c,5.0,3400.0,30.0,20.0,30.0,auto
6b7d060ef0837471c9790f413517a26e,1.0,1700.0,45.0,20.0,45.0,auto
fc9af7b3544da8645e6c3148a22026e2,6.0,5500.0,47.0,19.0,23.0,auto
7d05fb6392a4bd319be419f939f11f65,3.0,100.0,16.0,4.0,12.0,auto
67c6521bb9e469276f84cbb19baff9e3,1.0,540.0,24.0,20.0,18.0,auto
48cb52f0fb8853d4c1d26cdf27612265,1.0,350.0,20.0,15.0,15.0,auto
e973af845d652b7bc8928c1ce0bbb164,1.0,300.0,24.0,18.0,18.0,auto
413c5cdfdd1f2db95c3731a42c4e5eed,4.0,2000.0,30.0,28.0,30.0,auto
3cc44aee702776822cfc55c61e048b7b,1.0,500.0,16.0,38.0,38.0,auto
dbd024d4182504993ad1e3cd2ee9d9e9,3.0,100.0,17.0,17.0,17.0,auto
c574e4df03e0bc22eeab4fbf51af50db,5.0,100.0,23.0,2.0,17.0,auto
2ea0bf4cdb4057dd3a866ac93107cdac,3.0,850.0,20.0,9.0,15.0,auto
578e6e457425cbed603f5787ecf54b2a,1.0,17200.0,50.0,30.0,30.0,auto
6a83aaaaace0f050ef46ecf0fbb32854,3.0,350.0,33.0,12.0,20.0,auto
da9e08537d4ddc6682410370bbbb04f1,6.0,250.0,25.0,10.0,15.0,auto
479a69148e08e997f6f13dd2f4723b6c,1.0,1600.0,55.0,15.0,15.0,auto
3f289108c4090cd68adf56e2ae40dced,1.0,2233.0,16.0,13.0,10.0,auto
4310ea4cadd7d41398ba376aa7383f82,1.0,633.0,20.0,20.0,16.0,auto
cc74107a3eceb1b0c1c000edae5a8431,1.0,250.0,20.0,10.0,15.0,auto
8ad1611d2c47dc2dbf44a8b99f80cda6,2.0,1300.0,21.0,11.0,16.0,auto
6c8408bde0e2dd939bade6cdbd789b65,1.0,1200.0,20.0,10.0,20.0,auto
33a07ea8a7b3dbab277c180e9f1233ea,1.0,2000.0,20.0,21.0,15.0,auto
2f2c777499972fe908f5c404fd7d43b7,6.0,4750.0,47.0,19.0,23.0,auto
84bafdce8540f697ae16b41858256867,3.0,50.0,20.0,4.0,16.0,auto
62ea504fcbda5b4dd1069fc15e8dde79,3.0,100.0,30.0,2.0,20.0,auto
e6666bfb776cebb5e0e1cdf2410f7490,8.0,3100.0,46.0,14.0,25.0,auto
f9377612042bc929a4aae64a8dbc58da,1.0,50.0,18.0,10.0,16.0,auto
2d99b68429ab6c82014dc3ceb9a9501c,4.0,1800.0,33.0,27.0,26.0,auto
c1aaab8bfc16d73c6829b879f558fad4,1.0,1050.0,40.0,4.0,30.0,auto
144eebc150ba34b9f44f761513b5a394,5.0,1175.0,68.0,8.0,35.0,auto
92e22f96f92bc2dc5d6504f301010a34,1.0,1500.0,40.0,14.0,40.0,auto
8ae4b5b9554c1d03c803bdd3875dad7b,4.0,350.0,35.0,16.0,16.0,auto
544523486eda57c8fe25acfe423abaf4,1.0,1300.0,22.0,9.0,16.0,auto
e1b8f6708fbd98896278e000251dd8c5,3.0,650.0,24.0,13.0,21.0,auto
7ae50b74ad986c344d970b0d8337d9de,1.0,440.0,19.0,9.0,13.0,auto
b86342c63a6cf10c0bd92517b1a592bc,3.0,550.0,16.0,21.0,18.0,auto
3a8ff46f18e44e6c0b36e8b03de7a661,3.0,100.0,24.0,2.0,17.0,auto
1473e2c8f813f1f2ec24bd8ff09ff55c,6.0,1350.0,47.0,19.0,23.0,auto
f3637eb5ce07d19f2f9eca6bb7dc29d6,1.0,700.0,16.0,11.0,11.0,auto
1c22fe6866020a6484b6087d20e23516,4.0,300.0,48.0,5.0,28.0,auto
213e2ce140e9d3ed98d1a89b6cbca7c3,1.0,1933.0,28.0,13.0,14.0,auto
c38640ae3a92231abddd15f1fd863eb2,2.0,925.0,60.0,8.0,33.0,auto
0ceb7ce77881482fe28344a2c31fb584,3.0,825.0,25.0,18.0,23.0,auto
4b1217e5e770dfe05d07a95f5017a27a,1.0,300.0,16.0,18.0,15.0,auto
0bba7f78f15c9bfe3964a088ae67ba0a,1.0,9100.0,30.0,60.0,30.0,auto
4c1402c34f16afeb4c737aeaaf23fd0b,1.0,8900.0,105.0,15.0,34.0,auto
c4acfef3648dc249668e3e8380902cf8,3.0,1750.0,24.0,69.0,53.0,auto
141b7f1c4036e50d42d9ba4b253d59a0,6.0,1850.0,31.0,28.0,28.0,auto
ea1d9847778160f2d0c74950812fd8d0,1.0,5600.0,30.0,25.0,25.0,auto
12828c53540ca6046aa0cef33957631a,1.0,1750.0,33.0,27.0,26.0,auto
6473836fcba4675677ffc426c98db787,1.0,375.0,20.0,14.0,18.0,auto
e058c61cf68327217d4bc8b13d07cd64,1.0,600.0,17.0,10.0,24.0,auto
226ed57b23d44cff0ee5aabd9f268fd8,2.0,4800.0,50.0,8.0,20.0,auto
129de02d0ac6adf4f77c41bc157adbeb,2.0,250.0,20.0,4.0,16.0,auto
c9760fa0c73b160ec2c078a5bc963ee1,1.0,625.0,25.0,4.0,11.0,auto
303e0abaf09605c8c5ac632f72a3afb3,3.0,1750.0,35.0,10.0,45.0,auto
4e2d44d76e9a42695fbd7bb50a140b51,2.0,2300.0,20.0,20.0,20.0,auto
e4c20c867bf5ef9bd109b0ba8a60cd5c,1.0,9050.0,60.0,30.0,30.0,auto
d899e614656fe7bddd577dcfe583d19c,3.0,100.0,24.0,2.0,17.0,auto
2342acbbf4c5ba6896316d17a573f40f,3.0,700.0,16.0,21.0,18.0,auto
cb8209d6b80bfeffaef2d1f694aa93a9,2.0,1000.0,30.0,15.0,32.0,auto
0110986ff84d644fee920efb18577292,5.0,2900.0,72.0,4.0,44.0,auto
c00963ccd3f4428e1c8d4c12aa376c59,5.0,1375.0,31.0,30.0,28.0,auto
3d6a21fcd60617f9f10afd601e588d04,2.0,1150.0,54.0,17.0,24.0,auto
92b6bcc1131f89babfad92a21eee0c65,5.0,100.0,16.0,4.0,11.0,auto
0e2af4376f0bd3832dec90a4d7b7ec54,2.0,50.0,26.0,2.0,19.0,auto
24baefeed71136f90df0149ca1e85c49,1.0,150.0,27.0,10.0,13.0,auto
8551bb37c32cf4ff78125402b9c1942f,1.0,200.0,35.0,4.0,26.0,auto
a5ffaf53a3938ac2c92f493e524adfca,1.0,2000.0,41.0,19.0,41.0,auto
08adf4f96646dd795d6f472ff1a1ece4,4.0,250.0,16.0,6.0,15.0,auto
a85c8524b5ee70cd1f5fc717304870bb,3.0,300.0,25.0,10.0,20.0,auto
aca71e1fceaea4278f27aab8a3498f60,4.0,100.0,16.0,4.0,12.0,auto
c858372eb8a0a3a6aa697701ade01698,3.0,500.0,20.0,16.0,20.0,auto
b7f0f972e1acd83e63a4bd8298c2cb48,2.0,550.0,25.0,25.0,25.0,auto
34cfd42ee58203ab02adb27ae12fc8e4,1.0,3900.0,27.0,16.0,28.0,auto
8cf9973ba86ba4067dc5de39d247c47d,2.0,100.0,33.0,27.0,26.0,auto
fc6fe2e1150a893d2fa9445851ccc350,6.0,5800.0,47.0,19.0,23.0,auto
006c67546bfe73c33b83f6bd1ad58c36,6.0,4550.0,47.0,19.0,23.0,auto
86b29e90cab127b7231caf9eb85d4353,1.0,1850.0,55.0,6.0,55.0,auto
a49969155f3a64afc931fd281444b2b6,3.0,900.0,35.0,7.0,35.0,auto
37688aa1d7a6026150febae63af9f98a,1.0,200.0,24.0,18.0,18.0,auto
bb7a9375a368ae9aaa1ce5bb3db3d9ef,1.0,400.0,20.0,20.0,20.0,auto
85f7420fa40ab8ab0d46096ecbecb0b7,4.0,400.0,16.0,7.0,11.0,auto
74d4aaa8660d96be90bdaaf7fbe60a6d,3.0,1650.0,20.0,20.0,20.0,auto
57a8dfdc8e9c5f16bfe0d6762706944b,1.0,200.0,16.0,8.0,11.0,auto
b62f6ab449278bcd1e009b0b1acab2d0,6.0,3900.0,47.0,19.0,23.0,auto
2da57168cd8fff36cb88b21369ce7e6d,3.0,3750.0,40.0,15.0,15.0,auto
90375e3ead4149e7ce79f04c8f6c0545,3.0,5900.0,35.0,12.0,20.0,auto
7439223069be0c67de28ae02a2a13810,3.0,2800.0,36.0,3.0,24.0,auto
d56c3ea4f42e37bc279359ab8ca16479,1.0,100.0,16.0,3.0,11.0,auto
54775e8961e1b9875d235541a2048ddc,1.0,400.0,20.0,15.0,15.0,auto
36eece49385945a72f46e8edc9a56e42,1.0,1036.0,20.0,11.0,13.0,auto
079f8274f5cca61e595fc11c5fd3aa2f,2.0,550.0,16.0,5.0,11.0,auto
f06eacf8d7279dfb3018a75f7ce08840,2.0,900.0,56.0,12.0,16.0,auto
f5195736fa7a5ef076d923c03675184a,1.0,8450.0,45.0,25.0,45.0,auto
36c554eb2e204a1db6000ed146c9fbde,2.0,170.0,19.0,14.0,17.0,auto
543afaf83c3e39a4c4a6df503b65ff58,1.0,10400.0,40.0,20.0,30.0,auto
ee44bbb5a0629d88932b9b6fbadc5354,1.0,250.0,16.0,6.0,16.0,auto
6f1c4346d1a3630832ef0128e82eb6fb,5.0,6750.0,72.0,4.0,46.0,auto
cd23ec4a774a11839255737299a05f4d,1.0,1775.0,36.0,7.0,24.0,auto
8b6bd2f1787ccf9f63fa540492dd74c2,2.0,1000.0,37.0,12.0,35.0,auto
e9de4d4332d0f60d443dadf3171ad6d4,1.0,11200.0,25.0,18.0,18.0,auto
7814c4d0c13dd09411bf75a6c3184e7f,2.0,14900.0,61.0,25.0,45.0,auto
9beabf555d105ca84a74570e39e64852,2.0,300.0,16.0,10.0,16.0,auto
04014f5d30de9dbe77b421f63985b5ef,2.0,5550.0,55.0,35.0,30.0,auto
738e3bc419b014194ec3587e2321bf61,1.0,500.0,30.0,30.0,30.0,auto
5dc2803129fe8ba196cef70c76d6ddf5,1.0,11450.0,60.0,60.0,19.0,auto
f72ddd64b808244cb34e9e02e9bd92fb,1.0,3300.0,35.0,20.0,20.0,auto
0748ca850e6e0ac086799ba43d270d3b,5.0,3100.0,21.0,21.0,21.0,auto
746c966d44ff02686cb380876c74a079,5.0,4300.0,78.0,4.0,47.0,auto
3c12d600fecb7aab3c4e4cd7755f1de3,2.0,5100.0,65.0,25.0,25.0,auto
daa3da30305b9336cef3c41816ff74a8,2.0,100.0,16.0,10.0,15.0,auto
d44044e34c071272f708ec2e6fa3ddfe,2.0,1100.0,45.0,16.0,20.0,auto
ba9265216c522801fe15027496aade98,5.0,4600.0,72.0,4.0,44.0,auto
00de606a5dda99c2499f94ef18282977,5.0,1650.0,60.0,8.0,33.0,auto
4c165ddec9f86318b210a89f1e3b6761,1.0,4300.0,92.0,14.0,21.0,auto
3a16a1a14bd38281492d2a047c96e04d,3.0,1600.0,30.0,30.0,25.0,auto
c6a212ed7d57767d94530e11fabcd06f,4.0,200.0,16.0,7.0,11.0,auto
765b63a4eca4a8eb59229f3e2be4b21c,5.0,1500.0,68.0,9.0,35.0,auto
d283e1883b733e46afae847548ccbccd,1.0,250.0,20.0,13.0,19.0,auto
b23ede14b480ecd0dbb08e2406b3a206,1.0,800.0,30.0,20.0,25.0,auto
13cc89a841ab5708056615bc3ca164f1,1.0,1150.0,16.0,11.0,12.0,auto
bcf3aa04becb30e6279242e23dc516f8,1.0,50.0,16.0,8.0,11.0,auto
1a0d662b65b5ef08796501b064c853af,5.0,900.0,45.0,12.0,45.0,auto
8fd6e4450e2429f114b91362b56bb502,1.0,500.0,25.0,25.0,21.0,auto
3a44acb2ab18bafe83e7f6c55a1fc5fe,1.0,1100.0,29.0,14.0,16.0,auto
3483c2810a114916eb57990fabb91d59,5.0,450.0,20.0,13.0,12.0,auto
9c84b4ffd1a85bf2feb6cba0e2b76f54,2.0,3000.0,75.0,11.0,11.0,auto
bff37004a9931f431a8cbede5e20db7e,1.0,1050.0,30.0,30.0,30.0,auto
66f9d3c83a10e9ee98857bb89831ddc4,2.0,2500.0,25.0,5.0,25.0,auto
61e8dfe8d80294860f85e9f5cea7cceb,2.0,11700.0,59.0,59.0,19.0,auto
378fed7e555fa94c149f571bba1d71b0,4.0,950.0,41.0,45.0,11.0,auto
0ff59b72d617a0138284cdc464928127,1.0,5775.0,104.0,35.0,30.0,auto
72673e0bc839ed1b1ccaf1fcbc9dc3b7,1.0,1800.0,34.0,40.0,19.0,auto
e2961afb6ec0f6dc9220d37ff20aaa82,4.0,1300.0,22.0,8.0,17.0,auto
42c28e0e09e582dfd979242c53111e6e,1.0,100.0,16.0,10.0,15.0,auto
ddaad3142473118e7c6c4848683026b9,1.0,200.0,16.0,12.0,20.0,auto
b0c91d66c28e96ee21e0616a5ad1ac35,3.0,500.0,16.0,21.0,18.0,auto
8e48c45980a3fee42f12f7986a4b68d5,4.0,2250.0,56.0,69.0,12.0,auto
56a332a91c4fb30091bc24e82ecbea29,1.0,1800.0,16.0,2.0,11.0,auto
57d52385ff40989aa342e516168e080c,1.0,550.0,16.0,2.0,11.0,auto
628cfb8a45c95a7b796ea06b006e9384,1.0,50.0,42.0,19.0,25.0,auto
938052cbcbf90d7db22c1ec6321b050d,2.0,3000.0,30.0,15.0,15.0,auto
240139d2f04292ee0789c908cf22d505,6.0,5075.0,56.0,11.0,32.0,auto
b75a056d7d03227c3a3b60e9ccf518c9,2.0,450.0,20.0,9.0,14.0,auto
02a56644dd5dbe6884a047f4d9ea52ea,5.0,4200.0,78.0,4.0,47.0,auto
8283442d1af5a158404e8f4cb53a2090,1.0,700.0,21.0,9.0,12.0,auto
ce4d0d86fef2b1760405c82feea6bb7f,1.0,7350.0,104.0,35.0,30.0,auto
a3648c962d60ced36f589f0500cdcb60,1.0,100.0,16.0,27.0,15.0,auto
f196248e8b5d060cca414a664ea9a76f,1.0,1900.0,90.0,14.0,18.0,auto
ca923b3bd6392830e4e7651fca0adfb4,1.0,2050.0,16.0,5.0,11.0,auto
d8c83b90d022e897454430e70afdc5d3,4.0,1525.0,68.0,9.0,35.0,auto
17619e7c2727f3ee8c7877eea79ce30a,5.0,2000.0,68.0,9.0,35.0,auto
1b1e7f96bdba2a29b52f73065b193c26,6.0,1075.0,53.0,4.0,40.0,auto
5c33a4aa98f4d394e0014623fc309178,1.0,450.0,40.0,10.0,15.0,auto
d61872cce665274656bb5ea30d2bd7b0,1.0,2500.0,30.0,6.0,29.0,auto
d983df6d3977955580e8585217b9ee42,2.0,140.0,16.0,13.0,13.0,auto
83c3e8d261e6afce9e09635a285dab6b,2.0,1350.0,50.0,20.0,30.0,auto
9653bfe8d97baee3031ad3d15b73584b,1.0,1350.0,30.0,5.0,20.0,auto
09e9d1c1a370af902b1b7175400021ee,1.0,150.0,16.0,11.0,11.0,auto
fdb0400657b935e026dc0521ba81c3d2,1.0,150.0,16.0,10.0,16.0,auto
5afdd6208e8a2f20395ad08f90dfe8d3,1.0,5400.0,40.0,30.0,40.0,auto
601246640d8ec23920b0755fd05caf83,3.0,1531.0,23.0,20.0,19.0,auto
0b7142355a981ed9a8ba988a0b613dce,2.0,1100.0,26.0,42.0,18.0,auto
01ea47d0dff23faa8d07ba3f353d2af0,1.0,300.0,16.0,2.0,11.0,auto
7a9ed721a4d9c05cf7edd8f12acbb85c,1.0,350.0,26.0,23.0,26.0,auto
4520766ec412348b8d4caa5e8a18c464,1.0,50.0,16.0,16.0,17.0,auto
5826c594c45085cd13caed28e97a0133,1.0,200.0,59.0,23.0,29.0,auto
fb2a6e3ef40153f4d8e0296196988bf2,1.0,3100.0,32.0,12.0,22.0,auto
84b5585dfc98bbd06e91c408c91bf226,1.0,350.0,16.0,27.0,11.0,auto
b3f46a64b6f6d0091c2001f5a82cc927,1.0,150.0,16.0,15.0,14.0,auto
0c7e301c5eecc0fe996dd86bc9c290fa,2.0,175.0,18.0,11.0,14.0,auto
70e4915197d6c96ebbed11364d8ce3bd,1.0,800.0,25.0,25.0,25.0,auto
6249107c28285443c430b2663f3e49db,4.0,200.0,25.0,8.0,18.0,auto
ea82e1eb503f5120faffcb2ca132a600,1.0,300.0,40.0,4.0,30.0,auto
6205a1c1b1de4a917061c0f3745eebcd,2.0,350.0,17.0,6.0,12.0,auto
f6a00327e33d86dea4cd7175577dd8b9,1.0,200.0,35.0,4.0,26.0,auto
9d3a38202f455fd1c45c8f4929bb373c,3.0,2750.0,32.0,3.0,26.0,auto
a0149fb91eda796be5ec447645858e7d,2.0,200.0,25.0,3.0,20.0,auto
180161ed2abf2bc95f1316841d968d21,6.0,4650.0,47.0,19.0,23.0,auto
c1b2e753d02b165e402d5020fff9a582,5.0,5200.0,36.0,28.0,28.0,auto
3ea32f63a6aaf8d467e543dedf434ee7,1.0,1000.0,29.0,18.0,13.0,auto
90e72f6ceee757db03bba3a4eaef5dc4,6.0,7450.0,53.0,43.0,11.0,auto
adaf53b4c04b9aca88c0f5c9ba4c3880,5.0,300.0,16.0,10.0,16.0,auto
dc88749b92c7dd97a89577f11aea8c3a,1.0,450.0,30.0,16.0,16.0,auto
869baca73d312aedff033dd09dc28168,1.0,30000.0,35.0,50.0,35.0,auto
b55d740a9c9a5e4b9d681828a82d28bc,3.0,750.0,60.0,8.0,33.0,auto
ba4614e1cda7783e5c08d4372080d8b2,5.0,5600.0,78.0,4.0,47.0,auto
e83e378e0d9201ebc31bbf3ceb57f9fe,1.0,50.0,32.0,2.0,24.0,auto
b4275084ccfa0633ab3219949f6a3b9c,1.0,850.0,30.0,30.0,30.0,auto
86ebb3f797a6caf795dfea0a1e66899d,1.0,4000.0,65.0,25.0,25.0,auto
52ae46963f0cd4c1497fe26a0f50fa6f,2.0,550.0,33.0,27.0,26.0,auto
8123e87dd3112536d2f0856287158c8e,2.0,100.0,18.0,17.0,15.0,auto
2f0b48ed3b5553d989aed89a6fcd9487,1.0,6400.0,20.0,20.0,20.0,auto
9ad4fb75641c9a71f995a06d0386a6f9,1.0,4150.0,45.0,20.0,45.0,auto
c3e4984fcd36ab7d67ec30a89f745113,10.0,2300.0,40.0,35.0,20.0,auto
5287ecebd08b76050b10cc7cc75ae0ea,3.0,150.0,34.0,3.0,17.0,auto
c77b6d877cddcdb6bdc51621056bad6c,1.0,83.0,17.0,6.0,12.0,auto
43d6624c213f21168ead351def0ad36a,1.0,3000.0,42.0,19.0,25.0,auto
731f32f46216108c900621c487081dcb,3.0,1000.0,20.0,20.0,20.0,auto
ed996a90597b8541c387ce93622ac44c,3.0,50.0,24.0,2.0,17.0,auto
56cd306d7a869c029cd2f165e4dc928e,3.0,150.0,24.0,2.0,17.0,auto
bc072f287b475a918c00b3478d1bcef9,4.0,2500.0,21.0,18.0,16.0,auto
7b1f8f93b6f8c691bb739451774f07b0,1.0,600.0,20.0,20.0,20.0,auto
c925e3dea45558e88442e52f0cf3d7e9,5.0,200.0,23.0,3.0,16.0,auto
cf9acdb2a4cecac3bd28a9a3e7bbe615,3.0,15850.0,56.0,15.0,15.0,auto
089245791e0895da94a8791bd68a2085,4.0,150.0,20.0,20.0,20.0,auto
8528c3cdea861b628e7628da757ba5a7,1.0,300.0,16.0,5.0,11.0,auto
6e7068f054aef49b1900247c5c1b752b,1.0,100.0,20.0,10.0,20.0,auto
110adb18eeba9a0984478ee3c9302e16,3.0,550.0,16.0,21.0,18.0,auto
3cb39171fd36c50097f2dedbbe0dfe6e,4.0,100.0,17.0,10.0,15.0,auto
eee06252189d5bb575a31c9672cd67ed,2.0,1900.0,48.0,10.0,40.0,auto
25c609f360a2c4de3b112e3fd9a16a24,3.0,3225.0,39.0,14.0,26.0,auto
797db4aaf1d7db19f13d21423f07b8e1,10.0,22900.0,87.0,40.0,30.0,auto
6a869de4b940e2bb63a0f869754a9c34,2.0,723.0,23.0,15.0,15.0,auto
067f55bc1dd1107c9be607b643d433b3,1.0,550.0,20.0,10.0,15.0,auto
8ec34ae48c0cc0ed37d37f31aad47c99,5.0,700.0,80.0,4.0,11.0,auto
3ae687254f61c1ee2d53a48299fc2cc7,3.0,600.0,60.0,8.0,40.0,auto
f98669b114883609dce5f0ded424d81b,5.0,5850.0,78.0,4.0,47.0,auto
189e7a415a45b6367968db09150ca2e5,5.0,950.0,32.0,6.0,29.0,auto
f1a052d6459a75dae281e66827d6df8b,1.0,2950.0,28.0,5.0,30.0,auto
73a1c27772beb35c2b0caf9a809570f8,2.0,150.0,25.0,15.0,15.0,auto
9c522bd0c17e3f233d657b8faec798b6,6.0,2050.0,30.0,25.0,30.0,auto
f520d24c6aa8c9b6e73e45517de7dad7,1.0,1550.0,42.0,19.0,25.0,auto
7a1ea9e2e4d3d489e8f3ff502a7f8458,3.0,1050.0,30.0,15.0,25.0,auto
81d34fb425382e189529a619f8f2c077,1.0,200.0,24.0,18.0,18.0,auto
707e0fe138efb7009e1cd32efe19ce83,2.0,2050.0,41.0,31.0,31.0,auto
fa6033d3f009f79e0214038467cab55e,3.0,623.0,18.0,16.0,16.0,auto
31ddb1ee64afc01b90d5025db261a737,3.0,475.0,17.0,18.0,16.0,auto
61c59ebbb2d9510287434ab66f6fc237,6.0,6050.0,56.0,11.0,32.0,auto
f53c1d686fa4b8fe84636440f7a772da,4.0,1600.0,20.0,20.0,20.0,auto
1567eb3a02b49c99d7d07045e9ce94f5,6.0,1900.0,25.0,15.0,20.0,auto
3ebc8cc75e312d29b5120d0cdc20bb4e,3.0,250.0,18.0,15.0,15.0,auto
cd20f878813b93b6ad1df1b299775b0d,2.0,1750.0,16.0,16.0,16.0,auto
c342f482010f1ec6d94f55102e4994b9,5.0,400.0,30.0,11.0,15.0,auto
730e0343a68b7cebc35ad4d14cf9f7af,2.0,150.0,16.0,5.0,11.0,auto
47277d35dcfa53f5bee3d98ec3031c8a,1.0,2900.0,45.0,20.0,45.0,auto
36cc61b419c27c77c4b711ba7edfb31f,4.0,2375.0,37.0,26.0,22.0,auto
5394ae82e1a999100e77919180d090cf,1.0,300.0,18.0,10.0,12.0,auto
aceab7cb5e3cc8e531d7e0fc7c4cbffc,1.0,3400.0,45.0,20.0,45.0,auto
32a34bd511db826f5e715e0d5870cbbe,2.0,150.0,18.0,6.0,16.0,auto
fde84a599b4b96ce7eef9109caece04b,1.0,100.0,20.0,2.0,15.0,auto
03d4805d42e229c0fb34e5eb7fee281f,5.0,1525.0,68.0,9.0,35.0,auto
60432892a0fbbe1ce188be6248a9b5fd,2.0,50.0,16.0,10.0,11.0,auto
aed5efaf7a7554165f61fd016846916f,3.0,150.0,24.0,2.0,17.0,auto
9e25ada324eae24218829873a10d95ee,6.0,850.0,17.0,17.0,15.0,auto
596bcac386727c4440b2c62434621e1d,3.0,750.0,25.0,17.0,20.0,auto
9cf9eb93f5d26169e4ced03e1ae55697,1.0,100.0,32.0,2.0,24.0,auto
99c190bbe6f8ddee448a3756e2360601,5.0,4600.0,71.0,4.0,44.0,auto
daf1e4584f54eb0f49b79f209e83d670,6.0,2200.0,30.0,25.0,30.0,auto
602bd303d85e0e535a0767b9f1d85f91,1.0,1650.0,32.0,22.0,11.0,auto
bd0ac51dc93e62c4dbe6ca9d70a9b311,2.0,300.0,16.0,11.0,11.0,auto
1ab751509d2021cb7a5137f1fc99b488,1.0,9650.0,55.0,35.0,30.0,auto
85eed6b3f52d601d2a288e2668b888df,6.0,4950.0,53.0,43.0,11.0,auto
c73c3f65a5c288407f6d95b367e47dee,4.0,1050.0,19.0,20.0,17.0,auto
dfb97c88e066dc22165f31648efe1312,1.0,5417.0,47.0,44.0,44.0,auto
32dee6edefc5838b521ceb11619bc472,4.0,200.0,24.0,2.0,17.0,auto
b248cbdf748a977cdf76991dd59fc429,1.0,150.0,16.0,7.0,11.0,auto
685c297d0eda4eb885028d8699df7a8b,5.0,7925.0,56.0,11.0,32.0,auto
c1d228e0eb297c790ce9981dac9c340a,1.0,1233.0,24.0,10.0,13.0,auto
5f26bb643760f3405efd1453e44dd68f,2.0,100.0,17.0,9.0,11.0,auto
20d99367bb5820e9d15aef657b83b5a2,1.0,250.0,40.0,4.0,30.0,auto
3d3cecc4a794792dd7331c57580747a1,3.0,1900.0,87.0,3.0,42.0,auto
90a4e360b368cf4f42028b8ed1d99d41,1.0,3150.0,23.0,4.0,21.0,auto
73c0537a6f1d148275c69a114b2d8bf3,1.0,450.0,27.0,10.0,17.0,auto
5b4ef54978cc6c1a6b6d1dbd5d7611b3,3.0,150.0,20.0,20.0,20.0,auto
aa280150a33dde34c7f568bbc25d5122,6.0,200.0,20.0,20.0,20.0,auto
74985eecf05f5ef2d7e4c59156454e2c,3.0,525.0,18.0,13.0,17.0,auto
17eaf73dce768e344cb5d1210bea1da2,3.0,1000.0,60.0,8.0,40.0,auto
3045ecc5fd45098150531f70e7358256,1.0,7500.0,30.0,30.0,40.0,auto
1a008efb54e4b407c1e6fe472199b7dc,1.0,8200.0,30.0,30.0,30.0,auto
cf9c82111d3dd8f6e1b67d7844f1a1c5,6.0,5650.0,47.0,19.0,23.0,auto
a630cc320a8c872f9de830cf121661a3,2.0,150.0,16.0,6.0,11.0,auto
7152e6cb147a800b37e853d1f16c7ea7,1.0,850.0,16.0,10.0,16.0,auto
9fff1ad31dc8486b6b4e8c37e45df3e7,4.0,2200.0,30.0,30.0,30.0,auto
e1588225be877a34df36d7665d1d0173,4.0,150.0,16.0,19.0,15.0,auto
9275e1f75faf1d3d1f54e4cb63d12a36,2.0,166.0,22.0,7.0,14.0,auto
b5e25515cf9731c33a3d7287fe66f98f,3.0,900.0,17.0,7.0,14.0,auto
a221cf5ea20b48bbbfbbfd4376fabc8f,1.0,650.0,25.0,18.0,22.0,auto
38dcc7ebcf99d1af723e3151875ba1c7,2.0,250.0,30.0,10.0,16.0,auto
87fea1879b20c9db733785f3e95e66fa,2.0,150.0,22.0,22.0,22.0,auto
5d10b3779b68d58be0fcc46a1ee79689,7.0,880.0,49.0,25.0,46.0,auto
a412a4cce5810a2d4fc9ce36664a929b,1.0,5000.0,61.0,34.0,36.0,auto
658bcede7062d5688cfc91d0e81f570e,1.0,2600.0,35.0,20.0,20.0,auto
a99174c837d1b8203f4122716c1d2d1a,2.0,200.0,20.0,4.0,16.0,auto
b019860899267d0fac1c4f9da4301bc5,2.0,1600.0,20.0,20.0,20.0,auto
24ef70f010919148b022e66b05862778,5.0,1100.0,18.0,15.0,15.0,auto
060890b1af8cc031e9dde49cf544f884,1.0,2900.0,61.0,8.0,61.0,auto
c2441af97dc659059897209bd93bfc3e,2.0,50.0,17.0,4.0,17.0,auto
e7de92113851425d54d16c4ab9a4cb5c,3.0,100.0,25.0,3.0,14.0,auto
acd87806fdeb28ef871e3a33bddd93a8,2.0,100.0,16.0,3.0,11.0,auto
de5c4482bfccca5800ac0075c9ea799a,5.0,150.0,16.0,4.0,11.0,auto
2328b70112728ace35ac8d11bf4d90f6,3.0,1200.0,20.0,20.0,20.0,auto
bc297f26ff9d18614a6243eaeeb6ef9b,5.0,5550.0,44.0,17.0,30.0,auto
404c8cfeddf854a0f667cc175bfaec1b,1.0,800.0,30.0,30.0,30.0,auto
b47246a2d424fae0bb3e352ef204496a,1.0,600.0,16.0,6.0,11.0,auto
126289ccc36b3b564a105f620f48747e,1.0,550.0,25.0,25.0,25.0,auto
e234eae4942d981320ad580a66c287ce,6.0,4700.0,47.0,19.0,23.0,auto
a9ec19466c5c3b0d4093edf74e2ab806,6.0,4750.0,47.0,19.0,23.0,auto
9b7d6830b132073397821e52d0e66294,1.0,500.0,30.0,15.0,20.0,auto
473d9986dc7298e4adccafc4e81e02b8,1.0,2600.0,30.0,70.0,20.0,auto
52218df62a3f5f88049701f0c460122a,1.0,500.0,25.0,25.0,25.0,auto
9493c042ad7ecfd2c0123733b2c310ff,3.0,1700.0,30.0,30.0,30.0,auto
33f6041c8435ede933165b29f240531c,2.0,1000.0,102.0,38.0,27.0,auto
38c88a38a170097d9e923d66baec7e0f,5.0,4875.0,73.0,5.0,41.0,auto
4907ffcd08e217fc8e169a8e9584abc4,1.0,300.0,20.0,15.0,15.0,auto
5ea82867217c7a9ce7069f6f0225da1b,5.0,2450.0,72.0,4.0,44.0,auto
9b6a64c03d07faddf8a5c905e61d608c,4.0,500.0,25.0,16.0,20.0,auto
7594c5fa74bceda1c2540003533a6e02,3.0,400.0,18.0,8.0,12.0,auto
be03e34a55f76b77a89d16d72ee6c53b,5.0,1350.0,68.0,9.0,35.0,auto
d48c8d7a322bda722704d0ba7506e9a1,1.0,2950.0,42.0,19.0,25.0,auto
e54bc4114d8749028b07927e8e550200,2.0,250.0,20.0,4.0,16.0,auto
0a4ba15b3af571ef5d215be341f90fc3,6.0,9275.0,56.0,11.0,32.0,auto
a05ed2eb565616b13f6d58a44cf7097a,3.0,150.0,16.0,6.0,14.0,auto
69ac97e466e0d1329784803bb0d3319e,1.0,10500.0,38.0,31.0,16.0,auto
f4f67ccaece962d013a4e1d7dc3a61f7,1.0,7625.0,61.0,14.0,61.0,auto
381fea04c0d7c8bdbcb05f03727a1c07,2.0,600.0,16.0,28.0,14.0,auto
98726ea9354f3bcf072e3a03dc5e5503,6.0,7675.0,56.0,11.0,32.0,auto
f6ba4f9e6851627ea2d5ec8b06d471d2,3.0,100.0,24.0,2.0,17.0,auto
87c8fb5d5bb43fd06e54c78f6fa45836,5.0,2325.0,37.0,26.0,22.0,auto
423b4247c8b7aebba33787ceb34103ae,3.0,150.0,25.0,3.0,14.0,auto
595eb3cbe3aa85770efe80cf86a6a079,1.0,2398.0,65.0,37.0,44.0,auto
a2ac160db30aac7da9de55d381d376c4,1.0,324.0,17.0,12.0,13.0,auto
0bcea5a4f4ff3bac5da77d1563e846d0,1.0,1200.0,45.0,16.0,20.0,auto
24aa84ad039acc24fc761324362f7622,1.0,100.0,18.0,2.0,12.0,auto
bc0dee8ab8bd6c9ab3c941ee5980acf8,3.0,450.0,16.0,10.0,12.0,auto
c149a47db56b0bc5cd24808bcb35e318,1.0,350.0,30.0,14.0,11.0,auto
f8985495629bbaca7ad2f49299480dfa,5.0,1100.0,32.0,6.0,29.0,auto
aa4383b373c6aca5d8797843e5594415,1.0,420.0,24.0,19.0,21.0,auto
96fd15ccf6e358a9fb700ae2fbf66500,1.0,5050.0,40.0,20.0,30.0,auto
9549dccca71c7bb806cd4acf82c456b5,1.0,277.0,19.0,22.0,13.0,auto
05c6133a109016f9fc73aea25cb1f5c0,1.0,2450.0,28.0,5.0,30.0,auto
e64fc38d9e0040126742405519bdea19,6.0,3900.0,47.0,19.0,23.0,auto
ae4361f806c49f85066cc8be1370c91e,1.0,4000.0,27.0,12.0,22.0,auto
f21799537eed0668347f55d5c1dfda03,6.0,5000.0,47.0,19.0,23.0,auto
eb58ba0cc905a32c0d7235fc459b0b39,6.0,5650.0,47.0,19.0,23.0,auto
28153a494455c0488b2afa71fa6ea98e,4.0,900.0,28.0,3.0,12.0,auto
bc7fdbdc97ad60aa677ad4cdd630f6ad,3.0,875.0,21.0,19.0,18.0,auto
6097eebec473cdb11826ddc1b331058e,4.0,900.0,35.0,10.0,35.0,auto
79ea753b9ec382b3bf6b03d449ac9b3b,6.0,4600.0,105.0,16.0,18.0,auto
1abacc695f40d21534ff1c657daed7c4,2.0,850.0,35.0,10.0,35.0,auto
9d240cb98df035e3ef147117b92aa0e7,1.0,100.0,16.0,15.0,16.0,auto
7c6bd3a931081382d987f4b7cdd4d472,1.0,50.0,16.0,5.0,11.0,auto
705895ae466f145b942a941a8474c3f6,1.0,2450.0,23.0,5.0,25.0,auto
15b5d9fcf84c060e00b0883def7d10e6,1.0,50.0,16.0,10.0,16.0,auto
285c450e91b164b1586e1441413fbba5,3.0,200.0,16.0,12.0,16.0,auto
12e3d9b67368b8d1563127a8b3407f79,1.0,13700.0,35.0,20.0,20.0,auto
dbdbf17a51049bf883b4d622a357b75b,1.0,250.0,20.0,8.0,18.0,auto
233b276631735c2cd04a89d01bdd8a58,1.0,1475.0,28.0,18.0,15.0,auto
c8de91ccb69dc89ba37b9dde15843aa9,1.0,11450.0,60.0,60.0,19.0,auto
29b5add9129fe45fb3854c50cbd2765c,3.0,230.0,17.0,13.0,15.0,auto
d02b36afa0f4b273bb31f9e54c693531,6.0,2100.0,30.0,25.0,30.0,auto
271a7b6b19c824b39c44b59aef7c4135,2.0,1800.0,34.0,40.0,19.0,auto
bb4897b0f38441dd61ee8d77a392fbb6,2.0,250.0,26.0,10.0,35.0,auto
53796f826946f6d820d4cf700e2047ef,1.0,1900.0,17.0,27.0,17.0,auto
833cc08f39d51d324d7c702707535e4f,2.0,17400.0,65.0,25.0,25.0,auto
4e12e2e91e984c0410e9bfe6ce28ba30,3.0,800.0,36.0,16.0,16.0,auto
f71156bb4025fc2944b25e8b6f0efec8,1.0,700.0,26.0,8.0,14.0,auto
a57dc9d4116721da16363e4b30b40f45,2.0,3200.0,46.0,10.0,11.0,auto
10a3a969b9e7d03b0dc2384ebbcad6ef,5.0,23350.0,64.0,64.0,51.0,auto
c9ebe753fbd9c87520f80b50fd3baa40,1.0,9400.0,40.0,30.0,40.0,auto
958cf0f5527f413e08d0cde6bfdbdde2,4.0,5600.0,20.0,12.0,20.0,auto
820a71c6cab9c9f8c9089394c667ecfd,1.0,8000.0,40.0,25.0,30.0,auto
d2c23cb5ca229e1539b7937ae3817b82,6.0,100.0,24.0,2.0,17.0,auto
b0db5c7b3cdf07d5d6de413ad86bc1d1,1.0,550.0,30.0,20.0,20.0,auto
1d51c52f849033c63a9ee3250a3c1267,1.0,20000.0,28.0,5.0,30.0,auto
6df23f718baba6b30c0f3a6a516ae0bf,1.0,700.0,21.0,9.0,12.0,auto
0ff5724c5f19f85ca8e95529a6340c3e,1.0,21100.0,27.0,27.0,27.0,auto
c2f3c9eafccd7ee6ea11f24d3e3b7366,5.0,1100.0,33.0,27.0,26.0,auto
abe664b73da592b7d5d0e5ef9b2789d6,1.0,6900.0,60.0,20.0,60.0,auto
87700264f353c44d18c38c328d1fcd25,3.0,450.0,16.0,21.0,18.0,auto
9562542703cb9359fa625418f190b920,1.0,100.0,16.0,10.0,15.0,auto
3ed1acff2a294f6e314f95ffdd76002c,1.0,2600.0,35.0,20.0,20.0,auto
809b8a01c27dc36ebb039c6550c300ce,1.0,250.0,20.0,6.0,17.0,auto
c0affe12cfb270f60fdfd2eef4905a2f,5.0,1375.0,32.0,29.0,29.0,auto
9d65ba102eeefb2ee2284de1fdc3964d,1.0,3550.0,42.0,19.0,27.0,auto
5c5fe6db8a848392322c5f525ef10ce1,3.0,500.0,16.0,21.0,18.0,auto
05a75cd320865bee3f3b69014ba5bddc,2.0,100.0,16.0,10.0,15.0,auto
8c7442b088dc69fece3db05b53234860,1.0,2700.0,38.0,4.0,38.0,auto
542d8fcc4a81cd455526d35b556437b7,2.0,3900.0,65.0,25.0,25.0,auto
9a00058f48982cd587fccba20c2bdaf7,2.0,600.0,29.0,10.0,13.0,auto
f59ff3f667dc8dc2b42117736585c1ba,5.0,100.0,16.0,9.0,11.0,auto
cb606ee58d4f11da0e4b813f87f6fd46,1.0,150.0,24.0,2.0,17.0,auto
b89d5de215883aede36ee1988dd754ab,4.0,1700.0,37.0,30.0,27.0,auto
7be864c6decdcc486fdcd720b1a721c0,3.0,200.0,17.0,3.0,11.0,auto
65d7a1724c5c7fd77ac36c80f241ba6a,4.0,600.0,25.0,10.0,15.0,auto
f536371e47a14910aeaa783edff843c6,1.0,1200.0,20.0,15.0,20.0,auto
3cf8d7db7dbaeb28f077151adfc59340,1.0,717.0,24.0,14.0,21.0,auto
f67ad6b3366ae186b8d29087e6d5ebd0,2.0,100.0,17.0,4.0,17.0,auto
d349b106eb0af8ebe0b821baf7705208,2.0,5400.0,20.0,14.0,20.0,auto
e4fe462cce9f36e312b869418a86bc3a,1.0,9650.0,60.0,60.0,16.0,auto
22914988306f1235a3e5fff32403d205,1.0,4000.0,65.0,25.0,25.0,auto
a4d56f9d3619387639fec0567bc4693d,1.0,350.0,40.0,4.0,30.0,auto
fb18a209851c75740dc49860261492b6,3.0,225.0,17.0,15.0,15.0,auto
213df31f080d32e31dff225207c354a3,3.0,150.0,16.0,5.0,11.0,auto
6a29caa68d4bc5536b4447c25de4c937,2.0,100.0,16.0,8.0,11.0,auto
746191562977a60292922c316e21720b,2.0,700.0,21.0,13.0,20.0,auto
b93bf8293a1acfbbfba6c026b16bcef4,6.0,2525.0,56.0,11.0,32.0,auto
be6ae1b41a4ba652f1947e0fae960d44,6.0,2150.0,55.0,15.0,45.0,auto
1332f9dadde087afb818a88c72db05f1,3.0,75.0,20.0,2.0,15.0,auto
7ac92e616265ecb6de1477bd80277509,2.0,1000.0,19.0,19.0,14.0,auto
b6a1a729d84991c54d232ed0fb0b8deb,4.0,6900.0,40.0,20.0,40.0,auto
8c2705cda70ae24bf545dc9f2077fd6a,6.0,6075.0,56.0,11.0,32.0,auto
a94815f2cf6c4c938f0223373e7b88f6,5.0,5400.0,78.0,4.0,47.0,auto
185c58d7437197ced6450e5cada41d35,1.0,2850.0,28.0,5.0,30.0,auto
f5a7d79f27ac4b76ffb13c8ee63d4f07,2.0,1150.0,20.0,20.0,20.0,auto
7bdcf3299ac200059488f72043f6c3df,5.0,200.0,18.0,10.0,18.0,auto
cb17b798ba889575385281b7ec2fc22b,4.0,1300.0,20.0,20.0,20.0,auto
628b17449083fb34688b2959b80bdecd,1.0,4800.0,42.0,19.0,27.0,auto
e6e3140cdd035e915d6d4a9eae2ccead,1.0,50.0,16.0,15.0,16.0,auto
2724371c000f2c0cd3f891af1862cd1b,1.0,250.0,20.0,15.0,15.0,auto
18e070c7509fe7f18504054fb17b4180,2.0,850.0,60.0,8.0,33.0,auto
b14becd90b0c2fe7819c324c6a41168d,3.0,350.0,20.0,16.0,16.0,auto
310d46301bad5f6b27b3638b81d9cc99,6.0,2200.0,40.0,35.0,20.0,auto
2433506ade95efcd559a351c7bc682a0,1.0,200.0,24.0,5.0,16.0,auto
8eadb15da16b50dbda472cd6a95565e3,5.0,2000.0,68.0,9.0,35.0,auto
db85e6ed7169848f3ab8eea3a7baa569,3.0,100.0,16.0,4.0,12.0,auto
613db2ca288a12dd07e6fb99974800e8,2.0,400.0,17.0,21.0,11.0,auto
2bd3e6ee15d713b34654f04fe0375e17,7.0,325.0,20.0,12.0,16.0,auto
356e2bc619a86d27375fc1f8e8092432,1.0,450.0,30.0,30.0,30.0,auto
385c861f274a680e93e8391c65bf8269,1.0,6100.0,47.0,19.0,23.0,auto
c0fc7711dd6c18600d83a5420d0e010b,4.0,600.0,19.0,16.0,18.0,auto
66471e25b47c629da4dae1bc0a52c427,6.0,4200.0,23.0,50.0,23.0,auto
bed81d82bc7b0333ace331d5e70e1bd0,3.0,100.0,24.0,2.0,17.0,auto
e7a6e03b3e02c37299f6ea8398a08629,5.0,150.0,21.0,15.0,14.0,auto
138dac44dc568cd36c6f1d1e5e181d5d,4.0,1400.0,25.0,9.0,26.0,auto
d5af9ddfb51682e5b3327b2dca63cfa8,1.0,2450.0,38.0,8.0,11.0,auto
073af5ae737ac55290eb733f67317242,1.0,700.0,26.0,8.0,14.0,auto
13ad6994bda56edfa0a269e3d9a9acb3,5.0,600.0,17.0,15.0,13.0,auto
19b75a8a23f10ec7a6af4e4644c4d71a,1.0,3900.0,16.0,4.0,11.0,auto
5a9390e32c656cca81df71054e77b93b,1.0,100.0,16.0,6.0,11.0,auto
84bfcd3c1a4f15e9bd5867a775e232d9,2.0,700.0,17.0,21.0,11.0,auto
dd8acc378d2771a8f178e4858a282b98,1.0,750.0,16.0,11.0,15.0,auto
89f477e164a214412b100a5c35464b0a,4.0,14900.0,105.0,15.0,80.0,auto
9578d6732c124f549834fbe8c02e51df,6.0,4650.0,47.0,19.0,23.0,auto
8b87bdca52ab6d4c79661a4dbcf903c8,4.0,350.0,16.0,6.0,16.0,auto
531caee8b7069e4b692eddf59ff98eac,4.0,2700.0,40.0,16.0,40.0,auto
913b240ad06c85be83709dffc26d59f6,1.0,3700.0,25.0,6.0,23.0,auto
ec1314c23c3f6210eaaf4fa625cae095,2.0,600.0,32.0,16.0,16.0,auto
a9597fde84eb2278c5cc4a53f95dd8f9,1.0,500.0,20.0,5.0,20.0,auto
12b5c5d13512ad7cae70181fc503f42e,4.0,300.0,16.0,11.0,11.0,auto
a2819e7118ad9f2108cbc5cd52157c79,5.0,3400.0,78.0,4.0,47.0,auto
b77df7139ed99ef7339229267c707f2a,3.0,250.0,16.0,5.0,11.0,auto
5e211f15646acded537a9d1646f6a268,2.0,2250.0,16.0,15.0,16.0,auto
6b874ff4c71d18e91079b40396bf176a,8.0,300.0,31.0,17.0,27.0,auto
b4aeec5cd68d7be08c15796340e29b6f,1.0,10850.0,16.0,2.0,11.0,auto
c3db113c416d50ed94fce65297d016f7,1.0,5667.0,63.0,13.0,63.0,auto
c1e27ff552754f8bcfd0095de514432f,6.0,4550.0,56.0,11.0,32.0,auto
a104bff7e396a301f5f7ba9f055fa9bc,3.0,550.0,16.0,21.0,18.0,auto
75d3f426c010ad14f95a59aaf2e24548,1.0,1300.0,30.0,5.0,14.0,auto
602c01834bee89627e66532343914a2b,1.0,250.0,18.0,18.0,14.0,auto
839d890a7312912b071c1d864b8faf0a,4.0,150.0,16.0,5.0,11.0,auto
1dba1b8c4782c82bec9252bc5cca3b76,1.0,5000.0,16.0,4.0,11.0,auto
1ad0ffef7f056377c170d00b07f20cce,1.0,200.0,30.0,20.0,15.0,auto
bdef7736f61a507f68b31bd86ddaf69d,5.0,1400.0,30.0,28.0,28.0,auto
883e57b1f0fab96202d9e39efbe3b671,1.0,5600.0,80.0,10.0,25.0,auto
779de9dd06ff30d5097a959a1e9dacdc,2.0,2250.0,61.0,22.0,22.0,auto
927c2974fc11ccce0fcd4910175f6ca0,1.0,200.0,16.0,12.0,11.0,auto
20abd285d5491b50603aaea6b4c85e93,1.0,250.0,20.0,15.0,15.0,auto
1b55611367793363c3aa1c9d888be7ed,3.0,1350.0,33.0,28.0,28.0,auto
4a0297fe087bf3ab8e126936cef30a28,3.0,2850.0,26.0,19.0,22.0,auto
6ac9ac586b4aa282c25ebedfa6f47ba4,1.0,200.0,33.0,2.0,22.0,auto
1a26ba82503a95e1e69edd327df9e183,1.0,1950.0,45.0,20.0,45.0,auto
2a4cc5a2211eb5758a2dfbe772c91999,5.0,1050.0,30.0,5.0,20.0,auto
551676a4458c024f741721013d87afc5,1.0,250.0,24.0,18.0,18.0,auto
1095122297a4faeebb3dd2cb4c9b497d,6.0,5950.0,47.0,19.0,23.0,auto
d4c52f33c1f0cbe94b47983bc6043e23,1.0,100.0,32.0,2.0,24.0,auto
e3c74f07496dd02492854d89b277eebd,1.0,343.0,19.0,18.0,18.0,auto
f4f63288f5e6ff5cb8262bdfb626c85a,1.0,5888.0,36.0,8.0,24.0,auto
fd76f22bf3648e0dd4295e593def7664,2.0,1000.0,33.0,15.0,30.0,auto
f1d52f5898b4fa4f26ffd82aa0147044,1.0,100.0,17.0,10.0,15.0,auto
80cc039ed021cda9066625e945327f70,5.0,2100.0,30.0,25.0,30.0,auto
2af11c7fa2cc165b8abc3a92127a2710,1.0,100.0,20.0,13.0,15.0,auto
f046f5847e49bd22fcb24ecc59572165,1.0,100.0,32.0,2.0,24.0,auto
1a0910c102a7df46a8d1ffe68b2c3d2e,5.0,1900.0,32.0,25.0,25.0,auto
27b53acb5f37e2d79d49af25312096a5,1.0,800.0,28.0,10.0,18.0,auto
9c4ee35acd7dd98647f7564a6c935f3f,3.0,400.0,36.0,6.0,27.0,auto
c0cc3aa24916ef20b939f9f403da30a4,2.0,225.0,16.0,3.0,11.0,auto
fd424396761d9e1609c5516b7d8ce17b,1.0,4825.0,61.0,34.0,36.0,auto
ecb050847b3d0db36fe380cf68ad02b5,5.0,2000.0,60.0,8.0,33.0,auto
b061d19bedb7cb3af1ae9d6fb52b5712,1.0,5100.0,55.0,15.0,34.0,auto
17f221c334109f71ffc36e54fc32a836,3.0,525.0,60.0,8.0,33.0,auto
1823142d83a24b619bebd0088d7f95d9,1.0,500.0,31.0,16.0,20.0,auto
71a8be2937fd926b330febe100effd02,1.0,100.0,21.0,3.0,18.0,auto
81f869ddb8b8e77514002be908adbacc,2.0,825.0,60.0,8.0,33.0,auto
077c1ba3f2e5e4145faf0a12f35ec1d5,4.0,1050.0,30.0,30.0,30.0,auto
848ef0a103ee21407d1fbd0f7e7ae179,2.0,120.0,16.0,8.0,11.0,auto
842f01c6359ea76dede02a1daf8bbe77,3.0,2000.0,34.0,40.0,19.0,auto
50e1cbad89e4edeefc63345ae9747775,1.0,250.0,25.0,15.0,15.0,auto
480c9e1ca446baf8388f0eda5300b25b,2.0,4750.0,62.0,17.0,22.0,auto
bcfef6d5629403cedb2c8b855940337c,2.0,150.0,16.0,7.0,16.0,auto
16fdd3b0ce3c745e93bb6809113649c1,1.0,300.0,16.0,10.0,16.0,auto
1f2a3bd182a1004ffa295c0c54d1a653,6.0,2000.0,20.0,20.0,20.0,auto
6f699cf68b28da10f925839eb699bd27,2.0,175.0,16.0,11.0,11.0,auto
5e7d879a43c998d6c60a18ea8eba7728,6.0,5000.0,53.0,43.0,11.0,auto
6b54c329383ae411a34c9791f7a51145,1.0,13900.0,62.0,62.0,20.0,auto
6c1df9c08e8cb7237269358cf39e9c3e,1.0,13699.0,46.0,53.0,29.0,auto
5c489d595c6d250e09df1b0eb4d0cb80,1.0,500.0,20.0,20.0,20.0,auto
38c7e0727a11964ebc52a23bead7d4f5,5.0,183.0,20.0,16.0,17.0,auto
bd18ba59efbfa196a7d315caf66e8efb,2.0,300.0,20.0,16.0,16.0,auto
cae8c962ad47ff05a508e6fec4146e1a,1.0,50.0,16.0,15.0,16.0,auto
9b66a0b840c26c4866696a55f795fc06,1.0,150.0,17.0,16.0,17.0,auto
dbb4b4f90abe510323ed00da4314b2c3,3.0,5250.0,32.0,16.0,26.0,auto
3bed6bc2893ec6b0858eb24e4ea9b371,2.0,200.0,16.0,10.0,11.0,auto
48ceb46f15a81d0d872c973bfbe3055d,1.0,8800.0,50.0,20.0,20.0,auto
9c21e4a14d74098b5d4e1126e706dc3a,4.0,350.0,16.0,40.0,11.0,auto
f141d3e2ffc848525d220f5df39c5415,3.0,425.0,60.0,8.0,33.0,auto
41fbde40144efcd09db07250981d7b93,1.0,5500.0,45.0,20.0,45.0,auto
ff26b56ca9aba312af54ea3f368af943,1.0,500.0,45.0,30.0,11.0,auto
4484613f25262431c6a51a6a2faaa2e2,3.0,100.0,24.0,2.0,17.0,auto
1c93cf120c0711a9ba9f0a188a52f649,2.0,9850.0,39.0,49.0,42.0,auto
93a83432d2185acac6bd174787ada7fe,1.0,600.0,21.0,8.0,29.0,auto
f75230cc54f53a6bf3e421423746b0bd,6.0,6050.0,47.0,19.0,23.0,auto
dca8fff28c213d08f5893aeb47b224b7,5.0,6050.0,47.0,19.0,23.0,auto
678f396917aa6966b51489693705dc13,2.0,300.0,30.0,11.0,16.0,auto
3eecf102d2df42c5cf86822acd912e86,4.0,300.0,16.0,16.0,15.0,auto
3846547667e1aa278c1d0259febee234,5.0,2200.0,30.0,25.0,30.0,auto
e469aee0b4bc4932389a283ab64b0860,1.0,50.0,16.0,8.0,11.0,auto
a7c71ae3c8f9ee009eaf1bdcffa55012,1.0,150.0,30.0,30.0,30.0,auto
577c6116dcce6a33261911b5225ac475,6.0,5000.0,53.0,43.0,11.0,auto
f524b3f36f5a7a8cecf77fd6083ad6fe,5.0,2400.0,64.0,5.0,39.0,auto
db24f4b59ec4a5a89de0203cc7ce4287,3.0,150.0,24.0,2.0,17.0,auto
30c908162a2a83ddecc5486536da2de5,2.0,696.0,16.0,14.0,13.0,auto
a6fb3c4f1816d9e2f52ff88e46c114f2,1.0,2700.0,38.0,4.0,38.0,auto
5ae42f9d8352b9edd11800ebd575f4f7,4.0,2450.0,30.0,20.0,11.0,auto
49c95423c53618d42621bd07c1d1bfb6,4.0,50.0,16.0,18.0,14.0,auto
864413ca56c2bcea359a213956a922c0,2.0,3767.0,32.0,23.0,26.0,auto
cf1709a941039d6e24f0dde0978570de,3.0,550.0,20.0,6.0,13.0,auto
c234674e4e175c7be49f4412f97c1248,5.0,4850.0,23.0,50.0,23.0,auto
fd60771c56d987cda1dc0169f4452e65,5.0,100.0,24.0,2.0,17.0,auto
bc0246e1fa0a21cfceaed952d3e9cd38,6.0,850.0,30.0,5.0,20.0,auto
ac5e0fcc8e524a2889013ad21cdd816d,1.0,50.0,16.0,16.0,12.0,auto
8abdb2ffbf92eb0bcdd82fce515fde6a,3.0,1800.0,34.0,40.0,19.0,auto
3f0602cdcad0ac24d72b038103a3783e,3.0,250.0,16.0,2.0,11.0,auto
273bed0cd59a0b2ca2a0ebe0bd84769f,1.0,3600.0,30.0,10.0,20.0,auto
a00c869d83a4d753088b7ca49ba6a74c,1.0,1650.0,32.0,22.0,32.0,auto
f48b7a74ac33f4a15d4dcf0b549ec7a8,5.0,5300.0,78.0,4.0,47.0,auto
e2e9a22be498ad23b97170cbc20c477c,1.0,14350.0,63.0,63.0,21.0,auto
9d324850c39429150aa7f4524983e167,1.0,27100.0,50.0,50.0,50.0,auto
4949f8037e2f24cc40f3065a13aa0660,1.0,500.0,20.0,15.0,15.0,auto
152fb81ee80836f3a26b06fa79a6749d,3.0,350.0,20.0,20.0,20.0,auto
bc0f87cb8c6b5a23d3ab6aeb91b34273,2.0,200.0,20.0,4.0,16.0,auto
41efcebbf66be85fb74f7116bda2207d,6.0,2525.0,56.0,11.0,32.0,auto
98abb12338c3652fceb5a9a5e06c7f2b,5.0,4200.0,77.0,4.0,47.0,auto
2d191ba244bc61826d3c6c2464969b7d,5.0,4400.0,78.0,4.0,47.0,auto
209f718c43a6b301bd760948b9342b7a,4.0,450.0,35.0,5.0,35.0,auto
b00a5c58d3c4139cf67ccae61feb43f8,6.0,3500.0,53.0,43.0,11.0,auto
06bc992f73d96cb1ada2073554130d45,1.0,1133.0,17.0,11.0,13.0,auto
1f49bc80950157ddb33dfad044f20be7,5.0,1100.0,23.0,7.0,38.0,auto
52f07ac86d3153309c1695744f846ee1,3.0,600.0,21.0,18.0,13.0,auto
9ddc4249779322828f89d2a9c04f7ee1,1.0,1277.0,30.0,25.0,27.0,auto
499a1638595575721fec87dbaa05f339,1.0,350.0,20.0,15.0,15.0,auto
b99e2a514ed0d9a2594decfe71da28e7,3.0,200.0,25.0,3.0,14.0,auto
b19ef0bca7996875a1516b9d14b75883,4.0,200.0,30.0,30.0,30.0,auto
e8a593dee186b5c3e557e553c5325841,1.0,1700.0,16.0,16.0,16.0,auto
6f7de978459a95cc31b61c245d8d8a24,5.0,50.0,24.0,2.0,17.0,auto
576260585d9d4d112b129048750cf18e,3.0,3500.0,21.0,17.0,16.0,auto
72dd41cced0634d5e0147ad6b28423e7,1.0,550.0,16.0,5.0,11.0,auto
75b1af479ceb5b90e06b38ff4f753e1e,2.0,1950.0,20.0,20.0,20.0,auto
1a1d458cb32036ef1bfdc7896e3a63ce,1.0,6050.0,40.0,30.0,30.0,auto
90efe66f56959c0750c866fd59f9f92e,4.0,950.0,41.0,45.0,11.0,auto
a5b601f57c1fe288e77100429a1f1b7a,5.0,200.0,16.0,5.0,16.0,auto
410dd36335e15d089a9668e9bb5b2cd7,6.0,6300.0,47.0,19.0,23.0,auto
5d91ebba17efcefccb56680d45aae16b,1.0,2200.0,16.0,16.0,16.0,auto
d759fd6b0285e54cf1bc5041e2a286bd,3.0,375.0,17.0,4.0,14.0,auto
f58ee92194f9b169efef9364f892f9c4,1.0,10500.0,65.0,65.0,14.0,auto
9a63d4ef456702710823c21b8cca0332,1.0,200.0,16.0,6.0,11.0,auto
7bb99ab3c33719ecee18ad4a8036e705,2.0,550.0,21.0,18.0,13.0,auto
29abbd57526dab494a667e62d361f6cf,1.0,14100.0,16.0,2.0,11.0,auto
f5c0c21094c05855d475bc3890adb6dd,3.0,450.0,16.0,5.0,11.0,auto
6ef7db41787d5f0c65b2f9487d4336b7,1.0,4725.0,40.0,25.0,30.0,auto
c1848f7c08dcca8335a8e18f2d3f0ff7,2.0,450.0,23.0,25.0,24.0,auto
c8a4ec6d4201d92e157eafb89eab932b,1.0,1850.0,41.0,18.0,40.0,auto
687578da8cc5f5b3da7d328a5aebadf7,1.0,1700.0,33.0,27.0,26.0,auto
669386709be2cc2fc80d31077bd43f2f,5.0,1500.0,18.0,27.0,15.0,auto
4c09470b433cef8a5790d7519849a282,1.0,3250.0,30.0,30.0,20.0,auto
264aad5ca689ed34e57633f78c5683b4,1.0,3000.0,28.0,5.0,30.0,auto
55aa465efc1629771ef1f96d3b9784ab,1.0,900.0,30.0,15.0,15.0,auto
ad88bf1ad347307438c9c852084a06ed,1.0,100.0,18.0,4.0,11.0,auto
061885af8dbda5739d592a153655e574,1.0,850.0,28.0,15.0,22.0,auto
f73e87b204f0a4bcfa8edda38d11b334,2.0,150.0,16.0,6.0,11.0,auto
bc4238b1e940a1ddfc42b987157ec004,1.0,350.0,16.0,18.0,15.0,auto
b1de2a0563813db30923566ab847d03a,1.0,1600.0,26.0,12.0,24.0,auto
d9037da9324cfb783ad04fb720ea11d0,5.0,6500.0,42.0,22.0,42.0,auto
3e19791ee3fa124c96da5a87616794ac,1.0,1500.0,30.0,20.0,60.0,auto
616b8608587aed2e11f568e82ee10c58,2.0,550.0,20.0,20.0,20.0,auto
ba6f5d5d953687794a10f01691232bc3,2.0,200.0,25.0,3.0,20.0,auto
7aab18bec732db73232f712de3ba14fc,1.0,12300.0,62.0,62.0,19.0,auto
194dad3cf9aa121860ba80cca80331bb,1.0,16950.0,16.0,2.0,11.0,auto
25e4d8fec8c2188a87e8c0acfd179310,5.0,350.0,21.0,21.0,12.0,auto
73fdc89a7474d12e91ebb4a38341fd84,1.0,4850.0,40.0,25.0,30.0,auto
966417aeccf613e8cc7d219fa89619aa,1.0,650.0,30.0,20.0,20.0,auto
67f1245615b59bf0d4a61a83d7a7a6b5,2.0,10400.0,61.0,61.0,19.0,auto
e8ce8d12c0a9e255475c8098260d3ca2,1.0,400.0,40.0,12.0,30.0,auto
557d306a56fe0848efbea81dafc78006,3.0,16200.0,56.0,15.0,15.0,auto
078faa63eb55a5055713e141f098624c,2.0,1100.0,60.0,8.0,33.0,auto
a91c0e7e93a72403880b5f4238764471,1.0,400.0,26.0,16.0,16.0,auto
a2bf9b2cb260039f2ce6834c4e6a10ea,1.0,300.0,20.0,5.0,20.0,auto
d41d8cd98f00b204e9800998ecf8427e,1.0,1181.0,30.0,17.0,24.0,auto
d220fdef3dfe133c5a725ee59ce99595,5.0,1300.0,20.0,4.0,13.0,auto
69ab89fdb9df3f93455a0c52d6e4e3f0,6.0,4125.0,56.0,11.0,32.0,auto
3c3c58dae0e49e5d2cc6c35680dd347a,5.0,2550.0,55.0,8.0,18.0,auto
f510b05e475dddcb832edeebeea10f20,2.0,950.0,33.0,16.0,20.0,auto
ba091f760e02c4b603a0a6a52c2d31d8,3.0,11300.0,60.0,60.0,18.0,auto
cfc4861ae14c9e9e7679355f863c18d4,5.0,150.0,23.0,3.0,16.0,auto
fee0732d760a52d0047533f53a110037,1.0,3500.0,57.0,17.0,17.0,auto
4652e11aee23d86203400f6094fbe8bf,1.0,193.0,16.0,11.0,12.0,auto
caf230c721f149691d0307f0868beac6,2.0,500.0,30.0,20.0,20.0,auto
67523567791b73064e78d6a5731f379c,2.0,83.0,19.0,4.0,14.0,auto
bd1fc5db666613cbd3cba3ef38d3c0f2,3.0,30000.0,66.0,66.0,43.0,auto
79d62ec5dd0de230da5f185b478a5ade,1.0,375.0,17.0,5.0,13.0,auto
2f49c08d026479233c81816cd86a5ea1,3.0,250.0,24.0,5.0,17.0,auto
a2e281fad531f293409da05efe8097fa,1.0,350.0,16.0,16.0,18.0,auto
8222184819ebec6f4191df347b4166a9,1.0,50.0,32.0,2.0,24.0,auto
ef3bda43c679d8fa4a75fce58089c26f,1.0,15400.0,61.0,61.0,19.0,auto
216085c4602f1d5e004e8e204a1c9752,3.0,3800.0,60.0,15.0,25.0,auto
78526258991c49156197d9e0e14a214a,1.0,900.0,30.0,15.0,25.0,auto
62b345de0ca18d1c5e3d43e621328461,3.0,150.0,24.0,2.0,17.0,auto
0ad48bfc4a5619823e2b0f24b3c0b11b,1.0,1400.0,21.0,50.0,15.0,auto
0ef877bd233e765e7163f9fcb49b6ffa,1.0,400.0,20.0,20.0,20.0,auto
ca6964451a28ac159f307ae208d5a826,6.0,1850.0,42.0,29.0,31.0,auto
fca0ce04818f39ab1d78491218d8aa5a,5.0,100.0,24.0,2.0,14.0,auto
6539512c6f2fa68ca44dbfac42dc1f70,2.0,333.0,19.0,13.0,17.0,auto
ccb3df28522945422e24b108603a1d04,1.0,567.0,19.0,14.0,15.0,auto
2ea69b98f8a98247adf9aaba9367bddf,6.0,100.0,24.0,2.0,17.0,auto
99a0e0cc451b1508edc91dd621c2f66a,5.0,4400.0,78.0,4.0,47.0,auto
b8dfc1e5b0c44b7e2d725ede90884a71,5.0,1475.0,60.0,8.0,33.0,auto
3ca306b1b3e51dfd838b06c8017eefda,1.0,50.0,32.0,2.0,24.0,auto
d6183bc1d858bac539ee14cd72203b06,2.0,4550.0,42.0,19.0,32.0,auto
977622028d06f47044795e2765933ea9,3.0,550.0,16.0,21.0,18.0,auto
e724a0cc4252ae8385e3b66944b6a3ea,3.0,1750.0,55.0,27.0,40.0,auto
6651a3a1dc58f8c4d9fcf249599c8be4,4.0,150.0,25.0,3.0,13.0,auto
80077c975922ef05cb85da41e6f10fb1,1.0,650.0,30.0,30.0,30.0,auto
66f09a6de4f2ef63aaf5349b60a0e0c0,1.0,600.0,16.0,11.0,11.0,auto
6caa2580a19d609683ae770f296f7524,1.0,250.0,30.0,20.0,30.0,auto
a537ec48791efb7caae9f265d81e24a1,1.0,500.0,16.0,38.0,38.0,auto
de9d7e4fe38987a3d5e2cd2bf1cf641e,1.0,100.0,32.0,2.0,24.0,auto
92cba5857ead78ea248ac2f9ada31594,1.0,400.0,30.0,15.0,15.0,auto
33924b6ae648c8e31d519ffba03f161a,6.0,5100.0,47.0,19.0,23.0,auto
5599be6fe59cd2257edfdec9d45442e0,3.0,400.0,17.0,21.0,11.0,auto
c1cf9e70caf906259c299fbea35418ef,1.0,3300.0,19.0,11.0,16.0,auto
a74d56e3486a7ddc68958695a48277d1,2.0,17300.0,57.0,20.0,57.0,auto
51ab806bb1d1ef2896844087e3b4f7b3,5.0,5250.0,21.0,21.0,21.0,auto
afd8f74b298294d9a3fb33f93ce6c5e5,1.0,200.0,26.0,8.0,14.0,auto
aa31ee71d625076e591e23416abc8508,6.0,8850.0,56.0,11.0,32.0,auto
537f8133bb109ca8ae9c6f48370af9ec,5.0,600.0,20.0,20.0,20.0,auto
51d35e4714b113bccacfe7248a13375a,1.0,250.0,16.0,10.0,16.0,auto
00bb62ea3729537a687c3fddcd123662,3.0,12100.0,60.0,60.0,20.0,auto
06f85533c1d65036e055ed561d0b1a2e,1.0,650.0,20.0,20.0,15.0,auto
90ff7bd006f43483742a0bc3a3a9734d,9.0,395.0,19.0,21.0,16.0,auto
35a64b909964e4f4ee51ef5899830ecd,6.0,3850.0,47.0,19.0,23.0,auto
6ebee4184f691707f35a8ef04e1f2f22,1.0,1300.0,19.0,19.0,19.0,auto
bee0c416b1b3ef44a263c18c47f76cda,1.0,200.0,21.0,14.0,12.0,auto
3f4269f81421aadbfc643a23d5dbf3ff,1.0,200.0,25.0,10.0,16.0,auto
b3d072a13181cceaf88c1a8de7c6e73a,2.0,650.0,16.0,28.0,16.0,auto
2a8c2836c76d1810ac79e84bbdeff3a3,1.0,275.0,21.0,54.0,16.0,auto
499152ec860819480e1b2d5598d1e29f,6.0,7075.0,56.0,11.0,32.0,auto
50edb1bcf0a1445b8a3015800f9fd4cb,2.0,5000.0,65.0,25.0,25.0,auto
c9f715b64f3ef33d99418422fdacd013,8.0,150.0,18.0,5.0,12.0,auto
136b6cbf8a83c5c36c45157cbf05a6ec,1.0,1350.0,35.0,15.0,29.0,auto
fec8c282124bc6f504cbc6e9ec38450a,1.0,22100.0,16.0,2.0,11.0,auto
b0ea553bf35b42dfe69a5c2eae9e96f5,3.0,100.0,20.0,4.0,17.0,auto
1c696af1be46efd0d4028f3f88c7e3dd,2.0,450.0,36.0,6.0,30.0,auto
b16c2f0d8f720f01316cb3fcf81f18a8,2.0,1600.0,18.0,8.0,12.0,auto
1915d084b3657c8f7be072bd8cdadc74,2.0,275.0,16.0,6.0,11.0,auto
88722e1dbe9a41a0834374aaaf19ffd2,2.0,250.0,32.0,8.0,32.0,auto
9d3bc872d8bb405d3cd5e7a8deaf4fa9,2.0,250.0,16.0,15.0,11.0,auto
6924997ec2d73795bb9d76519d9dfab0,1.0,150.0,24.0,2.0,17.0,auto
12d4b1673bf8c3b07e339502d911350e,3.0,350.0,30.0,15.0,15.0,auto
03ed331c2c9bb4cd5c3d986928bc8d9c,6.0,600.0,28.0,4.0,16.0,auto
91c36b03df2eb40a4dccdbd16394328c,3.0,550.0,16.0,21.0,18.0,auto
8ef74253fae312e2cd28e867fda5baa9,2.0,50.0,16.0,4.0,14.0,auto
c8181e8e724bc31ef26d58c63f9898f7,1.0,1200.0,20.0,20.0,20.0,auto
70aa499facb0946dc40ff974166fd522,8.0,2700.0,46.0,16.0,25.0,auto
6c1942e17a86109a3608f6aac73ccfe5,2.0,100.0,25.0,15.0,25.0,auto
b28a05b86542471543370c2399f04fd3,1.0,150.0,16.0,8.0,11.0,auto
1e8f7164e2c9b32dcd58e6a6b6b294cb,1.0,2000.0,25.0,6.0,23.0,auto
fb3ac05315c8f4a1b54de74e098ef7e2,3.0,850.0,20.0,15.0,20.0,auto
9bda16ddb772f99c95a69cfd874de990,1.0,2900.0,30.0,20.0,30.0,auto
92298b2c1c8b487f7029ce5ea3b87018,2.0,1200.0,60.0,8.0,33.0,auto
3aeed13a2a503382bb5925a5cf419dd3,4.0,350.0,35.0,5.0,35.0,auto
b140cc13107904067b325ad095709d6b,5.0,11175.0,27.0,16.0,17.0,auto
8b3340da906941fd51ccdbf7b0e77d07,2.0,100.0,24.0,2.0,17.0,auto
66870cddd12bb52a4bc95468f0bc9fa8,6.0,2150.0,30.0,25.0,30.0,auto
df4bcf4a328103951507064660c445e9,5.0,650.0,26.0,9.0,24.0,auto
5d7a4ee1450d108913cdd64fff383338,4.0,250.0,25.0,15.0,25.0,auto
1b81b117d19f1f282c2818484e52211e,8.0,550.0,20.0,10.0,15.0,auto
dc523b958f892102fd63bb7a60fea902,4.0,7350.0,40.0,24.0,48.0,auto
1df4766d26ab7bcb152eaf8c600210a6,2.0,900.0,40.0,24.0,33.0,auto
8316da766ebc954ed00fe9bcf1413254,6.0,100.0,24.0,2.0,17.0,auto
dad34da019832ea09413a1800947bec3,1.0,650.0,25.0,25.0,15.0,auto
b24d74b0c697ec38e9e6da20fa7b80d6,1.0,900.0,38.0,7.0,12.0,auto
7f7a6b07907da42addc3ec06b4a62cfb,2.0,5100.0,65.0,25.0,25.0,auto
376dbd64a8f0b17e74d40183e12f2f8e,3.0,2300.0,37.0,11.0,16.0,auto
c09fe7511f6db515d3738a84225ae39d,1.0,7200.0,61.0,8.0,61.0,auto
5317355191eb96f3a163cad67055f135,6.0,7125.0,56.0,11.0,32.0,auto
9d6cac0b462fda440c3c262abd8228a6,5.0,925.0,65.0,8.0,30.0,auto
7b5dd48292a97af1c9629f910ecde05a,4.0,1350.0,40.0,6.0,28.0,auto
10097e23f7a5bf3ce7ec60cfa8603f4d,1.0,1650.0,45.0,45.0,25.0,auto
4beaedeb352141968eb9374cae900996,4.0,250.0,16.0,6.0,15.0,auto
bee7be9ff27f64fef1afeff03b298cec,2.0,50.0,24.0,2.0,17.0,auto
d3eacacc44cc941912e3e97ed52037c6,2.0,10300.0,40.0,40.0,30.0,auto
91dd4f060a7d723513fd46c1d0cc1bcb,6.0,3950.0,53.0,43.0,11.0,auto
8e6e42a2047122de7ae174a7840125b1,5.0,100.0,18.0,10.0,18.0,auto
a24e985fc6dbd5f0e50b2a013fd72ed4,1.0,400.0,16.0,2.0,11.0,auto
fe0a8502d28faaddaa89ebedadc543ae,2.0,100.0,16.0,16.0,12.0,auto
12fc9ab82dd45f3824881d94f79edb38,2.0,254.0,18.0,12.0,9.0,auto
7495ec707e2f2540347044dcb8f79d87,5.0,100.0,16.0,3.0,12.0,auto
125a5e9f83814692513618359a50735a,7.0,1750.0,28.0,15.0,13.0,auto
6b49772d87f1d85e27eacdb9a273fb4c,1.0,650.0,16.0,9.0,12.0,auto
6a222302a2e1749b050b0897a01765f2,1.0,950.0,25.0,10.0,15.0,auto
2b6d377fa9397de28c3d3e1684bb2c4d,3.0,20450.0,61.0,61.0,37.0,auto
b6e47cacea0b2e89b721529d6d8683e7,3.0,950.0,22.0,8.0,14.0,auto
1f357ab8013614c1df271ebd662dd7a2,5.0,4300.0,78.0,4.0,47.0,auto
df1d7f15348e965b342ce28a7feba374,3.0,300.0,16.0,16.0,12.0,auto
77b49ce38659731ae58ff7404a8cf515,1.0,8775.0,43.0,14.0,20.0,auto
193b9369c44fc846482364039dde2ac6,5.0,7275.0,64.0,5.0,39.0,auto
15466e7f0fab155f0f387bc49eb7e304,4.0,16100.0,61.0,61.0,18.0,auto
3ef787b4af18c9a34154a46928b09b24,1.0,100.0,16.0,6.0,16.0,auto
20dce72985857d1c8d09d506a8ec5187,1.0,15900.0,65.0,25.0,45.0,auto
5c8aa5d67cf54ed7a5e9d4dd57ef7708,2.0,100.0,17.0,11.0,12.0,auto
eb2e510c7e0f62651d0156e769928970,2.0,150.0,20.0,6.0,17.0,auto
70488833a84564f5dceaa93e1a99fae5,2.0,3500.0,65.0,25.0,25.0,auto
7a10f0794d6c8bf257417ac22866e78d,1.0,1675.0,25.0,15.0,20.0,auto
d97a2cd1d784e47c2ff7e14b54ebb6e2,2.0,500.0,17.0,21.0,11.0,auto
945f3073eeafb360bba960560cc63bcc,6.0,6950.0,47.0,19.0,23.0,auto
060cb19345d90064d1015407193c233d,1.0,7150.0,65.0,10.0,65.0,auto
f0f3c686ec837b27ec9da08762d85317,2.0,200.0,25.0,42.0,25.0,auto
b3f1e0023ba728711006866a37f62b19,7.0,8150.0,60.0,15.0,25.0,auto
5cb44566230140a581c49436b00584f1,2.0,100.0,16.0,7.0,16.0,auto
5cb678a06e40c3a2e49564fd664dac70,1.0,575.0,29.0,5.0,24.0,auto
d7350806253f6a1e1351c97a39b9c931,3.0,19200.0,34.0,86.0,40.0,auto
0dd71bad88beb4fe0f85284f5b06e028,6.0,2000.0,30.0,25.0,30.0,auto
7f457254a89d62960399e075711b3deb,6.0,300.0,17.0,4.0,12.0,auto
d3a746573dd35b279b6d0e3177496422,3.0,100.0,24.0,2.0,17.0,auto
25da7af0ae86de644e6410fec1d599d1,1.0,26000.0,60.0,60.0,17.0,auto
65785506a1566ea8655e9e1665754947,1.0,200.0,16.0,8.0,11.0,auto
e8bcdbe05fc628060f32e367d5e5f4d1,1.0,600.0,18.0,5.0,12.0,auto
3175584031f7db97743c7b8aedeb3d03,4.0,300.0,20.0,20.0,20.0,auto
b88182b83c726595532324fd84ac7db4,1.0,100.0,16.0,3.0,11.0,auto
2414abf17e03ee28b8c062a03ddedab5,2.0,1650.0,17.0,7.0,12.0,auto
5b9d4c71cc2d0a2417c2635818b654d7,1.0,500.0,16.0,20.0,20.0,auto
68a61f99e823ef8b90bebd0161b95a0c,3.0,400.0,16.0,7.0,11.0,auto
1463ac0b4db553452c58c71a65c395cf,1.0,50.0,32.0,2.0,24.0,auto
c201a862c6018d402222594d5229c613,1.0,1675.0,35.0,8.0,23.0,auto
596d1e7e989ec020b831dda867d90292,1.0,9650.0,55.0,35.0,30.0,auto
931a7f2e9c4ebeadd0891fcda934652a,3.0,29600.0,56.0,15.0,36.0,auto
bc75ffbc500b02276f9c55aef39014e9,1.0,30000.0,50.0,50.0,50.0,auto
d901103375ad57cd89a207d15cf91396,6.0,2550.0,56.0,11.0,32.0,auto
0c8fac7d7944ea8906fd291a8609474a,1.0,350.0,30.0,12.0,20.0,auto
febdb23f0a5a9f93c101e489d2bfd352,1.0,150.0,16.0,8.0,11.0,auto
86ef699f48c083648732cf491b9ec515,2.0,200.0,18.0,10.0,12.0,auto
4884efc9339400dcffa6a8ef0d23c2bf,1.0,550.0,20.0,10.0,15.0,auto
b31f144164588b921d0dd301c3a3f78b,1.0,2800.0,65.0,27.0,54.0,auto
f463be14aa25e52cdddcccccb9baff20,1.0,200.0,16.0,7.0,11.0,auto
7674e3decaed7f0ebef4717b1db8334a,1.0,250.0,20.0,4.0,16.0,auto
5f12f6b1738fab26e4a9d7907452c932,4.0,29600.0,56.0,15.0,36.0,auto
1a796d2b0c1498dead0d8102ee8ca9c4,1.0,200.0,16.0,7.0,11.0,auto
545448853bd8e282bb211e0d16158762,3.0,250.0,16.0,16.0,12.0,auto
acde6bd0b5f91190e2a123df389b0b47,4.0,358.0,16.0,6.0,17.0,auto
c73628b1c3144b2e0c9c88072f21a213,2.0,850.0,20.0,9.0,14.0,auto
c9a8800476293bb678ba46cf7df04460,1.0,4800.0,55.0,20.0,20.0,auto
efd468c6398ce7cfa6b74b2d663a0b5c,1.0,100.0,32.0,2.0,24.0,auto
23af6f1d463d55ba48b5b89085acb74b,5.0,1525.0,68.0,9.0,36.0,auto
1c928305f64aa4a643ca1c969c0abad7,1.0,150.0,25.0,7.0,16.0,auto
afdb06ebeca917512783bcbaa8ed28c0,4.0,1800.0,52.0,5.0,52.0,auto
84d587fc7738e0359fa9ec3e9620c45c,1.0,1100.0,25.0,20.0,20.0,auto
02a3073438c0d024f60e34a05bd340c4,1.0,850.0,41.0,45.0,11.0,auto
8c8361199b662437db44cff3bb7686ec,4.0,100.0,24.0,2.0,17.0,auto
6dceb64b44142aeb9fe7397dfefae705,2.0,150.0,24.0,2.0,17.0,auto
958cd4fc82ce0223c757f47bc9d67e23,6.0,1550.0,23.0,12.0,16.0,auto
b5a7564f1621cb776aefe6ce4e63b953,2.0,237.0,19.0,7.0,15.0,auto
c93b1a2e204567ed8b8b59a99456f8c4,1.0,5400.0,50.0,40.0,40.0,auto
c221338cf5bbc53a58d3f15b3620e1f0,1.0,12550.0,50.0,30.0,50.0,auto
c23ce1a424314067b298aeca014aa15c,4.0,200.0,20.0,6.0,13.0,auto
deff454ecdd9cb013e9e13a32b1b41e8,3.0,100.0,24.0,2.0,17.0,auto
89a85fb039d401c099e30c569a6f2e07,1.0,5200.0,41.0,19.0,41.0,auto
d566c6f148d426bff95179d7e2e91d61,2.0,200.0,30.0,30.0,30.0,auto
45817bdb08cc2ba11a384d7428d95da9,1.0,9950.0,40.0,20.0,30.0,auto
8f220439e328e0c1b68510c238d07e86,3.0,6500.0,20.0,20.0,20.0,auto
7c4dcc33f7e49dc0d25078b036baa162,5.0,4200.0,78.0,4.0,47.0,auto
dbf3e2f5d46c8f84f8af8825a2cbd8f6,5.0,600.0,66.0,10.0,11.0,auto
41f5f13f79496717b1d90ef30551333b,6.0,6025.0,56.0,11.0,32.0,auto
bd0d616460e11aa700ff20780d8240e2,6.0,7700.0,56.0,11.0,32.0,auto
e2d13b6570070d36a9996b74e3eb190f,1.0,250.0,16.0,9.0,16.0,auto
87de61f4132195b028aa9453616116cc,6.0,4075.0,53.0,5.0,56.0,auto
f444092e1a9f9dedb91cf0717d6c4cff,3.0,350.0,19.0,19.0,14.0,auto
2031ee6574c322f4e3be624d8433052d,2.0,150.0,25.0,5.0,20.0,auto
85164bed8643cab6d655ed0643bd9613,3.0,950.0,37.0,29.0,28.0,auto
e316e505ab5f17bb7fcfed3dcff53a3e,2.0,250.0,30.0,30.0,30.0,auto
d97c5487557a0aca3250d1d02b05a72e,2.0,100.0,22.0,22.0,16.0,auto
58db79da5975332e9006ec0fca77226f,6.0,800.0,35.0,20.0,20.0,auto
98d61056e0568ba048e5d78038790e77,1.0,6400.0,63.0,11.0,63.0,auto
b5c1a16643b475591d742c4ef29d3202,2.0,5350.0,65.0,25.0,25.0,auto
01a88bd2633c52bcc66348307cb3ae15,1.0,11800.0,61.0,61.0,19.0,auto
ef3736bfe2ee33f00649ddfc8e535f10,6.0,6050.0,47.0,19.0,23.0,auto
9e19a9f505fbb25392c5443cba13d224,1.0,500.0,25.0,25.0,25.0,auto
b7277571c3b0c8900e528b94ad5a05dd,2.0,6125.0,53.0,9.0,53.0,auto
038967227fb1bc9b30d6e1c81fa2d2be,1.0,200.0,16.0,4.0,11.0,auto
d0e298a57a1e2c2bfc451af91b3073a4,2.0,350.0,16.0,5.0,11.0,auto
73dacc49330dc5cc9b1c1983c16200e7,1.0,5450.0,40.0,16.0,30.0,auto
19b29af06176f74d13a42e350b14e2d7,1.0,1000.0,40.0,25.0,40.0,auto
6d3ed96ab50e4f44b2d3ce250d05e46b,1.0,500.0,20.0,15.0,15.0,auto
b4c2b69bbc589dd1bcb0860261000bd5,2.0,800.0,35.0,10.0,35.0,auto
850fd992aca25ac2d7768b434ab3ceca,1.0,300.0,20.0,20.0,20.0,auto
9938217cedf3d56b2abaf11f2d3feae7,1.0,2646.0,19.0,24.0,12.0,auto
a0c2204c3d4f44050951935fc9eac14f,1.0,4600.0,20.0,9.0,17.0,auto
adb7c806d2677f27a3316188d57564f2,6.0,100.0,16.0,3.0,11.0,auto
00b264091d1c8df03976c3f3b176b35c,2.0,250.0,16.0,16.0,16.0,auto
c1d05d28dad5612edefcf3106e4276fc,2.0,15400.0,61.0,61.0,19.0,auto
b3793f4676bdf327ca34c40d236ee2b2,1.0,2363.0,26.0,10.0,26.0,auto
179527fe0673815dff87ca83539b0c58,8.0,400.0,24.0,4.0,17.0,auto
d842f3ca1facabd1a2d292b593dc8517,1.0,50.0,16.0,5.0,16.0,auto
e8c221d6e4cc4e52388be533deda1740,6.0,600.0,26.0,16.0,18.0,auto
e9ecd4439d61af4f3d00acb52d5314b1,1.0,600.0,20.0,20.0,20.0,auto
2a71952901bd77a33530d79a65b13747,3.0,100.0,16.0,6.0,11.0,auto
77b00b27cdf648f59626359c392cee1d,6.0,650.0,40.0,5.0,40.0,auto
34a7ef14a5e7901f4a1d52e7b543c9fe,3.0,450.0,16.0,5.0,11.0,auto
fa80471d26662bb653b2286e4b735a5a,4.0,25150.0,63.0,63.0,38.0,auto
343822490e45c4d1d286b343ce41e634,2.0,950.0,50.0,10.0,30.0,auto
efd7af8312533d58ccb5ac26304dd3d5,3.0,220.0,16.0,10.0,13.0,auto
d92239d375e7626174b8545ea884b504,1.0,480.0,27.0,8.0,14.0,auto
ea6d336eee5645b36bd18f202f90c58d,1.0,50.0,35.0,4.0,26.0,auto
6be9d272e87bb43e70975434eaff3ea9,3.0,550.0,16.0,21.0,18.0,auto
04574f4bc055655311e798b4e277b9af,1.0,800.0,18.0,13.0,16.0,auto
7f0340808fbbaa6d3a3122e72a394795,1.0,500.0,50.0,25.0,35.0,auto
d75a0171edd3ca57da180fea05c00485,5.0,16700.0,78.0,4.0,47.0,auto
c8d34c6111572ae311ff44e17a0fa81e,2.0,150.0,24.0,2.0,17.0,auto
da023890ca0515244ea89dc905faceba,1.0,300.0,20.0,16.0,19.0,auto
296c8a36af881fa6e05b1266ed08b10c,5.0,6150.0,78.0,4.0,47.0,auto
bf4362fc31d8f9821d9e8f3f9adca705,1.0,4950.0,40.0,25.0,30.0,auto
327f871cb112db4bbbbf9dfb390b7374,2.0,800.0,17.0,21.0,11.0,auto
5ceafdc1d838f693f92b8c2d8c3bdc86,3.0,200.0,30.0,20.0,20.0,auto
28d6d6a10ceb0636ae572e7efafef612,1.0,250.0,20.0,20.0,20.0,auto
3f49f9bc923b6444dbfad29c569d7cf3,1.0,667.0,21.0,17.0,17.0,auto
986b5076dbde32c7078395545cf40657,1.0,1900.0,45.0,20.0,45.0,auto
0d9e040b938001c020cc395f7ee87ce7,1.0,100.0,16.0,10.0,16.0,auto
6f04cbb6917432bdae4cdc802436f090,2.0,100.0,16.0,10.0,15.0,auto
136bcac25276c164961c1fea9c7b48ac,6.0,3700.0,35.0,15.0,30.0,auto
1ab9dfe894998cf8d80b24faa69b3c5b,6.0,3900.0,47.0,19.0,23.0,auto
911e953e7bd4d3a93bcc0354e12d2b96,3.0,450.0,18.0,6.0,12.0,auto
0d04a8284bd80aba2723d62bdb330b4d,3.0,150.0,20.0,6.0,14.0,auto
9703986ab6085218deac513b71fe9b5c,6.0,400.0,26.0,8.0,16.0,auto
9e054ea2f5ebbccf726cdbd0b9b00267,2.0,200.0,20.0,10.0,20.0,auto
245269defe4105aea93d92bc62fb983d,1.0,2900.0,33.0,25.0,60.0,auto
c2fcb87c4c426b677d85cbc8c7e75f3e,2.0,3500.0,30.0,30.0,30.0,auto
225d62bfb53c4e74ed7d30d1fed23fb5,1.0,350.0,24.0,4.0,16.0,auto
94ab89bbeb920c479a0a9ed200c77274,4.0,150.0,25.0,15.0,15.0,auto
cf37036bec6f6d8639d1cf0ac3f1d04e,4.0,750.0,20.0,10.0,16.0,auto
5fde2352cd9bb03105487d89242a0549,2.0,1100.0,16.0,16.0,16.0,auto
d68e8addce6282d07c77214c6acc8885,4.0,200.0,16.0,9.0,15.0,auto
59526429f5ef2fd355737bd1883f7856,3.0,700.0,25.0,25.0,25.0,auto
fc6d90a253003d53136e1b444beb55dc,1.0,1400.0,102.0,29.0,29.0,auto
05c11568c221bcac5790a8720019d141,1.0,19100.0,40.0,40.0,40.0,auto
5856763b975347ea6ea65dc890897b0a,3.0,24300.0,61.0,61.0,37.0,auto
2307240c5347bb41a709a1ab8e38b5ff,4.0,2150.0,28.0,28.0,38.0,auto
594381e7d3cde69f13070b6ededd9e46,2.0,750.0,35.0,10.0,35.0,auto
c971d649c40781eec263978c8b5b192d,4.0,500.0,68.0,16.0,32.0,auto
1ad9044807206037c43c93a5d891e016,6.0,3900.0,47.0,19.0,23.0,auto
4cac1a12a6fe9ffba4a9556dbe582e28,1.0,200.0,16.0,5.0,20.0,auto
59e9e55854bde29f3942510af639b7d1,5.0,325.0,18.0,13.0,13.0,auto
72b4b2eaeeba10703a63a5f639315366,3.0,1800.0,30.0,30.0,30.0,auto
24fcd474105d95d2002f38f0cacf87ee,1.0,700.0,16.0,7.0,11.0,auto
236b6ad1fbcdd18244aa773558d42b6d,5.0,100.0,24.0,2.0,17.0,auto
811ea06b526cf16fd375cbabb9b8a99f,5.0,1200.0,16.0,9.0,31.0,auto
0b1c9f47ac2b26c6bc77bebf7362eb40,2.0,200.0,27.0,8.0,14.0,auto
9dc05b7cad3f00567b4bed57c1da1122,1.0,400.0,24.0,20.0,19.0,auto
2885ab45425766e3ed00f482e247c336,2.0,1900.0,34.0,40.0,19.0,auto
13b604480efd32bdb45d23fc99a1a1ee,1.0,480.0,27.0,8.0,14.0,auto
c896aa5b12fcfbb05d648eab1240f407,1.0,450.0,48.0,8.0,14.0,auto
9fab8bd1f9c69cf2301b8ad3bec47480,6.0,250.0,30.0,11.0,20.0,auto
11b0cf6be60c190c8485edd39f8f9dd3,1.0,151.0,19.0,16.0,16.0,auto
fbc27ebd87bc38f09e41f1d062d116a7,6.0,2000.0,30.0,25.0,30.0,auto
5a6849f9db912b68be72145d959d61d2,1.0,100.0,16.0,10.0,16.0,auto
eb3a1741e7422e1e9778cae59ed55bac,6.0,4875.0,56.0,11.0,32.0,auto
df985d02c8caa424d0e47cfa6d94f838,2.0,6742.0,34.0,22.0,24.0,auto
278b8ea38bf4c3a68bf163611d775a58,1.0,50.0,32.0,2.0,24.0,auto
0d12d1b700e15453260b6cbc961c04e8,2.0,50.0,20.0,4.0,14.0,auto
2698eadbfb4a6a81efc7b04d78febe17,2.0,5375.0,81.0,16.0,36.0,auto
22c7191da97262f0f39de80e1951dce2,1.0,100.0,16.0,15.0,16.0,auto
ace4686a281385c082500437e5e73b61,5.0,2700.0,28.0,7.0,20.0,auto
f6af9afab66b4968cf9c27dcdfc42047,2.0,200.0,16.0,18.0,11.0,auto
511dbadd5cfefd835e705f38eabedd12,1.0,758.0,36.0,15.0,17.0,auto
c025fc620500ff6e9d4a169cb7aff42d,2.0,500.0,32.0,16.0,16.0,auto
07544775a63940d28bbc20d835ddd781,1.0,3850.0,45.0,20.0,45.0,auto
4d77aea6b8a42eee8016944ab10c440c,3.0,29150.0,56.0,15.0,36.0,auto
43fc98441bf3bd68602dd4877adf4c1e,3.0,500.0,16.0,21.0,18.0,auto
43c603a90cd6fa3056c5def766f44d23,3.0,200.0,16.0,2.0,11.0,auto
15080188e14924ee2c15f19fd258c0eb,2.0,250.0,24.0,18.0,18.0,auto
10a96b8c9e62f372aaf40bf8ec897a75,1.0,1100.0,85.0,20.0,20.0,auto
9e28a904bf99a4b3d1548580a906b3e7,5.0,11200.0,78.0,4.0,47.0,auto
0d1b16618de7d0c6143e934ea38619e0,1.0,20050.0,80.0,40.0,40.0,auto
98d2c6e0a869b3c95ad74c736933fc9e,2.0,400.0,17.0,23.0,12.0,auto
c452ed78936fa240d56b35bc146be876,2.0,12500.0,47.0,46.0,20.0,auto
c8a4cbaafa1f0579063ec64cf40ae153,1.0,150.0,25.0,10.0,16.0,auto
2ebf6091e855569170c684ada3a284e5,1.0,200.0,18.0,3.0,14.0,auto
b5841e1059b5b0513b7f03b6646e7229,1.0,2550.0,35.0,20.0,20.0,auto
86dbee9634f9942db02e1ac5bc7ded58,2.0,100.0,16.0,16.0,12.0,auto
1d45133e5ec85143be37faec0435c957,3.0,2400.0,31.0,31.0,29.0,auto
e0b6956a1860dc425aab39707b0044af,1.0,1350.0,30.0,5.0,20.0,auto
ac69f0bde551e0558dead5f71f7c70e3,1.0,800.0,45.0,5.0,15.0,auto
bee3d6c79ae33673a922fc3d823673c3,2.0,900.0,25.0,25.0,25.0,auto
62a1ce72d0ae030be91a89a46480e1f6,1.0,680.0,21.0,19.0,20.0,auto
fd0065af7f09af4b82a0ca8f3eed1852,7.0,3000.0,35.0,20.0,30.0,auto
aad6f87ee5ffce657b9b3729187be36b,2.0,100.0,24.0,2.0,17.0,auto
2f52d0d10362af85da6cc7f901832523,1.0,200.0,20.0,10.0,11.0,auto
20a3c5e7a7b340a10612559c2a03f68c,6.0,6325.0,56.0,11.0,32.0,auto
06a83883ffd4aef6c74413f718761d94,1.0,1050.0,26.0,40.0,20.0,auto
c72f0f0d0be7fe294b65260e211ba21e,2.0,5225.0,58.0,17.0,23.0,auto
4474a2121d9953d2bf1f492f8e252991,1.0,600.0,24.0,18.0,18.0,auto
c863f578eb77e9238bfc0db8d0ffa3c8,3.0,200.0,16.0,7.0,16.0,auto
a4754d4ccde0d779725e48b8815b7f34,6.0,6950.0,47.0,19.0,23.0,auto
dcfe33bfae82bed3b1d9a7d15197f5be,1.0,192.0,16.0,13.0,13.0,auto
12be4f822f8c79fe04570eddf648695c,3.0,7150.0,26.0,5.0,20.0,auto
ba0116e95a6ef870fe70282c0dc56dfd,2.0,350.0,17.0,21.0,11.0,auto
04ea859686940874c6f624314a14070a,2.0,500.0,20.0,10.0,20.0,auto
aa864f45a26bbc494d37ae12b0065222,4.0,50.0,16.0,7.0,11.0,auto
8839acf227b922877d3c49fe5267af61,6.0,6975.0,56.0,11.0,32.0,auto
089447f48055194b36dd135e1a353cff,1.0,1050.0,34.0,10.0,34.0,auto
6ed58ce8373b3d0c7704df9daf21e4d8,2.0,2100.0,95.0,25.0,20.0,auto
e5e0c45564bc74a85e8e51968fdefa8d,1.0,1800.0,45.0,20.0,45.0,auto
23418e5faa9e642e928573220878a432,3.0,100.0,24.0,2.0,17.0,auto
5aa8137e4896e7f017ab4d84c42cb784,1.0,2550.0,100.0,16.0,19.0,auto
d720657d6b64788e2b9e29f9a07f5797,1.0,16300.0,50.0,30.0,50.0,auto
6e29f8de1ad465c1fa275aae299fa98b,6.0,3850.0,47.0,19.0,23.0,auto
26a12b3d4eba6fde626917648eec21e2,2.0,4037.0,47.0,29.0,32.0,auto
362fe881d98a8832ec0152f279f8577c,1.0,2940.0,48.0,19.0,16.0,auto
6139fa69b55f0d2940a87602dd20892d,2.0,100.0,24.0,2.0,17.0,auto
ce891a437cca2a74ce779a2b4c279881,1.0,11200.0,40.0,30.0,40.0,auto
e6f1f7e12ef3f7c254164e35be6420db,4.0,300.0,21.0,4.0,11.0,auto
98fb14af0b841908695e1e8b4db1f4f9,5.0,1500.0,60.0,8.0,33.0,auto
a91c1a94d83d36316c44e00e738607b1,1.0,1500.0,30.0,25.0,30.0,auto
5ccd6416950084e5a8653a4a0e5eaaa8,1.0,350.0,16.0,11.0,11.0,auto
09738baf9be60e4c294fa5d0bfcc690d,1.0,150.0,22.0,3.0,15.0,auto
d5d2996be7ea70ca1415d20e220436a4,5.0,1900.0,30.0,28.0,30.0,auto
ce0a7865b299f784a6ca12dac0ec8649,2.0,550.0,50.0,10.0,15.0,auto
4bac95150f13c65038a253fc979aa9fa,2.0,350.0,25.0,25.0,25.0,auto
93313b383b80d53b94696afeb5dd2749,4.0,1075.0,53.0,8.0,25.0,auto
3e71aff24a7ddd21185c3d41ecd9b335,1.0,5000.0,45.0,10.0,45.0,auto
d40414fc3936fb5397809610f19ccbad,1.0,1200.0,20.0,15.0,20.0,auto
ecc10f919e8a150d1307eb88417a3d22,3.0,2250.0,20.0,4.0,20.0,auto
3ab4b1931a4bb6cbef302ea76254e850,4.0,250.0,20.0,20.0,20.0,auto
d7c65e924390c7178852ac0275e1022b,4.0,300.0,16.0,6.0,15.0,auto
d654b576d9c9844bd7f6468421a38f48,8.0,2600.0,20.0,40.0,40.0,auto
aba9cea5277910afdc1ad5dec5583e1b,5.0,4300.0,78.0,4.0,47.0,auto
560aa6044750b7511a18e5ee9aaffa17,4.0,300.0,16.0,6.0,15.0,auto
db3eeacbf61279de941b24d74d39e7ef,3.0,2550.0,34.0,7.0,17.0,auto
0c94697916cc03dfc45581f1e3d96c10,4.0,63.0,21.0,2.0,15.0,auto
1b34988d6060d833cbe3bf2bdeeb67ab,1.0,3000.0,20.0,30.0,30.0,auto
735bc5b144baa5f37d59ebcfd20a6310,4.0,104.0,14.0,10.0,15.0,auto
4bb72c0d466766c287b67e15fb8121dd,2.0,350.0,17.0,21.0,11.0,auto
72df28d8ca3bac553951ff33e4f57ca1,3.0,700.0,16.0,5.0,11.0,auto
4cae700683e540b8fe2cea0ab7e75037,1.0,350.0,19.0,7.0,15.0,auto
1ceb0f188c42888c33459e15c22b2c8e,1.0,250.0,25.0,25.0,25.0,auto
e59ab191143aa47319536c1fb16c507f,3.0,8500.0,62.0,62.0,41.0,auto
2a7841348f24a00ee83641784f88f9b4,1.0,100.0,16.0,6.0,20.0,auto
6cd26b425f717a6d9202bc287c9d5e6d,6.0,100.0,24.0,2.0,17.0,auto
32d058f0f2989cd05c927c0f481a1e43,3.0,550.0,16.0,21.0,18.0,auto
76f520fa5e8912001989fa3fd6530d94,1.0,250.0,16.0,20.0,11.0,auto
11147e87671eec98729e98e8e38c868b,1.0,8650.0,48.0,24.0,45.0,auto
85cdaad7591c6b04ee56edf0a4407a5a,3.0,150.0,16.0,3.0,11.0,auto
edd20240c53344e2b0706e2d2b09eae3,1.0,5000.0,67.0,20.0,23.0,auto
284baaa8749f5600668aa5e042689bfb,1.0,183.0,17.0,8.0,16.0,auto
df4fd40ed581541a23712510b6ef6588,1.0,800.0,24.0,17.0,17.0,auto
9d90d49f34e41063f6dfef45c7db750f,4.0,1000.0,16.0,5.0,16.0,auto
ade1e672b7fac77461fdd5d77612e45b,2.0,1400.0,45.0,15.0,20.0,auto
d9f29c5e92ade1d2ed40235c56445b58,1.0,26400.0,78.0,78.0,27.0,auto
d8722b339cfc97d60ea267aaab121c39,3.0,875.0,60.0,8.0,33.0,auto
033c52084417b98d716d863d8bd11fba,1.0,600.0,30.0,20.0,20.0,auto
ea6617ab48bb467d615214e7de71c864,1.0,300.0,20.0,3.0,16.0,auto
1d682cfba05647a5231ac20cd77e6645,1.0,6525.0,65.0,11.0,65.0,auto
86a11a09edde2267675505fc4d56d9b0,4.0,1600.0,30.0,30.0,30.0,auto
fc931a514a3e080c336911cccd59145b,1.0,679.0,20.0,17.0,16.0,auto
f515fd230dbcf58eb6b51e4b4e0bd4e9,3.0,400.0,30.0,10.0,16.0,auto
cc64f28b5d156587d478b9b1a876340e,2.0,7900.0,40.0,40.0,30.0,auto
18293e0552a8e74489e917364868e1db,5.0,300.0,20.0,6.0,13.0,auto
2fbd6c502ff27429087a4e30355f37ef,5.0,2525.0,68.0,9.0,36.0,auto
198f4a07b346797ac244a9fe3486d17a,1.0,5900.0,16.0,4.0,11.0,auto
23d625ed972ea9221c3d375ae3f15bef,2.0,50.0,20.0,10.0,16.0,auto
da97969972a524bca894f97ea6bcff90,2.0,400.0,35.0,4.0,25.0,auto
d8d1c2e1313006e0fc3c1ab62345c4a2,1.0,300.0,24.0,18.0,18.0,auto
c88cad677da134defff6855386125e28,1.0,4275.0,38.0,10.0,25.0,auto
6028c36df6f8a6a2132fce658e934a06,1.0,250.0,16.0,16.0,11.0,auto
cd6f5e7edabe54d6d5841a8d003b410b,3.0,100.0,16.0,7.0,16.0,auto
3513bbea7a2bd5526aa2be8f2f898a70,2.0,1400.0,42.0,5.0,42.0,auto
c3fc73c51e52d3432a4e57ff9ecca467,3.0,4250.0,37.0,17.0,32.0,auto
586ed8ba92c9133464f6e44a7686ddf1,1.0,150.0,32.0,2.0,24.0,auto
fbed7bca664c2d2d9a1412223f7c8aeb,1.0,600.0,30.0,30.0,30.0,auto
1c67a5b38f02f622f19229fac2a07c33,2.0,1888.0,105.0,15.0,49.0,auto
c69dd9ac363d46d6e2ce4b11a0ee164b,1.0,4475.0,56.0,31.0,34.0,auto
dcd4a3a2a42be1d09bc29d39ff24772b,4.0,100.0,21.0,2.0,14.0,auto
7adaa0b5d993f7bb16b13d385d131929,1.0,4100.0,70.0,20.0,20.0,auto
dcae59c653ba99aebddbd821718e37fe,1.0,2050.0,65.0,25.0,25.0,auto
5ed39c3cfec7336d6b641fd71befc491,1.0,2550.0,35.0,20.0,20.0,auto
4390e4e834a8679a940d6795b52b5e58,6.0,8175.0,56.0,11.0,32.0,auto
522f7a0f8944ac27a74436210e112821,3.0,2100.0,24.0,2.0,17.0,auto
a21ff4d1a65a23c7e676469d24434a00,1.0,4000.0,41.0,17.0,32.0,auto
0312536dd9e1c1b732d2b8ff5c3181d6,2.0,600.0,35.0,5.0,35.0,auto
5ad067c2cc9aa18ee03b9ccb5dbd8f8b,3.0,200.0,22.0,11.0,16.0,auto
cd58b9f614170d691ae0b6049f842894,1.0,200.0,25.0,10.0,25.0,auto
fc8895b553fa05e3c996f020da54ef8a,1.0,526.0,21.0,15.0,13.0,auto
25f57c88d67a6e65ff2eec180c03a4cb,1.0,70.0,24.0,10.0,15.0,auto
678d94b37302bea8e20690b80838f239,5.0,900.0,23.0,7.0,38.0,auto
5b910c27c3eae423d146869b0392b4a7,1.0,7650.0,95.0,16.0,30.0,auto
de5a06d0d4cc5fcc6e384d789bb0d7cf,5.0,1050.0,30.0,5.0,20.0,auto
8f15675458988055bb1a108cc82b4b3b,2.0,4825.0,99.0,33.0,30.0,auto
7d48ab65665b044e63b15f274c6d7dca,5.0,3350.0,78.0,4.0,47.0,auto
1803e81cb6baee466165678dec256407,3.0,350.0,30.0,20.0,20.0,auto
3360da0bdc5e96e78beaade20beeefa4,6.0,100.0,16.0,6.0,11.0,auto
c0aed8767e46cce56e77db0ceef83035,5.0,500.0,16.0,16.0,11.0,auto
c397f1164e9f4e6e47328af65a5e485c,2.0,3600.0,17.0,13.0,17.0,auto
d5e5687ec64971ca08d943ee02f38233,1.0,2200.0,20.0,20.0,20.0,auto
321630bb4ad7a86b816ae01396ad58d7,2.0,12100.0,61.0,61.0,21.0,auto
1c2343e8f516d16e590d499476a026f3,1.0,250.0,25.0,20.0,25.0,auto
cf88e5bfdc37eafcb2130a618e815438,2.0,1800.0,34.0,40.0,19.0,auto
c8b5147de7ed25abf301f8138d4d07c7,2.0,1200.0,35.0,15.0,29.0,auto
8c1af0f9f41be02ab50d309e6d634c26,5.0,4300.0,78.0,4.0,47.0,auto
0b9eab47f340cb0354b04f84b95940f9,1.0,100.0,32.0,2.0,24.0,auto
bc166ad2b244b9d4eec97208498b1c07,5.0,1750.0,30.0,30.0,30.0,auto
dd0be1eeb74ea648c62f9ec86921ae08,5.0,5600.0,78.0,4.0,47.0,auto
89ad4d91b311611f135ef67426267ffc,1.0,1800.0,22.0,5.0,22.0,auto
faa445166ca307f7436e1d84d68a893d,3.0,3500.0,37.0,19.0,37.0,auto
11b55fb352612d128f0acbd129bb917a,2.0,1867.0,21.0,18.0,19.0,auto
009df2b0bc078648fc4f5898de8cabff,1.0,23250.0,50.0,20.0,20.0,auto
f834c914dc444ad2b175ff2a6f1ee1c7,1.0,2500.0,35.0,20.0,20.0,auto
32419eeccb0c6d8e9da9d62b9221757f,3.0,100.0,16.0,4.0,14.0,auto
ec3fafb13c7b9f49df72c75171046cb0,3.0,3500.0,22.0,10.0,22.0,auto
d7e07e9115cc56616d76a46cbc3e7c60,9.0,100.0,33.0,2.0,23.0,auto
cd89ce90d4c33b04851f90bcf1ec521a,4.0,1550.0,68.0,9.0,43.0,auto
4d153cd0e49c232e55168aff53489c07,1.0,2500.0,54.0,12.0,40.0,auto
ac2c77058e1e5ec1eda726fe7358ef2f,1.0,2238.0,40.0,15.0,14.0,auto
e307200b995cf8d99d85db7d09e4ba00,1.0,61.0,21.0,2.0,15.0,auto
706949f5bda149a2807ebcdeb114edc4,6.0,5350.0,53.0,43.0,11.0,auto
1647c3a7ca962b86bad1f87a895f582d,1.0,350.0,20.0,15.0,15.0,auto
22f80c8069aff9c90b22803e6aec51f5,2.0,200.0,20.0,5.0,13.0,auto
489885ef5a88dcef73d4c22e2f500ae3,1.0,100.0,30.0,10.0,20.0,auto
b7491cfca821bcb21fb9ddc21c76fc68,1.0,100.0,16.0,7.0,11.0,auto
1e60a2f0e5358868942697d1494f0b72,1.0,650.0,18.0,14.0,14.0,auto
c9ed8f8e0e3d2e630cace0ab50c5c94c,1.0,100.0,16.0,10.0,15.0,auto
803f77475e1b51b47f1bfec4f2ec353f,3.0,350.0,17.0,6.0,20.0,auto
c720882f86c24eb747a91aeff4b891c2,1.0,3300.0,57.0,57.0,13.0,auto
c384df04227582c085d6524937a3768a,2.0,21800.0,60.0,60.0,20.0,auto
4091b0553ca1ac3b1aea20e0f387c54a,1.0,7320.0,53.0,53.0,19.0,auto
52e1126012d5713a3e7c701308355457,1.0,250.0,30.0,10.0,18.0,auto
f999580a69ce2d199677c5b6a5472aee,1.0,1150.0,16.0,25.0,12.0,auto
ab179cc7995218e02464b11790b4b267,5.0,1500.0,60.0,8.0,33.0,auto
16078eb07519685083510f372565ddc7,4.0,300.0,16.0,6.0,15.0,auto
89e53f7e4890b10cd3fabafe0e4c2989,1.0,5475.0,65.0,12.0,65.0,auto
5e41aec274955a3f044a67902798af2c,2.0,150.0,20.0,15.0,20.0,auto
f99ce7013aa19ada4d59500e664e8a53,4.0,300.0,16.0,7.0,11.0,auto
d9933dd922fa78131c80a6987a707f9a,4.0,300.0,30.0,11.0,15.0,auto
c9599b4c6945cfb6df065039bf5f1555,2.0,200.0,16.0,7.0,16.0,auto
a9d1cb8af08398eac9706fecdfd3fea3,1.0,200.0,20.0,6.0,17.0,auto
b82a987ffc1edc22d67ca94ccb4750ab,1.0,600.0,105.0,10.0,16.0,auto
893457b85c57941d73e5e016da350ddb,5.0,5950.0,77.0,4.0,47.0,auto
b8077b05c6b4d89a64114fd0c71d0097,2.0,1800.0,30.0,30.0,30.0,auto
56c6b095186f42a6a50e222f1e2b7577,3.0,50.0,16.0,5.0,11.0,auto
40534ea2efd1f3066025b854f1682021,1.0,500.0,16.0,9.0,15.0,auto
f336f2eef2b1cae6d1d6c1f9fdfcf141,3.0,550.0,40.0,20.0,30.0,auto
e45647e5c15c782d396aac4b74154c06,3.0,2950.0,25.0,15.0,25.0,auto
afdcebff326be8196c01b6ac2758fce1,1.0,300.0,16.0,3.0,11.0,auto
a88d7a0d11f1f620053197f94584d6d2,3.0,375.0,17.0,7.0,12.0,auto
ac305a1e7e7b958e961fd896ef1395c4,1.0,350.0,20.0,15.0,15.0,auto
18ebcd64f3cc11d18509c67b886c64f9,1.0,400.0,20.0,8.0,17.0,auto
c8a3354f3676a68d1d990112ee5f2b5a,1.0,100.0,21.0,3.0,18.0,auto
ddcdacf74586b9dd116c64a5ae448f23,2.0,900.0,16.0,57.0,15.0,auto
a659cb33082b851fb87a33af8f0fff29,1.0,150.0,16.0,6.0,11.0,auto
1234e5d27a954d308ea9c87d8106a8df,3.0,11450.0,61.0,25.0,45.0,auto
3e6c4215625c463bdeb0cba3ec9ceb01,6.0,5100.0,47.0,19.0,23.0,auto
2e0a1c70d32cd53538dba96b8cae229b,1.0,150.0,25.0,20.0,25.0,auto
47ac1c318ec3ad95a8c89005e384f6e8,2.0,600.0,30.0,30.0,30.0,auto
1309e677b68af1ad09167cf712dc0de4,4.0,2000.0,68.0,9.0,35.0,auto
ce3e4366349f6a16dd3732471e3c2697,5.0,450.0,27.0,16.0,27.0,auto
3c6c586873c519088ed25e7e28362bad,2.0,450.0,25.0,25.0,25.0,auto
2e5c0bb27fdd53873a033938b91ed656,4.0,2700.0,20.0,40.0,40.0,auto
568e52d4c670b4d5130bae2dbf211c40,1.0,1675.0,63.0,9.0,63.0,auto
1b30d1c25bb529469aa0c83e326834b4,1.0,2500.0,33.0,27.0,26.0,auto
db8d62bf1bf1d2dd880c99b88ebff3fb,2.0,350.0,17.0,21.0,11.0,auto
04fa587378a8e74c3b0acc00efecc93e,2.0,14900.0,32.0,47.0,38.0,auto
ae89da88eb55261881375b12d5cdcda4,1.0,3375.0,103.0,23.0,27.0,auto
8b79df7bdd69663fb86eec7b7bdaa927,1.0,200.0,25.0,7.0,12.0,auto
fdb33d3471c9183b30cea8b7b34e4880,2.0,570.0,15.0,10.0,14.0,auto
cf67ebdec22e11186b2129b5852f981b,2.0,1550.0,16.0,10.0,20.0,auto
60061c870d0d52a2c5bc678d56538fdd,1.0,12200.0,62.0,62.0,19.0,auto
57c02c48a650103c03cfa86b8b67b7b9,3.0,700.0,16.0,21.0,18.0,auto
fe6e5de30335f28d5c71820661ce4019,4.0,200.0,16.0,7.0,11.0,auto
d1e76288230900ffd92f91ef0fe1b509,4.0,800.0,16.0,10.0,16.0,auto
5ae7943d5ce738386050e944a06f9603,3.0,500.0,20.0,20.0,20.0,auto
e72e59338050d312832e22ea7aedc0fd,1.0,14600.0,27.0,27.0,27.0,auto
77d86f9e64c28aa93e3d46f4047646d7,1.0,450.0,16.0,15.0,11.0,auto
3a09301261a624d18ce3c338fbe9d225,1.0,600.0,16.0,16.0,16.0,auto
23f91e3d76be3938bfad0ff292392502,2.0,4500.0,24.0,19.0,18.0,auto
db38d1338de679229f55fcf762f63d7c,1.0,2775.0,60.0,21.0,25.0,auto
be7e1eebdec8d6a9842ebf1c2c2c3dac,4.0,1300.0,32.0,50.0,27.0,auto
9c47a6decf56cc98020990e11f733ccd,5.0,10500.0,78.0,4.0,47.0,auto
73c92dd0decac87c55334f6ae653ad36,2.0,550.0,16.0,21.0,18.0,auto
cb3eca8ad99e38bf5287d408960623d9,5.0,250.0,16.0,6.0,15.0,auto
a6cef514bc1c722ff447863e87e4d77d,1.0,1500.0,105.0,7.0,25.0,auto
8a6bebed424788f0e8e407bf8789102b,1.0,650.0,16.0,10.0,11.0,auto
4a6321f64a44128094dd02ba6cf07262,6.0,6450.0,47.0,19.0,23.0,auto
3a7494d56b0e60a130d628caffc99d3f,3.0,400.0,17.0,21.0,11.0,auto
3b2cf6f48e64f1b64c75b8dcabc8655b,5.0,1575.0,68.0,9.0,35.0,auto
15eb9e69b64370ff66882a2eff037862,5.0,3375.0,72.0,4.0,46.0,auto
6186e311c6a52e7438c538015e82cda4,1.0,283.0,17.0,9.0,14.0,auto
8edf8f0889f2cf40d743f3b983aebd3b,1.0,1700.0,30.0,10.0,60.0,auto
3eee0fd6b877331481b1ca94b2c77319,3.0,2400.0,35.0,15.0,35.0,auto
04565ebccdd3c4acc43789823458d6a8,1.0,400.0,35.0,15.0,25.0,auto
f10384f43083c71548cfe45cb5f21943,5.0,300.0,16.0,10.0,16.0,auto
1b28754d4c3737f9655d4a27c118bcd5,2.0,2800.0,30.0,30.0,30.0,auto
7ae6a30460946f90c6365ff9c6c36fcf,5.0,5400.0,78.0,4.0,47.0,auto
77a399638eca91f6fa1a508a30e01565,1.0,600.0,30.0,30.0,30.0,auto
cf16b26e6da6ddbd92767757bfc96af6,1.0,100.0,16.0,7.0,11.0,auto
966123de13ad29f76b83d5f9752405f5,1.0,150.0,16.0,10.0,15.0,auto
f205a345ee16cad441a50241e820286b,5.0,5500.0,78.0,4.0,47.0,auto
441cab1deea761934372ba090ad7cc24,4.0,5900.0,28.0,14.0,28.0,auto
24905035adec59d4ab5a46c13973ef17,3.0,100.0,20.0,20.0,20.0,auto
4e3338174342c9d868255b062718111e,5.0,850.0,23.0,7.0,38.0,auto
1f46e84d4c98952d675fbd9bf529a96c,1.0,200.0,18.0,3.0,14.0,auto
a3235d403e3602c84e7b11e9359133dc,1.0,250.0,23.0,3.0,18.0,auto
84937bc75b42166135cebb022d7b262b,6.0,9250.0,56.0,11.0,32.0,auto
07d78aaf21af9a0d738b9da323e3571d,1.0,7200.0,71.0,9.0,71.0,auto
cf7a7b66aacf1f397f944fa689f6af82,6.0,4100.0,60.0,15.0,25.0,auto
0526bcd59b4bbb167f8a4e93d56c0a07,4.0,100.0,24.0,2.0,17.0,auto
40940f4039980878d9798bcc63d8b11e,3.0,4300.0,16.0,79.0,48.0,auto
2820a0ee65a765e5dbb7ef1da30d2f4f,2.0,1525.0,27.0,23.0,24.0,auto
46e6a376635208ea97d2fbf75e002f7b,2.0,400.0,16.0,7.0,11.0,auto
9571759451b1d780ee7c15012ea109d4,1.0,1400.0,20.0,31.0,30.0,auto
e20b58fe57d487f33247e6cc1154eb9c,4.0,1200.0,20.0,20.0,20.0,auto
35fedf44451bf3020fd3abaf5827d41e,5.0,1600.0,25.0,9.0,17.0,auto
629e019a6f298a83aeecc7877964f935,5.0,1750.0,30.0,30.0,30.0,auto
697b581688dd771021a47554cbff8f94,1.0,7200.0,64.0,9.0,64.0,auto
5ea3a4fc17bd1341eeea4716d481ccfa,2.0,6800.0,65.0,25.0,25.0,auto
f7b99d8ce1193a2e5979b3c1584a5d08,6.0,3800.0,53.0,43.0,11.0,auto
633610a66bd9c0ecd11d46bf42c4ea80,3.0,6500.0,38.0,20.0,38.0,auto
1d9fc0078db05f802e870d7601042c29,3.0,75.0,20.0,2.0,15.0,auto
84bfcd816fd74a36bfaee19837bb4b38,1.0,2500.0,30.0,20.0,30.0,auto
a427f68e3f088a7063c2c577537076fb,4.0,1375.0,32.0,30.0,28.0,auto
20f6c06bf31cde013ae7f2429468abc9,1.0,480.0,18.0,8.0,14.0,auto
515778ec4dcf81869530fe93e6710ef8,2.0,100.0,16.0,10.0,15.0,auto
dd1d87b703e4d762b3ecbb5146295361,1.0,279.0,15.0,10.0,17.0,auto
5b17fc881ead1246f09b897c7027ae83,6.0,50.0,24.0,2.0,17.0,auto
99993da1a1a645e779c9b8ab09b09f30,6.0,7575.0,56.0,11.0,32.0,auto
0c79aab7a6a2449f932887fb3c8d0127,3.0,250.0,18.0,9.0,14.0,auto
56bebf1fde63ae23809cc2fae7f9574c,3.0,850.0,16.0,21.0,18.0,auto
969658926980bc36e0ed615132724ac7,1.0,210.0,21.0,17.0,23.0,auto
7bba94ded780db46c857a6ce6db81c5a,2.0,50.0,16.0,2.0,11.0,auto
9a5393d4713520f3751a62e79de3dfbe,4.0,7600.0,45.0,14.0,18.0,auto
78152208e4708853eaeab9e516855314,1.0,100.0,20.0,15.0,15.0,auto
bc75afcd6671acc797fb53a6835c83c8,1.0,1100.0,40.0,30.0,11.0,auto
de5ce39f07b1fee65546f145ae25e3be,3.0,306.0,28.0,15.0,15.0,auto
187b442eb4df48574faa31381921991f,2.0,800.0,42.0,12.0,42.0,auto
ff90ba6020fbb7d7f56613e213e9dc57,1.0,3400.0,62.0,9.0,62.0,auto
f84d16882251975d1c1d1c64d551c330,2.0,5700.0,97.0,3.0,47.0,auto
17f1ed2a8b51d7dfdd9fec1ecc1c9abd,1.0,600.0,20.0,10.0,20.0,auto
e17f3829efe631232dabc33c6ab9109f,5.0,6875.0,64.0,5.0,39.0,auto
5ec1f2abfcd415baea5b1729d4cc5f83,3.0,3550.0,21.0,16.0,16.0,auto
b8d33fa8d1aa09f4adaf070e0db3a5d9,1.0,300.0,20.0,15.0,15.0,auto
b0d541ceb681bc48e1d5994bb7d8c9de,3.0,7600.0,56.0,15.0,15.0,auto
0a50b90cd04b45578ebf8bcf22c0ee09,5.0,5600.0,78.0,4.0,47.0,auto
9934888916de3bff6437a425052717a0,1.0,300.0,20.0,20.0,20.0,auto
78d0688c7b88b87da70a7c498c82a1df,1.0,250.0,16.0,7.0,11.0,auto
1b405b8c885afa80810433526fc2c5ec,1.0,600.0,18.0,9.0,13.0,auto
c6053fedf40a0bc4b96372c4fe9e14dc,3.0,500.0,16.0,10.0,16.0,auto
c5c1c5b904f5571d76dc3f494d3440bd,6.0,5200.0,36.0,28.0,28.0,auto
cea23cad4e8ca9963c82fbc9412741db,2.0,4750.0,61.0,21.0,21.0,auto
3ac618d307e5f58f1cb1f8b5e7195a28,3.0,100.0,24.0,2.0,12.0,auto
b770fdfeb3598c315c74c881afdeacd7,3.0,255.0,16.0,12.0,14.0,auto
bec1568108b711661a6705a5033d2a30,2.0,100.0,16.0,10.0,16.0,auto
0c9ff9d8ed9b9bdd825487b3a66e05f5,1.0,7225.0,61.0,13.0,61.0,auto
76bfc9b1b1f332cfe28e1480389a38ca,3.0,3050.0,25.0,25.0,25.0,auto
b19f31153ada341c1bb333ce98063562,4.0,256.0,23.0,16.0,18.0,auto
c824a04d73390d152e4a9f0f97717cfa,1.0,950.0,33.0,27.0,26.0,auto
367871ca2236ba02679d121c50db7265,4.0,1100.0,26.0,34.0,42.0,auto
a020875cf9c4c5bfe783c703db493afe,1.0,50.0,32.0,2.0,24.0,auto
89a728cf89ef556b073f4464fc07e9f6,2.0,650.0,32.0,10.0,32.0,auto
7f10c4dc56e0a914b0552b6c3ab524c2,1.0,1910.0,23.0,19.0,24.0,auto
64c8bc3ebf6cc99d1a734c908961c8c8,1.0,4900.0,69.0,19.0,41.0,auto
a819714dd23a6ac18b1be2b13686017b,2.0,100.0,17.0,17.0,17.0,auto
6bbec39677851d73c72b2e8f256f34ad,6.0,450.0,16.0,4.0,11.0,auto
82cb5444a7fa36cbee9efc91935e1bb5,5.0,1800.0,30.0,30.0,30.0,auto
32bcebd1122da0e45ac11739dd7a1cad,1.0,11800.0,48.0,22.0,48.0,auto
d383c8cc29297315bf72d05f57604055,4.0,550.0,40.0,7.0,15.0,auto
d67212d63e76d57ee86cec463681f842,1.0,640.0,16.0,11.0,14.0,auto
edb307d307fdaefa425bc809d3f7d265,4.0,1700.0,30.0,30.0,30.0,auto
719b8a11c153b5a391bd4cd11f0dc273,1.0,750.0,16.0,21.0,16.0,auto
e9c9e9756631b640ec4eed3342168d72,2.0,6050.0,40.0,30.0,30.0,auto
17061c6ca6aaab457074d9f12c1882e6,5.0,3400.0,78.0,4.0,47.0,auto
ee1bdee36babaf588660e8cfcb330199,1.0,1850.0,33.0,27.0,26.0,auto
7b123554850fa548f45e478a4726ac55,5.0,2550.0,68.0,9.0,35.0,auto
3067b5855ac067ee874fe042b19c1c51,1.0,5900.0,73.0,14.0,38.0,auto
18290697e1929309b3195d2931c91b09,1.0,2313.0,45.0,11.0,32.0,auto
c3fa41b1f851451aaea66f41ebf170d1,1.0,600.0,16.0,2.0,11.0,auto
61c3baf8e492c73dddd8f0d972e1646c,5.0,4850.0,47.0,19.0,23.0,auto
75a0da72d64d961e5ad456641416fa20,5.0,5025.0,64.0,5.0,39.0,auto
efb23bb2d728864f9d7d3cdad802ca87,2.0,2950.0,30.0,10.0,60.0,auto
48b84ebeb242a7c1b410848b79d4f22b,1.0,6250.0,55.0,35.0,30.0,auto
99c86b937a9cbafc91d89bef3f5b7747,2.0,4575.0,41.0,10.0,21.0,auto
faa51d5c696ac870bc1ec1c6d3691c15,1.0,1650.0,41.0,19.0,41.0,auto
90ecafcda7c811f567aff494b2981812,1.0,123.0,18.0,13.0,17.0,auto
31d976f5306d3408e3d41d670343495f,3.0,2600.0,25.0,15.0,20.0,auto
6978fe95a5bf7452bfef0fee43f55ce8,2.0,767.0,15.0,5.0,10.0,auto
09ab4881a3f3ec7ce2749c3023260358,1.0,1075.0,39.0,6.0,26.0,auto
95a6ad831088e19c94a25f818c805c0b,1.0,1350.0,35.0,15.0,29.0,auto
2362d3d1782889c8759aa6ace2c73aad,1.0,6100.0,30.0,25.0,25.0,auto
217acb8d395f2dba1228410a1bf20d29,3.0,200.0,31.0,4.0,21.0,auto
07c410d85cf66a03da15b92f2d03d583,2.0,825.0,60.0,8.0,33.0,auto
e9b0d092db44ec2704a9cb87a907a434,1.0,900.0,30.0,15.0,15.0,auto
93278713f25024bcab2ce87921bf8b87,1.0,9950.0,60.0,30.0,40.0,auto
972d4aba7eb9ba03a5b7950751f11f60,1.0,150.0,16.0,10.0,16.0,auto
e877aa9e6e517f9df1e3e8538b8cc37f,3.0,500.0,16.0,21.0,18.0,auto
34604421b410aa74270f4309503a4338,5.0,1350.0,32.0,28.0,28.0,auto
159ec57903b1ef5807cc73ebf66d12c6,1.0,100.0,20.0,20.0,20.0,auto
1dec4c88c685d5a07bf01dcb0f8bf9f8,3.0,17600.0,49.0,49.0,23.0,auto
72a7abb58f57aa1680a07562ade95368,1.0,9000.0,65.0,42.0,40.0,auto
67a7c7243c0585ccc44471b5a5c115e9,3.0,20650.0,63.0,63.0,40.0,auto
e764a0e054d222ca26ec572007ef1951,1.0,2000.0,50.0,30.0,30.0,auto
2a49ec12c4a8acae6944c72a19359a5e,2.0,350.0,25.0,25.0,25.0,auto
a41d69926dcf58caff228aa637ffea2f,1.0,200.0,16.0,7.0,11.0,auto
793a96e3c85c5553d7a9ab25dcf370d3,3.0,16250.0,56.0,15.0,15.0,auto
08a1cab088839a625f5e2b0c85abcff5,6.0,6200.0,47.0,19.0,23.0,auto
8376fe38d749084ec4df862c696311d7,5.0,950.0,42.0,5.0,39.0,auto
7c1ed5098b2fe8445fa6a4853da78c21,8.0,1550.0,31.0,24.0,24.0,auto
6a459bd9608a1b384d6cb4c79aaa83e2,5.0,22200.0,61.0,61.0,41.0,auto
6f20930691e0163bb23c9570a1a98402,4.0,1900.0,30.0,10.0,30.0,auto
0707319aaf1dd0612c0004f6cff320f0,1.0,6200.0,60.0,30.0,40.0,auto
fea526cd827b9e8ef83d3e3beb1f3db0,5.0,1525.0,68.0,9.0,35.0,auto
b41bc92e95bff65143623215ead52dba,3.0,1400.0,30.0,30.0,30.0,auto
3e10f7dde736e1e7a0af0264f84f12da,4.0,50.0,24.0,2.0,17.0,auto
d3895edeadbcdbc93e47abf37d03f97e,1.0,5275.0,40.0,25.0,30.0,auto
a8d32fcfb65fc140cd58623a0d1688bf,1.0,7850.0,89.0,21.0,26.0,auto
f1c63584865d7d4f292a49a10f238c9b,2.0,1883.0,99.0,27.0,27.0,auto
8dcbe1c268314dc0f6df3ca28b5b43ee,3.0,150.0,16.0,5.0,11.0,auto
5146f2b949beebf6e49d0c9dd0985666,2.0,200.0,19.0,19.0,11.0,auto
98224bfc1eaadb3a394ec334c60453ff,3.0,50.0,16.0,10.0,12.0,auto
850f537929d425dbb9459865fdc41fbd,1.0,1200.0,40.0,10.0,40.0,auto
8fe3fb275f0151a5bc2e1580d05e0f8f,2.0,2017.0,46.0,8.0,33.0,auto
752855b7d128a75a28fa2ea9341e51bc,1.0,3300.0,42.0,19.0,25.0,auto
b5641c74eea110ac8212198d20058114,1.0,3300.0,71.0,2.0,60.0,auto
c78fe06bf8820aaf7ccbe38f2a7f5a76,3.0,550.0,16.0,21.0,18.0,auto
6dfd0c9e5bf2bfb8e1222fe5d416d1c9,6.0,5800.0,56.0,11.0,32.0,auto
eeb185c268c344e2308a3eca19154cee,4.0,150.0,16.0,6.0,12.0,auto
02064a5bc5d3656476e9dab151c69989,3.0,450.0,16.0,5.0,11.0,auto
cee18ecddce7a005f805eaae4e1d160a,1.0,350.0,20.0,10.0,15.0,auto
6435535083cf42eb1ce5d96f2c4d3482,5.0,4400.0,78.0,4.0,47.0,auto
fb8d7cbaede34c7601b2d5a283287d49,2.0,200.0,31.0,2.0,23.0,auto
05fd551a225783b6a2b14d1e3d1a6372,1.0,250.0,30.0,11.0,16.0,auto
c4b26e2f54cd0c158b3a8928968c80c5,5.0,1850.0,30.0,28.0,30.0,auto
106ebc8f9982193679d02a4584947b89,1.0,300.0,16.0,2.0,11.0,auto
7ba2e13e168f62391e3f2e9c946bc2be,2.0,350.0,16.0,9.0,16.0,auto
bf4a2b62685e6934498ffa6d8b5885c1,1.0,100.0,32.0,2.0,24.0,auto
31c8ebd6dc2e12cfd9fde8eeaa32f36a,1.0,700.0,32.0,12.0,22.0,auto
26916902eb5c31bdf6ba01894c3ff7db,3.0,150.0,25.0,25.0,25.0,auto
dc68f155e986fb3c7550ae1c6800149a,1.0,450.0,105.0,10.0,16.0,auto
38ec77783936fa7f33d24dc56a46eca1,4.0,250.0,23.0,12.0,15.0,auto
23183e8f6ee8b057ef5dd6fe16525ab9,1.0,100.0,21.0,2.0,15.0,auto
05fb84a7689847058e6b9e9dbd7a6c06,1.0,2775.0,29.0,27.0,18.0,auto
9446c80fe62e667a43387750f8a8f6d0,1.0,1200.0,85.0,15.0,30.0,auto
af4ac0dfebf1f96903c52fe25a51e6d3,5.0,1350.0,60.0,8.0,33.0,auto
672ffb2231575afa70f7fee73fe400a1,1.0,23200.0,16.0,2.0,11.0,auto
dbb58fe2ee04b51f23e257a03e006da8,4.0,150.0,24.0,2.0,17.0,auto
0e9ccf7f1a20862f5726769dfe55043f,1.0,150.0,16.0,27.0,15.0,auto
494c9e9cadda96141fec59b218afc773,5.0,16700.0,78.0,4.0,47.0,auto
b0d4c8d4b891a9d7b09ab18111338e9f,2.0,4550.0,48.0,18.0,43.0,auto
17e18b0c88a853dd6de3e48a7cfa9d9a,1.0,700.0,20.0,10.0,11.0,auto
8b75356a402f017bf41f1000d514f942,5.0,550.0,30.0,3.0,11.0,auto
fb081b5a825e6503771ad43cf0e59dfc,2.0,100.0,17.0,5.0,11.0,auto
f6453858964de0e03cbc5ceeef4e6ebd,6.0,5050.0,53.0,43.0,11.0,auto
0e52955ca8143bd179b311cc454a6caa,3.0,700.0,16.0,5.0,11.0,auto
64d67d69ec57113ff99bbaab62ac1c53,1.0,2250.0,16.0,25.0,11.0,auto
25c0a95a596a4dc18b5dbfe4529ec550,1.0,954.0,22.0,20.0,22.0,auto
c4fde94eab39fba350fee41d60ffd8f9,1.0,1100.0,26.0,40.0,20.0,auto
5a70be99a3cfa4c98cb636c42fc32635,4.0,100.0,24.0,2.0,17.0,auto
75e28951b0290f7f1e69d609c9ae55cf,3.0,850.0,60.0,8.0,33.0,auto
ab7b628864c6935e8c1f1e993bbc4c81,2.0,800.0,55.0,7.0,27.0,auto
44b4230f8020e880f0a7d9113a2af369,4.0,1900.0,41.0,45.0,11.0,auto
56b8c5868253d83d15e717ad0e027365,4.0,100.0,24.0,2.0,17.0,auto
03973c875a4653e663aede2c46a957f6,1.0,2550.0,35.0,20.0,20.0,auto
bff8e92614de3cad72017feb6c6a3294,5.0,5925.0,73.0,4.0,43.0,auto
1027d3061ac141bbb2ea003c63dc3d66,6.0,5950.0,53.0,43.0,11.0,auto
ec43cd2a8e402d3a2f01f4404e717a37,6.0,3850.0,47.0,19.0,23.0,auto
0e996644bf2835621ca00f6f86c4c521,2.0,100.0,16.0,5.0,11.0,auto
a05cb51baea18a96afc106768b3f5e6e,2.0,700.0,35.0,15.0,20.0,auto
a019a033dc14cb9c338e4adf48706932,4.0,300.0,16.0,4.0,16.0,auto
c71b272a9d3fdc479b5684a3d48fd8a6,2.0,7450.0,40.0,30.0,30.0,auto
fb3b0e9c8d99008c78174e748b84091e,1.0,900.0,16.0,6.0,20.0,auto
818c2f4d29b94c0600bbc109c6fa0efd,1.0,100.0,25.0,2.0,13.0,auto
2b404a26ab8bb829250810315a2af34f,3.0,3200.0,42.0,19.0,25.0,auto
b375da7781299a4e3ad98187c0bf4044,1.0,27100.0,50.0,50.0,50.0,auto
f5b91c093029354e949006768a87b807,1.0,600.0,30.0,30.0,30.0,auto
38fbdbd0a9be4733e29cd1afe360e23b,1.0,500.0,26.0,3.0,16.0,auto
8e8be416148735cd89189a866eaa5925,6.0,3550.0,53.0,43.0,11.0,auto
26ef5c7fd62e0e6334083bb274a003ba,3.0,400.0,25.0,10.0,20.0,auto
6a595ba787e397469b1a147508f361a9,3.0,500.0,16.0,21.0,18.0,auto
c53a665fc8ea6c807c7558cc28fcdd26,3.0,350.0,33.0,12.0,20.0,auto
127de0ebca0eb694783d75d96fbf7109,3.0,800.0,16.0,6.0,15.0,auto
9e93b2c4cb5eea05e75a481c129b104d,2.0,300.0,16.0,3.0,11.0,auto
6e741443e7a0707cb99e552dc844439a,1.0,2600.0,28.0,10.0,14.0,auto
9363a83d169b6f7d34b0e9d5c629cd9b,3.0,1546.0,23.0,7.0,24.0,auto
9a9f428eef4cf4c588633509b9fd1c5a,1.0,1050.0,14.0,3.0,9.0,auto
afc5c69b96f8f284a0eb2784e9f963b9,2.0,514.0,24.0,14.0,20.0,auto
982399060e81855f21f31f1102cbc1aa,2.0,400.0,20.0,20.0,20.0,auto
2cfb0bccba59b1f48db1828a7aa5a770,2.0,50.0,16.0,16.0,12.0,auto
fb4fe6c3f949da5331edd51fa1e1d3e1,5.0,600.0,66.0,10.0,11.0,auto
9f6621f95877826c7f967b6c4e7979b5,3.0,100.0,16.0,3.0,11.0,auto
169a5b175b7c1727d5654db38acda924,1.0,6000.0,25.0,30.0,25.0,auto
025dcf8f0a969c92d254bc425b380685,2.0,150.0,16.0,7.0,16.0,auto
23834e58166d8ba5ccce5463b878683e,1.0,450.0,20.0,15.0,15.0,auto
202a77df8644deb5f8006aea1e013d5d,6.0,6650.0,53.0,43.0,11.0,auto
1de471fe5a17abca787683077343de4d,1.0,4900.0,102.0,33.0,30.0,auto
e0f97314f0755610ae37a2da08937104,3.0,350.0,33.0,12.0,20.0,auto
2c695dc2939365d813861228bc70abb2,5.0,50.0,16.0,18.0,14.0,auto
3d696187f8d3543290f64ba2f7b5db9b,3.0,100.0,35.0,10.0,25.0,auto
bb1713a6219e4b6575cdd9c380638a65,1.0,400.0,20.0,15.0,15.0,auto
47dbce97622eb7520b80d26ab613414e,3.0,100.0,16.0,16.0,16.0,auto
cd064963187616d33281791cd6538171,2.0,300.0,16.0,6.0,11.0,auto
850e40acc5b9a8809677aaf1dc5d533c,2.0,875.0,60.0,8.0,33.0,auto
44989697efa3ceece037c5633ea143d9,2.0,11450.0,61.0,25.0,45.0,auto
02cd69fa0c8bfb37ca444168927c1e85,1.0,750.0,16.0,15.0,11.0,auto
a7662c5405b825fa922c200b82df17bf,4.0,350.0,16.0,16.0,16.0,auto
95d826ad9085b17f440392512675699f,3.0,225.0,19.0,14.0,16.0,auto
3e0569568b8fa37cc1f767bc94fdc395,4.0,2600.0,100.0,5.0,43.0,auto
4d99eefee32b7d89a78915c19936c8a4,2.0,85.0,21.0,3.0,17.0,auto
9bb64a6bd98df95fcfad9599bfdd1cdf,1.0,850.0,24.0,18.0,18.0,auto
d1054515aecf11efda64e378cc9a20f4,2.0,260.0,18.0,6.0,17.0,auto
27777fe4174b166a89d2359ba1eeec7b,2.0,10300.0,54.0,57.0,20.0,auto
706b14052b57d3bc3b9eb631ac7ab443,2.0,450.0,30.0,30.0,30.0,auto
020a80cb704bf65f38761fcedf2af192,3.0,800.0,26.0,9.0,24.0,auto
e332952ba1987271652c62433c823a91,3.0,250.0,16.0,15.0,16.0,auto
be8a95ba31630bd608a46cb9c42c8b5d,3.0,150.0,25.0,3.0,14.0,auto
6cd94c0fee122c8f6733f6de2bdbab97,6.0,500.0,16.0,4.0,11.0,auto
1263e0be5fffc8e194d03bee6893eb7c,5.0,4300.0,78.0,4.0,47.0,auto
e27ee8db52a19bcbd0129dbbd2286d69,1.0,350.0,20.0,15.0,15.0,auto
0a540d39a147c5937238e5126403c892,2.0,300.0,25.0,25.0,25.0,auto
e9cd877ece530798c06b7f8d31b631e3,3.0,367.0,17.0,12.0,12.0,auto
ee8a9e48919f38bc0f3af2416718b854,3.0,620.0,17.0,12.0,15.0,auto
e2d5a7fd80336373b539d5a4220a9ace,5.0,18000.0,50.0,20.0,20.0,auto
5aaa1448f415af8897b81e7a1d959284,1.0,5450.0,45.0,20.0,45.0,auto
7ac91bd6ae5eb819e8f9df0a8e066249,4.0,120.0,17.0,11.0,14.0,auto
0185f302dc17abf603edfe7929a0120a,5.0,10600.0,78.0,4.0,47.0,auto
5c75915e4a74994308fe805cdbfbf5f5,2.0,100.0,20.0,15.0,15.0,auto
2d71e17205833ea157f7408ebb3f3229,3.0,372.0,24.0,15.0,18.0,auto
988a221d27cc482916fd66cd3662ed69,1.0,633.0,20.0,13.0,16.0,auto
27156b97658943acbc27073b5e3a3e9b,3.0,1750.0,33.0,27.0,26.0,auto
f9eb3d4735a873ed48d15dea16183664,1.0,1100.0,24.0,18.0,18.0,auto
c1a06e885e363ce94a917ac747be25c3,1.0,550.0,30.0,5.0,20.0,auto
5dc080b3e2c10d388f9a73fa2a49cfb3,6.0,5850.0,47.0,19.0,23.0,auto
fe8f341b1e20d2b1135245c3400a6e53,1.0,3550.0,35.0,20.0,20.0,auto
06afd0d01616e40441e7f743cdc03a2e,4.0,320.0,21.0,7.0,14.0,auto
8ec82b20020236063c807e2b9fa43bff,1.0,1400.0,50.0,20.0,30.0,auto
4af81c9413dcb40e03e2a1bc15a6448b,7.0,133.0,18.0,2.0,14.0,auto
9174e9c6706591455d3422ce4f91a685,1.0,800.0,20.0,20.0,11.0,auto
74e5e7c0ad09d8fec4d30c75a70a7799,6.0,1650.0,30.0,30.0,30.0,auto
4e5ec6703d421384313fb8279f1d3a0a,6.0,6225.0,56.0,11.0,32.0,auto
5dc679875a22e865ee1d7bb2f88786cf,1.0,300.0,20.0,2.0,60.0,auto
a7846339a3f354c6c2b07085eea02c96,1.0,100.0,28.0,2.0,11.0,auto
09c85a316aae843ab464c8c55d6f8b80,1.0,850.0,25.0,25.0,25.0,auto
48ca75f9775562a7c9b696daa1677fce,1.0,8600.0,31.0,31.0,31.0,auto
73abf6f6dfa98d1d04760f4cc1370b07,1.0,3700.0,30.0,7.0,25.0,auto
7cd6ba4cdd2990810313f9e049ec8c68,3.0,2300.0,50.0,10.0,50.0,auto
bff799c85e5634f63ec5c505220d1cde,4.0,250.0,25.0,15.0,20.0,auto
a50acd33ba7a8da8e9db65094fa990a4,1.0,4105.0,67.0,10.0,67.0,auto
1f44a842567301d9eb5c36641e17480f,3.0,600.0,16.0,21.0,18.0,auto
777c635c0e75758c283037a6ae684c20,4.0,600.0,16.0,14.0,13.0,auto
b4af6057abfd298e3bddc365a8fe14ed,4.0,1500.0,40.0,6.0,28.0,auto
89d845908f978f6a8d8b8779ef177216,3.0,14500.0,40.0,20.0,40.0,auto
d3dab476808b0678b819ac0427903efc,6.0,8550.0,56.0,11.0,32.0,auto
6a277fb171b6c40f04c0bbb51751b03b,2.0,1450.0,35.0,15.0,29.0,auto
fe61253e50ad6ee9f1d180da22ce5eef,5.0,1050.0,18.0,22.0,20.0,auto
15908820640cd392b3655fb94cbbc0a8,1.0,1475.0,23.0,9.0,13.0,auto
4638e41e1c53018897e12edbb2815807,3.0,10700.0,40.0,20.0,40.0,auto
a81e6e4ca394f33cd5a0c89188baecb8,1.0,3800.0,35.0,20.0,20.0,auto
76ce2d2f67361c55ac7b28fc2f10dc8c,3.0,700.0,16.0,20.0,11.0,auto
9e9a222ec8c28d9ab56658263c17f16c,5.0,1150.0,20.0,20.0,20.0,auto
b5cc4a8daa5a8b1a4832c03bf74be255,1.0,1700.0,30.0,30.0,30.0,auto
cd98aa29e19c49446df63da64454db07,6.0,1900.0,40.0,35.0,20.0,auto
393d0083cfbd985699f8b7aeecc572fb,5.0,100.0,16.0,10.0,15.0,auto
25d2c18566cb8238ee65ecb9ac0f701b,1.0,14100.0,68.0,18.0,38.0,auto
eaecab4f1bb8bf56071cf32a8d561d61,3.0,200.0,35.0,10.0,20.0,auto
435fc681f12d221baf2257621262018b,1.0,900.0,40.0,4.0,30.0,auto
6e3e56ba6f1c01a2dfd039f63cb03585,1.0,100.0,30.0,10.0,20.0,auto
cea3e34396621bb2677f5969c11316bc,2.0,1350.0,61.0,8.0,30.0,auto
2800ef620d36d17df9b1adb26cc56a9d,2.0,4600.0,102.0,33.0,30.0,auto
4cbe01e6e8b6d49ce7880528c00b6c31,2.0,3800.0,39.0,5.0,39.0,auto
0fb817c334895944db8933eac77bbc0a,2.0,100.0,16.0,2.0,16.0,auto
e44da8bcf401b9dfbf66372802e16d7b,1.0,200.0,16.0,6.0,20.0,auto
926059cf1853879e8f148194b151ed49,1.0,11500.0,60.0,60.0,19.0,auto
d2ccecca43a34313f3599efaa858e73b,5.0,300.0,16.0,16.0,12.0,auto
05d0558798a718f6f4658acd8b0e65e1,3.0,1550.0,37.0,10.0,36.0,auto
d38a6b2305a426ee95a1b270cafc39f1,3.0,1600.0,42.0,5.0,42.0,auto
e2ea268601d73de5126e2616e00be1cc,2.0,100.0,16.0,8.0,16.0,auto
840621ddfa6fe5736e2d5b9e621caa68,5.0,1550.0,68.0,9.0,35.0,auto
b1418867113446b20f726f21d7b041e7,3.0,150.0,19.0,19.0,14.0,auto
37c3932ee8a101cbabcfc597e92c26af,2.0,50.0,16.0,16.0,12.0,auto
bac1b0a58ff286c6d4107ee3910fd68d,3.0,17250.0,61.0,60.0,36.0,auto
c9fc5ecd15b368991441c9f12d4cff43,2.0,2550.0,30.0,30.0,30.0,auto
f5d5fa2bc95883494c61ae05a351348a,1.0,1000.0,40.0,40.0,40.0,auto
a550df17ed1c77a28e91a9276bfbd1bd,5.0,1250.0,30.0,30.0,30.0,auto
c664c542e1b5e86f3d912200595894c9,5.0,800.0,20.0,20.0,20.0,auto
05ac001cdcd6e4a3cc1563efbc5a25fc,3.0,400.0,16.0,5.0,11.0,auto
ca06834d20745807bfae7f2184f67df8,3.0,3200.0,26.0,3.0,24.0,auto
503976dd917f8133babc4f0492a0e938,3.0,200.0,16.0,15.0,15.0,auto
40678c9096047877fa74a25cc6f0a726,2.0,500.0,40.0,40.0,40.0,auto
47b79f5ea10f53895fc25eecb71a6d03,1.0,75.0,21.0,2.0,15.0,auto
b787c12c9291d3450c6ea976b298946d,2.0,50.0,24.0,2.0,17.0,auto
daca0700540caccd14072597536e3632,1.0,650.0,22.0,13.0,12.0,auto
2135fcbb25adcdcbe1b910622300a508,1.0,100.0,20.0,15.0,20.0,auto
5233802c90651b80bc4ed98158a68823,2.0,150.0,16.0,6.0,11.0,auto
122ed0b5404fb93c07b3d35c99e8aaa9,6.0,4750.0,56.0,11.0,32.0,auto
f20a671609c09d3fb85a16e0eff0bc9d,2.0,5900.0,65.0,25.0,25.0,auto
017e8dcb2e1a468d46e6e80fd694c5ec,5.0,1150.0,55.0,12.0,35.0,auto
be4fa7795030e85bb9fe8285405515fa,1.0,350.0,25.0,20.0,25.0,auto
37f16294a0035a70b970ee3365bb1382,5.0,2500.0,33.0,27.0,26.0,auto
487cc4260ca851ec6cc283db8d235fc2,3.0,350.0,20.0,15.0,20.0,auto
addc4d1f7d82e1b6c5ba37d6559ac127,3.0,300.0,16.0,21.0,13.0,auto
c6c3f359bed2ca70506331f0a05d9c06,1.0,900.0,16.0,16.0,16.0,auto
4444290d1f0ec9579d5b21dc589251c0,1.0,4150.0,68.0,12.0,68.0,auto
f81a1edab43cbf08299503316612bacf,1.0,8400.0,61.0,13.0,61.0,auto
4532fa1bbe47099ce5c9e2313fb9bf2a,3.0,130.0,17.0,4.0,14.0,auto
7adebeebd22a2f3271bdb33ebe37caaa,5.0,2000.0,68.0,9.0,35.0,auto
e9ac2b2354311e87d669d5b722995010,2.0,200.0,21.0,7.0,15.0,auto
c941e81ce9fde807c2747a28fc360206,2.0,225.0,22.0,20.0,16.0,auto
82ff6972ccf4255e24cd470d8fd8b539,2.0,1900.0,33.0,27.0,26.0,auto
d013430a166249e4ec5bd775dc4f38a4,3.0,1600.0,20.0,20.0,20.0,auto
969b36d05b717529934b42457917f64b,1.0,1350.0,28.0,10.0,18.0,auto
c69ee3d090e5c25f7e8633b164fc001b,1.0,3566.0,63.0,9.0,63.0,auto
54caa022e792f1ce31d4a656cecaa802,1.0,200.0,20.0,15.0,15.0,auto
0168e1b28d8e55a515928cf656eff0a4,1.0,950.0,22.0,19.0,19.0,auto
5f63102603ddd84556a92387a9821ea7,3.0,150.0,25.0,3.0,13.0,auto
54bb9fd00671278ced24d05aff1d08c9,6.0,4800.0,47.0,19.0,23.0,auto
9c7f6d8c7ecb53b1ded940560fad344a,1.0,50.0,20.0,2.0,15.0,auto
4b1bf508b7e2b27e8472c16d7f189909,2.0,2800.0,40.0,16.0,40.0,auto
d537774a80c3bc2cf77097b801b7a88b,6.0,9025.0,56.0,11.0,32.0,auto
243bb58796ed2164b831fb75e1241888,7.0,300.0,16.0,7.0,11.0,auto
0af008d54027e80d31d8dcf4b5c68447,4.0,12000.0,80.0,25.0,25.0,auto
d868de628136c17db3f48381a8ba3c69,7.0,3300.0,43.0,15.0,27.0,auto
7e8067e7e5ce7aec0e2cb7c1a456d112,4.0,350.0,16.0,15.0,16.0,auto
77b8df1769ca65b7d8beb835ba31d297,6.0,1500.0,50.0,5.0,50.0,auto
de6d0adf871d95106b89b444a2481fe9,2.0,1950.0,19.0,19.0,14.0,auto
573aa554222fd2492482fd6b91c7aa3c,2.0,7100.0,30.0,30.0,18.0,auto
2582fbe637afdcd03817b1b16b78fd60,5.0,4150.0,78.0,4.0,47.0,auto
ed6e17c5f34a20c7569b6ac2597ee223,1.0,30000.0,105.0,20.0,50.0,auto
cda286f50f4576f72f1028b38870aedb,1.0,2700.0,60.0,21.0,25.0,auto
05b9a00b36b50edaea8de91b8c19fc22,4.0,400.0,21.0,8.0,11.0,auto
079b4f19f1705ffc39bdceabfa7fe7ad,1.0,2550.0,37.0,28.0,27.0,auto
7a0686c0403abe1a703aaaa9ecde289b,1.0,100.0,32.0,2.0,24.0,auto
8ef86f236353bc972e7a03f033f45c19,5.0,15100.0,77.0,4.0,47.0,auto
94f15e8886549514cccd357241a7f985,4.0,1250.0,16.0,21.0,15.0,auto
416fba9ef5d1150086cac6feae860c7e,2.0,2450.0,25.0,5.0,25.0,auto
51f34083de64e6e8bd820c7e05a5a0d6,1.0,150.0,16.0,6.0,11.0,auto
c89d56249360d5953b2b290cf0773d5f,1.0,300.0,20.0,20.0,20.0,auto
cf06bd732f93e9b3780b28268b740d8c,2.0,700.0,20.0,5.0,20.0,auto
51e89a221ec560ac25f5745f5d855c20,1.0,850.0,35.0,11.0,16.0,auto
1a4231697a4cb8eda8d5f1eb97e85733,5.0,650.0,16.0,10.0,11.0,auto
6b5eb8d183cf59e028117fbf4a43b28c,1.0,2850.0,90.0,25.0,35.0,auto
49b624365d1b55a1747aedf255a15e62,3.0,1775.0,32.0,28.0,28.0,auto
b88eb82a396197f720eee0aef2f7dfed,1.0,4550.0,35.0,20.0,20.0,auto
f2e2678188e0f3bc983dd3935f69b746,1.0,13900.0,40.0,40.0,40.0,auto
4f52a8aaedc1bc20a039d8430efaad8a,6.0,950.0,30.0,10.0,13.0,auto
d3c4c77b75d9e3c3d4ee9b1e40591b04,2.0,183.0,18.0,7.0,13.0,auto
b7ee4f73c0c56e60a43be7989149c089,3.0,500.0,16.0,21.0,18.0,auto
3597f6d6e2ae78b39559cfa20eb3ddd4,1.0,200.0,16.0,7.0,23.0,auto
fef4145d5309c82cd34bdfe608dd323c,1.0,250.0,16.0,6.0,12.0,auto
f1aa9d01a0ddad2937f722cb61abc03f,2.0,50.0,30.0,30.0,30.0,auto
ca3f06758a5c1f826803c6839d39b541,2.0,1050.0,50.0,20.0,40.0,auto
d3e43faeb92b20d373f87088a03ac642,4.0,100.0,16.0,4.0,12.0,auto
a794505b7d66eea7dbd7d5649881ffb1,3.0,9050.0,60.0,18.0,50.0,auto
8d027132a8818b4d661e9d83778f8bd0,1.0,250.0,16.0,16.0,12.0,auto
c476f7ea19b96cf3e65bd83d88439250,4.0,1650.0,30.0,30.0,30.0,auto
7b67d49bc14fc6014038578cb4eca3cd,2.0,1450.0,20.0,20.0,20.0,auto
843c3f321cc992f9a1a3c6319fd568f2,1.0,442.0,14.0,15.0,16.0,auto
7caa58187056ad4df082a6f3fddad4d3,1.0,1000.0,41.0,16.0,22.0,auto
97bd5e603c7e17162d39c2b06331184b,3.0,400.0,17.0,21.0,11.0,auto
6fc029e77559f1864748702ba9f3c1fe,1.0,50.0,32.0,5.0,20.0,auto
ad979ca019f5e2520379fc28f6bc8968,4.0,300.0,20.0,15.0,20.0,auto
d96cd2197b0be40a66b1279c910e0921,4.0,250.0,16.0,6.0,15.0,auto
83ee94d59dffaab56d55b5766c6d1211,1.0,400.0,20.0,10.0,15.0,auto
b316b3aedd7d2e26569a318e2611e6c0,4.0,2300.0,20.0,10.0,20.0,auto
45b42440056964d53e9b978450ad535c,8.0,200.0,23.0,3.0,16.0,auto
6bac381488034edfa2a43705f3e9dd6a,1.0,400.0,30.0,10.0,20.0,auto
ad0d30ec12936a73b7b5b21c15d48963,5.0,4400.0,78.0,4.0,47.0,auto
a40bc1fd66ba099f6aecbbd947705d95,6.0,4800.0,56.0,11.0,32.0,auto
ef59f328cef34c7b309bb12e86b6418b,1.0,3250.0,20.0,22.0,26.0,auto
c7963f30536d39f982fe6af66ab3e89b,2.0,100.0,20.0,6.0,17.0,auto
3ab4f9477c417aa9192c704e752d2bc4,3.0,500.0,16.0,5.0,11.0,auto
af64ef75bb87ced49e08b2f278bd8bb8,3.0,8150.0,34.0,18.0,16.0,auto
3d73c88390adac7dd50fffe6c00f1022,5.0,1850.0,33.0,27.0,26.0,auto
081ecfd29d91be2327fbd9c03d2f33de,3.0,4400.0,25.0,20.0,20.0,auto
bffaf1f457823d803fd2df7bacfe08dc,3.0,12500.0,43.0,29.0,67.0,auto
d31604dc8480ff739e226bdf88d5000e,1.0,200.0,34.0,13.0,26.0,auto
8dba47f3d8e05cb5a5d260541143fd19,3.0,6650.0,17.0,69.0,53.0,auto
6bdd2265a037dcd0b0823144b0043912,1.0,500.0,16.0,6.0,11.0,auto
1f276c0b550d51ec77e9414aa6c45d74,3.0,550.0,16.0,21.0,18.0,auto
289362177723f2505d906c104bb67de4,1.0,100.0,16.0,10.0,15.0,auto
c2468c873ecd80413fb425d0db4b602b,4.0,2550.0,99.0,20.0,50.0,auto
4bb7155e3b9b96ca2696edc357ea8dde,5.0,900.0,32.0,7.0,29.0,auto
ac3a18cb748cfa51f5b61945ff693d91,6.0,500.0,16.0,9.0,31.0,auto
fc6c38ee7759b0a92503910745aa9ef0,1.0,1700.0,45.0,20.0,45.0,auto
6c4e8db600904b7200ebf7774c28ae9c,3.0,550.0,16.0,21.0,18.0,auto
28e9bae875be608d290966c72d2d7f73,2.0,100.0,33.0,27.0,26.0,auto
3061f22c23c762d693442f90db51471a,1.0,100.0,16.0,10.0,15.0,auto
c8312b9c77a603a21b51c4b8c8928433,1.0,1000.0,20.0,5.0,16.0,auto
e56bb0a7dcfab136084df40bd40b5e51,3.0,1125.0,19.0,11.0,14.0,auto
7028a44b0270870c714820467bfd941f,2.0,900.0,16.0,16.0,16.0,auto
61e329738b9e981ce72423df7d858028,4.0,1400.0,30.0,10.0,30.0,auto
5a4ad40b009d7b9aed160df860afffec,2.0,725.0,60.0,8.0,33.0,auto
da0d0ec65596b1f14ff4c5d40bcdb452,2.0,250.0,20.0,4.0,16.0,auto
dce7d5964fd84b401af7d9369a9df643,2.0,9750.0,55.0,35.0,12.0,auto
e10cb463dd774bbee6a9002267ff573a,1.0,13100.0,61.0,61.0,21.0,auto
736000073edfb5a7d5fc8d710e93772a,4.0,2000.0,60.0,8.0,33.0,auto
917afb4390e71cdc8adba6dfdb9523d4,5.0,6300.0,78.0,4.0,47.0,auto
5be900d0c3e1b43ac845f9ce6fd2b00e,5.0,2500.0,30.0,28.0,30.0,auto
20eec5e935bad5e35e6fd4a6af9b1a63,1.0,300.0,16.0,6.0,12.0,auto
b71bc7e6eb8878eb552d6a009097238d,3.0,1150.0,30.0,20.0,30.0,auto
16db4cae3a5ef838f492bd158ac9f69c,3.0,150.0,38.0,2.0,22.0,auto
6c0fb676338805aff0689d235f2bd3c0,3.0,1100.0,65.0,25.0,35.0,auto
5237c554fade603fbb83dcbcdadcdaac,3.0,1900.0,28.0,36.0,28.0,auto
d5280433d80f1eadab87e60292691602,3.0,100.0,20.0,4.0,17.0,auto
0b41e00d58da605465f22bde5b7cf725,1.0,11600.0,55.0,35.0,45.0,auto
e97db2f16b7a99a5f7d7452e48610286,5.0,5650.0,71.0,4.0,44.0,auto
567cf9fdc947fa7c887cae15b96eab1b,1.0,10350.0,40.0,30.0,40.0,auto
a058bd781185e59b75160f5133afad9b,3.0,550.0,16.0,21.0,18.0,auto
878c61936b5c51f321ac165750d97a0b,3.0,88.0,21.0,11.0,15.0,auto
c5b9bdfb9c08d3c2f4bdb357a3f31084,3.0,300.0,16.0,18.0,15.0,auto
01f2d77d8a63937c77c7128ce4bd2ada,2.0,650.0,60.0,6.0,33.0,auto
d3e1006ba3735c0d44160026b6e0ced3,3.0,1850.0,19.0,16.0,17.0,auto
f0146f7e7693b74880d23a452ea03e90,1.0,1050.0,70.0,30.0,30.0,auto
0673601d65d060a5c4b5652cc18e3db8,2.0,837.0,18.0,19.0,24.0,auto
f55802700c4c3a9dbf1a99967bc9e655,1.0,4300.0,55.0,15.0,34.0,auto
797cb0efc72192071fc68eb90ce7dd62,3.0,5900.0,105.0,17.0,19.0,auto
4ac11ec201c04d40f1e0dbc1be4cfc76,5.0,1900.0,30.0,28.0,30.0,auto
6f7df385d032846d2941c806179cc78e,1.0,1800.0,16.0,22.0,16.0,auto
3e0a5e0397b6477f6366c2dff5f0e04e,1.0,200.0,16.0,8.0,12.0,auto
b5c4b2c6b8c342b7740e46797bec3ef1,3.0,725.0,28.0,14.0,28.0,auto
3cb92605eba23721776a8a26f0e62921,5.0,1500.0,60.0,8.0,33.0,auto
dd8ca29b3cd0a856ebeef8ff057c1659,1.0,200.0,16.0,15.0,15.0,auto
f5c18148dc9783aeb37a8bc958d6ce73,1.0,1100.0,25.0,10.0,16.0,auto
6030758c474a231c434e17cfa97f951b,1.0,6700.0,60.0,60.0,16.0,auto
feb593f17c2f51af2932dbba3e99f1cb,1.0,50.0,35.0,4.0,26.0,auto
80b391b2dc6c958ef3ad34fa7ee01423,4.0,200.0,26.0,4.0,13.0,auto
8e5e831d742acedb1758e90e18974231,1.0,550.0,20.0,15.0,15.0,auto
750cf819d127191920eda79a4b6fb479,1.0,263.0,18.0,12.0,16.0,electronics
75b433ca888fe027b18dfac89a284667,1.0,1350.0,33.0,12.0,26.0,electronics
3fc3d637781e5d185455013606a6e2cd,1.0,250.0,16.0,10.0,30.0,electronics
0e40b1ed4cfd3da1962ec91913e54ba8,1.0,175.0,22.0,11.0,15.0,electronics
98190f6a2c3253d07ca86525bb238162,1.0,1836.0,61.0,6.0,24.0,electronics
3c2f792f1041177a81913a977431a99e,1.0,200.0,20.0,20.0,20.0,electronics
ce8a29973a1fed3f8d22ea5514d9ea07,2.0,200.0,20.0,20.0,20.0,electronics
ae4a8a8e8a8f8850c720e68c182b1625,4.0,24050.0,80.0,30.0,60.0,electronics
bb9aa579b534cb9d96b38fcac94759b6,5.0,750.0,21.0,10.0,14.0,electronics
2c71e9b9845634cb1ea6285a8f3cbf50,2.0,100.0,16.0,8.0,16.0,electronics
58493ca240e8c701678576a04c2d6336,1.0,200.0,21.0,7.0,14.0,electronics
2f763ba79d9cd987b2034aac7ceffe06,2.0,595.0,8.0,6.0,6.0,electronics
de907886b218bfa2e0097c1fdff81785,2.0,100.0,22.0,4.0,11.0,electronics
4834f24983a4f056e5ae64265f723aaf,3.0,230.0,16.0,14.0,15.0,electronics
165c9d7f2d58ca8e4af9381c0b0226a4,4.0,417.0,17.0,9.0,15.0,electronics
b0069f9a7b1811276378d64200846ea3,1.0,150.0,16.0,16.0,16.0,electronics
4228bf901c8db392cbffcbc1f14a13e2,1.0,200.0,20.0,20.0,20.0,electronics
9ee22e986a24607377ce379ebda2c666,3.0,16850.0,22.0,22.0,18.0,electronics
2afd040779d1ce6295b76d092b048066,3.0,100.0,20.0,5.0,12.0,electronics
afecbd7b41e981fa603c9c008f894f15,1.0,2150.0,30.0,30.0,30.0,electronics
592cc6634d2c783d297effc0b828bc37,2.0,250.0,20.0,20.0,20.0,electronics
6e9f9e5e78ff92b0c7ea485b416682b0,1.0,400.0,18.0,8.0,11.0,electronics
1a3577790b3f28eb137b105c4d62ca17,3.0,590.0,34.0,18.0,24.0,electronics
342ea5301fb0561caa90fb8e64767deb,1.0,100.0,25.0,7.0,16.0,electronics
336090aa9bdfdc02b01b154b2d0abda2,3.0,600.0,16.0,5.0,20.0,electronics
5a2a1ef8eda93793f1a4569bcdabd123,1.0,350.0,22.0,7.0,16.0,electronics
a5633cb3c488d04d36b0191dce4c8bc1,1.0,600.0,16.0,63.0,33.0,electronics
8747974bad06af6fbf0f2acf33a55ddc,1.0,400.0,23.0,11.0,21.0,electronics
08c816d9a716567bf436173ef6f5f12e,1.0,150.0,18.0,12.0,15.0,electronics
acdd408fe971bbe29a81f8febb575ffc,1.0,175.0,20.0,16.0,18.0,electronics
90948d9a060616a06ed14846f7f1749c,1.0,1767.0,49.0,10.0,19.0,electronics
3f0376e782caf27ef19342d8e5c7e6f5,1.0,150.0,22.0,11.0,16.0,electronics
6803077179d24889430188e03fafd31a,1.0,100.0,23.0,8.0,18.0,electronics
7616196b7ad03aafa01c9e501df2382f,1.0,1075.0,19.0,15.0,23.0,electronics
2a714dc40b27bbd0887215ed0cdc3bbe,2.0,3250.0,70.0,10.0,25.0,electronics
62ad9a8972411e333e16347051a98e2a,2.0,113.0,16.0,10.0,12.0,electronics
d94b74483f40a15c2f4678a59c429408,1.0,200.0,20.0,10.0,20.0,electronics
71fded7382fbf17d5b2f1c5814b6be2b,2.0,75.0,18.0,13.0,16.0,electronics
3d5813eaa9868b2c0e307e6c536ba492,2.0,11700.0,23.0,21.0,18.0,electronics
93c902b021a9e594f658ab1b0351602a,7.0,1250.0,26.0,10.0,18.0,electronics
c98bf47f7bea8f3aee82fa023786b8a1,1.0,6185.0,63.0,11.0,20.0,electronics
d558b2cfa18448af883b91439fb908ad,1.0,700.0,25.0,16.0,25.0,electronics
fa54ba82589db68838ebe0225c34f30a,1.0,16283.0,19.0,14.0,15.0,electronics
38fe0e2fa28ed26b9d47b0cd5d15bf78,1.0,400.0,16.0,16.0,11.0,electronics
66b1f09e746c05761bcaccf6339bde8d,1.0,3050.0,40.0,8.0,40.0,electronics
ffa255211c5d16ec8ebadcb5729c96ce,1.0,100.0,23.0,8.0,12.0,electronics
e12b3c9c9c2dd369393d99e021901220,1.0,403.0,19.0,8.0,12.0,electronics
1468ae815f666819cd3fa15be0cc035a,1.0,575.0,26.0,26.0,26.0,electronics
ae708dce075c96f220a0ad5adb2dc984,4.0,1117.0,19.0,14.0,19.0,electronics
02d48451331287e2bf12560d032d57a6,1.0,150.0,18.0,5.0,24.0,electronics
dddb4a3fd16bdf4c09003466f7e910cd,4.0,3000.0,46.0,6.0,19.0,electronics
915c18c67d0b3cd469475eccc0d1a7bb,1.0,150.0,18.0,12.0,13.0,electronics
0f0c4960b05d6145bbb4b348423503ef,3.0,1700.0,32.0,5.0,26.0,electronics
ff0c8d7cbe636d47cf905e12dfee9927,1.0,500.0,41.0,5.0,16.0,electronics
4b8241107656c46b2a8d89586bf2a893,2.0,500.0,22.0,11.0,11.0,electronics
d9bba71d1d1ad35925593d365a2ab43e,1.0,1850.0,56.0,12.0,39.0,electronics
0701bc9fbbb6612a2e7427a3e7ddbf6e,1.0,300.0,24.0,11.0,16.0,electronics
c414790bdf0857692c821035bc3f6a0e,5.0,400.0,26.0,8.0,18.0,electronics
7b1acf905953e320243e6d2e166d852d,1.0,150.0,21.0,7.0,14.0,electronics
a7a9c0eede9320acf479daf444835d90,1.0,501.0,19.0,10.0,91.0,electronics
ae04d3b0fa8cd38fa974ec0c4c03c5ce,3.0,5525.0,20.0,18.0,15.0,electronics
39678bc6ddb608fa59c306b78f51efe8,1.0,150.0,25.0,7.0,16.0,electronics
fed5c40c27e1c88560a9e92d82ee0825,1.0,150.0,24.0,12.0,18.0,electronics
1a3ed2c0aa5c7beccd817b6b71282e99,2.0,600.0,16.0,16.0,11.0,electronics
fd29afd700b83ec4c34fe4a5b68fc23d,3.0,717.0,20.0,7.0,15.0,electronics
e55ba61cd47a02e2b5479c63c7db13fd,1.0,200.0,22.0,12.0,16.0,electronics
98e0de96ebb0711db1fc3d1bad1a902f,6.0,1571.0,18.0,6.0,18.0,electronics
ddb73ecd2a301a87fa538fa0a33d4112,2.0,800.0,16.0,2.0,11.0,electronics
627c9ddcab5043db4f8816ce2da1d31c,2.0,150.0,30.0,20.0,20.0,electronics
2a46d3a8cb337e4c4b5db2d6df599cea,3.0,5200.0,20.0,15.0,13.0,electronics
3736d232d7b439822cdb4cfee973fba0,1.0,833.0,30.0,21.0,21.0,electronics
e1723cc3f4bc8a361b57f8c8b97959af,1.0,200.0,25.0,7.0,16.0,electronics
2c0b8a973e616502de1d80482fb9c5be,2.0,100.0,18.0,20.0,16.0,electronics
00f8c37377b038c9c791128d2f928111,1.0,100.0,19.0,15.0,17.0,electronics
3fe92971b9d5a0280651851e06ea0ef1,1.0,150.0,25.0,7.0,16.0,electronics
81310f3abbc71bf476f866abfa353df9,3.0,389.0,20.0,14.0,20.0,electronics
ed57c392fcdb758e2aae5d3b2c8abfc1,2.0,200.0,16.0,10.0,16.0,electronics
6b25f8d191ed1f5dd6689c84ed519a0b,5.0,2200.0,33.0,10.0,18.0,electronics
7046a5632fbe7baa273b14b3253e1547,5.0,3300.0,55.0,7.0,20.0,electronics
7f40e8df98cfbfbee8f953bb798fbc6b,1.0,150.0,16.0,8.0,11.0,electronics
2e830c73f28d3b8542af03cf2637dfc4,1.0,275.0,24.0,9.0,17.0,electronics
2a6d3f9c3a96e62e0ca38559cbf6410b,1.0,125.0,21.0,13.0,18.0,electronics
2b79d65ddb4051238ce31fbabc5763ce,3.0,100.0,25.0,25.0,25.0,electronics
aedeeed7f1b4f0f8be40518d70991770,1.0,150.0,25.0,7.0,16.0,electronics
0b9ee48363c794d37d5e9991d72f9b55,2.0,150.0,18.0,15.0,16.0,electronics
52a085323b6c368f0ab93e7540614992,1.0,150.0,21.0,7.0,14.0,electronics
8bab563be2e3316280e3990af91da7b7,1.0,133.0,18.0,11.0,14.0,electronics
afdcd7fb20b2bb98322d2b1400c074cf,3.0,138.0,21.0,4.0,11.0,electronics
40002041835941ae0e10b9716ab7b03d,7.0,700.0,22.0,6.0,11.0,electronics
cbdcb07438032e11d74bbb913fbcd8a0,2.0,700.0,21.0,8.0,18.0,electronics
ab1f9387c0627dd24000bfbc54fdeee0,1.0,175.0,22.0,11.0,16.0,electronics
d17a8ef6d4228318ca645116dd6bea23,1.0,350.0,19.0,9.0,17.0,electronics
c66473cee835e09bdd0edc66f628af7c,1.0,100.0,24.0,8.0,18.0,electronics
8ac24e23a102245823e640f485846289,5.0,525.0,20.0,15.0,25.0,electronics
e2336d327209ca849dca5afda036f842,1.0,250.0,18.0,19.0,18.0,electronics
dd0c5ce67727fde645d9a6c8cdc4970d,2.0,343.0,28.0,16.0,19.0,electronics
fc877e6bbeb95de8809398eca3f2a3fe,2.0,2600.0,18.0,7.0,30.0,electronics
d73cb8d2ba92e4828e16cb9e39f81dd6,3.0,385.0,20.0,8.0,18.0,electronics
75fc57fb06b1d35ea433e16ecbf5a6bb,1.0,125.0,22.0,9.0,16.0,electronics
2a3539131370b3ac020dd5f7a656a53d,2.0,1075.0,21.0,9.0,9.0,electronics
e52d4febf32212098d434438f495d006,1.0,1150.0,30.0,15.0,20.0,electronics
84304b9ce0da63381ada0ba1b05ca428,1.0,200.0,21.0,7.0,16.0,electronics
c8ae51eca4e84c8128e116c2098715c8,1.0,400.0,25.0,10.0,20.0,electronics
2e513e110e3f95926fa3d1ac44444ff4,1.0,150.0,24.0,8.0,16.0,electronics
5e14c2beea650eac6b94bc9d446cd71a,1.0,175.0,22.0,12.0,16.0,electronics
3a807175ca79ae358737db8127977d35,3.0,264.0,19.0,15.0,21.0,electronics
0df80257de6a3154415598a80718fb81,1.0,100.0,25.0,7.0,16.0,electronics
61bbe1ad333e0ba8a8d32e1f7572ca31,2.0,175.0,21.0,11.0,13.0,electronics
026ddfe4a1a29002815e6da024d6128e,3.0,550.0,16.0,5.0,20.0,electronics
4ebb24c60e2bd82a1b02baad48052d51,1.0,190.0,19.0,16.0,10.0,electronics
151ad3b5a66539bdc84cf97a7c1d38ac,2.0,900.0,70.0,5.0,11.0,electronics
c4b3162faf1aec728250f9355a476380,3.0,600.0,30.0,8.0,18.0,electronics
4c9fe5b97b8b7d5cd486f28a95cbc5df,4.0,200.0,18.0,10.0,15.0,electronics
b969a0b5d4b1c5c7458bf16c0ad407ad,1.0,150.0,25.0,7.0,16.0,electronics
bbd4255403b6c3c76836ba1c957b73c9,1.0,200.0,24.0,5.0,18.0,electronics
ff8ff756fe1137ed22300ccd2190703a,1.0,200.0,21.0,7.0,18.0,electronics
54bd78d9fbadca90785bae236a7fef2e,1.0,250.0,25.0,7.0,16.0,electronics
37cc5883abe2ac5703f1cfa3a9ec41c0,3.0,217.0,16.0,13.0,16.0,electronics
ff29d8cb1cd0cd5ea37b80dac9939e1c,1.0,200.0,30.0,10.0,20.0,electronics
a5cb33fabba1f8cdcd6fdcace71ed02e,1.0,175.0,20.0,16.0,20.0,electronics
9a5d5bbdc73537a9524d36918db668e4,1.0,150.0,21.0,7.0,14.0,electronics
610c673331ac3c4fa0f393ce5af9aa2e,1.0,150.0,22.0,11.0,16.0,electronics
1cf0c9095608952cb1c65c4789946375,2.0,275.0,28.0,9.0,22.0,electronics
6b1605ea83cf0568a56ad15afbceb806,2.0,175.0,27.0,11.0,26.0,electronics
16b1b4ab7d5e3918d20c5d3da3cb8247,3.0,100.0,18.0,14.0,15.0,electronics
f0096308129bfff1e9d11aa389fe23e1,2.0,600.0,16.0,11.0,11.0,electronics
b7f7b781db33f7f78996fea3804d6766,4.0,450.0,19.0,23.0,19.0,electronics
7d4f5c1f7ebe33c1d57bdb4fef97c174,1.0,1950.0,27.0,7.0,27.0,electronics
ba18adc40ca44b32fa25f2dd031e1d6c,2.0,183.0,17.0,7.0,12.0,electronics
75c1defd23a9893201a8bed3740168eb,1.0,401.0,17.0,12.0,15.0,electronics
2a7d1be78b464ce799d177a408e327c0,1.0,250.0,18.0,17.0,18.0,electronics
ccf4d6714c4e1c7ea8cf2783aa0373b5,1.0,200.0,16.0,6.0,14.0,electronics
fa32eab071be815c7f0717838c7d8e98,1.0,528.0,17.0,13.0,16.0,electronics
f7b6ca5735bfd052e73fa0b776070112,2.0,175.0,21.0,2.0,15.0,electronics
cf18e908cb8600dcd21a719db24c48d8,1.0,900.0,24.0,12.0,12.0,electronics
93b498aa80cf4062f0c6636c038141df,4.0,719.0,21.0,12.0,24.0,electronics
cb2047bfd317b05f62cf761708397641,1.0,100.0,23.0,8.0,11.0,electronics
a996589ecdf800089835934a0360ccc3,1.0,150.0,18.0,9.0,13.0,electronics
523af7268f3fb3b843cbae0c6b6526e0,2.0,300.0,22.0,4.0,13.0,electronics
78f8812dd6c26f65ff9cd09b0318090c,7.0,1000.0,22.0,5.0,22.0,electronics
d335945072dbe4531d77c761f7eb6324,1.0,175.0,20.0,11.0,16.0,electronics
c0b5d7ccbcf724a9ad7c8c8f6a896959,1.0,250.0,21.0,7.0,14.0,electronics
d4aa58256bbb9d82f5ea35acccf1a1eb,2.0,128.0,25.0,13.0,18.0,electronics
a632b5621f2a0e69800b6d491f5a20e9,1.0,800.0,20.0,20.0,20.0,electronics
9c31382f02ac001fe1a33a466471d98c,2.0,2200.0,22.0,7.0,17.0,electronics
42080692a4543e17940c60a980613abb,3.0,200.0,16.0,15.0,15.0,electronics
30b74394f33d50a2af1047ee1cfd5705,5.0,400.0,16.0,12.0,17.0,electronics
da2a3bd205509eae7afd98d242983092,1.0,340.0,33.0,14.0,17.0,electronics
6fb016838aaad4bf1ad6999980e1c2ef,1.0,175.0,20.0,12.0,16.0,electronics
4d9e8a6d8d07e4f47e093b8c2999ae01,4.0,200.0,16.0,6.0,14.0,electronics
6eb364d89e0060b1e8941218b5390416,1.0,100.0,20.0,7.0,12.0,electronics
291c4eedfc6f236325724d88bb03101e,3.0,250.0,22.0,7.0,22.0,electronics
6893767814d1ac82a81bcd365e1cc918,1.0,200.0,25.0,7.0,16.0,electronics
a9028257171c93a8d948ff95a0082b0d,2.0,550.0,17.0,8.0,16.0,electronics
3af48a958298d5d4663dd1f5237b7279,1.0,1200.0,24.0,15.0,24.0,electronics
d2b42ba1cc7c04d6f6e4ea54392b95fa,1.0,150.0,25.0,7.0,16.0,electronics
12ce53b5f757dfcb8e78117caa2d6ac4,1.0,150.0,16.0,7.0,11.0,electronics
693f7bc4e67d0fe9736923ec0af7db3c,1.0,200.0,21.0,7.0,14.0,electronics
5dbf50af9485478b933f1028e108640d,4.0,150.0,17.0,3.0,12.0,electronics
50497261c5976a5ca9c115935de42450,2.0,547.0,19.0,12.0,17.0,electronics
d31338a9a593a25d79c8fd461f1602d8,3.0,200.0,31.0,18.0,38.0,electronics
b99e4f4fa3f421e0ffbd512d9f152dec,1.0,1050.0,22.0,9.0,12.0,electronics
d426c52017387e708aa9e72eb90797b2,1.0,1500.0,16.0,8.0,16.0,electronics
bdbfa0a4ac2ed4bc431e7ba6c4971450,3.0,1500.0,75.0,3.0,11.0,electronics
a94567e6e87ea78a1be38458e59847dd,1.0,350.0,21.0,5.0,13.0,electronics
141125957e8b78c5cf939c18077fa2f7,2.0,200.0,22.0,5.0,11.0,electronics
d12ad7f92749db41296a64e02c0bd5c8,1.0,190.0,22.0,12.0,16.0,electronics
17552c3e04bda2b08ac85c9c55137dc3,3.0,200.0,16.0,4.0,11.0,electronics
ac85747ff00cf2a5cb1ef0901c7b21af,1.0,150.0,25.0,7.0,16.0,electronics
f4135cbdece8245560f7be179533797a,3.0,500.0,17.0,9.0,25.0,electronics
42b0078ac04ecf8c99c00602edceebf5,2.0,100.0,16.0,6.0,14.0,electronics
592ff96534d1910c18025cee34d5c8de,4.0,200.0,16.0,6.0,14.0,electronics
97b3b8e8ed22d0ceb3b3c520e806a334,1.0,200.0,22.0,14.0,17.0,electronics
99261353f5a1325e45c9f6e6c81ca0f3,1.0,100.0,17.0,8.0,12.0,electronics
6252b27a90918a7503170102a8b630a9,3.0,300.0,19.0,6.0,13.0,electronics
21d7610668a41f5ef8f24bfa0e13b315,1.0,7738.0,58.0,28.0,40.0,electronics
35819a9e5342bae7ad7a0016460dee25,1.0,150.0,24.0,8.0,12.0,electronics
0abc19e41fdc9d6894b8cae651619253,6.0,15750.0,70.0,90.0,20.0,electronics
aa68f61c9b2dbcd9cce6c45e80dfbff7,1.0,100.0,22.0,5.0,14.0,electronics
0f679de41005ce40722b43993df839e0,2.0,3717.0,30.0,14.0,34.0,electronics
300a6327ab13de0f4e0d3ec3270df6a3,1.0,200.0,21.0,7.0,14.0,electronics
82e4ad16521ca131d95e198d507db370,1.0,150.0,19.0,12.0,16.0,electronics
6db9852ed8cb3fe154129a47ca5b0887,1.0,200.0,17.0,8.0,12.0,electronics
5ad98f070157eeb5bb577282dd1a7f06,2.0,2150.0,24.0,12.0,23.0,electronics
f3a2a401af00f8a3fa7e234ac66bea84,1.0,327.0,18.0,8.0,10.0,electronics
33ab88b1e48538d846cd26ea55d34108,1.0,200.0,43.0,9.0,16.0,electronics
70ee18fa7f4c08a0d334497bf8969f59,3.0,200.0,23.0,5.0,18.0,electronics
7ae8d9b8eca8a6daf066e53ddc7034d3,1.0,150.0,23.0,8.0,12.0,electronics
0afc71d24fa8b225307f8794e157204a,3.0,10575.0,20.0,18.0,16.0,electronics
4b633d15945d2ad44c91f29920d2e75b,1.0,133.0,19.0,13.0,14.0,electronics
591afedd45ae097827bf674a8491ea21,1.0,7900.0,60.0,10.0,60.0,electronics
80be9ceee6b3290d8a41e98cf7d44454,3.0,233.0,16.0,15.0,9.0,electronics
6000cda32a1e7f6919ae1fcdf1d6259a,1.0,150.0,22.0,6.0,16.0,electronics
798d1d2a6eb63c4a6a4d2febdd4a0050,3.0,700.0,28.0,6.0,23.0,electronics
891fda5230e6e284e5430ded76eebcd7,1.0,100.0,25.0,7.0,16.0,electronics
9b37a918bcf2c8e1064e867cf1df4637,6.0,1207.0,20.0,10.0,20.0,electronics
64187b994e1b15e6a59a6f72688fbea8,2.0,208.0,18.0,11.0,17.0,electronics
1f40cca568a44eb6405b017e2418f53c,1.0,200.0,21.0,7.0,14.0,electronics
faa268ecc8a8434cb4ebee091b3222d6,4.0,1800.0,55.0,20.0,45.0,electronics
9d04b62c69bd020f5b68d1f887b7c930,1.0,100.0,19.0,13.0,15.0,electronics
d3cf7fe35b7cc7ebaa5609b58b469d2f,3.0,900.0,70.0,20.0,20.0,electronics
d10a774b4598f38e0313d45db68008eb,1.0,350.0,19.0,12.0,15.0,electronics
c4b925e40f11289063a854c47aaef129,3.0,100.0,20.0,20.0,20.0,electronics
3a6a9e7379724852b2f023734de7870d,1.0,75.0,23.0,2.0,15.0,electronics
f63623e4b513b69f115a2b34b9667938,1.0,100.0,22.0,8.0,12.0,electronics
19629b1460e380638d4b9263bd31547a,1.0,10900.0,75.0,18.0,70.0,electronics
e7a7e6b2b4959a39ac5ca07aa21e09ea,5.0,400.0,20.0,4.0,13.0,electronics
7e33f4a1c59f89da30a335b2dc2de187,3.0,1075.0,22.0,5.0,7.0,electronics
05c8eb0ae68c09cae5b68d673652e7f8,1.0,200.0,21.0,7.0,14.0,electronics
d272d0921188b0bd91542d704b21404e,1.0,150.0,25.0,7.0,16.0,electronics
8994980b6420059104bb47e2cb680e0a,1.0,60.0,16.0,9.0,13.0,electronics
61c9ce380f22395eecde18d76d118c47,2.0,200.0,22.0,16.0,22.0,electronics
61bb78313bc87f6637f26b39d8008ea7,2.0,300.0,16.0,3.0,15.0,electronics
9c8d68903b5106018c797e0e862ae55d,1.0,200.0,25.0,7.0,25.0,electronics
566a4f2c4385f36d15c00dfcaae132d1,1.0,150.0,25.0,7.0,16.0,electronics
9ae1607198ba0a8336e966249f53b5ec,3.0,467.0,16.0,10.0,11.0,electronics
0727e18d559a15ca5b2b9f76274d19ec,1.0,125.0,22.0,11.0,16.0,electronics
a4e6e80a484adb6952b5f18a3e4bd1b8,1.0,1200.0,36.0,8.0,21.0,electronics
921a192e87274fd48d2e395b0a4facea,1.0,300.0,20.0,15.0,18.0,electronics
4b49493b546ad3b6f0a43da4644f75e3,1.0,1398.0,26.0,15.0,20.0,electronics
4aaa2ddc43f64a2db232b71fc4639064,3.0,6050.0,16.0,61.0,41.0,electronics
6ba4d9e6b21481dcc4646250fa189ac1,5.0,477.0,18.0,16.0,14.0,electronics
7d9b103535d14aebdd1024a6684ac2a6,1.0,200.0,25.0,7.0,16.0,electronics
a5f6ba3fe91a2e73f10b612131cb2404,3.0,138.0,19.0,17.0,16.0,electronics
baf838eef08270cb85e35803d2ec2572,1.0,145.0,26.0,7.0,16.0,electronics
474bb6b54fc608ca71059a6c4f7ecda3,1.0,150.0,30.0,10.0,20.0,electronics
15f50a93f26d97e9c940e45271e8c177,3.0,7100.0,74.0,10.0,20.0,electronics
a767d41b71a909a1dd1e969f4b50732c,2.0,1200.0,28.0,8.0,18.0,electronics
68753ceccf509d2890f329f8d55fce79,4.0,420.0,16.0,8.0,12.0,electronics
42f25a7251d847a86c1849731bf166ff,2.0,450.0,16.0,16.0,11.0,electronics
ba0d96843168100e2fd264b21cec7f88,1.0,100.0,17.0,17.0,17.0,electronics
5b2a0acb44aa8701a7b2ae662c51b3f9,2.0,473.0,19.0,10.0,15.0,electronics
f95dcd7b0926e47d0f20a9050aea2e9e,3.0,1535.0,49.0,8.0,21.0,electronics
ce6d72662579b6ba14f652d777c373d1,1.0,125.0,22.0,11.0,16.0,electronics
1b14ba724d4ad3094f074ca9b36aae05,1.0,1400.0,33.0,12.0,26.0,electronics
96717b4e4fba4d6fa1c3d179482afbe7,1.0,300.0,25.0,7.0,16.0,electronics
7b44e5ea770ef06810f5df89006cc8b2,4.0,4100.0,20.0,15.0,13.0,electronics
c714f103a677fbcc818799ae0fcda11a,10.0,2100.0,25.0,9.0,32.0,electronics
5176d8670222d50ebbe4d4c5dfba2b49,1.0,125.0,18.0,8.0,12.0,electronics
e4fd9d0fab1ed76076f69786a9b767de,3.0,960.0,30.0,8.0,22.0,electronics
12f996b4a20f364ff8b53e086e0bff8c,1.0,148.0,17.0,15.0,15.0,electronics
3233e8613bf77f2e1609d3cafa2a25fc,5.0,500.0,20.0,5.0,12.0,electronics
b1dc70b2d3b0d42b355529c4026a35a7,3.0,300.0,16.0,5.0,20.0,electronics
caa1675deee5711b3aff1e4f5946266f,4.0,200.0,16.0,5.0,11.0,electronics
92a73c1b226e585ad9d74a1b8d4e0faf,2.0,433.0,20.0,11.0,16.0,electronics
39b163e43ba84533daaba94c5a0712de,1.0,200.0,16.0,7.0,11.0,electronics
99b8434f4c3653db7005539f4eb581bb,1.0,150.0,22.0,11.0,14.0,electronics
7b2c4d6fa7d8e50000ac4c7fca609790,3.0,575.0,26.0,15.0,18.0,electronics
a36eaac6306e0910249219f203efc877,1.0,200.0,22.0,6.0,16.0,electronics
8e47225b2e31a8d6709ee97a9de9636a,1.0,400.0,25.0,5.0,20.0,electronics
67ee002d7de2ab248bef398033830866,1.0,150.0,25.0,7.0,16.0,electronics
50fd2b788dc166edd20512370dac54df,1.0,150.0,30.0,10.0,20.0,electronics
bcaccccaa0255d8132172dfe9c10ab2e,1.0,150.0,22.0,6.0,16.0,electronics
fb14dbd8b5d4195d70df81f35b593889,2.0,365.0,20.0,10.0,20.0,electronics
98d4d94ea54992a98bbfefe75e7561d3,1.0,300.0,16.0,19.0,15.0,electronics
83ed3cc53055fe51099569075b77ceca,1.0,817.0,35.0,8.0,34.0,electronics
b50cc06153acb2f39386140f1d675ad2,5.0,725.0,27.0,10.0,16.0,electronics
f6f1acecb8770430b76a87fae1c522dc,2.0,83.0,13.0,9.0,11.0,electronics
1abcb3cdf79a4b094862b63c4e085a45,1.0,5000.0,40.0,22.0,24.0,electronics
91247af15fbe5fcdce542685c643b6a9,2.0,167.0,17.0,16.0,16.0,electronics
0d0bc6cf9765ffe8b4d3103138c96cdd,1.0,200.0,19.0,13.0,17.0,electronics
8f73a652972eef397960af15ad4ddc10,4.0,3170.0,38.0,12.0,31.0,electronics
a16a8eed860c19b57d6326c7f6936d3e,2.0,167.0,20.0,5.0,13.0,electronics
308a7360ee2e0ecfb6aa7708428692af,1.0,150.0,16.0,7.0,11.0,electronics
6549e167bd865197f8bc7ce7f82aec55,1.0,2250.0,45.0,16.0,32.0,electronics
b9023d686fca0dca3ac844814e92e92b,1.0,200.0,26.0,7.0,16.0,electronics
e1ea2e133d4ca99d20c365d4e3173989,3.0,177.0,20.0,20.0,20.0,electronics
fb09ab0eb676b60b254250a28fd46e10,3.0,308.0,20.0,16.0,17.0,electronics
8adc98b0922e4e7fa0ebe7b849fb5701,1.0,150.0,24.0,7.0,17.0,electronics
27f6ada7e1fbb3d1d6e77f685bd04bd1,3.0,700.0,22.0,14.0,20.0,electronics
4e424a1cee1626e101d211bd604b10e0,2.0,350.0,16.0,16.0,11.0,electronics
45441cbbcc1a9ff79903bb3b7c2e6670,2.0,2787.0,45.0,40.0,21.0,electronics
87e24fe285640cc6f3d7580f673ee507,3.0,5875.0,19.0,17.0,18.0,electronics
3377b442347c19fe5f5d740892c180e6,1.0,900.0,35.0,16.0,20.0,electronics
c01d651edb7447f99b72c1fb123f7b38,1.0,400.0,18.0,12.0,14.0,electronics
a687ed05398f0114eca6f663b8ced32c,1.0,100.0,20.0,5.0,12.0,electronics
2c7f01e4f39f8ca21caddb86374d7b4b,3.0,8550.0,78.0,9.0,23.0,electronics
fc7138a8f96aee8302e42916bbbbb818,2.0,161.0,19.0,8.0,17.0,electronics
17b41b007356c9b333b4e7c1fcedb066,2.0,23500.0,60.0,30.0,60.0,electronics
b06f8079f1110e9edb2be867f2296544,4.0,150.0,17.0,7.0,17.0,electronics
bcb73e60afae97b054a92e2a80759091,1.0,150.0,25.0,7.0,16.0,electronics
3a6b0b915f453650a8ff32d7872dbd6d,2.0,4400.0,44.0,20.0,30.0,electronics
466ae6b34dc96acc7e8501709b5f89f2,2.0,4600.0,18.0,16.0,14.0,electronics
a5b27ab457629a351464825096c64688,3.0,3000.0,40.0,12.0,20.0,electronics
cadb69af336c16aba5c5223599821245,1.0,200.0,25.0,7.0,16.0,electronics
90df1d60e33ed1bdadec994d809f4bfd,1.0,1200.0,30.0,30.0,30.0,electronics
5d66715cc928aadd0074f61332698593,1.0,150.0,20.0,13.0,18.0,electronics
f4a38926843e01497a3f63a5d5740c72,1.0,150.0,22.0,13.0,17.0,electronics
bfa3278e134f379b6be461cc463009e3,1.0,313.0,17.0,14.0,15.0,electronics
16912e490fe2abaa95eb78b2f656f805,1.0,550.0,19.0,12.0,16.0,electronics
b42f9966116a4518f832f1a13ec8456a,1.0,200.0,25.0,7.0,16.0,electronics
15c30c08ae39469fbf52befff9569adb,1.0,490.0,18.0,11.0,13.0,electronics
ab959a147167f22f3e0c05eb06845771,1.0,150.0,24.0,9.0,18.0,electronics
81e171883f20e3585db28d4ee81bd75c,1.0,550.0,17.0,17.0,17.0,electronics
87e583842cc9122ded9f8eafbf42894c,3.0,850.0,17.0,5.0,14.0,electronics
9e8091e1021b25bdf15a9d203a278889,1.0,1050.0,16.0,12.0,26.0,electronics
a396b88f085aa34d30a1405fd4f80140,2.0,450.0,16.0,16.0,11.0,electronics
0314706dab9f01188f5cab6878b8f9b4,3.0,250.0,17.0,5.0,12.0,electronics
b9a4af1c160ac5edcc68db0b88785ea1,2.0,400.0,23.0,2.0,13.0,electronics
c3097e07a0a5de0d4b4c836d90c5a284,1.0,200.0,22.0,11.0,16.0,electronics
f25c46ee777a6bee45ade2bec5b85c52,1.0,1450.0,48.0,5.0,12.0,electronics
0320a1be5c5224f64bfbffa583cf03d6,2.0,167.0,16.0,3.0,11.0,electronics
e7228451ffc2ec406b400e12d315960a,3.0,1150.0,20.0,5.0,18.0,electronics
01ecf875ab885ebcae3dd2b1ccc4715f,1.0,550.0,30.0,20.0,30.0,electronics
4048d207d5f97fb47be6486952d641aa,1.0,10800.0,100.0,20.0,70.0,electronics
369d0f92fe7f4588530a8fb9a1d7019d,1.0,100.0,25.0,7.0,16.0,electronics
d95cb21837d0498ccfa0943b03808f79,1.0,1100.0,89.0,15.0,35.0,electronics
f42a421aee7e5f8a70a9b68cfd53ef55,2.0,350.0,17.0,3.0,12.0,electronics
f5c47e637a96fcf0de8c1c6baa75d856,1.0,110.0,18.0,8.0,13.0,electronics
e3dd947c8bcb459df421e3f41bf034c2,1.0,200.0,20.0,9.0,15.0,electronics
f207b010add19c1090a2c248d30a0c30,3.0,300.0,16.0,6.0,14.0,electronics
f84ca2376ed799523593afad3bdae70f,7.0,4150.0,23.0,23.0,23.0,electronics
67af4652c2b8667182c0071f68af84bb,1.0,150.0,24.0,8.0,13.0,electronics
d34ffc1c0b0efc09550c49be7eb7896e,2.0,100.0,19.0,5.0,13.0,electronics
b096d990c6b4017851564c895ffa9e44,2.0,11450.0,105.0,11.0,70.0,electronics
278fad1b533c93f58f93856792a87078,2.0,500.0,25.0,10.0,18.0,electronics
2b7fd8137a4b6427e3547cd05d3aca49,1.0,175.0,22.0,11.0,16.0,electronics
e167adfcc4c1ed3682a074de77e1880d,1.0,100.0,23.0,6.0,16.0,electronics
3e0bf199429e16f10824e5fc7dd33213,2.0,1050.0,18.0,13.0,10.0,electronics
df925953cb7bc9b32e2df8d24afc25cf,2.0,2100.0,28.0,18.0,18.0,electronics
a1773f6417edf55439b183e6385dca73,5.0,500.0,16.0,5.0,11.0,electronics
02b824e9f1158bc1005e058c4ea78e8d,2.0,733.0,29.0,7.0,16.0,electronics
7822d1f226e657d5c98ce5a18bd0ad94,3.0,200.0,23.0,5.0,14.0,electronics
9695cc1865970dfe9b66a5a83e59cfac,3.0,2500.0,98.0,8.0,35.0,electronics
0abf3e78cba7361d44b40b471592ad38,1.0,100.0,24.0,8.0,16.0,electronics
5c8892192c5c01005958f878c8251970,2.0,311.0,16.0,11.0,12.0,electronics
e645be7da1ed1a603dee4e2bd5608454,1.0,200.0,21.0,6.0,14.0,electronics
d7fca8718416c61d99e75a1d0129e822,3.0,300.0,16.0,2.0,11.0,electronics
1358be13996236fe81c97f6bc997fbb3,1.0,200.0,38.0,24.0,17.0,electronics
cb43c6e1c451902b51f4f4ff512302df,3.0,293.0,16.0,7.0,11.0,electronics
fba0ff1228b20d1487817897f5265a77,3.0,200.0,28.0,5.0,11.0,electronics
982565327a800a467fffeac070672ea6,1.0,1167.0,18.0,17.0,23.0,electronics
11182511f8556822085ea032df785dae,1.0,347.0,18.0,12.0,13.0,electronics
0527af46c46b7a345d2086ea304ae8d7,1.0,625.0,27.0,17.0,25.0,electronics
a867511a17e93caa3aafa1c1f1c90a53,1.0,13950.0,100.0,20.0,70.0,electronics
6ab6d9589ae19abcee458918d4779fae,3.0,5450.0,16.0,65.0,25.0,electronics
6acda50822cea0dbf080d2211a7f6ea5,1.0,200.0,22.0,11.0,18.0,electronics
7957db057ee41836617b2ad71e367756,1.0,200.0,20.0,20.0,20.0,electronics
3190c75e99fc82197998aa24df32bfd0,3.0,500.0,16.0,5.0,20.0,electronics
bc761b82b8d1a7de5bb80fc34eff146e,1.0,625.0,31.0,17.0,23.0,electronics
7ce94ab189134e2d3c05f496d635419c,1.0,200.0,25.0,7.0,16.0,electronics
9750263daed3988ced39eeb2f1c12029,1.0,150.0,20.0,30.0,20.0,electronics
87a71ae93900ab55fcf685c8040769b3,1.0,175.0,22.0,13.0,17.0,electronics
27b8857ca0d1477e1ad34ffaba0b642c,3.0,150.0,16.0,4.0,11.0,electronics
b944aabf1fc45c01599ee96c7f4d533e,1.0,150.0,22.0,12.0,14.0,electronics
3f3695c50cf443bfc1058ce0c8ab6a46,1.0,175.0,22.0,13.0,17.0,electronics
6a1ac8352d7eee5e5108fad596e69ad1,1.0,645.0,19.0,10.0,19.0,electronics
66e48bcc5ea37a77a5499ced69b7800b,2.0,100.0,16.0,8.0,11.0,electronics
0ddb2f7b7b817ea4239bfab24f67f742,1.0,700.0,20.0,6.0,16.0,electronics
08370229eb4e5ce898bf2348a356b7b2,3.0,675.0,23.0,8.0,19.0,electronics
fe4cd3c795135b4f84e2da5a82ac84a8,2.0,200.0,18.0,18.0,18.0,electronics
3c1f7308f5aff5c8a335550b2f9d83ab,2.0,200.0,20.0,7.0,15.0,electronics
8883cd5c3e8ce5ce6ef730ff1d2f249e,1.0,230.0,19.0,10.0,15.0,electronics
191c65cf8988d6fab9bde989aef39d61,3.0,6200.0,22.0,21.0,18.0,electronics
f89cd865cac300a9bf1320dd8f0fa223,1.0,175.0,22.0,12.0,15.0,electronics
01cf56cd6138b926a4802d16fc304149,6.0,100.0,16.0,16.0,16.0,electronics
701ecef2b9b7bc7890d896dd1a691656,3.0,100.0,16.0,7.0,11.0,electronics
bb97ffd9ad088f593995b5b26dc9c24e,3.0,1167.0,33.0,6.0,20.0,electronics
9cd79ac3aef250c2bdb124ba243ec5bf,1.0,200.0,16.0,16.0,11.0,electronics
ff60ce007cb42cd9786f49d262a97672,1.0,200.0,17.0,6.0,13.0,electronics
c450c2e066134b9a836264ba72586ff6,1.0,150.0,22.0,11.0,16.0,electronics
b56bf84f9384a87a3fbadd486d165615,1.0,150.0,25.0,7.0,16.0,electronics
6de8bea41c968204fa93e4c2016d1bbb,1.0,4000.0,36.0,7.0,27.0,electronics
436620c465f757ba7b47dd580f3c1eb2,3.0,100.0,17.0,3.0,12.0,electronics
93566f7e511c3e7472b05758fa08e64d,7.0,900.0,22.0,6.0,20.0,electronics
b80b06f3f098c07cd2c8116aa3f1a7ed,4.0,1600.0,28.0,6.0,22.0,electronics
6a22cbce352c158897f3346567488ace,3.0,125.0,16.0,3.0,20.0,electronics
a37d5c6bae47cb27d8701aac7bd0cc3e,1.0,353.0,16.0,12.0,14.0,electronics
8c38d21062ec6ee492c3500d01150b7a,1.0,250.0,18.0,15.0,16.0,electronics
67301eee7b845f54ee9df341fb8393de,1.0,125.0,22.0,11.0,16.0,electronics
b3d141fdbe3680294a78f0b712c87159,1.0,100.0,22.0,8.0,12.0,electronics
0f3a9ee2528678ce70458e2dde0a5bfd,2.0,100.0,17.0,5.0,12.0,electronics
1c155a30fb1a2c828c9064cdcb7d2993,5.0,350.0,16.0,16.0,16.0,electronics
42737e3759311804e830f222c6135e30,1.0,5950.0,98.0,17.0,18.0,electronics
2a53631fc50358be1034699a658237d1,1.0,1344.0,40.0,20.0,11.0,electronics
7a49adf051c1e6fc5b639a98d17756f0,1.0,175.0,21.0,15.0,20.0,electronics
e9b3c6df62081d3ccad97e6ea5651667,2.0,11500.0,22.0,21.0,18.0,electronics
593874c5852ced0402ab6e2206204719,1.0,241.0,19.0,13.0,13.0,electronics
2a9f8018ff134855b170aaa51a5bfd77,1.0,550.0,28.0,19.0,25.0,electronics
f62cbf4416c9ef8e1b4e8d5279891f24,1.0,200.0,25.0,7.0,16.0,electronics
e2624fe97e3d11257b2f000e8b96edc6,1.0,175.0,20.0,9.0,17.0,electronics
75c2fa55827f5f66f9177c38f4c2fa0a,1.0,15800.0,65.0,15.0,70.0,electronics
0b039b61011417822882815943f13dac,1.0,150.0,30.0,10.0,20.0,electronics
af5aac02e260524f3ee6ddb12522c293,4.0,200.0,18.0,4.0,11.0,electronics
1e919b41a2e4b6055b2498c100e18c75,1.0,183.0,20.0,14.0,11.0,electronics
95fb075ea52306f2188ae4199c5928a8,4.0,3150.0,34.0,14.0,39.0,electronics
904a9e449fbfd90da738ab70ae6ca003,2.0,283.0,18.0,9.0,15.0,electronics
12715d8bb61f9c2c26219377d9737584,3.0,373.0,21.0,11.0,17.0,electronics
19b7148be60fb48eb30c7eb0431c1a8b,1.0,500.0,16.0,21.0,20.0,electronics
31b8e7c2a22f3dba5183cc110bdd72f7,1.0,281.0,17.0,9.0,13.0,electronics
c37e775cc9f2dd910db751444447fa3d,1.0,150.0,19.0,14.0,19.0,electronics
32d16d374657488a491cf67b33d5fac5,1.0,389.0,17.0,12.0,13.0,electronics
44fded21627553d1886d459384bbce06,1.0,150.0,25.0,7.0,16.0,electronics
b65921838adc0239b7313971a9cb18de,2.0,150.0,16.0,7.0,11.0,electronics
e25f22a38cdc5a14a51ade281eebd0e9,1.0,450.0,19.0,9.0,13.0,electronics
96d80c8b6c6545a30eb5bdc4961455f3,3.0,213.0,16.0,7.0,12.0,electronics
5c86703f3b01f9df579c3a6232bb908b,1.0,200.0,22.0,11.0,16.0,electronics
56e841b3011bbc87265ef5c05544e7c1,1.0,200.0,22.0,6.0,16.0,electronics
36efd30e7c14e8ed3a6557e9104112b3,4.0,100.0,16.0,3.0,12.0,electronics
a44d4702562f2bdae04d6f3d144fde5c,5.0,18400.0,60.0,13.0,60.0,electronics
cf9ffafa00d206fdfbd68c1e42bd5430,1.0,200.0,25.0,7.0,16.0,electronics
e4ca5b20cfe1a020e15e36fe14e880ee,1.0,125.0,20.0,13.0,18.0,electronics
c71a9c53596bf311acd9e298a0b3dc42,1.0,167.0,21.0,9.0,14.0,electronics
b60856ce32d90658dbf99b9485327c25,1.0,150.0,25.0,7.0,16.0,electronics
813abede22d2496612b447a3f55f629e,5.0,225.0,18.0,10.0,14.0,electronics
217967bea3b974779feb2aabef6c9592,1.0,100.0,22.0,6.0,16.0,electronics
0b7eae36ce650711b7697a9ced9bacac,1.0,249.0,20.0,14.0,16.0,electronics
3ce7358fb633d033a700464c6a82e0bb,5.0,6200.0,48.0,9.0,21.0,electronics
394b16cd32e9f883365dd7ebac4edbe0,1.0,150.0,25.0,7.0,16.0,electronics
7ff398be53b9d0ce7eb2b2e934696b15,2.0,100.0,17.0,3.0,12.0,electronics
0b0172eb0fd18479d29c3bc122c058c2,2.0,150.0,22.0,13.0,15.0,electronics
3e08b2e39d6d62bba485dfd958639662,1.0,2350.0,26.0,26.0,16.0,electronics
5514443b5a22d650499eafbc59d48e87,3.0,217.0,16.0,8.0,13.0,electronics
4c6a40b5fdcc849875c3d0b3144ea1f5,1.0,300.0,17.0,12.0,17.0,electronics
facd7264a689baabdce2373c4feb2dca,1.0,100.0,16.0,6.0,16.0,electronics
e940125d0a3c309f58f41cd21e39af06,3.0,10550.0,30.0,105.0,20.0,electronics
4e18c6967304419be650ad67237966ce,2.0,250.0,20.0,10.0,16.0,electronics
36fc6e3cc37a14037506dde26d4e8655,1.0,100.0,25.0,7.0,16.0,electronics
e8b748331bfa82cd846159f42049c7f4,1.0,125.0,17.0,9.0,12.0,electronics
ecbe401f10ecd3b822d940d63cc3311e,4.0,700.0,16.0,7.0,12.0,electronics
6d9c13461ff3d5e84455aec235969d23,1.0,200.0,25.0,7.0,16.0,electronics
494386f314691b99432b6402d6284bf3,3.0,800.0,24.0,13.0,22.0,electronics
81e201d7622e94f5f89b7dec514f94e4,1.0,200.0,22.0,6.0,16.0,electronics
d4ed98bf9f43344573a381535242f2ae,2.0,117.0,20.0,12.0,14.0,electronics
cf600a2ef17c0e0d1ab1f65b0b6420f1,1.0,1177.0,25.0,12.0,25.0,electronics
f350db8fa8baef574660ca4ecc96180f,1.0,900.0,26.0,16.0,16.0,electronics
a76d6212f99d1253fb7bcfe02ce87d8a,1.0,200.0,25.0,7.0,16.0,electronics
8995980bf35c9c32cc8c7cadc025ad64,2.0,330.0,22.0,4.0,12.0,electronics
1b7ce992a80ac036dd9ab73d08289712,3.0,150.0,22.0,3.0,12.0,electronics
9ff8568dfb9041b898e65ff4018c8c57,6.0,133.0,16.0,7.0,13.0,electronics
27fdfad2c6a8f91606eb41ea396785c6,1.0,200.0,25.0,7.0,16.0,electronics
acf90725a7a1fa2b5f4f0d77da84403b,1.0,350.0,30.0,19.0,14.0,electronics
1531b09bff3fb016e5f0b4435b643672,2.0,500.0,25.0,11.0,18.0,electronics
4542ee50e2e43c74599b815a181efe83,2.0,550.0,23.0,7.0,17.0,electronics
6703d5fc618113f23d9749a7a05d9e3b,2.0,1850.0,23.0,22.0,13.0,electronics
f40136f242faf929007cdb238c302208,1.0,150.0,25.0,7.0,16.0,electronics
cde3bb853ac754da1e3ab62b7c2593a9,2.0,225.0,21.0,11.0,16.0,electronics
88f608e85fd33226d6fa5e15d9748d92,3.0,500.0,16.0,8.0,11.0,electronics
0f709fbd9fc86a79d0fadcd6c3d243a5,5.0,800.0,30.0,8.0,20.0,electronics
22d371a03788bba3e56df85011a9e392,1.0,200.0,32.0,10.0,25.0,electronics
e6a5c36890bb6b3ed8a1dd32a9930b77,4.0,18700.0,22.0,20.0,23.0,electronics
335edc5cba9d15209ff0a3bca20d1ab4,3.0,100.0,16.0,15.0,14.0,electronics
ca1a0f9d5386abb248034b9b18e2c981,1.0,215.0,19.0,10.0,14.0,electronics
4db7441d0d2cf3d22cb4d95f87d8bf63,3.0,9650.0,20.0,20.0,20.0,electronics
cf6c3dd9d7edc47eb9463ec79f6aaaf4,1.0,2200.0,45.0,15.0,25.0,electronics
c2c4abda0d688d5c2a7f48644ee55a8c,2.0,150.0,20.0,11.0,16.0,electronics
f320ef0dbc98273d30835e696974e719,2.0,400.0,25.0,12.0,32.0,electronics
399b5ae65ca9680e1d5d1b314439e4d1,3.0,1617.0,26.0,8.0,22.0,electronics
b83738ac1903f7c8f0ed378cb085909c,3.0,5700.0,20.0,15.0,13.0,electronics
7af4c96f817389692dfb05e679dbd991,6.0,1250.0,22.0,5.0,22.0,electronics
e5cfaed5125bd848f496ca11de0ce00d,1.0,6700.0,89.0,16.0,35.0,electronics
6e4918d7c7d1499da5ef7bae5e0cdef6,1.0,150.0,25.0,7.0,16.0,electronics
f2e024d05f3ba35de72a41c503d819a9,1.0,1650.0,26.0,35.0,26.0,electronics
4494cc0c66d02e91c0475a9610c2749f,2.0,900.0,30.0,15.0,30.0,electronics
28e23776d8404a3c92ea8b79b5666229,4.0,525.0,25.0,10.0,35.0,electronics
d04ae06ca1423cdc5bd50d87c0f7c372,3.0,200.0,17.0,9.0,17.0,electronics
f6255ba641ecb52b580793c20b7d728d,1.0,225.0,22.0,11.0,16.0,electronics
01604238fbc11ce379e537a76b26bc94,1.0,125.0,21.0,17.0,17.0,electronics
9fe5201316c8185058e8a4056e53cc78,3.0,550.0,20.0,10.0,14.0,electronics
6a8631b72a2f8729b91514db87e771c0,1.0,100.0,17.0,6.0,11.0,electronics
abe0406750c920638274baad5a52d61e,2.0,475.0,22.0,16.0,18.0,electronics
9b0ad21bbd4384f9ebc28a688e1e81cd,1.0,150.0,20.0,12.0,16.0,electronics
167b19e93baccb17916b9a6dd03264e7,3.0,220.0,19.0,16.0,17.0,electronics
5ab535a49436f1b34f5b83ca7375c4ef,5.0,1400.0,25.0,6.0,14.0,electronics
0ff85f553a8763acea7d184bdff70e13,1.0,528.0,17.0,19.0,14.0,electronics
c2d1e60e4deda24940c8039c99f08bbf,1.0,350.0,16.0,16.0,11.0,electronics
b9471cbef91a12be725aa96bea7d4763,5.0,14250.0,38.0,64.0,49.0,electronics
42155695adbe665066ad812855fe523a,4.0,200.0,16.0,6.0,14.0,electronics
f832d1b20241274bc51c2d691b0f4b94,3.0,175.0,16.0,5.0,11.0,electronics
4440eee33cc4fe9710fb8b024a128bcd,2.0,200.0,16.0,4.0,20.0,electronics
f89d2b130b571d24532514dca6fee2a8,1.0,150.0,25.0,7.0,16.0,electronics
d4f5afce58ebf89ef1186236c54d2594,1.0,100.0,22.0,9.0,18.0,electronics
ea9fd984ad61025b0fc6a2a99042aa49,1.0,450.0,30.0,30.0,20.0,electronics
5edfda97608b60c12ad5f3139d026bfb,2.0,500.0,23.0,16.0,18.0,electronics
63bfa27a0cee21fd896dc27f58b6d656,6.0,475.0,20.0,11.0,19.0,electronics
480b87ba9ee9ec819d8e5c3bff760e90,1.0,513.0,30.0,14.0,15.0,electronics
14a804caa27d1d738183cbbad4d84346,1.0,100.0,17.0,17.0,17.0,electronics
4f2174962b85f6f08d3258485d9de11a,1.0,1643.0,16.0,8.0,12.0,electronics
877e380ee3bca2827be3586e9d4b7c84,2.0,550.0,16.0,16.0,11.0,electronics
1136bf18450b05b755f50b49657c1943,2.0,133.0,17.0,9.0,14.0,electronics
d6a833576187300ac7c315a09c16b96e,1.0,328.0,23.0,8.0,16.0,electronics
26f76ddb0070c797bd15228e8e085023,1.0,200.0,25.0,7.0,16.0,electronics
1055eeaf8ff86006605e1d7caa3bf310,1.0,200.0,25.0,7.0,16.0,electronics
f51dde119b9a90e3c7464f0cc45c0953,2.0,150.0,18.0,7.0,11.0,electronics
bdc3291ab242ec1effc8eb0987850268,1.0,541.0,19.0,12.0,16.0,electronics
736ed89df6a505a0bc3136d2402cc0b1,4.0,2700.0,37.0,22.0,16.0,electronics
4052517cac9e78357d895976124f6972,3.0,800.0,35.0,30.0,40.0,electronics
11fae4b61d8f3af1e807e521d268810d,1.0,150.0,24.0,8.0,12.0,electronics
216bfe821826c195bf9da55b12a6c296,1.0,190.0,22.0,11.0,17.0,electronics
7efb605c0b11c538dc057c4dc6820ba5,1.0,400.0,16.0,13.0,14.0,electronics
eacefda22c08419cb191cfa6ba838eae,1.0,150.0,25.0,11.0,22.0,electronics
8e7c6eda914c6feee0ee99555bb92d39,1.0,150.0,21.0,11.0,14.0,electronics
0e0487ef680ae92e064423238d1b4c05,1.0,150.0,22.0,6.0,16.0,electronics
fcf6d4fd2e97087087d61d228999d662,2.0,200.0,17.0,4.0,12.0,electronics
7b4d5bca6951e2d3f89fa2bdfa6791aa,1.0,200.0,25.0,7.0,16.0,electronics
35ebf08a93899d44e756809e11b14754,1.0,150.0,18.0,12.0,15.0,electronics
75be6b15a70d22b49d21e9c90ae7c2d6,1.0,100.0,25.0,7.0,16.0,electronics
fbd925d80d07790dc9f61463efb3c64c,1.0,150.0,25.0,7.0,16.0,electronics
3bb99e2c9272294019f7184e56e54714,3.0,950.0,30.0,6.0,22.0,electronics
2c1a7a693a0c48d9e0327e9b6939bbf8,1.0,150.0,17.0,8.0,12.0,electronics
f2890c4d40c6794ce51e525c1ec37660,2.0,5100.0,70.0,10.0,25.0,electronics
7b52ce3d6635ac7eb9d2bbb3dc931843,4.0,400.0,17.0,7.0,12.0,electronics
b111c38aa707bd7b20191b63b50803e3,1.0,200.0,17.0,3.0,12.0,electronics
93342929379a306b944935867076da28,1.0,600.0,22.0,6.0,20.0,electronics
8feb43a054893da80044ad0f693fd0ad,2.0,150.0,22.0,8.0,17.0,electronics
e96bb423a08a118a05936e98e8278034,1.0,6100.0,98.0,16.0,35.0,electronics
266f0c6925e7873790f11b920c701190,1.0,150.0,22.0,8.0,12.0,electronics
dc2f80dfc6b4e57be59ec9dfe9140849,4.0,500.0,17.0,6.0,21.0,electronics
98f991fd34b7080dfef4fb7e7aabfd5a,3.0,5950.0,23.0,22.0,19.0,electronics
24bee9ba7cb361684671c74aedc9ae2d,3.0,1800.0,20.0,20.0,20.0,electronics
dd0dcee76f9c12fff4bc0eb641d57c7f,1.0,250.0,25.0,7.0,14.0,electronics
9bfadd7644ba1f2c902fe81420c53b46,1.0,175.0,22.0,11.0,16.0,electronics
2002fc3ec2d8a30a7588628fe7aff958,1.0,200.0,16.0,6.0,14.0,electronics
1d37ba8cc6a900b5b50ba1b5121f02e8,1.0,650.0,32.0,14.0,11.0,electronics
802d4aa654f6b24ca4d5bd2c61c0b079,3.0,1350.0,33.0,25.0,30.0,electronics
342d75eedb9ec1ecb6d959f76f8f457a,1.0,16100.0,100.0,20.0,70.0,electronics
a300dbe48179df6ad75c74a9fd9bc6bc,4.0,5408.0,36.0,19.0,39.0,electronics
30e77af9e7759bbaa0305d2fbc605dc4,2.0,2000.0,32.0,12.0,37.0,fashion_shoes
a04cf12934a318be6550b1aeab938bf2,5.0,4000.0,57.0,14.0,36.0,fashion_shoes
5cfe07a11fd4f35d3c5ca21cd60cee6e,4.0,750.0,22.0,12.0,33.0,fashion_shoes
e8f22df5fa5b454907286aa61d6216a8,2.0,1500.0,22.0,12.0,33.0,fashion_shoes
5e459bd31247ee46fa95b09556600a6a,12.0,300.0,29.0,7.0,16.0,fashion_shoes
20ee98f10c16f05a43db060ab1cbfd7e,6.0,100.0,29.0,7.0,16.0,fashion_shoes
7e3c3f51d5ccc2382147194f911e22a8,3.0,700.0,16.0,8.0,18.0,fashion_shoes
f45d3b91af1103db9a21dc9d11cb9223,4.0,750.0,22.0,12.0,33.0,fashion_shoes
cfe99a31516679fb9515881d25891570,5.0,500.0,29.0,12.0,23.0,fashion_shoes
2a21592fa9b5f82a36ec4e151bb31d10,12.0,500.0,29.0,7.0,16.0,fashion_shoes
7fb3f37949847dce3f2a1b81d4445f55,6.0,300.0,29.0,7.0,16.0,fashion_shoes
2e8eb076261eb842a7e1bdf64e1facda,3.0,1400.0,22.0,12.0,33.0,fashion_shoes
03e7d29d9988a30815f1f20b6549881f,4.0,700.0,22.0,12.0,33.0,fashion_shoes
7eb9c68704af5effea1cee6f3a6b4b4b,4.0,900.0,22.0,12.0,33.0,fashion_shoes
dfb68ce52d4975e692909a1bf9d59f1b,12.0,300.0,29.0,7.0,16.0,fashion_shoes
d75e2e75d4471019ee14ae21d5f61704,3.0,900.0,20.0,9.0,21.0,fashion_shoes
b81399b264f3f525f6645f98369b1868,4.0,2800.0,41.0,12.0,34.0,fashion_shoes
a07713fa6def350398642fcb700db2f9,5.0,1400.0,22.0,12.0,33.0,fashion_shoes
062e425d963f3eac04709162c3ce6782,4.0,450.0,25.0,15.0,35.0,fashion_shoes
483bc1cbabb3fd0c16d82d2f162852c4,2.0,2000.0,32.0,12.0,37.0,fashion_shoes
fe6614ba400caca2d8d310902d5ecdd5,4.0,1500.0,22.0,12.0,33.0,fashion_shoes
76f71ec385ad031b06d5ad8be0440260,2.0,1200.0,20.0,9.0,21.0,fashion_shoes
50a2c8c64d432c1d4921f2e63e6c5e70,4.0,1400.0,22.0,12.0,33.0,fashion_shoes
69e3a7b303638194dc5edd5e6abff8ff,12.0,400.0,29.0,7.0,16.0,fashion_shoes
f01058850701fcb9d8f652660012b9ec,4.0,450.0,29.0,10.0,22.0,fashion_shoes
de607575b49bac3e75ff4e11bd3d3c11,12.0,200.0,29.0,7.0,16.0,fashion_shoes
f6c3624f0bad00eefa032e306776a77b,1.0,300.0,16.0,16.0,16.0,fashion_shoes
6c82ebe860b459b481f4226e2a06534e,4.0,1400.0,22.0,12.0,33.0,fashion_shoes
15d46964df616d5206807cd84b95b73d,3.0,900.0,19.0,9.0,20.0,fashion_shoes
0b9d32c4f39a77eca7f39c5b69ebc690,12.0,300.0,29.0,7.0,16.0,fashion_shoes
09f62215f404dbd29cb4378c9952e1b9,12.0,200.0,29.0,7.0,16.0,fashion_shoes
40376ad8bd1bd1066449dbb09440dc43,12.0,200.0,29.0,7.0,16.0,fashion_shoes
c0a6b2284e36418ab8e75c1fedca24d4,3.0,3000.0,36.0,37.0,16.0,fashion_shoes
6167837141fac33cf09874ab78dcca86,3.0,750.0,22.0,12.0,33.0,fashion_shoes
ac5e164e2eda939ffa46593f90077f9a,5.0,400.0,29.0,12.0,23.0,fashion_shoes
4e7814c736cac58bdcd4423ed76ca68a,4.0,1500.0,20.0,15.0,35.0,fashion_shoes
0142fd5bd2e0923cf2dbc73d471dda34,4.0,1400.0,22.0,12.0,33.0,fashion_shoes
1d0576deaebcd2285a1fea5d43021ca8,4.0,700.0,22.0,12.0,33.0,fashion_shoes
834df04774f3aa4b60bfd6f839f448bc,6.0,300.0,29.0,7.0,16.0,fashion_shoes
f34aa01a3fe4306c96dccc1256bfa358,4.0,1500.0,22.0,12.0,33.0,fashion_shoes
76f4d017416dbf316f05abe3a1aa04df,5.0,1400.0,22.0,12.0,33.0,fashion_shoes
3a4c258c71b027dfe480fdb608e2d9a1,5.0,1400.0,22.0,12.0,33.0,fashion_shoes
e2a1d45a73dc7f5a7f9236b043431b89,2.0,9000.0,16.0,5.0,33.0,fashion_shoes
11671ad86b98844d1d40f79a7f3ba1be,6.0,300.0,29.0,7.0,16.0,fashion_shoes
12b86b2eab3b8c2bbf01adc381aa96e2,12.0,400.0,29.0,7.0,16.0,fashion_shoes
85c4d55069956c2035afcd4658368f36,4.0,800.0,22.0,12.0,33.0,fashion_shoes
19fdf478915162331ece9adfd669b88e,4.0,850.0,22.0,12.0,33.0,fashion_shoes
cd3ec6ebbc74e6070297d45ca9dd62e9,4.0,800.0,22.0,12.0,33.0,fashion_shoes
60346eb1cf64d762ced0b37885fa844a,4.0,800.0,36.0,18.0,27.0,fashion_shoes
5163057a5b13644ad1e4af396cb43df1,4.0,1400.0,22.0,12.0,33.0,fashion_shoes
657ddf22d1f54eb6f9e094190749a85e,4.0,1400.0,22.0,12.0,33.0,fashion_shoes
6fa96cbd1d917acb1ef4bc8040116105,3.0,1850.0,36.0,37.0,16.0,fashion_shoes
6f2c108731ef77738da45855e737c1bd,4.0,1400.0,22.0,12.0,33.0,fashion_shoes
da32065ce3a1cac419193576b899ee75,12.0,200.0,29.0,7.0,16.0,fashion_shoes
0e90009c14c8245b4ec2646c22ca8b7d,5.0,1500.0,33.0,13.0,20.0,fashion_shoes
1cc8eab3e8021aa2f19391441692c477,4.0,1500.0,35.0,12.0,20.0,fashion_shoes
db6d024e26d62875c98fa846ab698f5e,4.0,1400.0,22.0,12.0,33.0,fashion_shoes
3ee59eac7a0e259bb24ce5270d0bc901,3.0,1050.0,18.0,8.0,20.0,fashion_shoes
027e1564c58eb02f39089b2b1f28d5e0,4.0,1400.0,22.0,12.0,33.0,fashion_shoes
0192191cc1bc83262d6667c54c2e048f,4.0,850.0,22.0,12.0,33.0,fashion_shoes
39a0578866cba21bcead91f5221af2a8,12.0,200.0,29.0,7.0,16.0,fashion_shoes
b3e90ae91e88976069bda920612c5a02,4.0,750.0,22.0,15.0,33.0,fashion_shoes
84b6ea77a72c80fa8f23287a4e6c1dc8,4.0,900.0,22.0,12.0,33.0,fashion_shoes
d9524ab5892f79d3de3870697ad7b25d,4.0,800.0,35.0,12.0,20.0,fashion_shoes
1c99a6128a79a5fb5a34c1c6b3be9067,4.0,900.0,22.0,12.0,33.0,fashion_shoes
01f76c07f91a533acd46cc6ab989be23,4.0,750.0,22.0,12.0,33.0,fashion_shoes
b853b073ca63585ef3afd79a4ab97ef1,6.0,400.0,29.0,7.0,16.0,fashion_shoes
cf43916f0ba449bea875425d18c8815b,5.0,1350.0,33.0,13.0,20.0,fashion_shoes
671ac7a60d975bd4ca2d7f7c77070210,4.0,1500.0,22.0,12.0,33.0,fashion_shoes
805e46e794f114d8800f55296251f907,5.0,1400.0,22.0,12.0,33.0,fashion_shoes
e5215437680ffc2cfdb0ce9088870176,2.0,500.0,30.0,5.0,12.0,fashion_shoes
ad6cb6097e3d27661b789a84ec7cc9aa,5.0,1700.0,36.0,37.0,16.0,fashion_shoes
63a033b030ff3da0b4b4eb3043c503d1,2.0,600.0,30.0,10.0,15.0,fashion_shoes
dc0e42a3f768716a158834ab59694650,4.0,1400.0,22.0,12.0,33.0,fashion_shoes
ef20cc9755032059db24bef18745df2f,2.0,1600.0,20.0,9.0,21.0,fashion_shoes
7a6a8e721213b9881cfcb60aaafcc3d3,2.0,900.0,40.0,33.0,26.0,fashion_shoes
5e8b0d21d2584970a728779743579947,3.0,800.0,21.0,9.0,22.0,fashion_shoes
988b2a648a563f61225c02b494487eab,3.0,1900.0,36.0,37.0,16.0,fashion_shoes
3c33294ae18a2298ca94f669347ca935,4.0,300.0,29.0,7.0,16.0,fashion_shoes
5525bcf86683c9d9777c2f28326d7db4,12.0,200.0,29.0,7.0,16.0,fashion_shoes
0d77d60c579e0b58944b380d57972d88,4.0,1200.0,16.0,33.0,19.0,fashion_shoes
a2c75a23c2f838881dd4275c0cec519f,5.0,1650.0,36.0,37.0,16.0,fashion_shoes
f1e258360f5eb6a99119bb6febde40fd,3.0,1900.0,36.0,37.0,16.0,fashion_shoes
53e4a9df6738c52c11e3856a977404c4,12.0,250.0,29.0,7.0,16.0,fashion_shoes
64814436ab31f1548144e0c5fbf4bf2e,12.0,500.0,29.0,7.0,16.0,fashion_shoes
2cdc0ae80267a6e170415f236fd1d243,4.0,1400.0,22.0,12.0,33.0,fashion_shoes
9f31b36609877849f75e9586f6b6a62c,4.0,700.0,22.0,12.0,33.0,fashion_shoes
aae5bd5080ab78211526b58244f1be68,6.0,200.0,29.0,7.0,16.0,fashion_shoes
f50524ec99356b2afcfd21995cd69d9f,4.0,1500.0,22.0,12.0,33.0,fashion_shoes
7bcc0cf24eb0ae336943a57e67f6ab82,4.0,850.0,22.0,12.0,33.0,fashion_shoes
5a8f056272cbc4ea04c72f989fcb85f8,8.0,1150.0,33.0,13.0,20.0,fashion_shoes
d60ad4f168fafa0a30d6d5f03b6b7572,5.0,3000.0,36.0,37.0,16.0,fashion_shoes
9b1c33398191d2026558e5d3940a0d8b,4.0,1500.0,22.0,12.0,33.0,fashion_shoes
6b7c52cac292a4faf72cffd7085837a5,4.0,700.0,22.0,12.0,33.0,fashion_shoes
11a5b67d535b545294cb946e2f7d5966,4.0,850.0,22.0,12.0,33.0,fashion_shoes
7e1cd234017755c3d884de59cbd15ca7,4.0,1400.0,22.0,12.0,33.0,fashion_shoes
942bede3ef6a71e73b5f0ae6ca2f64d9,6.0,300.0,29.0,7.0,16.0,fashion_shoes
db49e555273e8f70eac0f18f20919850,12.0,400.0,29.0,7.0,16.0,fashion_shoes
7c263994ef32b8ced2fa464a5d4312a8,4.0,800.0,22.0,12.0,33.0,fashion_shoes
ca92f5c2276bfd491db575cd9de5a70d,2.0,800.0,22.0,12.0,33.0,fashion_shoes
dd42371d570cdd9aff81b02961d6bafc,4.0,900.0,35.0,12.0,20.0,fashion_shoes
990776b3e410ccb3cc725fddb0d20db9,4.0,550.0,20.0,15.0,35.0,fashion_shoes
fd1061ebebbb9892c59897096066dec5,4.0,1400.0,22.0,15.0,33.0,fashion_shoes
bb1abbbcf2a84fa906cf9ba0e3b00cb3,1.0,500.0,30.0,20.0,30.0,fashion_shoes
ca6eb076f02230568bacc7f8abbb6b5a,4.0,700.0,36.0,18.0,27.0,fashion_shoes
652cee66eaed09b444b43463eee56cc7,3.0,1850.0,36.0,37.0,16.0,fashion_shoes
29279408d40e4f6e9c9ad85e4e97d676,2.0,1300.0,20.0,9.0,21.0,fashion_shoes
a7c361fef1ac09881a4d59c9b5048f0d,4.0,500.0,29.0,12.0,23.0,fashion_shoes
4563d900cd3080ee4854e36ea7d0f156,6.0,300.0,29.0,7.0,16.0,fashion_shoes
af4c5334329f4b3de5b2738af0bf69de,6.0,300.0,29.0,7.0,16.0,fashion_shoes
5ffd443a2b6ec639a1e28bc11936455a,12.0,300.0,29.0,7.0,16.0,fashion_shoes
acd824083bf35614399164521e080a37,4.0,1400.0,22.0,12.0,33.0,fashion_shoes
5850cdcd591bf91b931a59143bed34ac,5.0,500.0,29.0,12.0,23.0,fashion_shoes
e5eaae7d68dab0ac80b3a5bb888f33f0,12.0,200.0,29.0,7.0,16.0,fashion_shoes
b20858dd0cc1115e2fedb0f48867495d,6.0,300.0,29.0,7.0,16.0,fashion_shoes
6d377b5a340a90e525d388010b3062cc,3.0,2000.0,36.0,37.0,16.0,fashion_shoes
ad26ad285869ae33f293067b79b9f01e,5.0,2200.0,32.0,12.0,37.0,fashion_shoes
de4a736d3f2df1266774822d9a4762a8,12.0,200.0,29.0,7.0,16.0,fashion_shoes
2880c8710857e36b294c7b9380b2e6cd,2.0,1500.0,25.0,15.0,35.0,fashion_shoes
2ea8ec61f4c1078cdf7b1df620135059,4.0,1850.0,34.0,38.0,13.0,fashion_shoes
655427924aa82cda2749c647becca121,2.0,400.0,16.0,5.0,33.0,fashion_shoes
d8e94b73f80bea3c8c7d5cc257fbd4b1,5.0,1750.0,36.0,37.0,16.0,fashion_shoes
8205c48f13a36d0c377f69ae56f84e3d,4.0,300.0,29.0,7.0,16.0,fashion_shoes
e87ed1eba20ee630499eb23fcfb5c5fa,2.0,1000.0,18.0,8.0,20.0,fashion_shoes
47fc9ac35ea613a0fc62033750123d2f,5.0,1400.0,22.0,12.0,33.0,fashion_shoes
34b14512f2273a75361c2809e3c3f8ac,5.0,1400.0,22.0,12.0,33.0,fashion_shoes
ea4d546188ec8252ef66cff2f9c9ed9f,4.0,1400.0,22.0,12.0,33.0,fashion_shoes
b993dfaf418915ff7d0aa74016f030f7,12.0,500.0,29.0,7.0,16.0,fashion_shoes
4e6554c7113b9e0447a2ffed3bc76195,4.0,1500.0,22.0,12.0,33.0,fashion_shoes
f88e0d55c56301ce5e0d6d518c7f0598,4.0,900.0,16.0,33.0,19.0,fashion_shoes
1a57051039dca27521c83e2212042176,12.0,500.0,29.0,7.0,16.0,fashion_shoes
36fe62c1a0f657634af86b5bbf10f459,5.0,1400.0,22.0,12.0,33.0,fashion_shoes
cf06cedeb188baaa6ce7d01348cb19e9,4.0,850.0,22.0,12.0,33.0,fashion_shoes
3f6cfbf79bad1fd33c65e65cde20ab67,4.0,800.0,22.0,12.0,33.0,fashion_shoes
9694310dd8c2910c9f91b5ac27ab77f2,4.0,1100.0,16.0,33.0,19.0,fashion_shoes
524a212245455ed22be931dc838b37fa,3.0,950.0,20.0,9.0,21.0,fashion_shoes
fb7eda79f009c621d394406fc3c28d5c,5.0,3000.0,36.0,37.0,16.0,fashion_shoes
618a8dac41d5f04a248927a5f44c1f13,3.0,1100.0,33.0,19.0,12.0,fashion_shoes
6beae1a9c914c4e2ca45868d6317a27e,4.0,1400.0,22.0,12.0,33.0,fashion_shoes
f0b7332bf477f047972f58a8d70942ce,6.0,200.0,29.0,7.0,16.0,fashion_shoes
ae7a0b7f28e53b07d86e85f796d6e6de,12.0,500.0,29.0,7.0,16.0,fashion_shoes
218de70a5a63ca13ad448aa4706d8ce1,1.0,500.0,33.0,19.0,16.0,fashion_shoes
4d58a1ff101eae5005f818b97740335e,3.0,950.0,22.0,12.0,33.0,fashion_shoes
f1b094f93ebed1272928238b76d8933b,4.0,800.0,22.0,12.0,33.0,fashion_shoes
71fa3ded050dac9c89b71383bbe4df76,12.0,400.0,29.0,7.0,16.0,fashion_shoes
72c4031dab551c0441689706d58957a1,6.0,200.0,29.0,7.0,16.0,fashion_shoes
bf1bb2f928a69aae75cb2e23f9516116,4.0,1400.0,22.0,12.0,33.0,fashion_shoes
0b4b0cc10d659c9885f317ff1b4f4ea8,6.0,300.0,29.0,7.0,16.0,fashion_shoes
f39288f58793ce5e6985b3f7832af88c,12.0,300.0,29.0,7.0,16.0,fashion_shoes
827abcada2c9f7862ef735fd765b87b1,6.0,300.0,29.0,7.0,16.0,fashion_shoes
8b550a4d1a4ced88dce0f9ff85887e79,4.0,750.0,22.0,12.0,33.0,fashion_shoes
34eb0685663d60e57a9ca086c8e33423,3.0,1850.0,36.0,37.0,16.0,fashion_shoes
191bd142a00d0d95fa54118635886d9e,4.0,1400.0,22.0,12.0,33.0,fashion_shoes
7315c8b2fdde9b7ce4e9fb30ddde010b,4.0,1400.0,22.0,12.0,33.0,fashion_shoes
814db92f0cda8c71fa27f4b022cea56f,12.0,200.0,29.0,7.0,16.0,fashion_shoes
f775e44f7a8609df5fc7a00faa8b458e,4.0,1500.0,22.0,12.0,33.0,fashion_shoes
e29d3ed26171c32d0c88c28884a5dc31,4.0,700.0,22.0,12.0,33.0,fashion_shoes
4aeb131af29214bc1737bdaef327240d,4.0,1400.0,22.0,12.0,33.0,fashion_shoes
793dc6416cb7c57351e27eec5ee69f5b,3.0,1050.0,21.0,9.0,22.0,fashion_shoes
55624051e913597daf59dee5c582b6b9,4.0,850.0,22.0,12.0,33.0,fashion_shoes
df371be2e5f40ffec4285926ae7ebcd1,3.0,1150.0,22.0,9.0,22.0,fashion_shoes
ac942b3f5756151f9dea022e7058d7c9,4.0,1400.0,22.0,12.0,33.0,fashion_shoes
1c687f9714b91f95caf2727cf84e5be3,12.0,500.0,29.0,7.0,16.0,fashion_shoes
c977ac034427790e883ab55f4baa68c2,4.0,750.0,22.0,12.0,33.0,fashion_shoes
f690f2a1b0ea0a320db18661b6f24b6f,4.0,650.0,22.0,12.0,33.0,fashion_shoes
002159fe700ed3521f46cfcf6e941c76,3.0,1850.0,36.0,37.0,16.0,fashion_shoes
ab481d9ef0fb9cab12778cdf56564ff7,4.0,1400.0,22.0,12.0,33.0,fashion_shoes
3fc0df95e5b295f37ad821902cfd4a33,4.0,1100.0,16.0,33.0,19.0,fashion_shoes
163ba96993ec61eac36239e7301827c4,4.0,1400.0,22.0,12.0,33.0,fashion_shoes
1b4dee3e58cb87cb5a0acc54ea53db9d,4.0,800.0,22.0,12.0,33.0,fashion_shoes
d0106a541ba786ea96c44efe52e10bf4,2.0,900.0,17.0,8.0,19.0,fashion_shoes
a5620dbc470a8e3ec837aaf1bbd48eb8,6.0,200.0,29.0,7.0,16.0,fashion_shoes
e82a3702b491473198cf2db779f78e52,4.0,1400.0,22.0,12.0,33.0,fashion_shoes
92bf5d2084dfbcb57d9db7838bac5cd0,2.0,100.0,19.0,3.0,11.0,telephony
64c8f1a52b407d92518a1f8b79240a70,1.0,100.0,18.0,6.0,11.0,telephony
7f6308ba4057a6a740af7b4dcfb79c13,9.0,200.0,19.0,5.0,11.0,telephony
ac5bae85a895724330c4acddd581b02b,2.0,500.0,16.0,15.0,11.0,telephony
3014e35fd70fce29095ced5cdc89f4ce,1.0,125.0,17.0,10.0,14.0,telephony
4473f3e5c65952b074ef987fa5c24662,6.0,350.0,17.0,4.0,12.0,telephony
a388f2043ca885de714453e4fac616e2,1.0,100.0,16.0,3.0,11.0,telephony
eca3036ef7ba11b3331c334b7053fe13,1.0,117.0,19.0,4.0,12.0,telephony
bb31a27a0b24236c8ce7e0c6264c51ec,12.0,100.0,19.0,3.0,11.0,telephony
8d51190d4e52d32e6abf3d0551501114,1.0,200.0,19.0,4.0,11.0,telephony
7f383ce1a13d3d90e3d6074557ee8deb,4.0,200.0,17.0,13.0,16.0,telephony
a1d17216996bf0cbba886f91bfd31c77,1.0,103.0,21.0,6.0,14.0,telephony
afce90df29b9a0c1bfe5e1033f1197b1,4.0,75.0,19.0,3.0,11.0,telephony
9339df4b551cc289617ed742b9af7925,1.0,200.0,19.0,4.0,11.0,telephony
a453b4ccccf554efba31d5ada5a59a60,6.0,300.0,17.0,4.0,12.0,telephony
ac1290e4432c1f2662b71ac47da47691,2.0,125.0,19.0,3.0,11.0,telephony
b23cfa104a0f297458ecebea590a33d5,2.0,100.0,19.0,3.0,11.0,telephony
bb8248b78690e295b4978f78009e4b94,3.0,150.0,21.0,7.0,14.0,telephony
4723ab93377036eb7e0c15dfca8c8ce6,3.0,200.0,19.0,3.0,12.0,telephony
bdb0b11a36aed4d0d862a7037c838560,3.0,383.0,16.0,12.0,13.0,telephony
afb0d399cb1dec68de437eec41c94fad,6.0,100.0,18.0,6.0,14.0,telephony
00a985c524adbb97a4211e4ce17aabec,3.0,250.0,17.0,4.0,12.0,telephony
3b2d98c62a89221177c0f6213256816b,2.0,150.0,16.0,4.0,11.0,telephony
91ad72a5e0313d764d9603f18f2c3658,1.0,253.0,20.0,10.0,18.0,telephony
1ecaa47c3ade7f098ca5dd97e8dcb018,1.0,150.0,19.0,3.0,11.0,telephony
6acf371d62b424190897033ef93947bb,5.0,300.0,16.0,7.0,11.0,telephony
f99af3a3d10f7a52df7eb10abd1b72be,3.0,50.0,18.0,6.0,11.0,telephony
c24f692e0f20f854c24c31517610ba7c,6.0,200.0,18.0,3.0,16.0,telephony
a56af7192032f295ac582a2d70e4caba,2.0,600.0,23.0,18.0,20.0,telephony
e4003447524c275bcd706d07068b3f3d,1.0,75.0,19.0,3.0,11.0,telephony
036734b5a58d5d4f46b0616ddc047ced,5.0,300.0,17.0,4.0,12.0,telephony
71685103d269d757074595a20bb82211,6.0,100.0,17.0,4.0,12.0,telephony
2500fb88ba75d71bd264e88b4da5b44b,1.0,250.0,16.0,8.0,11.0,telephony
c9cfa62f6407e7bad1a59a8ad7255d4e,2.0,200.0,22.0,16.0,16.0,telephony
1d3d7e2bc2cb75e4e2c798ec9aae0279,2.0,175.0,17.0,3.0,12.0,telephony
3d4c249691c5ff13ec7946d4d7a1aaa0,2.0,150.0,20.0,5.0,12.0,telephony
2756f88aa420dd0c5aa25b2db78d4664,3.0,200.0,19.0,4.0,11.0,telephony
407eeaa1c0dcd776f6c2ad41db4c62e5,2.0,304.0,19.0,11.0,16.0,telephony
42212fc3d57c0e2242bd661e94e1e067,4.0,100.0,19.0,3.0,11.0,telephony
f0bc8fe90b1c3901a14ba52f6aa17273,4.0,100.0,18.0,12.0,16.0,telephony
29d7696e65020b6cf7846bc4d7668f65,2.0,233.0,16.0,13.0,13.0,telephony
d5448c89ef7dc8228e12ae75e180ba74,1.0,100.0,20.0,20.0,20.0,telephony
9256d5ffeddcdb1ee516de53414ff1a2,3.0,300.0,17.0,4.0,12.0,telephony
8fae593cc19dca7764e3eea78ec0fd77,2.0,300.0,21.0,11.0,14.0,telephony
a8d952e8e5436a6fe36d24c402d100de,6.0,300.0,17.0,4.0,11.0,telephony
2cbd0f06c3123f0bd14c4bffc0498996,1.0,75.0,19.0,5.0,11.0,telephony
aba92acbdc38cb3a656015d4fa601a23,1.0,325.0,40.0,10.0,11.0,telephony
40f9995eecfc68f54991ca49582e9885,1.0,150.0,27.0,5.0,20.0,telephony
03df27817e9494be978b56cc083a0beb,3.0,200.0,19.0,4.0,11.0,telephony
283f243bb09e48e8f324d175182d5cfa,4.0,225.0,18.0,5.0,16.0,telephony
00de7f393d962717eeeb2d7131a40dba,2.0,300.0,16.0,5.0,12.0,telephony
a9e0a3a894f4bf7844830c090853c3e1,1.0,375.0,18.0,10.0,16.0,telephony
ec3a2834eedc556927bb46dbad044f91,2.0,150.0,18.0,6.0,13.0,telephony
6a65f47817739b82dcd2cdaf4c568e46,3.0,175.0,16.0,5.0,11.0,telephony
ace0a62915c59a40d45b2597336c68d7,4.0,300.0,20.0,30.0,20.0,telephony
543677fb57d4ce16a9ac89d2d1fafd4f,1.0,100.0,19.0,4.0,11.0,telephony
4a74e7a025c5837140060a472bd16950,1.0,150.0,19.0,5.0,20.0,telephony
7b32b1b87594b60dced8abb4531d2986,1.0,350.0,16.0,6.0,11.0,telephony
cfa7ee31b3e91eacffe78176dc964965,1.0,203.0,14.0,16.0,14.0,telephony
99d649a55b3bbffa301adbe2e0661d41,2.0,150.0,17.0,8.0,11.0,telephony
6c6dc08e83a72648b3202c2cd6f9252a,3.0,150.0,21.0,7.0,14.0,telephony
8c0b38fcee9ef771b9da3d7dc849989c,3.0,300.0,18.0,5.0,12.0,telephony
687d4a56a1f4ac70dd11db114d47076c,2.0,50.0,19.0,3.0,11.0,telephony
a8a491b1916fc6801cbebd09e7c02567,1.0,150.0,19.0,4.0,11.0,telephony
ae9b8e8d0dcd7ca369276380ee8ce659,1.0,100.0,19.0,3.0,11.0,telephony
38ad86e536a0e27c5a4d2dc30964259d,2.0,300.0,17.0,4.0,12.0,telephony
62633ec6c321f244f230ae94e9864d6a,1.0,125.0,21.0,6.0,14.0,telephony
cc158c284564106f4b668ae02389e2c3,1.0,100.0,19.0,3.0,20.0,telephony
a4bdcbc90bfef55be462f3355d1a7d2f,1.0,100.0,18.0,6.0,11.0,telephony
23930a256cb06e683cbceb246221290a,1.0,100.0,16.0,6.0,11.0,telephony
cdfbf89ab41de77f2bc60c0194c00d37,1.0,124.0,22.0,5.0,16.0,telephony
19db7ccde0bb9cb62b208b2b3b794927,1.0,200.0,18.0,6.0,12.0,telephony
20a8603c265d777e25da064113d556f5,3.0,475.0,17.0,14.0,14.0,telephony
3bf5c74c4cd6c31533bd6abf7c3d5a13,1.0,100.0,19.0,5.0,11.0,telephony
3308e7337d30a51ac18fa4e9e72b310c,5.0,350.0,17.0,4.0,12.0,telephony
91421c5de3c0cb822ec9bf05f9220267,6.0,200.0,16.0,2.0,11.0,telephony
52e5fdcb5e51164483d584c75bd3a478,1.0,150.0,19.0,8.0,16.0,telephony
a6a7cf0d51ae6970c1881c0da049e1fa,2.0,200.0,19.0,4.0,11.0,telephony
ebcf9e2edf1b5ef61117102401561d4a,1.0,150.0,16.0,4.0,13.0,telephony
77255774965600c1ae00627edb86b9d1,3.0,50.0,19.0,3.0,11.0,telephony
920efad5907c4034a1ef4c4c11b17fee,2.0,150.0,19.0,4.0,11.0,telephony
a78e2e8f49106bb2123fe7541fa86640,5.0,250.0,17.0,4.0,12.0,telephony
dca18a6e2fb6da75092ed874094ed7b6,1.0,300.0,13.0,8.0,10.0,telephony
9e8762176dba8eada7ed0259e69c3423,2.0,150.0,16.0,11.0,11.0,telephony
5d847bc4fc80feb2b197cde103963ca5,6.0,200.0,17.0,4.0,12.0,telephony
87ae34a2e6f971a135f8bea5ae7949a9,2.0,350.0,17.0,4.0,12.0,telephony
6d7a4492be45dfb8e38e762efe6614a4,6.0,300.0,17.0,4.0,12.0,telephony
8ba200c8b018e8205adf543699c02eac,3.0,253.0,21.0,16.0,21.0,telephony
9d6580f17a0cba74324ce82874fbbe13,3.0,8100.0,25.0,25.0,25.0,telephony
9276ddb0d445c1bfcac493452b6f0ba4,6.0,250.0,17.0,4.0,12.0,telephony
cdd4ca17d0e8c9d9d322b1d11d76e876,4.0,100.0,16.0,11.0,11.0,telephony
5b8d60277cb78caf49ba0c814eae519b,1.0,300.0,16.0,2.0,11.0,telephony
5d52927f3cf2e3266c5dd6e4d2dd566a,5.0,200.0,21.0,6.0,13.0,telephony
9cb42a0117f7a4098d69936a6e772481,13.0,100.0,16.0,3.0,11.0,telephony
97017430754804328eb9597b7f85da03,5.0,300.0,17.0,4.0,12.0,telephony
973a3dbe682b5a1cc9333f5a1f5d407b,5.0,60.0,18.0,2.0,11.0,telephony
5a910588e5561f1b7cbe03bc10cbc967,3.0,250.0,17.0,4.0,12.0,telephony
4e64dbe0b03dc0aba80f28b0b922c6b6,1.0,133.0,18.0,5.0,13.0,telephony
ff5d7f21d255435967dfbe72b5dcdb57,3.0,167.0,17.0,3.0,17.0,telephony
01f1608fbd6fc5b04308ff6157326e6d,2.0,150.0,19.0,4.0,11.0,telephony
ed71a85647afea9562cd2a14b1ac8622,1.0,200.0,20.0,5.0,12.0,telephony
b45b5b25c6655d824ed7ffc8fa65688c,2.0,360.0,22.0,6.0,11.0,telephony
4e1d8ab59a756d83db0a0902c1342e11,2.0,100.0,16.0,22.0,11.0,telephony
3bbb1f94c6871212f10e8c25012a8e19,13.0,200.0,16.0,3.0,11.0,telephony
3ede26b9ff5be98aa46feaf2b1416ddb,3.0,200.0,19.0,3.0,11.0,telephony
b1035b3d307f0aeb6157fdd3e09f8119,3.0,375.0,18.0,13.0,16.0,telephony
132166cc21f572ad76741f4487b49b49,3.0,250.0,21.0,12.0,21.0,telephony
5f0bdec2fb222061ed8fe52586a5957d,1.0,113.0,18.0,4.0,11.0,telephony
c3ae2001a36724730fbc90605b9278e2,2.0,50.0,18.0,6.0,11.0,telephony
8974fd022d2eca68246a2f754bd7de23,1.0,200.0,27.0,5.0,20.0,telephony
913dfc85a7c4fd983be2290f7436bedc,1.0,225.0,20.0,5.0,13.0,telephony
08ddfb809affc027d1aec6d639969dbc,2.0,167.0,18.0,5.0,11.0,telephony
c0ac2a543ff5a5c714f9a013becd4b07,6.0,350.0,17.0,4.0,12.0,telephony
caa5c299fe513376ba573cfd401822c8,1.0,200.0,20.0,20.0,20.0,telephony
9aa9caee155847cddb376a05b9a39791,6.0,300.0,17.0,4.0,12.0,telephony
2d8b38d9f3b8fc6659cd5aa565ec6e7c,2.0,200.0,16.0,2.0,11.0,telephony
5bd6493a2d5a384987386f2696bae33d,1.0,150.0,19.0,4.0,11.0,telephony
6f2d7833b8f0a094571ebddebdc6623a,7.0,350.0,17.0,4.0,13.0,telephony
05c693a8085dad009cebdcf2830ab738,2.0,200.0,19.0,4.0,11.0,telephony
8c8cb3d0f2853c44cbf9561c7d93beaa,1.0,175.0,18.0,4.0,16.0,telephony
0bed2811f66d80c67e51d3d9a5127233,1.0,100.0,24.0,2.0,18.0,telephony
47523004e8ae631103108af56e8076a2,2.0,300.0,17.0,4.0,12.0,telephony
b37b72d5a56f887725c2862184b8cab8,1.0,150.0,19.0,4.0,11.0,telephony
2083a6feb4bbb31f6abc92fc24e468c0,2.0,150.0,19.0,15.0,15.0,telephony
61b5c300f3e56ac6bda4cb54de396f9b,1.0,200.0,25.0,2.0,18.0,telephony
fb19ac22e32dfecea21afbdde4b97b5f,2.0,100.0,16.0,13.0,16.0,telephony
3e3c08f8d0d3bbe5094186e4562b6651,1.0,200.0,18.0,5.0,12.0,telephony
f4b4b654b5d11b8e56d603ffc530ddd9,1.0,200.0,16.0,15.0,15.0,telephony
7d6ff8668892b298e80202cbb7099272,1.0,231.0,18.0,13.0,14.0,telephony
d8d11b0dfd20afdb942dabc4ddb5fe24,2.0,100.0,19.0,3.0,11.0,telephony
254e83d8714765408ae71c07e6a972e0,2.0,651.0,20.0,15.0,22.0,telephony
633cb41f42ef3dcfc01174d27637d0ad,2.0,100.0,19.0,4.0,11.0,telephony
827f677ed9cd1e18a5f4e8ecd4eb7489,1.0,200.0,19.0,3.0,11.0,telephony
16fdfb4f828bedbe3ad9a00162bd5339,1.0,100.0,19.0,3.0,11.0,telephony
89c759803e084e177bd98baad6fe67fb,4.0,200.0,17.0,4.0,12.0,telephony
3b8b957801a5b4bca1a4f5d1f5d32aef,3.0,100.0,20.0,4.0,15.0,telephony
30cf0776f894ba06d8c30bc552330a90,3.0,100.0,19.0,3.0,11.0,telephony
562f4fcb4d0fb2cd4b547e42e5bfd2e6,4.0,400.0,20.0,11.0,13.0,telephony
ea5dab9d789df7f5cef0e41002bdf47b,2.0,200.0,19.0,4.0,11.0,telephony
85ae33cb0cb21c6fe6b021faf074a682,1.0,150.0,19.0,4.0,11.0,telephony
c3df8a716bc06d8fed63c0ed6e2c904d,1.0,350.0,16.0,6.0,11.0,telephony
6d3397316a9cca69919dfa62be97a35f,3.0,300.0,17.0,4.0,12.0,telephony
07691def223b4568e8ecb5a5b30574b1,1.0,150.0,18.0,6.0,20.0,telephony
08138db6d5813afad8e1f1d01393145a,1.0,200.0,19.0,6.0,15.0,telephony
2ad3b9d06491a22cf955595ecd1b5e6f,1.0,150.0,18.0,6.0,11.0,telephony
873d2aa3911060e77ac89009410aa908,2.0,150.0,20.0,5.0,12.0,telephony
0ce1e35bdc6af7e582e7ef9363e29b5b,1.0,100.0,16.0,11.0,9.0,telephony
aee9cd26256b232251c668f81a66a52e,1.0,100.0,19.0,4.0,20.0,telephony
868969d3a93aeeab7bfcd4fc3d3d65de,2.0,233.0,18.0,8.0,13.0,telephony
12f066474dfa3c415c169051c5e1967e,3.0,200.0,22.0,8.0,15.0,telephony
e52703b3a28722cd38f045d5ebf09b84,2.0,167.0,18.0,4.0,11.0,telephony
76de7235ba0ddd12de1d998e1a5a1722,2.0,150.0,20.0,5.0,12.0,telephony
3cb27db8c8015afcf219721d4fc10148,7.0,200.0,16.0,3.0,11.0,telephony
951e2998189b05082eab2080036b135b,3.0,350.0,17.0,4.0,12.0,telephony
e8f1f23c31482d8f798aaa64733e85d9,2.0,300.0,17.0,9.0,12.0,telephony
e8dca0ae20e339a356e9d598fefc3be5,5.0,100.0,20.0,20.0,25.0,telephony
997821c0ede235a8ed07670ce57a8d86,6.0,300.0,17.0,4.0,12.0,telephony
92f1f77b7f3c73831fef53406c195302,4.0,350.0,20.0,15.0,20.0,telephony
951cb45d30e716a846d8cf5874034e56,1.0,150.0,18.0,3.0,12.0,telephony
7e78ca7b03df674ba01752a0344b3ebe,1.0,150.0,19.0,4.0,11.0,telephony
a1ca62481619b02ad09535f2b418bb75,3.0,350.0,20.0,16.0,20.0,telephony
d305d1981b39fbfddd8c9d6b5a19a29d,4.0,450.0,19.0,12.0,14.0,telephony
d34c07a2d817ac73f4caf8c574215fed,1.0,325.0,20.0,15.0,14.0,telephony
eac9c1d0fccbfea24c2524ebe84b8bee,2.0,200.0,27.0,5.0,20.0,telephony
b9c742d2c1b06bc064c7aee11440e5ad,3.0,125.0,19.0,4.0,11.0,telephony
339f2b13a46e42dd78e479acfdd5f387,1.0,426.0,24.0,4.0,28.0,telephony
aa639608e62d229ef7dd04933ece34a1,4.0,350.0,17.0,4.0,12.0,telephony
6c0405ea1704f19465d1dc6314b1a9e5,6.0,50.0,19.0,3.0,11.0,telephony
519246f38910c45249e57a9f9b9fc142,2.0,392.0,17.0,11.0,13.0,telephony
4e873a046c5134adb52de054a25db91d,2.0,150.0,19.0,3.0,11.0,telephony
0e8455af924fb157b26a4ab95f28bb10,6.0,50.0,21.0,8.0,13.0,telephony
44a5d24dd383324a421569ca697b13c2,1.0,300.0,20.0,20.0,13.0,telephony
d0c51ac8e8c69abdcdddfd2ce66ffe3f,1.0,300.0,19.0,3.0,11.0,telephony
ff8ee90ee3170de57403d2d5af1e2c2e,2.0,50.0,19.0,3.0,11.0,telephony
5b96b6426a9c9a657af9d8a46b7847e4,6.0,300.0,17.0,4.0,12.0,telephony
e3a67a7350378910b2eb888ba9d2d095,1.0,100.0,18.0,6.0,11.0,telephony
c42500bc89ec2aab54ff83f7c31b8773,1.0,200.0,20.0,20.0,20.0,telephony
3a05f25f787e81cdd89d9612bff31bd8,2.0,400.0,16.0,16.0,16.0,telephony
7770bdde7d6bfd349bfdeabc4ce54c07,1.0,150.0,19.0,4.0,11.0,telephony
07dc749f37490643099305c4df823727,1.0,100.0,16.0,2.0,15.0,telephony
64e356655e467c59b4b42f98837d273e,1.0,100.0,16.0,6.0,12.0,telephony
ecb5b54535b9954dfabb3bd16f3c567d,1.0,117.0,19.0,5.0,13.0,telephony
1018789226ee7a23b5fd719413e80cb0,4.0,300.0,17.0,4.0,12.0,telephony
f7ac498363699addc5ff78eadee46977,5.0,150.0,19.0,3.0,20.0,telephony
7a4d1de6e3f699b294708384fbd6f8c0,1.0,300.0,16.0,22.0,11.0,telephony
fdc86b2fc0a185e4044ef057bb75a977,5.0,175.0,21.0,16.0,18.0,telephony
73c61364b22d14eac780a200b81d34c5,5.0,300.0,17.0,4.0,12.0,telephony
67d2c4ee8fd08752a32aae5f878740aa,1.0,100.0,19.0,4.0,11.0,telephony
a5845d48b5db7a5f0b41b39e2db4d42e,3.0,200.0,19.0,4.0,20.0,telephony
94e7891ebd952f90c83f1f27a38dec56,2.0,50.0,18.0,6.0,11.0,telephony
00e040fed5fb843e28740181ddca3521,3.0,400.0,17.0,4.0,12.0,telephony
50b3e51a19f3784534cbaf9c275dfea5,1.0,100.0,20.0,5.0,12.0,telephony
70cbbf603be04fd0947d83608b9a2266,4.0,314.0,20.0,9.0,14.0,telephony
f3a1a865ba61412ac17ab53f1a9c0082,2.0,50.0,16.0,22.0,11.0,telephony
e3372817fa5d5e8a0ce5db0fa237a3ad,4.0,100.0,20.0,20.0,20.0,telephony
8b1b115b8dc96bdfa740d4267019a201,1.0,133.0,18.0,4.0,11.0,telephony
303b5f49ba6dd3d1d40aa3fe9b4f0bf9,4.0,150.0,19.0,3.0,11.0,telephony
ce6450b4e1fbb3bc232eeb8b8e1c5757,2.0,167.0,16.0,10.0,17.0,telephony
9eb0c62c8c4159426b700eb10045dc44,4.0,400.0,21.0,6.0,13.0,telephony
f5d7145132f3a1e1bfb220ac72d803c5,4.0,267.0,19.0,4.0,12.0,telephony
207bb2d8180c2c7654872f6fab96e40e,1.0,100.0,19.0,3.0,11.0,telephony
c6a8643df741a03acc58318e481abf0f,2.0,175.0,18.0,4.0,12.0,telephony
2c2491f31fe7320124ccf2f3404354a6,6.0,300.0,17.0,4.0,12.0,telephony
9e88896ff9b39f42a9652dc0730ecabc,3.0,350.0,17.0,4.0,12.0,telephony
580ac70ff46f836dcc769fa584f85273,2.0,100.0,20.0,5.0,12.0,telephony
0b5452315880c73832a5c5837f0de5b2,2.0,150.0,18.0,6.0,20.0,telephony
03511a5e5d4c3d8ef00f1578e1419800,2.0,400.0,20.0,11.0,13.0,telephony
c8f57335e06d8d4e73e34057dc92cfbe,1.0,300.0,16.0,2.0,11.0,telephony
ca873fc3d2a6186b92f8c32d685012a6,3.0,275.0,16.0,5.0,11.0,telephony
89cea55405dd7811b48e500d9f263e43,6.0,300.0,16.0,5.0,11.0,telephony
12f54c9922a614df9d112a6d7537bb9d,1.0,275.0,18.0,4.0,12.0,telephony
7a7f15a177bc01a71d26274bef4311fd,3.0,500.0,18.0,8.0,16.0,telephony
99f265229d46f700208ad7cb1ff48aae,6.0,350.0,17.0,4.0,12.0,telephony
7dfaf5d5673b7663f59e93262a2e393b,7.0,150.0,19.0,3.0,11.0,telephony
f00ab8c27c660ad976b2f02b9cb8da3a,2.0,100.0,23.0,13.0,16.0,telephony
4af2ea2d968b3ad848b4f98ac7795fa7,4.0,350.0,17.0,4.0,12.0,telephony
e112bafe6285b42e5a1d51790dde0a74,1.0,100.0,19.0,4.0,11.0,telephony
f25795cfffe214cb33e87d996d64a222,2.0,200.0,18.0,6.0,11.0,telephony
61919b39651acb61ec24307ed8b9502d,1.0,250.0,17.0,4.0,16.0,telephony
8c5876b1c7768217964f353bc7e64393,1.0,250.0,18.0,3.0,28.0,telephony
b73465327bc1b605da184574c741e80f,3.0,355.0,16.0,8.0,12.0,telephony
4483c98ea94953839ff0e935627b831d,1.0,190.0,30.0,30.0,11.0,telephony
4a300735bc293723103db0d0c1bc1585,4.0,250.0,16.0,4.0,20.0,telephony
c50795b5c94dd185b2cee1d28a41d752,2.0,300.0,16.0,22.0,11.0,telephony
37cf51a1aaaf1d36fa54d980867b6fbc,6.0,300.0,17.0,4.0,12.0,telephony
05f65453e3770efa763d5b2884842fe2,2.0,200.0,25.0,10.0,13.0,telephony
df73a8f4ff200bb4571bbb961c6f6987,1.0,200.0,19.0,4.0,11.0,telephony
48711538a9ed71dcb2cdf01a38974abd,3.0,550.0,24.0,8.0,18.0,telephony
2f0487d88dafacc1e64b8ab65820f96b,3.0,300.0,16.0,22.0,11.0,telephony
0649f548e3fa70d40eb8fd98ecfe6322,1.0,50.0,19.0,3.0,11.0,telephony
80103e141ed0da3b1d63cb0c7d1f7d48,1.0,150.0,17.0,17.0,17.0,telephony
da893368e67b2e521b3f04da43f4b57a,2.0,700.0,18.0,7.0,20.0,telephony
a6a86219152d22366ffe68794aa1c219,1.0,88.0,19.0,4.0,11.0,telephony
dd0286e208604a3b60d3d0653981dbd7,2.0,163.0,18.0,8.0,13.0,telephony
1fd2441965108612e42f81661582a3e5,3.0,100.0,19.0,3.0,11.0,telephony
6189e02e0740fb983b93e8075e965290,1.0,250.0,16.0,4.0,11.0,telephony
291c7fc5097e83062a4377ca30c6b834,1.0,350.0,17.0,7.0,28.0,telephony
94021629fe94938c83a4bcd146938d8b,2.0,100.0,19.0,3.0,12.0,telephony
57d79905de06d8897872c551bfd09358,4.0,300.0,17.0,4.0,12.0,telephony
d2f391b26a0f90176e7a118c6988787d,2.0,150.0,17.0,12.0,17.0,telephony
ae3e0cf8b9e4a3a027fc5d4b0a3eb2a0,1.0,200.0,19.0,4.0,12.0,telephony
133eefb3fc03b13ebded258788747304,2.0,100.0,19.0,3.0,11.0,telephony
6fc899fd090b5b49145aefa27ce95d82,2.0,100.0,16.0,6.0,15.0,telephony
667058878eaaa9a381ed3e6b1f8b8cda,5.0,300.0,17.0,4.0,12.0,telephony
5264bb8a8395e30c0d59ac73be2c7613,3.0,83.0,19.0,4.0,11.0,telephony
854f1672c41eaa84b3e3a79e06146f63,6.0,350.0,17.0,4.0,12.0,telephony
575889c312f07612d39648ea61253cd5,1.0,250.0,16.0,6.0,11.0,telephony
16616beea59b12efb813aafa8b759f23,1.0,100.0,19.0,5.0,13.0,telephony
b77dd6385638733dd46bf68b093715b7,2.0,150.0,19.0,5.0,11.0,telephony
deecc62b2db3d87ff4d9fe364fead01f,3.0,350.0,16.0,10.0,12.0,telephony
9ac3471b9357338ea8054108a00389e3,1.0,150.0,17.0,17.0,17.0,telephony
0bdb7583b74c0323d413497fab3f2a3c,2.0,400.0,16.0,6.0,11.0,telephony
5546b861464398b784d10d8894ac97b0,2.0,90.0,19.0,5.0,11.0,telephony
afc8e0c5cfa24cfebf4b8a829745c052,3.0,100.0,18.0,6.0,11.0,telephony
1d496423fce0841afd60434ee1ed837f,1.0,100.0,19.0,6.0,13.0,telephony
cd657380345b2ab760f39105fb163005,3.0,350.0,17.0,4.0,12.0,telephony
6ed25ca69ed89451aae75d436337744b,2.0,150.0,19.0,4.0,11.0,telephony
b4b6d57077183818e56eb57b4e69c6ec,2.0,250.0,16.0,10.0,11.0,telephony
47c52f20a2d543f5b49c0b22f0826dfd,2.0,250.0,17.0,5.0,12.0,telephony
8eb0c431f2cf5b2fed9f69a6fd2e8756,1.0,100.0,19.0,5.0,11.0,telephony
61ff9632e46597dcf1064ae00e262234,3.0,50.0,16.0,3.0,11.0,telephony
f9cce3e19235fa7d11942f69caaa22c7,4.0,300.0,20.0,38.0,30.0,telephony
f286c2fe211df4102919d0bed084dddf,6.0,300.0,17.0,4.0,12.0,telephony
d5abd3b28e2a7a0da8f0a4617f9188d6,3.0,100.0,19.0,3.0,11.0,telephony
cfd5ddef75ca55424c2ff83ed2c2ad75,1.0,200.0,19.0,4.0,11.0,telephony
40bc6155bfab13c191f9d5a72ebe12c7,3.0,100.0,13.0,20.0,13.0,telephony
48cf041a87beac458328d395d035515a,2.0,150.0,19.0,4.0,11.0,telephony
fcd3383d6f4f1c10260d479342c4fd54,6.0,150.0,17.0,4.0,12.0,telephony
41ca153cf03e7b597a7b872ac78cad69,3.0,250.0,17.0,4.0,12.0,telephony
729c55b4509d36c18b86f0bacc17ca5d,6.0,250.0,18.0,4.0,12.0,telephony
71a8ee0a8b3fe29f6d89c75e6c1d2dba,1.0,150.0,19.0,4.0,11.0,telephony
a0f73bcb4e1fcfb056cfdc6ca7222249,3.0,200.0,18.0,6.0,20.0,telephony
bfdef2976f08b5f72e1cfa276a88f45a,10.0,100.0,16.0,3.0,11.0,telephony
e453ac0b522a20f7d08bb343b7753482,6.0,300.0,17.0,4.0,12.0,telephony
40749a37d68c1827c0ccd1844e9e3c8f,2.0,100.0,16.0,3.0,11.0,telephony
99e6f14f74a00605ad9cfe8c4bb29385,8.0,300.0,18.0,5.0,12.0,telephony
de12bf624c66b90ad178ac441cbfbad6,3.0,50.0,18.0,6.0,11.0,telephony
31b5755dd3e583e7c227a935657a818f,7.0,150.0,16.0,10.0,11.0,telephony
c1f5307decb89342351bec53668cffd9,4.0,300.0,17.0,4.0,12.0,telephony
831b1757a9744c37ddd574b5eaa3cc9b,4.0,100.0,17.0,4.0,12.0,telephony
fe7976532777922f0d60261e75f7ad36,4.0,150.0,16.0,4.0,13.0,telephony
892198c42c50014fa460d71bed876d7b,2.0,100.0,18.0,6.0,11.0,telephony
cc21bdb00e05f6cf2c10126d69d1a7f0,4.0,150.0,17.0,8.0,14.0,telephony
8ea58233633803a824be722002b84a5a,1.0,350.0,16.0,8.0,16.0,telephony
ee49de8fc5d17f5a154d8c649700f6ff,5.0,100.0,16.0,11.0,11.0,telephony
afeeea6271148ee1bb15173b8187c431,1.0,450.0,17.0,3.0,11.0,telephony
6c578f7117cc4f3ebc5bfd8a674e7ff4,1.0,400.0,23.0,6.0,15.0,telephony
94f8c822a2c9d476088ac45227f8226c,1.0,300.0,23.0,4.0,12.0,telephony
57fcacc3434a1f2f2b039c1b4e61f5e1,13.0,50.0,16.0,3.0,11.0,telephony
3cf811adb8b18fdc2811eb4880edead3,3.0,200.0,16.0,9.0,13.0,telephony
d787de6a880320609e500adbb90fb9c7,1.0,250.0,18.0,4.0,12.0,telephony
886208eeba914fad42127271385d66f0,2.0,175.0,19.0,5.0,11.0,telephony
f10f55939660d23138e46c72acb7498b,3.0,250.0,16.0,17.0,11.0,telephony
47259ce36f2aa500b4e7528100998ed4,1.0,100.0,24.0,2.0,18.0,telephony
ab9cf155f8280c3739b09fe341a185e8,1.0,225.0,18.0,4.0,12.0,telephony
f13db9a6ceefa4b25cc87b080769dca4,6.0,350.0,17.0,4.0,12.0,telephony
700b2242828ce37313207c1e91adc2d0,3.0,150.0,17.0,8.0,14.0,telephony
b6ea15ce7ec34fdebd80ef71de3a24bf,1.0,210.0,17.0,24.0,21.0,telephony
c3fff1789c3ee48e562e3ce051a4fa3f,1.0,200.0,19.0,4.0,11.0,telephony
e51c94c542c3102b23b946ccbd17609b,2.0,500.0,22.0,10.0,15.0,telephony
b05eda1aa0322626a26b40fe913ebfc5,1.0,75.0,19.0,5.0,11.0,telephony
a3ceb95649a48c0c54ae4bd1dd66d035,2.0,170.0,23.0,5.0,16.0,telephony
70dfaa15ff6214af572bcf8372986f25,1.0,350.0,16.0,7.0,11.0,telephony
674d9e3c3964c35239687c920b19a307,3.0,100.0,19.0,3.0,11.0,telephony
e635e8a5d128d27888d6bf5aace09298,6.0,200.0,18.0,5.0,12.0,telephony
00fd6afd95fe066db8433832180a5369,4.0,299.0,14.0,11.0,13.0,telephony
184fcfe46ee8cc3a557011888422b5e7,1.0,50.0,18.0,6.0,11.0,telephony
4ba03c3932b9242b45a6fe987149a517,2.0,350.0,17.0,4.0,12.0,telephony
f3c2d01a84c947b078e32bbef0718962,1.0,700.0,25.0,2.0,25.0,telephony
b80921007ed3f68cf6e536e6daf08610,4.0,300.0,17.0,4.0,12.0,telephony
dce4459168283eed926d7af76ba39e02,3.0,150.0,18.0,6.0,11.0,telephony
0fe46ce0313d625bd5c3b7e0bb918d55,3.0,100.0,16.0,3.0,11.0,telephony
143f3709e0b16bb2f1f5737e74ec15bc,1.0,500.0,17.0,19.0,14.0,telephony
4f00b2fac67879a28298642092faa414,1.0,475.0,18.0,9.0,11.0,telephony
813329d52f377306fa1614ca9a962cd5,1.0,225.0,18.0,3.0,12.0,telephony
542631a181ee1e3bf2b774a7c5344102,2.0,100.0,16.0,6.0,15.0,telephony
0d71340b664b3ae1ac8cca807bf236dd,3.0,200.0,19.0,4.0,11.0,telephony
625dac8156b3157351e7257305148f3f,1.0,175.0,18.0,12.0,17.0,telephony
ed811f9c4ce4994aa221a2b3875666db,11.0,100.0,19.0,3.0,11.0,telephony
47ab4924a51b711db100f100e9246dea,3.0,1158.0,25.0,15.0,23.0,telephony
77d1b9fb8d3858f503316105e9ac6c51,6.0,50.0,19.0,3.0,11.0,telephony
e0f99475a79890b9adaa95ceac17c1cd,6.0,600.0,19.0,5.0,11.0,telephony
c1cd85e63e70e6913339ec44e438fab6,2.0,200.0,19.0,3.0,11.0,telephony
a406f14e110f4ccb46059586e9440400,2.0,100.0,18.0,6.0,11.0,telephony
574611c3d47537a1e85c2f5d16e7c758,1.0,150.0,19.0,5.0,12.0,telephony
5b6263339240fc2b980849790e450c70,1.0,150.0,18.0,6.0,12.0,telephony
b4d9c32c307674e72fe46c424e3d4824,2.0,200.0,19.0,4.0,20.0,telephony
0db0a25da8420d8e6d918b552c3c4891,1.0,100.0,20.0,20.0,20.0,telephony
4a36fade797dd8d05c7c1398dc0837d3,3.0,100.0,19.0,3.0,11.0,telephony
184908160c13d25f992d86d43cba2e90,3.0,50.0,20.0,4.0,11.0,telephony
76706412ce5e2ae50ebcd57177232861,1.0,150.0,19.0,5.0,11.0,telephony
51f69f174d94a288c7c6d03095ccea9b,1.0,150.0,22.0,7.0,14.0,telephony
4228948b18fa440eee77ce59e7051853,2.0,200.0,20.0,20.0,20.0,telephony
711032db75fae9c76c17020aa359a99d,2.0,296.0,16.0,9.0,22.0,telephony
54a0f3e8ca45ad0d439759eda20c864d,6.0,250.0,16.0,16.0,16.0,telephony
374ec50a47f4522268202535a9b0e821,2.0,200.0,19.0,4.0,20.0,telephony
8f5cd67d0e2be158ff1e6c0b841686a4,6.0,350.0,17.0,4.0,12.0,telephony
061b1614b0e2a54bb06f23af8308b55d,3.0,350.0,17.0,4.0,12.0,telephony
bef21943bc2335188429e1638ef99b81,2.0,200.0,16.0,2.0,12.0,telephony
c8d90cfcce13c0471dc483876a080e87,1.0,275.0,18.0,4.0,12.0,telephony
c2613aec0520c43e665ff0d037adbfa7,3.0,100.0,19.0,3.0,11.0,telephony
67cf741b2e7fa5801046eeb8b95b8aa8,4.0,250.0,17.0,4.0,12.0,telephony
a4ae122069f05f8ac775375a4f00a907,1.0,100.0,19.0,3.0,11.0,telephony
93f9c7eb069e7ef8685ebe71ca606135,3.0,1700.0,16.0,4.0,11.0,telephony
7b2fc344801b7bd210743493b0cf9385,1.0,100.0,19.0,3.0,11.0,telephony
570bc3b3d1e5e422e2f48dda6adf72d7,3.0,300.0,19.0,4.0,11.0,telephony
b5f2e8a3a5468c998e821b0cc15ca5c3,2.0,225.0,16.0,19.0,18.0,telephony
71fc2a7d96a222b04e4131cfc006f265,4.0,262.0,17.0,12.0,14.0,telephony
439dee65f97bb5e70b021e1e7cf54a5e,6.0,100.0,18.0,7.0,16.0,telephony
95e67a8fbaf668c2d060eb3938a0c999,1.0,450.0,16.0,16.0,16.0,telephony
b1cbf530dc2a793ced8e0768ffcce501,2.0,100.0,16.0,3.0,11.0,telephony
3b0f7951038b105522c2d566b54421f7,1.0,175.0,17.0,6.0,13.0,telephony
e848fe43501928495138fd67b3e70968,1.0,150.0,18.0,6.0,12.0,telephony
9c33575aa341a769bf00ea6e3cd12e6f,1.0,200.0,19.0,4.0,11.0,telephony
0a18ef4868095d4c83357e58020e3397,4.0,175.0,22.0,4.0,12.0,telephony
5df6b48d02fedad4728b254cfcff3cc7,2.0,150.0,16.0,4.0,13.0,telephony
a00a22560435cc439faf6163eabc1ef8,3.0,75.0,18.0,3.0,12.0,telephony
555fb1933a0229450e7c01860a394dd4,6.0,350.0,17.0,4.0,12.0,telephony
1cf4209f5358de32c5cae2c2dbb84aed,2.0,350.0,17.0,4.0,12.0,telephony
0d1d766e7cdd4a724e9ea9a18e5177bb,2.0,700.0,23.0,6.0,15.0,telephony
ff7cbf1b6efcbdb616eaf4e90ca7a467,1.0,100.0,18.0,6.0,11.0,telephony
52de0484c8791bf5bf92748455652d10,2.0,200.0,16.0,13.0,11.0,telephony
6843fcf2daa799e469f08d9ded452d01,2.0,500.0,23.0,6.0,15.0,telephony
25d6edcd216a9ee579f19f92d694f7d5,1.0,100.0,18.0,6.0,11.0,telephony
1686ad611d0c19159f8052758f93f660,2.0,150.0,22.0,7.0,14.0,telephony
de18af36238944b4db169fd05ab9d541,4.0,100.0,19.0,3.0,11.0,telephony
dda99bcc1a209dcb83f788230d3ff4b4,1.0,150.0,19.0,4.0,11.0,telephony
a216f363d00d836f8ed41189b7ea0c91,4.0,300.0,17.0,4.0,12.0,telephony
b6f334a1ae0731e790e39cab5da09600,1.0,100.0,16.0,6.0,11.0,telephony
5edd96075ae7fa289da48ec3b80c0c2f,6.0,283.0,19.0,5.0,15.0,telephony
cfd2499557fab719688fc5260eb18dad,4.0,250.0,17.0,4.0,12.0,telephony
2345a354a6f2033609bbf62bf5be9ef6,5.0,150.0,19.0,5.0,11.0,telephony
cae2167feedb9388aa9baffbff44e5f4,1.0,150.0,19.0,4.0,11.0,telephony
b1710c76a2b88d24f13cf3afbb18d700,6.0,250.0,17.0,4.0,12.0,telephony
c3b8f6be3507bb05fd83797f81f679bc,1.0,175.0,18.0,3.0,12.0,telephony
e30a6d4fa7a954f72a0392de4c613243,1.0,225.0,16.0,3.0,11.0,telephony
c7c99e372ec2f873701c20e3a00ff29c,3.0,100.0,18.0,6.0,11.0,telephony
5758144640044883abcfc4569f97b5ee,3.0,100.0,18.0,6.0,11.0,telephony
74ae869eb82594d9cbe6e934cf143e0c,3.0,150.0,17.0,4.0,12.0,telephony
b3b0236137a276a847e6ee84c1a997b6,1.0,200.0,19.0,6.0,15.0,telephony
94b0bb57e5cc458656fd7ae6b806f5a7,3.0,400.0,21.0,11.0,13.0,telephony
456e335c5d854e2e4be306f7029cfe75,1.0,100.0,16.0,6.0,15.0,telephony
0a5ddeb81c96fe4e5065466ee8756ffa,3.0,100.0,19.0,3.0,11.0,telephony
2f3138b357c7b8278e5ecd81dba7aeb6,1.0,200.0,20.0,20.0,20.0,telephony
69898c1a5e170da88769a92f466dac8f,3.0,200.0,25.0,5.0,16.0,telephony
c1d6298abf132c4391d57e81599d415c,1.0,100.0,18.0,6.0,11.0,telephony
e962f892a82b3e301fc363a94cb2f521,2.0,150.0,19.0,3.0,11.0,telephony
cfa9c98a148ace270ebd4a856316c227,2.0,200.0,19.0,4.0,11.0,telephony
111d8a7b2ef16e6e8c71a069075f8771,3.0,100.0,18.0,18.0,18.0,telephony
49454c6dad93119e2815c43df82b2f57,2.0,100.0,18.0,6.0,11.0,telephony
f2343d71cb5ff4e6ff456dd9b544b84a,3.0,300.0,17.0,8.0,13.0,telephony
23845f8d570efe1e44d1ed2f533ab4ee,3.0,267.0,17.0,5.0,13.0,telephony
d41322ce7da20b675c1d9b927da128ef,5.0,300.0,17.0,4.0,12.0,telephony
f9379f60154525fc7b7aab43e4f14651,2.0,50.0,18.0,6.0,11.0,telephony
96d2a150ac4532d4d55c554d309bbc59,2.0,100.0,17.0,4.0,12.0,telephony
b1bd4278cdf42ce07b61d1a19d1aed07,1.0,83.0,18.0,5.0,11.0,telephony
b809b20fb6e5f42bd6d7744bad9f1a20,1.0,100.0,16.0,6.0,12.0,telephony
410d5b211dce5611e7a6412bf0cc30fa,1.0,100.0,19.0,3.0,11.0,telephony
1871f846d88e6b0632e1058b61d35964,1.0,117.0,19.0,4.0,14.0,telephony
ca4e831ef4aa332fb22de74fd2580285,4.0,300.0,20.0,15.0,15.0,telephony
530989bc6eff4420c49a84214ab1eb51,2.0,600.0,23.0,7.0,15.0,telephony
2cbb8082b18fef3194e081fef415ce0f,1.0,100.0,18.0,6.0,11.0,telephony
77f11bb30ec0116ada15b3ff106b744d,1.0,200.0,18.0,5.0,12.0,telephony
f986e5c01ed6b09ea37c158942eb8d12,5.0,250.0,22.0,12.0,16.0,telephony
b730365b62134e629a014f00f0b74904,3.0,183.0,18.0,4.0,11.0,telephony
419cb1b441eda9b92ebd1a1b96090c26,6.0,350.0,17.0,4.0,12.0,telephony
c4aa0ceec0529a29290c24f2bb490b3d,1.0,100.0,19.0,4.0,11.0,telephony
a0b940038a7c1b3af0958334fdbf3212,1.0,100.0,20.0,20.0,20.0,telephony
999f8a403c25d68c828a6915e13e89d9,3.0,100.0,19.0,3.0,11.0,telephony
e8822c8d359010a65c7901cd7656459e,3.0,100.0,20.0,5.0,15.0,telephony
d8a3475446775b8e52583329eaebd38a,3.0,303.0,17.0,14.0,16.0,telephony
624b5655a9d76b5a0e7d780dc4733887,2.0,200.0,19.0,4.0,11.0,telephony
788f25ce10487e2a8bf8080d2d10b27c,4.0,400.0,21.0,11.0,13.0,telephony
c660a57acadc9b699411b907a7b8d1c9,1.0,250.0,19.0,4.0,20.0,telephony
9d6fc8e7b56702efaf2e2eef7fede2d5,1.0,100.0,17.0,2.0,11.0,telephony
044f05bc9de36e8a693a83e4bc79dd0d,4.0,300.0,17.0,4.0,12.0,telephony
9e2d5ef1b9d71f1d1d7168dd7a042878,1.0,413.0,18.0,10.0,14.0,telephony
62edd494805524014c3ca693a51c4d53,3.0,400.0,24.0,8.0,18.0,telephony
6bb340ddddf26fad46161b199d171cdd,1.0,529.0,21.0,15.0,23.0,telephony
ac86050d1e979b8f28958a52deee6cec,2.0,600.0,16.0,9.0,13.0,telephony
f6a4dc24146fe1030460898ff26ed0af,2.0,150.0,21.0,7.0,14.0,telephony
93399fcfc1e2c0a01ea544754fddeed0,6.0,200.0,19.0,3.0,11.0,telephony
522269a832b7c65930e8f0b0fd08e9e8,6.0,350.0,17.0,4.0,12.0,telephony
df3655ac9aa8c6cbfa63bdd8d3b09c50,3.0,300.0,17.0,4.0,12.0,telephony
515bd603359b578cf72ec3524f57be73,6.0,200.0,19.0,5.0,20.0,telephony
5bf143472b353eb9135f9eb9c2154497,1.0,1466.0,30.0,10.0,26.0,telephony
2442a59b08910404b77c87210a0757b5,1.0,75.0,19.0,5.0,11.0,telephony
f26687a556d96d5ba708b2ae3db5fbed,1.0,100.0,16.0,6.0,15.0,telephony
995f41643437250fce96885e56dd05d3,4.0,150.0,20.0,10.0,15.0,telephony
376450070f391460f4b67e13166cae60,1.0,275.0,22.0,3.0,16.0,telephony
fda95fe26bc353f8a0cc05c8d109d453,3.0,125.0,19.0,4.0,11.0,telephony
af9e48cebe89ff658db6f0daee3d8057,2.0,150.0,18.0,6.0,11.0,telephony
f1800c2171d139e7a2a8ea2fed324eaf,1.0,117.0,18.0,4.0,11.0,telephony
c1b973e587fd6f4e5aa1fa2c01fc6e59,3.0,650.0,23.0,18.0,18.0,telephony
15d9c7e1411ece24a0053b1e876e4d4c,1.0,289.0,17.0,9.0,18.0,telephony
964011954f788aa4bd0dcf7b04056d81,1.0,50.0,19.0,3.0,11.0,telephony
c3d5a66bdd6bd3a9c7b3b53a46adc4d7,2.0,175.0,18.0,5.0,12.0,telephony
a00cd7752fb98e0a8382def60ecc0b17,2.0,200.0,18.0,4.0,16.0,telephony
15d43d4703185739abdf015897e34974,1.0,275.0,18.0,3.0,12.0,telephony
457cd0a99cfa977993e4eb6d98d95abb,6.0,350.0,17.0,4.0,12.0,telephony
bc68b4f9aacf4761a51fe96ac9cb6d62,3.0,200.0,19.0,3.0,11.0,telephony
9b4b2b6707ec9a606fff27daa71047b0,6.0,300.0,17.0,8.0,14.0,telephony
71191d3e8768745afc1c290c63f6241e,2.0,150.0,17.0,8.0,14.0,telephony
6432d844f2be41bb6f2fd279e23415da,6.0,300.0,17.0,4.0,12.0,telephony
7344630ca6c1a4917e55f35c729baa7d,1.0,200.0,19.0,4.0,11.0,telephony
0e259b36666420c6032de273ef47cdc7,1.0,200.0,19.0,4.0,11.0,telephony
b804bd070b03e990e6db597e36634cdd,2.0,200.0,24.0,6.0,13.0,telephony
2e0c6cc9589cfc1c8eb99242ac6e15ce,3.0,500.0,16.0,5.0,11.0,telephony
ea650c84a7d5aaf2a2c5f1b108de8f7c,1.0,50.0,16.0,14.0,15.0,telephony
c4f892b889113bc53371317bd975a168,4.0,200.0,20.0,9.0,14.0,telephony
ee1bcbbf391346d60af2af0fb84ed1c6,1.0,125.0,17.0,17.0,17.0,telephony
407e01944d78001dbd21da4c2059b8dc,1.0,300.0,16.0,4.0,11.0,telephony
794510bcdbf5a73420b5c9e51022d003,2.0,200.0,19.0,3.0,11.0,telephony
d472d40a9bd1540640ccc224d6d84319,2.0,50.0,18.0,6.0,11.0,telephony
0cb9f521598f339ad6e6b41e34a1b169,2.0,220.0,20.0,12.0,17.0,telephony
af8cad177ab4d05030a2c575aa8a36a2,1.0,167.0,18.0,4.0,11.0,telephony
335cea5bb277be8db0461ab24dea8268,1.0,100.0,16.0,6.0,11.0,telephony
af3c32ffb86784d96ad53372364b9d3d,2.0,150.0,20.0,5.0,12.0,telephony
448f8f85f231f7f33be46c1a972b6c8d,2.0,443.0,16.0,17.0,14.0,telephony
5a09313e3a42d69ab0b9fe5cb5e45341,5.0,200.0,21.0,2.0,15.0,telephony
1addcc38627084ba4a99fe3efca1c65b,2.0,161.0,17.0,14.0,19.0,telephony
3ced865c94d3396f990864fa7aef9104,6.0,225.0,18.0,4.0,12.0,telephony
f906dbac60e535e0e5c313eaf7c5bfce,1.0,150.0,19.0,4.0,11.0,telephony
35b951a4450662e330e5a1cb60fa11ff,3.0,200.0,20.0,12.0,16.0,telephony
dfc090f5e254f365893c76a73809d9f7,2.0,200.0,16.0,14.0,15.0,telephony
16f7c25c950c1c3f123fdc4a6cc390e0,1.0,200.0,24.0,10.0,24.0,telephony
884544808d4c1b6c5051646a85330fa5,2.0,150.0,16.0,5.0,11.0,telephony
1befaea8015cdb5fc2890a23ddf60cc0,2.0,200.0,18.0,6.0,20.0,telephony
cb0c2c97fb2fca149a11c2f14027895d,3.0,350.0,17.0,4.0,12.0,telephony
e07cf6c8c490ceac43740740459d87ff,1.0,150.0,18.0,10.0,11.0,telephony
cfbd417c9c7f510b60243124a6489883,2.0,225.0,17.0,4.0,12.0,telephony
3186cedd4e2b68aabc3aed94ab1ea91b,3.0,100.0,18.0,6.0,11.0,telephony
fb06535ba5dfc8f3e07fd0edc7c770fb,2.0,100.0,19.0,3.0,11.0,telephony
e282624d8c82e04983f125e167eb4521,2.0,117.0,18.0,4.0,11.0,telephony
3ab6b17b74dc2a05eb17feba84a363df,1.0,100.0,21.0,6.0,14.0,telephony
1bc5770761d1aaac6f2c831ac8f59708,1.0,150.0,18.0,6.0,12.0,telephony
420921e97463577fd5cc62c687d90bca,4.0,450.0,23.0,7.0,16.0,telephony
1d2498694abb5754d2a497801dc4900e,6.0,150.0,17.0,4.0,12.0,telephony
eaa57ef2c6f400e0ca6fabc628ea1cf0,2.0,150.0,18.0,6.0,11.0,telephony
027bb42a4ef22da4c7a80ecf9c60ba0c,4.0,300.0,16.0,6.0,11.0,telephony
15d20fc83a2c6720616bce544affa439,2.0,100.0,19.0,3.0,11.0,telephony
250d000589d1bb22d6ec81449f05cf20,2.0,55.0,25.0,10.0,15.0,telephony
6ae3f85f46a37844372252496c77b4d8,4.0,650.0,23.0,6.0,16.0,telephony
b9ce067d067a7390e6c3bf2700bf233d,2.0,350.0,17.0,4.0,12.0,telephony
a859dc323c1bebb21c887054599fccce,5.0,627.0,17.0,7.0,14.0,telephony
21caff3913095987c249438138d0ef23,8.0,200.0,16.0,3.0,11.0,telephony
ba453af64b21e4179a5635683be46d15,3.0,350.0,17.0,4.0,12.0,telephony
209c968305b3c2ab858608fc0b21e7e0,2.0,200.0,18.0,3.0,12.0,telephony
50360414e16500c6fa1c11e2be97dd0c,4.0,500.0,20.0,15.0,30.0,telephony
8657986fc307b1b749c57763b90795f8,4.0,350.0,17.0,4.0,12.0,telephony
e52ba7b3c98465f5b618ed526d399357,2.0,150.0,19.0,4.0,11.0,telephony
4ae634441e444ca4bc85903cafe98d73,2.0,275.0,18.0,4.0,12.0,telephony
db753afa921ad9943950ac46194a0031,1.0,50.0,16.0,12.0,16.0,telephony
d03b85d1b98bbeb63b41182721312e17,1.0,200.0,19.0,4.0,11.0,telephony
8cc83a79f9db9fd5f391c6c6c5e0dc4d,5.0,150.0,17.0,8.0,14.0,telephony
386703f26f328414fe118e10a5d92675,6.0,300.0,17.0,4.0,12.0,telephony
b101b46755d3037cfa56b29f72e11a19,6.0,500.0,25.0,10.0,25.0,telephony
48c4971ba55bfffcbf4f2805048b5944,1.0,100.0,19.0,3.0,11.0,telephony
080a388eb2bd1051b01f6fc4ca659450,1.0,100.0,21.0,8.0,14.0,telephony
ab4d0d8e7348b45ce6c791374f098eed,6.0,350.0,17.0,4.0,12.0,telephony
929f6896d3fbc8e476b46533ccab428a,2.0,67.0,18.0,5.0,11.0,telephony
54a5943820887ae6827319853d00887d,3.0,300.0,20.0,3.0,11.0,telephony
6cfe89ec0814c1a570172b0916b102a8,1.0,100.0,18.0,18.0,18.0,telephony
b57a4072f1286a401272930c85221f91,3.0,200.0,19.0,3.0,11.0,telephony
7da0fe244c4f894b5f41cbf240b1e484,6.0,350.0,17.0,4.0,12.0,telephony
96d6c71675adc35bcf32f970cdffe2d6,3.0,167.0,18.0,4.0,11.0,telephony
580af1ebaa84e22ae14e08f073d091b5,1.0,200.0,19.0,4.0,11.0,telephony
9ee8f71db966916c4bc13c3ede22c146,3.0,150.0,17.0,8.0,11.0,telephony
123701dcac36412cf1b594f5aafc2eaf,1.0,426.0,16.0,12.0,11.0,telephony
5b538f7edc652f1b05c56ccbae4bf126,1.0,100.0,16.0,6.0,15.0,telephony
3f7b6fe5f870dc2ab126236c8f70e214,6.0,150.0,16.0,5.0,11.0,telephony
63151b33c46a1f0619697a4e7ca198c3,2.0,100.0,18.0,5.0,12.0,telephony
b697c503df6dc2612e7f601a189718d0,2.0,100.0,17.0,5.0,14.0,telephony
6b5e28354ababa66e691a8072681427c,1.0,300.0,15.0,16.0,18.0,telephony
e39ad6a03434d2664d4b5c3bb331f2d8,1.0,150.0,16.0,5.0,11.0,telephony
8e26479962cb257aba82c608c10469e5,2.0,100.0,16.0,3.0,20.0,telephony
f5702d99b8546dfb8dca3d3e3eb85fff,1.0,183.0,18.0,3.0,11.0,telephony
7af783fa0f69ad4926527e4e9182268b,2.0,100.0,18.0,6.0,11.0,telephony
d3ce671d83f4434fbe5a05ff93427ef0,2.0,100.0,16.0,3.0,11.0,telephony
3eb48f70bd1ffaba382679c71ad7040f,2.0,200.0,18.0,5.0,12.0,telephony
c40b4d64d9a3328382ec1fc2948c4af0,1.0,100.0,17.0,5.0,12.0,telephony
983c7856ce570305f1156d5731ea0d98,1.0,50.0,18.0,6.0,11.0,telephony
31e085df58ad2bb752bfbabd1972197c,6.0,300.0,17.0,4.0,12.0,telephony
b3547583f59191a94cb364defe30e9ec,1.0,50.0,18.0,18.0,18.0,telephony
17c4bd4269902c84acc14c497f282ddb,5.0,300.0,23.0,7.0,15.0,telephony
acdffc304400a49352181f5ee9a47c52,2.0,1000.0,20.0,30.0,20.0,telephony
2f2242912bd9f5bde4a86e128e8905d7,1.0,100.0,16.0,6.0,15.0,telephony
2ec4063419591b373f7990da94fb2c6c,2.0,50.0,20.0,20.0,20.0,telephony
9afaad66aca8b0c79e4f084a89c9c92b,3.0,150.0,20.0,7.0,14.0,telephony
fcf28afb1353f2f12ea041dd74954226,5.0,300.0,17.0,4.0,12.0,telephony
d54b8b3e6a22392ddd16ba363069e778,1.0,100.0,19.0,3.0,11.0,telephony
ce374bee07166a6ac0a9bb103c8046f0,2.0,200.0,20.0,5.0,12.0,telephony
5cb51e5de546a11f68d85ad8cfbc5563,1.0,250.0,27.0,5.0,20.0,telephony
c72d57da8ba2412527531d97106eb8ef,2.0,50.0,18.0,6.0,11.0,telephony
d37129f996d61f0584733221bbdb40bb,1.0,100.0,20.0,20.0,20.0,telephony
df3ad3f81d16c72bccc160c5c81e40d3,2.0,50.0,18.0,6.0,11.0,telephony
a2da86fa759178e9e58e54aa1a144e59,5.0,350.0,17.0,4.0,12.0,telephony
1e4aad71e70ec3236b054032c42d3494,1.0,200.0,20.0,20.0,13.0,telephony
08fb1fed44ecc852b3ab9363b00d1c03,4.0,350.0,17.0,4.0,12.0,telephony
97ac99fefa9cf4eb8f825136a89e8f40,1.0,370.0,17.0,6.0,11.0,telephony
537652d95702108d6f9a55852ba97228,1.0,100.0,19.0,4.0,11.0,telephony
20d6d5469584eb71125803455ccf914a,2.0,350.0,17.0,4.0,12.0,telephony
da36ad55cf57ddbc83ed6cd00f819dec,5.0,450.0,20.0,10.0,15.0,telephony
c413fa08b405af6edb9d49e85e241c08,2.0,100.0,18.0,4.0,12.0,telephony
0cf573090c66bb30ac5e53c82bdb0403,1.0,128.0,15.0,8.0,13.0,telephony
e7cc48a9daff5436f63d3aad9426f28b,4.0,700.0,32.0,15.0,21.0,telephony
d24dd388a7b9f9c2efcbad7dc6cca05f,1.0,150.0,18.0,6.0,20.0,telephony
9cd2695ced061a6699aedacfb01e889a,2.0,125.0,19.0,5.0,11.0,telephony
83e68070fbf16ac859fc13285a5ba9ba,2.0,150.0,19.0,4.0,20.0,telephony
3ba7b6fb79791c1b73bc5740e15bd6e7,3.0,100.0,18.0,6.0,11.0,telephony
bb580ac04bfbc59d40fdf59a5dfc2a8b,1.0,400.0,16.0,5.0,11.0,telephony
028b3574d7619f191a7345161ae590e4,1.0,150.0,16.0,10.0,11.0,telephony
79da264732f717f10ebf5d102aa6c32a,5.0,150.0,17.0,8.0,14.0,telephony
d81cbbaeb38bdc56879d408d7f607b0e,1.0,600.0,21.0,23.0,22.0,telephony
ffeb228c521d5464d1f71444da96c446,4.0,200.0,19.0,3.0,11.0,telephony
4c7135793bfbc474845cef259450e694,1.0,200.0,17.0,17.0,17.0,telephony
b5b2072f757c9317caa9c32c3bbf393d,4.0,50.0,16.0,3.0,11.0,telephony
2de20adf2a0b53d046bdc80ab9f8cf89,2.0,100.0,16.0,14.0,15.0,telephony
a611d42645c444a6c8a20c3d4f058482,2.0,100.0,18.0,6.0,11.0,telephony
9162da2ae9d537db7d1d5972d6ec5dc0,1.0,100.0,18.0,4.0,13.0,telephony
152153cc85a6e47325494a479a93fc4b,11.0,200.0,16.0,3.0,11.0,telephony
603a1aa9fa912225142d0857890735bf,1.0,100.0,16.0,2.0,11.0,telephony
e3258912258da913595140fce3854b5f,3.0,567.0,16.0,5.0,11.0,telephony
4e42337065d8ce68661c6df8b2be58a6,2.0,100.0,16.0,3.0,11.0,telephony
5ea3f159c3d1fbcb5f1785dbb9c984e0,2.0,200.0,18.0,6.0,11.0,telephony
36eabbbffe429d2997d5bf9b40695335,6.0,250.0,17.0,5.0,15.0,telephony
23365beed316535b4105bd800c46670e,1.0,350.0,19.0,4.0,11.0,telephony
694cbe624717957c7536ef8cd9dfbf57,1.0,150.0,17.0,8.0,14.0,telephony
88b0e43d1df085c4e8c2be324e3785f3,2.0,175.0,19.0,11.0,14.0,telephony
00ddaddbe03b7103d80daee96892363f,1.0,200.0,19.0,4.0,11.0,telephony
142e24ca1186ae5c0a12a6c315bf43fa,4.0,500.0,20.0,15.0,16.0,telephony
413fa9f96b1e08ca73401f596e63dae4,4.0,100.0,19.0,3.0,11.0,telephony
15e71ca2be5a30e15c92ab4b36450571,7.0,300.0,16.0,20.0,11.0,telephony
8b52d90d2e8716dad633486c6cc94ecf,3.0,408.0,14.0,16.0,15.0,telephony
9af675a3fdeff7a4d141e18feaed4375,2.0,117.0,16.0,5.0,11.0,telephony
9f4923c125aadccb0e99914c96c8829d,6.0,200.0,17.0,4.0,12.0,telephony
de89f330c497e12d2510c2cd2a48a29f,1.0,605.0,16.0,14.0,16.0,telephony
54e68dc384678ee9280afd42a1b7d97d,2.0,250.0,27.0,5.0,20.0,telephony
d2686065b870834cc92605a5b9ec84ba,2.0,100.0,19.0,3.0,11.0,telephony
4fc82a921b5a266beb6ec10c52342155,4.0,450.0,16.0,11.0,15.0,telephony
3c1907ae45ee32709a71b67f20f65814,3.0,250.0,21.0,11.0,14.0,telephony
1d2e2390743b4ac67bbd2b5d95577e2f,2.0,100.0,18.0,6.0,11.0,telephony
f15d45335c602ddabad8579eb1d8e84f,2.0,350.0,17.0,4.0,12.0,telephony
6173741c2ed0c265a1b002af9e7ecf08,2.0,125.0,20.0,16.0,16.0,telephony
e2186eb5ecfd751611f739a4699d53ee,2.0,175.0,16.0,11.0,16.0,telephony
45e1e8edc20a5fabee57761f03feafc4,1.0,50.0,16.0,6.0,15.0,telephony
2f9c2888168b8c2d8e625905f3737057,2.0,150.0,20.0,5.0,12.0,telephony
94e6f132095f2a1ee6a6ba8330a9f9c0,2.0,100.0,19.0,3.0,11.0,telephony
f58749565f856133a556122fbb08784b,1.0,325.0,21.0,9.0,18.0,telephony
7541919b37eec10cb22469315a0c7328,2.0,150.0,19.0,5.0,11.0,telephony
3ea9fe739cd6a9bd2be0ba05c290498a,1.0,200.0,19.0,4.0,11.0,telephony
3eb235314db36995d65c80718db4fd85,3.0,275.0,18.0,4.0,12.0,telephony
d5c263f4d651ba657c900ce70a4be7de,4.0,350.0,20.0,30.0,20.0,telephony
2be8ecb5cd02ca1391e177e38963fe9a,1.0,100.0,16.0,6.0,12.0,telephony
9380b51efce9f9a6a52e1f2be1838d60,4.0,400.0,16.0,11.0,18.0,telephony
9598cf61b14e74eb35b845609cca6712,3.0,400.0,16.0,8.0,16.0,telephony
7127d16c840983cf82440bff9277f6ef,1.0,200.0,19.0,4.0,11.0,telephony
d7d1cdd61c66570cac78c88a0cae784b,3.0,200.0,19.0,3.0,11.0,telephony
443b89efbe906613ae1def8cd36fc872,4.0,197.0,17.0,11.0,14.0,telephony
681a43d9f960e80dd7756c749e60a2be,2.0,100.0,18.0,5.0,12.0,telephony
de72026142ffc78ea7a8d6ce739056b1,3.0,300.0,18.0,9.0,14.0,telephony
10ea4a7c88d50bd3568146a5522d8d42,2.0,100.0,18.0,6.0,11.0,telephony
01da7f08d8327e0b4fab7edaa0c417a4,3.0,350.0,16.0,3.0,11.0,telephony
0d9cceec564febe77a44f8123dc2279b,2.0,250.0,27.0,5.0,20.0,telephony
2ae47bec8bb5f5a00c0b9504481c4e19,3.0,300.0,17.0,4.0,12.0,telephony
d5e84279347d5f46ae9fdbbdd570a71d,9.0,133.0,17.0,5.0,14.0,telephony
61e0273e790dee51cd095c1ea887bf23,1.0,150.0,16.0,6.0,12.0,telephony
95c2f466171b1c183f5e769563bdc7cd,3.0,250.0,19.0,3.0,11.0,telephony
59fe488ea6ac9439bc86663f4a564c23,1.0,275.0,18.0,4.0,12.0,telephony
fb78b116998a9911245664c7823e1a95,5.0,350.0,17.0,5.0,19.0,telephony
c8f3af40bfb84b26b7d88c30a0760b27,5.0,150.0,16.0,16.0,16.0,telephony
a1ab6d18d301b5ee14b244b946e52973,2.0,100.0,16.0,14.0,15.0,telephony
ed77034b92386a1a8cfd3c648d715dde,1.0,317.0,19.0,8.0,16.0,telephony
9afe5faa4fa31a0858bbac1b3821977a,2.0,200.0,18.0,6.0,11.0,telephony
76d11bfd9f3974c6f750e89582654ea4,3.0,50.0,18.0,6.0,11.0,telephony
a321aef4233c6e0d55788de8b9a3aeac,6.0,300.0,17.0,4.0,12.0,telephony
ad1128daf194f4b6ac4256e16233497c,2.0,100.0,16.0,3.0,11.0,telephony
c4444723412f21a52a81a4c14eadc0fa,3.0,50.0,19.0,3.0,11.0,telephony
494e28e86f2b12df2d95e9d55266ef4a,2.0,90.0,19.0,3.0,11.0,telephony
b4b1c13bd539cdda68bd9a5e899767fb,3.0,400.0,18.0,16.0,16.0,telephony
3e43be936ce46c0ea61fb7aaf746fa17,5.0,300.0,17.0,4.0,12.0,telephony
82da31ba11331ed88419773d888bae7f,3.0,200.0,16.0,7.0,13.0,telephony
5568499d3c902609fbaa24d6639ef909,3.0,350.0,17.0,4.0,12.0,telephony
e4f77c9e32d6ed0e4902b08955d77b23,6.0,200.0,19.0,5.0,11.0,telephony
e1b36152443e58d382896be5d3af22d4,1.0,100.0,16.0,6.0,15.0,telephony
b7029935abacaa5e117b31bc355e9341,2.0,350.0,18.0,6.0,14.0,telephony
668b1e2b9471f837ba1797832e3f2012,1.0,230.0,17.0,14.0,13.0,telephony
46d35d41fbeb3693160ab97bdfa11cd4,3.0,200.0,19.0,3.0,11.0,telephony
aad1c338e2a8906e2040a2fb0861acbd,2.0,150.0,16.0,4.0,13.0,telephony
2388149ad18c9beacbf6d6ff59af3ba7,2.0,200.0,17.0,4.0,12.0,telephony
77bf7a2b26ff90d99d4af927102f1e8d,1.0,100.0,18.0,6.0,11.0,telephony
d9c01b484ada6a360c2715a08fdf1568,3.0,325.0,18.0,25.0,21.0,telephony
38f0c2769dec3744c8cbe008650383c9,1.0,250.0,18.0,18.0,12.0,telephony
13d3b13128633fbe0d43079cdfc7582d,3.0,150.0,18.0,6.0,20.0,telephony
edc388b2ba34de112c918ddcd465f5e9,1.0,100.0,19.0,3.0,11.0,telephony
3ab209559fd2ae18ae1e8013f790e28e,6.0,300.0,23.0,16.0,17.0,telephony
ce3524ed518a9e6ad7c72872ed88e461,2.0,50.0,18.0,6.0,11.0,telephony
b8073c83c3cd7f305f4c9c52a5cc9b96,4.0,200.0,20.0,5.0,25.0,telephony
3a98bcea866c31f53b35a41d3822f908,1.0,100.0,18.0,3.0,12.0,telephony
a6560efcf4467e1e097914a84362b833,2.0,100.0,20.0,5.0,12.0,telephony
dc491f9f25ee589f7daee8c44672b8ee,6.0,50.0,19.0,3.0,11.0,telephony
a4d2e285495aab9c4dfa00201bedcb87,3.0,50.0,16.0,3.0,11.0,telephony
ff3fd6df22de9102d81c4a963a694629,3.0,200.0,18.0,4.0,14.0,telephony
6c820263f0e9e90bbadcc67c22461414,1.0,250.0,17.0,6.0,17.0,telephony
57e5c7033739b88d673eba67e9cf9376,1.0,200.0,24.0,21.0,21.0,telephony
6c2fe5434c020b8dbca31fc36b64a2d1,1.0,200.0,19.0,4.0,11.0,telephony
6767719f80aabbbf16ab2491899c32d9,2.0,375.0,16.0,8.0,14.0,telephony
766b2d2c334df279c3c6c7f138b9a38b,2.0,600.0,23.0,7.0,15.0,telephony
58778cc2f8f189ca700491f7b17a0052,1.0,200.0,19.0,3.0,11.0,telephony
1bc1199ed7fbe6f13ea973952868b93e,6.0,200.0,19.0,5.0,11.0,telephony
430d215740da7fdda91cc938f8fd92f6,8.0,260.0,19.0,7.0,13.0,telephony
d5cfc4570ec66c853873c3a7be07e377,3.0,400.0,17.0,5.0,12.0,telephony
c820d5a564b86f81b760ed04c7d327ba,2.0,100.0,18.0,6.0,11.0,telephony
a47295965bd091207681b541b26e40a5,6.0,300.0,17.0,4.0,12.0,telephony
37f1683632915589a5622c5e7db4c0d0,2.0,662.0,21.0,13.0,27.0,telephony
3029bed64528f136c9e636666b9a9cba,3.0,100.0,19.0,4.0,11.0,telephony
5dec0a1a4dd30fb1ac9031f5dc4e2f5e,1.0,300.0,18.0,11.0,15.0,telephony
3a4776f99a3e55bb2489252ab56253b9,4.0,500.0,25.0,7.0,25.0,telephony
2b3c98438883cfafc4ac288ed481b045,2.0,200.0,27.0,5.0,20.0,telephony
0fa5346b6f4924f70dd712764271c52f,1.0,100.0,18.0,18.0,18.0,telephony
4ffa899df8e3d06efbdad07e76303eff,1.0,200.0,19.0,4.0,11.0,telephony
36940188c2ad1a212b94931a08cc3c29,1.0,115.0,19.0,5.0,11.0,telephony
04262a7ed71aa34edfde0f8429598505,2.0,350.0,17.0,4.0,12.0,telephony
8032dd9dcd307cde20d9caeac304b6a0,3.0,200.0,19.0,7.0,13.0,telephony
407729653f67fdfa6e588c6b0853edd7,1.0,100.0,19.0,4.0,11.0,telephony
b384160c8fb72e5debfa85d4511f7b28,4.0,500.0,18.0,7.0,11.0,telephony
ca74d0530e5f2c942254f4d63dd037c8,12.0,100.0,16.0,3.0,11.0,telephony
db858d1d14f31fbf7f38036ac7a3fcf4,2.0,575.0,20.0,20.0,20.0,telephony
77b433708de78b6f08c64d3cb465ad8c,4.0,200.0,16.0,4.0,13.0,telephony
64bdd5618789d2a145ddc94409a07579,1.0,2200.0,16.0,51.0,17.0,telephony
1191e61a83c807323c6c1cb5eac9ff3c,6.0,350.0,17.0,4.0,12.0,telephony
ad0ee460b80a7d61b2bb7ef4074726bb,10.0,50.0,16.0,3.0,11.0,telephony
e7d7558873ff13253317bd0aac27f072,10.0,100.0,19.0,3.0,11.0,telephony
cf0d29a0ea1464f4c3e5594d0746c51b,13.0,100.0,16.0,3.0,11.0,telephony
5348b1bdd951b67a4d2a58992e2233ed,6.0,250.0,17.0,4.0,12.0,telephony
b000447e24e31a4d7e628ca4d0622131,1.0,250.0,19.0,4.0,11.0,telephony
7ea6e431566424822291438eddf3091a,1.0,99.0,21.0,3.0,14.0,telephony
f5043f8b770cb875d3157ec66f8a9dd3,3.0,125.0,19.0,4.0,11.0,telephony
38bbdd7cf8ec37b401531aa741bf2394,2.0,270.0,16.0,14.0,11.0,telephony
468d0a8c1313382adf379d69bae15798,2.0,100.0,19.0,3.0,11.0,telephony
4a3b0111d9c112251e4732b44d1d118b,3.0,300.0,20.0,15.0,15.0,telephony
bf128711128b70eaa9e07df69e9a75e2,1.0,600.0,23.0,6.0,15.0,telephony
bbb23cc68ebfaba3922a65b9c985a111,3.0,100.0,16.0,3.0,11.0,telephony
fcf311603fa276d415c006188e7bd070,2.0,90.0,19.0,3.0,11.0,telephony
d8737a754ac6dd6d2d255b9bae326388,1.0,105.0,19.0,5.0,13.0,telephony
c0c17f0a42c3ebda98f5805722969aee,3.0,100.0,16.0,14.0,15.0,telephony
d1eea738a68140149b595ee5cd0e9434,2.0,100.0,18.0,6.0,11.0,telephony
247b2f886148b431daa66061b43dd078,3.0,150.0,17.0,8.0,11.0,telephony
1e662f768907b55013557beb5ccfbeaa,5.0,400.0,18.0,13.0,18.0,telephony
e5bd4928528bfa0551202a5e1dfbd3d3,11.0,100.0,16.0,3.0,11.0,telephony
59ebd2c07d59483d0855b5b3d5e18728,6.0,300.0,17.0,4.0,12.0,telephony
eebe3620616be538e26842c73df11e65,5.0,100.0,19.0,3.0,11.0,telephony
ffae6024df16802ba75f761d9aa24367,2.0,150.0,27.0,5.0,20.0,telephony
9ed00cd89e3b3a0107996fe62feab381,6.0,350.0,17.0,4.0,12.0,telephony
3a1d765ba460f89749b9db2c1889140c,1.0,100.0,19.0,4.0,11.0,telephony
564d0015be20622253aee5b6e875bea8,3.0,150.0,19.0,6.0,11.0,telephony
cb3fe5272f5eb5d9c10f4274866bfc0c,4.0,150.0,16.0,5.0,11.0,telephony
5ed2407e517ceac8615bb4d1ea238fe6,1.0,150.0,19.0,4.0,11.0,telephony
0c4b18883bc29b747b948c827adb9485,7.0,200.0,19.0,5.0,11.0,telephony
78f406813b3b37ed963ec0f2aff0a585,1.0,400.0,23.0,7.0,15.0,telephony
c9845573653d06921e63975a8eca331e,5.0,150.0,19.0,4.0,11.0,telephony
09472f584cfc3f5c6aa0cc9fd52a6f34,1.0,100.0,24.0,10.0,24.0,telephony
cef9d587c2c31442c9b95eef617db1f4,2.0,600.0,16.0,2.0,11.0,telephony
f3b2306f96001e34d8130f7887b331de,1.0,100.0,16.0,4.0,11.0,telephony
e64e3a0324fbd67bd7a686ffbd144c07,5.0,150.0,17.0,4.0,12.0,telephony
f91abf665b0b3d4f46b39c2cafdf6415,6.0,350.0,17.0,4.0,12.0,telephony
2a1e3c9dcf961bc044d917e9358041e4,3.0,250.0,18.0,4.0,12.0,telephony
d72542d54fc3e2e41ba701982a67b1e6,1.0,200.0,19.0,4.0,11.0,telephony
50e4fb90b9628bf559883ab24eed361a,2.0,125.0,19.0,4.0,11.0,telephony
eb25b740bfb245e32eb540c22c479adb,1.0,200.0,19.0,4.0,11.0,telephony
0721efe2bcae3223969332d77f0182bc,2.0,421.0,23.0,14.0,17.0,telephony
6f28f90ba66cfbdbe2b962446a0bec69,6.0,400.0,20.0,8.0,12.0,telephony
688f7f7b6c5a6788b084c4cc80f988f8,4.0,300.0,17.0,4.0,12.0,telephony
b254def59e0984c2fb00c579484e6654,2.0,150.0,18.0,6.0,20.0,telephony
f5b11b51f8a211b6f304a2e351325384,2.0,50.0,19.0,3.0,11.0,telephony
972c0d7dad0a283c8704296f1acaadd7,6.0,75.0,18.0,6.0,13.0,telephony
a53d9459ab35c28053d6b7732fb8ca07,2.0,50.0,18.0,6.0,11.0,telephony
4ebe0af5e3df81384008ea97f49879fd,4.0,150.0,17.0,4.0,12.0,telephony
c122f3648b40e013db57964f1721c25b,1.0,350.0,20.0,20.0,13.0,telephony
ef7de0bbb0e0b0110c270e9381719761,3.0,100.0,19.0,3.0,11.0,telephony
edcda2e50aadade37544f55a8da52207,6.0,350.0,17.0,4.0,12.0,telephony
9cfb1c6f5894c219e96a6ff54ba62cc8,4.0,200.0,18.0,5.0,13.0,telephony
b496f6a5bc0c6f8ecec1b1d06498c702,3.0,50.0,19.0,5.0,11.0,telephony
e3735b32b9df1055b996a9dc680bfe27,1.0,100.0,19.0,4.0,11.0,telephony
1629b469d01aadb4f92644039ad17d5c,6.0,300.0,17.0,4.0,12.0,telephony
ff10c736ab3996711b7bf8eebaa6f474,2.0,150.0,17.0,8.0,14.0,telephony
41f447e263110b954a7e52f6052ab5e1,2.0,100.0,16.0,4.0,11.0,telephony
94f3ac7deebfcb5862fbb23fff1a2fc0,1.0,150.0,18.0,6.0,12.0,telephony
32a70faec5a4c206b582ada5f1e840dc,5.0,50.0,17.0,4.0,12.0,telephony
7e57cabb28bbc6054ae3de5cfdd57e4f,2.0,100.0,16.0,3.0,11.0,telephony
c35498fbb4358837ae16850f50c3fd22,1.0,325.0,19.0,8.0,22.0,telephony
e335de70c68d7f9f46689babcec7f1d5,2.0,100.0,17.0,4.0,12.0,telephony
6a6bdb7ebf4bcc4695ca0cbf9b35308f,6.0,200.0,16.0,21.0,11.0,telephony
c9c6fde711572c1ad99ca12728c6af00,2.0,150.0,17.0,8.0,14.0,telephony
38411121f1922c1a5197a61f34b3a986,2.0,100.0,19.0,3.0,11.0,telephony
4a4b7d801bd62bb0b573914b6b75483e,1.0,200.0,19.0,4.0,11.0,telephony
4428f48461e892ef845849d4086d8d3f,1.0,300.0,19.0,4.0,11.0,telephony
ebec0feb5e83056683c5ae11d39c3f11,1.0,200.0,30.0,5.0,12.0,telephony
b2686e2160ba51d4d34985260a25d094,3.0,300.0,21.0,11.0,13.0,telephony
45df8892a1d74d2e8f960dc06625fdab,1.0,311.0,20.0,11.0,14.0,telephony
f76648d50e1f928a32d5d8559719092f,1.0,350.0,20.0,11.0,13.0,telephony
81b4af53ab9d9934fd591fd680f4aee9,2.0,100.0,16.0,22.0,11.0,telephony
352710ec4fab1854c11d4044880afff3,3.0,300.0,16.0,22.0,11.0,telephony
a3e18f7e8c86e3971fad2ff11d38d2a9,12.0,100.0,16.0,3.0,11.0,telephony
fc7f47f5160e876b754ce2b83a02c01c,4.0,150.0,18.0,8.0,14.0,telephony
19b273d8fd4a02daae6db415447b4a4a,1.0,343.0,19.0,6.0,16.0,telephony
f7593a67d835f31ec38049706456b6f5,4.0,300.0,18.0,17.0,17.0,telephony
737c8b027476dde99e8075d3a0bbe28a,3.0,100.0,19.0,3.0,11.0,telephony
f3c264e374d6bd3a14a48ea44b94f8c2,11.0,50.0,16.0,3.0,11.0,telephony
bd4e7a1b24eac65ff1e13c8b2122f19a,1.0,250.0,40.0,10.0,11.0,telephony
2e7fb5448f9e5ef6939e305aa9b8d999,1.0,150.0,18.0,6.0,11.0,telephony
b8be700cb8f91067761b685ac5d1664f,3.0,100.0,18.0,6.0,11.0,telephony
0c7536abc1af51a81fa806097dfe3597,1.0,125.0,18.0,6.0,11.0,telephony
dfd89d96029976badf7fe6a83f5f7ae2,5.0,1075.0,18.0,8.0,12.0,telephony
cd0c6e2f80f5a0ea7e366b01bcb66154,1.0,200.0,19.0,4.0,11.0,telephony
3dcb86c4edb8114c8d7b3fcacc632027,1.0,200.0,19.0,4.0,11.0,telephony
d4942797c6d9a6c2a95e9d2a4b334bb0,1.0,200.0,19.0,4.0,11.0,telephony
b6bdebb92f595f00c73bd42e0e3a8517,2.0,150.0,19.0,4.0,20.0,telephony
00b782074a5ec523bf31951b4935d572,2.0,250.0,16.0,5.0,11.0,telephony
3d28edb64298984160e6e9ed68d7cc3e,1.0,100.0,19.0,4.0,11.0,telephony
125d26eac85cf57783e2b545149ad38c,2.0,100.0,20.0,10.0,15.0,telephony
1d8cb1d3317a3090bc73ecde425d334c,4.0,450.0,21.0,11.0,14.0,telephony
56eb39314ca59c39efa1e28beb073abe,2.0,50.0,18.0,6.0,11.0,telephony
4e31a347129c0a0928d3c620d4f013ba,2.0,150.0,18.0,6.0,11.0,telephony
1a7340927178189657dfa923be3bfdda,6.0,150.0,17.0,4.0,12.0,telephony
b8c89a9d4b89606a42a4ee8f3cf16d5e,4.0,200.0,19.0,4.0,11.0,telephony
b9e628152d37d0bb6e3164afd8114ec7,1.0,200.0,20.0,10.0,25.0,telephony
7bb98f6f52728004085fab83c345d506,1.0,200.0,18.0,6.0,12.0,telephony
f71e07cf6e6d621aef3ff698bc4f2819,2.0,50.0,18.0,6.0,11.0,telephony
98e70aafc39bd58a8a9c4f27593831db,1.0,100.0,18.0,6.0,11.0,telephony
b815d91de58cd77790d466da3c44e96b,1.0,100.0,18.0,6.0,11.0,telephony
a0cb23ea9b98f51407ac7bd1fcd29c2e,1.0,100.0,18.0,6.0,11.0,telephony
dcb7642f668e09b75d526454940124b9,1.0,200.0,19.0,4.0,11.0,telephony
8d4f2bb7e93e6710a28f34fa83ee7d28,1.0,200.0,27.0,5.0,20.0,telephony
23178b11e22e9265d208346b0607974b,13.0,100.0,16.0,3.0,11.0,telephony
071feff570bbf61f1721e181435ebf0f,4.0,340.0,22.0,13.0,16.0,telephony
7ea0b63dc9b8264702f2d2c1533fb4ae,1.0,100.0,17.0,10.0,17.0,telephony
fb0f28746a21895329509c8b45f9382e,4.0,150.0,19.0,3.0,11.0,telephony
5d86ed92606c80a89e547cdba3946812,2.0,100.0,19.0,3.0,11.0,telephony
fb1f078a066428f00c1d71d6b9df3ff8,2.0,600.0,23.0,7.0,15.0,telephony
b7639dcdb2ca827e7bd4c0ab0a7ed477,1.0,200.0,19.0,3.0,11.0,telephony
12f3396e4e36112d4155e0c51ee35ed9,1.0,200.0,21.0,11.0,13.0,telephony
cb7d42475660f66a519c76f55715cd32,3.0,300.0,20.0,7.0,15.0,telephony
183f50a31f91341dc02cc84279d16dcc,1.0,100.0,18.0,6.0,11.0,telephony
58ebe34ff100ca78de11d954b6bede1d,4.0,750.0,16.0,8.0,16.0,telephony
32ee76b2523aa4225a3417496bc7d5bd,1.0,50.0,18.0,18.0,18.0,telephony
7f0362988b16ac7b5f65dc5fd0fbc77f,2.0,100.0,16.0,7.0,11.0,telephony
f9c53415ce6208572e4b6128e11c9c00,1.0,125.0,19.0,4.0,11.0,telephony
56d708cb5ce58c2040a3b18a0cb33497,1.0,250.0,18.0,4.0,12.0,telephony
e122fc0e32b49bd6dec4d37d5d90691d,2.0,350.0,21.0,11.0,13.0,telephony
500870614ddcf5bd84f7d26861026c8a,3.0,217.0,18.0,4.0,13.0,telephony
c2d230b1474e8cffda72ebcc71c5cbb4,1.0,125.0,18.0,5.0,12.0,telephony
135cd53710b2e374b08e9a4609d6c053,1.0,100.0,19.0,4.0,11.0,telephony
0736b2e56f06e14d3aa1bef54de26052,3.0,75.0,19.0,3.0,11.0,telephony
69e4611a0bf0f672e3a83b719cdb76ab,7.0,150.0,19.0,5.0,11.0,telephony
8fe1065427012c8b98629be50f60c193,13.0,50.0,16.0,3.0,11.0,telephony
fb5ba6890aa3a43eb655c59feb56f68c,6.0,350.0,17.0,4.0,12.0,telephony
c917cd48f8178bc6e1e4bf902c7e0b83,6.0,300.0,17.0,4.0,12.0,telephony
b2b748240f8b4fd833d2f61ec84d8ce5,1.0,150.0,21.0,7.0,14.0,telephony
dbb01ba8d5a0e82f2ceb81a7fb03620d,3.0,100.0,17.0,4.0,12.0,telephony
5e6cea9c30c88f6ddeab0dfd17b5c7a7,2.0,175.0,20.0,20.0,20.0,telephony
6d2c812450dd02b2f87495af63f9b709,3.0,100.0,19.0,3.0,11.0,telephony
282d681b3fdcb3f0a6da31a7339f48c2,2.0,150.0,16.0,4.0,11.0,telephony
036c967e979f490c3890acef838d9f44,1.0,150.0,19.0,4.0,11.0,telephony
66602b7f5e12ee24dce727845c7fcfd9,1.0,375.0,16.0,14.0,14.0,telephony
e0ad25bc5c1a836e8ce38526c92491a7,6.0,350.0,17.0,4.0,12.0,telephony
c04ebe208ae260f39b376cd6ffbd0b14,2.0,200.0,19.0,4.0,11.0,telephony
75d542264c32b90489e15cac4892e076,1.0,275.0,18.0,4.0,12.0,telephony
b72dc9d458ca694e434d1436566693cf,1.0,200.0,19.0,4.0,11.0,telephony
44408f8595b18c8b5a854f5945de6082,3.0,200.0,20.0,3.0,11.0,telephony
16d928f7b23b3d30bd5a9ff281eed9b8,1.0,360.0,21.0,10.0,15.0,telephony
a96162639da9bf8cc57b7931a5fcbd2a,1.0,310.0,13.0,17.0,20.0,telephony
023d0e2e8457861c3badfb5fa7bcd58a,4.0,150.0,18.0,3.0,12.0,telephony
f5bb0eef3914b07a9dea355a6a3069da,4.0,150.0,19.0,4.0,11.0,telephony
5d61fa9714218b033b42ca6cbf0f2570,2.0,350.0,27.0,5.0,20.0,telephony
68b13c7eed9c7a6869df250b16983fce,1.0,150.0,19.0,4.0,11.0,telephony
dce3721f89a159fed6ff8b94d7ba32b9,4.0,500.0,23.0,16.0,11.0,telephony
aaf40f7116e48d6cc01d3857c1264432,2.0,100.0,16.0,6.0,15.0,telephony
e68b91b4be81828d288ee21e8fddef3c,1.0,150.0,19.0,4.0,11.0,telephony
2b8db93524783231aa75136bb201e659,1.0,100.0,18.0,3.0,13.0,telephony
0988b623cb8fe96a92474a96b0573503,3.0,550.0,20.0,18.0,18.0,telephony
4611bb7e0ac415d6ae411925356bc93a,1.0,150.0,18.0,4.0,11.0,telephony
900e3b70802c6c3f762bee438093f284,1.0,300.0,19.0,4.0,11.0,telephony
703655144396d09091d9280259c9e51b,3.0,350.0,17.0,4.0,12.0,telephony
6421ae053bb80dff3ceae1f217f54ed4,6.0,335.0,19.0,9.0,21.0,telephony
63f7a4366da7b3a3cb5bd2336ca15f7e,1.0,600.0,23.0,7.0,15.0,telephony
c033f1d184d2a7206c602c1bbfa670ee,1.0,50.0,16.0,3.0,14.0,telephony
bfa64d725aa1ca8be0202f5d93e13f6f,2.0,200.0,22.0,5.0,12.0,telephony
eb551aa4ed7eb5e2839d5b7d2896bece,1.0,100.0,19.0,3.0,11.0,telephony
b73c75f016b0d7be5f9984ce96d52d2c,3.0,100.0,19.0,4.0,11.0,telephony
c170e8de4edb5424cbd56ed64c288639,6.0,915.0,12.0,12.0,8.0,telephony
ad4b943ef0b5cd9e4211c9cf6c27ff13,2.0,150.0,19.0,4.0,11.0,telephony
4cf2a0463e06213f6770103e29b637de,1.0,300.0,17.0,25.0,25.0,telephony
285443086e6af2a43edcd6f0274585af,3.0,933.0,21.0,13.0,21.0,telephony
2f4b132305af5173ac8923892200f597,2.0,150.0,18.0,6.0,11.0,telephony
3e96989101b99f1189a9f03bdd29464e,1.0,600.0,17.0,22.0,17.0,telephony
9749556e02a50c6e4d3535bf1b5be56b,2.0,50.0,18.0,6.0,11.0,telephony
f20a14d45e85b05ef554d10d7283f7da,1.0,125.0,19.0,5.0,11.0,telephony
2c0193cb0a0c27ac08f43eaa834e50c3,3.0,340.0,16.0,2.0,11.0,telephony
542a646898298499b45840efc15775e4,2.0,50.0,18.0,6.0,11.0,telephony
af667947a84d9ff9d326b60ab75d1ae2,1.0,150.0,19.0,13.0,16.0,telephony
d22751a68b1be27e8cc1e6e328ffbc39,6.0,350.0,17.0,4.0,12.0,telephony
5871595bfa953a147858baba9827a059,4.0,200.0,17.0,4.0,12.0,telephony
0b43cf5c79d088cfca305c4ac3ce50b0,2.0,200.0,19.0,4.0,11.0,telephony
fd0e6b3e2ab6191b59d373995a5b747a,2.0,200.0,18.0,6.0,20.0,telephony
8d139b1550c8cc91a3babc9cfe9fc147,5.0,500.0,16.0,6.0,11.0,telephony
a578af9e0a32506a9bd6239a50cf928b,4.0,412.0,17.0,13.0,13.0,telephony
dab2413ead0edda9967edbc9bda2a64e,2.0,250.0,17.0,7.0,13.0,telephony
c21afe62d4629a660593fd9b5e6223bb,3.0,150.0,18.0,3.0,16.0,telephony
f651a1feed5aa6608d52c05f6c435145,1.0,150.0,16.0,16.0,11.0,telephony
a593a897d4ce38c6a69d0d7a197f62c1,1.0,100.0,16.0,6.0,12.0,telephony
431d674f9a4fbd0957ecf6ba3fcb6899,4.0,450.0,17.0,3.0,11.0,telephony
2990952a0c7c8dd6c64d1db4d183c1fb,6.0,250.0,17.0,4.0,12.0,telephony
ec19f9bc37a920964abe324dfb169c68,2.0,50.0,18.0,6.0,11.0,telephony
175cce7a953e6f5765c7bb03b369a672,1.0,100.0,24.0,10.0,24.0,telephony
809ed6a364a44fcde2a4d20532e6ac70,2.0,200.0,19.0,3.0,11.0,telephony
bd6e8cf9fe4122c385da2bcb9f979d5d,1.0,88.0,16.0,7.0,12.0,telephony
7a9cf133da2a6494259ffeeab11b6276,1.0,150.0,19.0,4.0,11.0,telephony
b4d18e39c3f2e5571ef53d6101406eda,1.0,400.0,17.0,17.0,17.0,telephony
d431287fdddd377fc8fcbe60d31a806c,2.0,500.0,17.0,17.0,17.0,telephony
d06a628f2ca3b33dc62348f33678a531,4.0,200.0,16.0,6.0,18.0,telephony
25e45921120d6d8a1688f076632bdad8,2.0,150.0,25.0,5.0,16.0,telephony
f81d3acffbaeeafa6f2a1a2f6d4a41ff,2.0,200.0,19.0,4.0,11.0,telephony
ab169b33d13e5041b9b9d4a2fafce9d9,4.0,300.0,17.0,4.0,12.0,telephony
fd206f3c185fd47c22d6de48f25133fe,2.0,500.0,30.0,10.0,20.0,telephony
40cc62bf0cf7aacfd12d865c196baa55,2.0,250.0,19.0,4.0,11.0,telephony
1ccef988a8dd457a93b0b4833b8f0724,2.0,100.0,16.0,3.0,11.0,telephony
f398dcfdd7c7e5933e300b4a3c82ae6b,2.0,400.0,16.0,22.0,11.0,telephony
414be5dc022136f85fabc55455fe3686,2.0,150.0,19.0,5.0,13.0,telephony
654cf8b68265f0efb5d140cb8fc1b30d,2.0,50.0,19.0,3.0,11.0,telephony
31c79131e883e5fd8c4c85fe9f7d2bb2,3.0,250.0,17.0,4.0,12.0,telephony
5e8f674eea4267b3de326c3e2ee2c5e7,1.0,300.0,30.0,5.0,12.0,telephony
ca0e18cb90ba3928271a3b09d9141dd0,1.0,126.0,16.0,11.0,13.0,telephony
632b3e2be69e6d3ab1eb59c87bb8c3eb,2.0,100.0,18.0,6.0,11.0,telephony
5fb8e63ae576fbfbd243c50c5ce74050,1.0,275.0,18.0,4.0,12.0,telephony
b2c4be88b59f29df2e70ade6bbd04ba0,2.0,150.0,18.0,6.0,11.0,telephony
e700f78051f21e58845305f537628255,6.0,225.0,22.0,10.0,13.0,telephony
ae760abaecd982ddef888b342412ee8d,3.0,150.0,21.0,7.0,14.0,telephony
a631c71e25f1ee728bc8bfcef5de3deb,2.0,150.0,19.0,4.0,11.0,telephony
2b89194a2977f53d2d61aeeda4165417,6.0,250.0,18.0,4.0,12.0,telephony
f0b543161e745b6c80a79c368db167a5,2.0,300.0,17.0,4.0,12.0,telephony
5c36ba081d9b2a3f798728d7f43ba370,6.0,200.0,17.0,4.0,12.0,telephony
c38ee4efdc9e1bff64ad2bb6ff88b93a,2.0,300.0,16.0,22.0,11.0,telephony
6157bc1be1e8edc531fc0c94dddf5ac9,6.0,300.0,17.0,4.0,12.0,telephony
95bc2131ece03edd6623b82c80db02bb,1.0,133.0,19.0,5.0,12.0,telephony
8015f5d7a88ec30688c99aa9486561f7,1.0,100.0,20.0,20.0,20.0,telephony
eba9c1e37886a1be0cb4bbb39321e914,2.0,100.0,19.0,3.0,11.0,telephony
81d7eb906ca211cac7d603e93fa5eece,1.0,100.0,19.0,4.0,11.0,telephony
f34707f5f83dbd799b36e79242802784,2.0,150.0,17.0,8.0,14.0,telephony
70120d2f9b9193aa0030342072d8adec,2.0,263.0,19.0,10.0,15.0,telephony
e33c23f84ae4675691f3254c27d583d4,1.0,325.0,22.0,9.0,17.0,telephony
f5830370acf2d2669604d24406c2c6b8,1.0,275.0,18.0,4.0,12.0,telephony
89e82f5648ed99305524c2941f3eb518,2.0,200.0,19.0,4.0,11.0,telephony
2acce4db469045e8f9a863028abce19d,1.0,50.0,19.0,4.0,20.0,telephony
bf3593b82ee52016de33cd1c5ff7d102,6.0,200.0,19.0,3.0,11.0,telephony
81521040c9500ac8e175c2839d193a46,2.0,100.0,20.0,16.0,12.0,telephony
223d34a3d9334039f5ff9511dc044bbb,1.0,900.0,23.0,7.0,16.0,telephony
b347f323a4bc9487c03bdf98ccdfa8f0,2.0,550.0,25.0,20.0,20.0,telephony
b59b5899ecf4bcc294a72fdd48adaa94,3.0,225.0,17.0,6.0,13.0,telephony
0b0918a3b5efe0c8ea609a26b14e1bff,6.0,300.0,17.0,4.0,12.0,telephony
8aefc25069d9ccef99f9f08d4a869ac4,1.0,183.0,18.0,4.0,11.0,telephony
88bd8458fdc2ceec3e71ef1d867a7b45,1.0,175.0,18.0,4.0,16.0,telephony
6592908f0a4f6e2de91310126cd1b08d,4.0,189.0,17.0,15.0,15.0,telephony
f142a5ca78eb112cafbcf29f9a43eca7,1.0,50.0,20.0,20.0,20.0,telephony
02e27630510d16a95a473d9b35959d3e,2.0,100.0,19.0,3.0,11.0,telephony
6e77b89d36e50217e6793780a8ce5c82,6.0,300.0,17.0,4.0,12.0,telephony
abc3432ff825d8e524db1d4eac6d2099,4.0,150.0,17.0,10.0,13.0,telephony
66e486a74463415852ba3e428c4b50f4,2.0,50.0,19.0,3.0,11.0,telephony
2f178dc91b792930e1ff40a77a123506,2.0,369.0,15.0,13.0,13.0,telephony
4a25d757ff72fad7534f478c90be77e6,6.0,275.0,18.0,4.0,12.0,telephony
eb1c2951b5beaa83e9a1ad096c9a2b0d,2.0,150.0,19.0,4.0,11.0,telephony
664085fcb2616db929da15dc9ac204b4,6.0,350.0,17.0,4.0,12.0,telephony
856af50654f3ba4a223ae9b5b8d243c0,9.0,200.0,16.0,3.0,11.0,telephony
91d61438eb9c4168814ac58103174e40,3.0,90.0,19.0,3.0,11.0,telephony
63c06d40eaa86934cc77c811a075d45e,1.0,250.0,18.0,4.0,12.0,telephony
2856a85030eb8a2cdb21a8073c679057,2.0,150.0,21.0,7.0,14.0,telephony
a351c3c754b40be18374a299ca68882b,5.0,450.0,16.0,16.0,16.0,telephony
c7e4c47f63c8dfaf55273f9d2b1b0e29,2.0,200.0,19.0,4.0,11.0,telephony
15554042fe82e006a72cf392f462cd4e,1.0,200.0,19.0,3.0,11.0,telephony
33a556a744bc9ea4e216c3990d352d03,6.0,350.0,17.0,4.0,12.0,telephony
beacc1d0f7d99888c87c040bf62e928a,1.0,100.0,19.0,4.0,11.0,telephony
4fbc19d5de29dae81d1a215093d79bc2,6.0,145.0,19.0,5.0,11.0,telephony
9f2575ec18612ca31cb4f9e91910e274,1.0,125.0,19.0,4.0,11.0,telephony
0640a217fe729c5b8f61fd475f1fc22c,5.0,350.0,17.0,4.0,12.0,telephony
b5b528db19a9a5c011aa6f444f510327,6.0,350.0,17.0,4.0,12.0,telephony
da50dec868ce62321c803e54cf86bb67,1.0,200.0,17.0,17.0,17.0,telephony
d7238572bdd6dc8facf58ab8f0e3cd29,1.0,150.0,18.0,4.0,11.0,telephony
b24af8bca8813bcde4140ff8562f5e47,6.0,250.0,17.0,4.0,12.0,telephony
ffe75578163d45caa52bca3529cb511e,6.0,350.0,17.0,4.0,12.0,telephony
c8698ad7a93fd8f092d17b79ba8e392a,4.0,400.0,20.0,18.0,18.0,telephony
28c8150eb44ec8106c8f061afd9c3e9f,2.0,110.0,23.0,6.0,15.0,telephony
48c2b5f1dc857346b5bab30a0777fc03,2.0,100.0,18.0,6.0,11.0,telephony
4dfb66a2572e0ce387cac89ce7a343e4,3.0,150.0,18.0,6.0,11.0,telephony
e7dc0d1ff0ef8f441666bdc5210f4e87,2.0,100.0,19.0,3.0,11.0,telephony
44c3393093cceb78aa4174c28ec0ee40,1.0,75.0,19.0,3.0,11.0,telephony
9b6bfa37bf400cdadb8f867ce97855ae,4.0,250.0,17.0,4.0,12.0,telephony
33447fafc9ed945e91d70e8cb12d63d7,2.0,100.0,16.0,6.0,15.0,telephony
a564f50791e1677ddf2801fe1e8365c8,1.0,480.0,18.0,17.0,19.0,telephony
77115ce07da135cd94ffef9ac16bb1b5,1.0,90.0,19.0,3.0,11.0,telephony
089b1d17658cb1e2c7a4f9f77856020e,5.0,500.0,21.0,6.0,13.0,telephony
0db526498c594b096f9a1ae1aa239277,3.0,150.0,17.0,8.0,14.0,telephony
91b08d34d0ba4db44da2dc382867ba49,2.0,100.0,16.0,4.0,11.0,telephony
d70a73b4d166dd09290e3b484ff14b82,1.0,200.0,19.0,4.0,11.0,telephony
fae1557c6a2150f66bb7004d3d21affe,1.0,100.0,16.0,10.0,11.0,telephony
d3e08a8d7b87b86014638167087a8eaa,5.0,300.0,17.0,4.0,12.0,telephony
be461173f378f9c404bb6525d089c195,3.0,200.0,18.0,6.0,20.0,telephony
62b0aaa3af54c1599523aa7505ac5216,3.0,80.0,20.0,4.0,14.0,telephony
8ce0b48cdcc4b753ae4de64497998338,2.0,600.0,18.0,6.0,15.0,telephony
a7c73814e6894bc049f7aac7d37f7175,4.0,300.0,16.0,4.0,20.0,telephony
4debd977b5bc245487ec61b7961b16e3,3.0,650.0,19.0,3.0,11.0,telephony
d58020f0dc3b18e41728f846f5072a6c,3.0,150.0,17.0,8.0,14.0,telephony
d4a56b9816c864d22d8b40c16999208b,1.0,230.0,14.0,10.0,11.0,telephony
d952c09021388fd5b1e5f914f559fb10,3.0,75.0,18.0,3.0,12.0,telephony
a25ca6677a2f9475bd59f706ebbe4d4c,2.0,150.0,21.0,7.0,14.0,telephony
ba29a4c469271c108790a9dcf0344716,12.0,90.0,19.0,3.0,11.0,telephony
98e06076f757bc9d675b9f39b9672be9,3.0,100.0,16.0,7.0,11.0,telephony
5886e73bff96ae18d2fe525021ac4563,1.0,1500.0,20.0,20.0,25.0,telephony
9365637689c1c805da9e3296f43bf4b7,1.0,100.0,18.0,6.0,11.0,telephony
e67f32f0a3e66440cba31dc13d5cfb0b,5.0,400.0,17.0,5.0,12.0,telephony
ecc7e6fab3b3398b08af2baf86214af6,1.0,133.0,19.0,5.0,13.0,telephony
67b6c7a48b3f1f1524f6a403adbaa9e4,8.0,550.0,20.0,23.0,11.0,telephony
d2dd1fccea4ec5f81de1d28fe63e3909,2.0,200.0,19.0,4.0,11.0,telephony
5928c970e675d6fdf39abc0dfc431ee9,10.0,150.0,19.0,3.0,11.0,telephony
2d83551e55a4a58f813de45838427d52,2.0,400.0,16.0,16.0,16.0,telephony
b1688f579e9213539ee21cf15ac4382a,6.0,250.0,17.0,4.0,12.0,telephony
4bb4fb9c85785b75ab4f6559900c7ca1,2.0,150.0,19.0,4.0,20.0,telephony
091aa6199199f1ccbd272d06892322de,4.0,150.0,19.0,4.0,11.0,telephony
b826c212d1efa0373b4ed6c083d3f975,1.0,100.0,19.0,3.0,11.0,telephony
4e3218a8ef98e65fece172834193d05e,4.0,300.0,20.0,20.0,20.0,telephony
1f839ba5b57051fac3461bc202ad9cce,2.0,125.0,20.0,13.0,17.0,telephony
42f61cf5c925b4e7fad27faee993c145,5.0,300.0,17.0,4.0,12.0,telephony
0f2ebb4245936455a76efd643a5e0745,1.0,100.0,19.0,3.0,11.0,telephony
03d463c3dea9d1650ce0683b7c964b03,5.0,350.0,17.0,4.0,12.0,telephony
7e56c4aee262455fae9a64dd122d837b,3.0,100.0,18.0,6.0,11.0,telephony
3386491e65bf02586461d30dc3fe53f1,6.0,350.0,17.0,4.0,12.0,telephony
b9454f6cd728a6e0510e3c4ba8c25263,6.0,300.0,17.0,4.0,12.0,telephony
e9cf08a0e7eb331e4694cd769137382c,2.0,100.0,17.0,12.0,17.0,telephony
127d3b28487be63864af02f25333decd,1.0,150.0,18.0,6.0,11.0,telephony
f40ef461e35cca158e568c17293fb5be,5.0,150.0,19.0,3.0,11.0,telephony
2832d1160e92db454ee431f0d5250777,2.0,200.0,20.0,4.0,14.0,telephony
9f8aa40ada6e2b65a3bb5643754bf262,1.0,200.0,19.0,4.0,11.0,telephony
d68eca92c5a12467b856479934dc39af,6.0,121.0,17.0,4.0,16.0,telephony
e50c2e5c542dd022f410b11b78c7d65e,6.0,350.0,17.0,4.0,12.0,telephony
7b1e979883929d066ee44e3cef559021,3.0,100.0,18.0,6.0,11.0,telephony
52b7ee4ede9b973a5ab5b0f293f169c9,2.0,150.0,17.0,8.0,11.0,telephony
3bf28879e1992bc098404cbf06003647,2.0,50.0,18.0,6.0,11.0,telephony
7da9810448a8f92f73339d58b1dd73a9,5.0,100.0,19.0,3.0,11.0,telephony
41db6d8062fcd38410c699743ccc0265,2.0,125.0,19.0,5.0,11.0,telephony
35f9df7e049ca5ca029f70ec5392e51c,1.0,100.0,22.0,6.0,11.0,telephony
8b50377e6ef3606c6e606ca0289d5f34,2.0,200.0,25.0,17.0,25.0,telephony
dc387d493524242e32ec63d1073e98f7,2.0,100.0,20.0,5.0,12.0,telephony
96ce363b8a694e8e298a9687a2f7cc02,1.0,350.0,20.0,20.0,13.0,telephony
466d263ce8b7bd275003ee2104428127,2.0,150.0,18.0,4.0,16.0,telephony
b0835e7780b8ccb0ee25440576992a23,10.0,100.0,19.0,3.0,11.0,telephony
296160f1474264a2f1d7e738b999b93c,1.0,600.0,21.0,11.0,13.0,telephony
2a71535169f1f7a56b266e6877bb8cf9,3.0,100.0,19.0,3.0,11.0,telephony
3f26ccc2d547ea9b11e5ef9673fb40dc,2.0,125.0,18.0,4.0,14.0,telephony
6862b28b66bffc7da9f9c4fffa2b5cdf,11.0,100.0,16.0,3.0,11.0,telephony
ed2fc520be85f46ed17accb235cf3d23,3.0,150.0,16.0,5.0,11.0,telephony
1118c2ea35cd20b94fe2a16c483cd1a4,5.0,300.0,20.0,3.0,20.0,telephony
ba5fb4ab9cd70d201b74b5bad9d4ca00,2.0,125.0,17.0,6.0,13.0,telephony
5cfad4d334cce4266bd2a51c2111f98f,1.0,175.0,18.0,3.0,12.0,telephony
824d0f65de327bae9d13bbc23528c79a,2.0,50.0,18.0,6.0,11.0,telephony
d65fd7eff38689490b9831828dac8866,3.0,100.0,19.0,3.0,11.0,telephony
99ba5fbf3ae895fe3a9289acd0a5eb91,3.0,150.0,17.0,8.0,14.0,telephony
1ee1a3e374020805c935a1a99975e414,3.0,250.0,17.0,4.0,12.0,telephony
cde1ba363d49b86a4730b5828f53c5ba,4.0,238.0,18.0,8.0,14.0,telephony
0e18e94d0e545d65bb80fc56c1a00ae9,2.0,200.0,17.0,4.0,12.0,telephony
fdaed9f1261debbac5fc4459dc4fad1c,3.0,500.0,16.0,16.0,16.0,telephony
b39f078aea47425a6a27417828a011a2,3.0,800.0,20.0,20.0,20.0,telephony
0e323ee8f8dc60a0b875e9ac4daf1337,2.0,317.0,21.0,14.0,16.0,telephony
fed7ed9a2c9239558d696bfb40fc96a9,1.0,125.0,16.0,10.0,13.0,telephony
f0d32532e5d3c1acbf87f4bc139d59cc,4.0,125.0,18.0,3.0,12.0,telephony
c24d27905e6d1242d7366746a126e130,1.0,150.0,17.0,8.0,14.0,telephony
33f17ed3c6906f7a7ae17a0843536db4,6.0,300.0,17.0,4.0,12.0,telephony
ee8ac61007ef85514383c4286df83fe7,2.0,200.0,19.0,4.0,11.0,telephony
fb0467f650186a474da44003e623a3c4,3.0,200.0,16.0,4.0,11.0,telephony
2a1ac54a9b67c036945d5572a4300887,2.0,350.0,16.0,2.0,11.0,telephony
dcbdf52239601eca861bf0d1aa598fab,2.0,185.0,24.0,7.0,16.0,telephony
0c4709ae5ad2750dd34dbaff9d5bbd3d,6.0,300.0,17.0,4.0,12.0,telephony
9b609e296b89940552cdce39983b2f71,1.0,100.0,18.0,6.0,11.0,telephony
b366c6705b553f2e2825d0a0597aac9f,1.0,100.0,16.0,3.0,11.0,telephony
059fb7d4b3383690a65610a1d6320e7e,1.0,100.0,16.0,2.0,20.0,telephony
0f2c63b139240497322ea965de3f694d,1.0,125.0,18.0,5.0,12.0,telephony
b1ffef38f0db9fb4e1a6f91b47ec63d4,2.0,100.0,20.0,20.0,20.0,telephony
7040efbf34575afa74e3c6d607336c74,4.0,200.0,22.0,5.0,16.0,telephony
e5249837b36a63c71e6708fd6a1fdc6f,1.0,200.0,18.0,3.0,11.0,telephony
e9e7c986c179d190220afed62bbfd79b,7.0,300.0,17.0,4.0,12.0,telephony
fca32487845a373fbc6c334ac5bf663c,1.0,150.0,19.0,4.0,11.0,telephony
c72e18b3fe2739b8d24ebf3102450f37,3.0,6050.0,16.0,3.0,11.0,telephony
501ba963d8353c19c7f79d8ffc268993,2.0,50.0,18.0,6.0,11.0,telephony
7d3297b1d734f63d40632fcf8e1a2cec,6.0,300.0,17.0,4.0,12.0,telephony
5438b18d27c3939d1196dbecf3dd325b,1.0,150.0,18.0,6.0,12.0,telephony
68d6b012711637d70d3c4e295caaca13,1.0,150.0,16.0,6.0,12.0,telephony
c44fd47f82e429f739693c82c73a43b4,3.0,401.0,17.0,9.0,11.0,telephony
010a3a47c14f1295796c08419f32cef6,1.0,200.0,19.0,5.0,11.0,telephony
f1a460cda5a4029c150531586e8bc024,2.0,100.0,20.0,7.0,15.0,telephony
f76a9967d2129cda56d7b3be6cb5c9cf,2.0,183.0,17.0,4.0,12.0,telephony
2085b8256faaa5fa29b2bc321eb053d9,6.0,200.0,17.0,4.0,12.0,telephony
2d0bbec441acd48f8b643a07dd326281,2.0,300.0,21.0,11.0,13.0,telephony
a2a074bf18230a66559fa3ba6977bcad,2.0,167.0,18.0,3.0,14.0,telephony
288c3dc4b5fb8592ee07b0c495ab49cf,2.0,70.0,19.0,4.0,15.0,telephony
c41f4da71ade7867b0460e61f9321f74,1.0,200.0,16.0,14.0,15.0,telephony
8db8c6b5b338e7a8d3332037c2c218f7,2.0,50.0,18.0,6.0,11.0,telephony
4b38bdd9c0c4bbf9f7f1408b06ec1816,5.0,600.0,20.0,14.0,12.0,telephony
84d2057bc1f88332d0892eea0e997d28,4.0,300.0,17.0,4.0,12.0,telephony
c8007a57fbe4d741758491f140fbbc74,2.0,100.0,16.0,6.0,15.0,telephony
0540951fb114c6a30e6a43562983ce9f,1.0,100.0,20.0,20.0,20.0,telephony
e3ef50d542d4e6477fbcf202a02ef040,2.0,350.0,17.0,4.0,12.0,telephony
63d117fa87d2dff89156e2c9d885dba7,2.0,500.0,23.0,7.0,15.0,telephony
cf1387ec1ba3615f21a7924ec648e94a,3.0,200.0,18.0,7.0,16.0,telephony
bba2c8c0d830b5d1eb20f4a343676de5,2.0,200.0,19.0,4.0,11.0,telephony
fa4e7a7bb781f24e7cee4d91502a89e3,4.0,300.0,20.0,3.0,11.0,telephony
1eacd44485008a89ec96c524993d8207,6.0,350.0,17.0,4.0,12.0,telephony
36bd3e4daa4604d112f17dccd24ee59e,2.0,150.0,17.0,8.0,14.0,telephony
423508a562a915a6a9454374fb6a4c70,2.0,50.0,18.0,6.0,11.0,telephony
090ab1523d3fe5832c09a55b7195e32b,2.0,117.0,18.0,6.0,12.0,telephony
53075a78fc601d6eb47e8ad2d142b7a8,3.0,150.0,19.0,4.0,11.0,telephony
300deb83a9598a4b832ee43a126c5839,6.0,100.0,17.0,4.0,12.0,telephony
44a2277ba35236a92dd4cd0f268869a1,5.0,185.0,19.0,9.0,15.0,telephony
759387d879934d7b6fd19846303efc10,2.0,50.0,19.0,3.0,11.0,telephony
ef1c671d636510846d72e7aa3af1e0a5,4.0,300.0,17.0,4.0,12.0,telephony
7094ed51ce16d5ba737ef483df555c6f,6.0,350.0,17.0,4.0,12.0,telephony
1f8e6a79faf4326701aa4b07c0b955e1,1.0,538.0,14.0,10.0,11.0,telephony
e71945f8dffd478e4437a68c5d257763,1.0,200.0,19.0,3.0,11.0,telephony
529373d4d9ef71129dc7d3227d06846c,5.0,100.0,17.0,4.0,12.0,telephony
50bec4f732b87a71331108e85464f5e0,2.0,200.0,19.0,3.0,11.0,telephony
91eca57bdc51c30bb4204537e9996058,1.0,150.0,16.0,2.0,11.0,telephony
33e79119cfaa0e1f7122bf00b10426bc,1.0,150.0,27.0,5.0,20.0,telephony
4eeb3431ff29b8867d4f7b817c298a81,1.0,300.0,20.0,8.0,12.0,telephony
0c672ed004d5abcc4bcb0367fdaffad3,5.0,150.0,17.0,4.0,12.0,telephony
c2af5a088a7027f1efe72f4507fd2fbc,2.0,150.0,19.0,6.0,11.0,telephony
ae90b5cf5c0d5de5936b9843dfe58e02,2.0,150.0,22.0,5.0,12.0,telephony
e5da60b217874889dd4becf29412d793,1.0,100.0,19.0,3.0,11.0,telephony
a0045b8457877b5981ed6c79b9b0765a,3.0,100.0,19.0,4.0,11.0,telephony
f2c9d536b8a34c1b35f443f31290c2ce,1.0,500.0,16.0,10.0,11.0,telephony
f7186d0740a850c2f73f4b67959336fa,2.0,150.0,19.0,8.0,11.0,telephony
86ecc269de40ba13205e7beeee12f26f,4.0,188.0,17.0,6.0,12.0,telephony
2ebe00f53430b4eb4086f08409ec7760,3.0,150.0,19.0,4.0,11.0,telephony
783a97ea28395836f81271904a858b3c,1.0,200.0,18.0,18.0,18.0,telephony
c979d004e102224a0aa1155b332b968e,2.0,350.0,20.0,8.0,12.0,telephony
19ae78d7ee992692ef1ef05578b1f156,5.0,350.0,17.0,10.0,12.0,telephony
4399b75e654e8e2bf9f92967caa66c5f,2.0,300.0,21.0,11.0,14.0,telephony
0f322750505d1e7d8c79269bf22aecda,1.0,200.0,18.0,3.0,12.0,telephony
95c2c14503645a9f87cf2401c523482c,3.0,167.0,18.0,4.0,11.0,telephony
ad53b56bfd80cb8adc160a3deaa239b9,2.0,500.0,23.0,7.0,15.0,telephony
1107055c5c960ef6e183e781260aeafd,6.0,300.0,17.0,4.0,12.0,telephony
25ed6ff9d1830f39f847e63f2653c07f,2.0,239.0,17.0,20.0,13.0,telephony
2c0c951471371afa81e47d7bf8d20522,6.0,183.0,18.0,9.0,13.0,telephony
42130cd7a981706499a4d337f2f7f621,1.0,100.0,19.0,3.0,11.0,telephony
9319e2f1f22df2c8e4a74f8b8f392e24,1.0,100.0,19.0,3.0,11.0,telephony
dbfc3878e8b8a96816236363e132e6e3,1.0,100.0,19.0,3.0,11.0,telephony
127f66367cc2f1616d4d070ecf8afb7a,2.0,450.0,21.0,11.0,19.0,telephony
64d33e6bd1b905a31c2f96f584e6a0c8,6.0,350.0,17.0,4.0,12.0,telephony
6b8d627bee6d96ddc7a0aa203ba07016,1.0,580.0,16.0,11.0,14.0,telephony
4258e8067a55020ecdf18b872f397d0a,1.0,100.0,18.0,6.0,11.0,telephony
c91fd1bf3e75d3b29370483ffda5eee0,6.0,350.0,17.0,4.0,12.0,telephony
3a3232c5a8df0895d04012fb058f4bbe,1.0,150.0,19.0,4.0,11.0,telephony
b85f305eec7f31aa9c5f04a3e937571a,3.0,150.0,18.0,6.0,20.0,telephony
6f1b3488c5314b527201978357a8d85f,1.0,343.0,19.0,13.0,15.0,telephony
b51485801348808e02617629d896c936,6.0,100.0,19.0,3.0,20.0,telephony
844c6d466a0b3ae37536094e43dc4522,3.0,100.0,19.0,3.0,11.0,telephony
d638526eedf894404e66103a19943771,2.0,200.0,19.0,4.0,11.0,telephony
5d98f7de3b78c8dd8d7b62ea22000a65,6.0,300.0,17.0,4.0,12.0,telephony
225f4fe326aa42f164181adc215bcd09,3.0,150.0,22.0,7.0,14.0,telephony
63e51e65ec59b56039c6427eed73dcf0,4.0,550.0,21.0,4.0,14.0,telephony
bdabd28372ee8e7e7b3a825efd22a8fe,3.0,150.0,17.0,8.0,14.0,telephony
b7dbc7d6e73a828cc62756e693f48b7d,3.0,100.0,20.0,6.0,11.0,telephony
f1d116eef76f1c526a5f2c5ce1daeaeb,1.0,200.0,16.0,14.0,15.0,telephony
04c4239553c71aafb3b2b5f74f165210,4.0,150.0,16.0,3.0,20.0,telephony
9e10eb05d9f369d5c38c475425cc2ee9,2.0,100.0,16.0,3.0,11.0,telephony
e8f732eea94996831b9af41525a9ce3d,2.0,550.0,16.0,2.0,11.0,telephony
c073cc5c3c6cff45b33fda27f5f3f807,2.0,575.0,19.0,16.0,21.0,telephony
8cefe1c6f2304e7e6825150218ffc58c,6.0,300.0,17.0,4.0,12.0,telephony
09c8fe71fdb3bdb84e52b1f33f89040c,1.0,100.0,19.0,4.0,11.0,telephony
9fee00e0df0ae090525db9ad0dd73cb8,6.0,150.0,17.0,4.0,12.0,telephony
49e17e3b00f741e344c5a9dcbce8cf62,1.0,100.0,16.0,14.0,15.0,telephony
f09e13fe0ac1c5524c93e59ed3a4eaac,3.0,552.0,14.0,12.0,12.0,telephony
6490b9f63b0b595e1c1402b46b0f50ad,1.0,300.0,18.0,10.0,13.0,telephony
e0d89abf7cf8de31e5e7fa03ddba5e2d,3.0,300.0,17.0,8.0,13.0,telephony
49e15e6133b2f4e4fccb783a8e716707,2.0,100.0,19.0,4.0,11.0,telephony
28beefcab28e6a3b659bae1bf1cbe453,2.0,250.0,16.0,12.0,14.0,telephony
b3e16658e1e1fbe944594fd267c488d8,1.0,100.0,19.0,4.0,11.0,telephony
290ba8a3d628822483a2b87cd122c739,1.0,350.0,27.0,5.0,20.0,telephony
802b191477641b98e903230bcfaa2a47,3.0,67.0,16.0,4.0,11.0,telephony
74b2f8c612fd08658bfc51519631d5f2,1.0,50.0,17.0,2.0,11.0,telephony
f3efd1d829b025dddc72baba33e17c19,1.0,540.0,14.0,13.0,16.0,telephony
b6acad95bb80b9f438b3496bfdfd8257,4.0,150.0,18.0,6.0,11.0,telephony
1fbb1fca915498c75efc551f5a32f08b,1.0,200.0,18.0,6.0,12.0,telephony
fa00124915804f23967ae06d7dfd5874,1.0,200.0,24.0,21.0,21.0,telephony
994dfe832d5ef3a6f8cee4273f91c1e3,3.0,333.0,18.0,9.0,12.0,telephony
02293621a345f7cddda16c5d9c7990e4,4.0,217.0,17.0,4.0,12.0,telephony
03c395f45f46b57acf3db9a696fba6d6,1.0,75.0,18.0,4.0,11.0,telephony
d218a47759ef0d1db44044934909b88b,1.0,350.0,17.0,11.0,11.0,telephony
1065dbb6b0bf03daaedab1236979e296,3.0,1400.0,38.0,40.0,39.0,stationery
4e04ffb7dd3739ecfc37de8927dd586c,1.0,500.0,24.0,7.0,16.0,stationery
dc21247da0290904ffbbcd5953c76f95,1.0,100.0,16.0,5.0,16.0,stationery
9020ce7adcc384b2899ae87ddc54767b,2.0,300.0,23.0,7.0,15.0,stationery
d458378a178cd7cae60052319cebf235,2.0,200.0,24.0,7.0,14.0,stationery
47969dd948e918289f809be899ddfb4c,1.0,258.0,19.0,12.0,19.0,stationery
446295cf6f689d4db477145815362608,1.0,1400.0,16.0,44.0,37.0,stationery
fff0a542c3c62682f23305214eaeaa24,3.0,300.0,30.0,10.0,20.0,stationery
9a5a361f3cd6c280f6bf4ffb6207c51e,2.0,200.0,23.0,7.0,15.0,stationery
5027a29c73fb3aa5e93eae6867c9a2e7,2.0,550.0,16.0,4.0,11.0,stationery
76df076d70248fa44de6ed8c31a1a9b5,1.0,1000.0,26.0,8.0,33.0,stationery
6b5af19067eeadc0f331687a79ca656b,1.0,600.0,16.0,6.0,11.0,stationery
41ae9f1ae64408cbe2b980a3227f04b3,2.0,1000.0,27.0,10.0,20.0,stationery
84a77e7e0bd4806ffd493e8a8c37737d,10.0,3600.0,36.0,8.0,15.0,stationery
7c1043bb5837db0c6bc1953419a18628,7.0,800.0,22.0,7.0,15.0,stationery
37d2e3656244fd840ebd0460360455cd,1.0,700.0,45.0,10.0,31.0,stationery
31eb78f384a585823382f8963cdf5849,4.0,1500.0,60.0,20.0,29.0,stationery
85f17a3ccc10ef41645833b7074f3d63,4.0,800.0,29.0,10.0,25.0,stationery
01b154ceb5457897eb28b9e549f28219,1.0,400.0,25.0,10.0,17.0,stationery
e834949329e7a91948b7c8a01f508b6d,1.0,100.0,16.0,5.0,16.0,stationery
7f6f8bdeee8ab42b5b4873b754f22a15,2.0,200.0,24.0,7.0,14.0,stationery
64df6c5d4c7440a043e13fa796eb4ac4,7.0,400.0,21.0,7.0,15.0,stationery
b88d27345de2feed45475bb48cca74b1,2.0,300.0,16.0,5.0,17.0,stationery
c47d256557f7fa30144ecea5722eebc2,2.0,8350.0,38.0,30.0,28.0,stationery
d0688f07b0aa9bfd7535de718425d8f5,4.0,800.0,35.0,10.0,55.0,stationery
d8347a6f6301cb4343a6e05e095e5871,5.0,1150.0,21.0,15.0,15.0,stationery
e693be8d8b92c327a28dbadd6abedd0d,1.0,300.0,27.0,5.0,23.0,stationery
8fc20e5093a3fce66e664f0f066e1a75,2.0,80.0,17.0,9.0,14.0,stationery
bb1ee1154c7f9b5329328e3fab9e6bb2,5.0,8800.0,32.0,5.0,40.0,stationery
a1231816b47b24a6fa3de97f2147a8b6,3.0,6150.0,25.0,55.0,45.0,stationery
8e761c0d91fd28b0937e63238852f2f8,8.0,550.0,25.0,7.0,20.0,stationery
a90344a21959338905811b0c0248ac4a,2.0,150.0,16.0,6.0,11.0,stationery
d1ff1a1223a2739d17005c9f4c4a40b6,3.0,10100.0,28.0,55.0,37.0,stationery
a41e24aae442561fb4a9ef505ff1d55f,1.0,250.0,19.0,3.0,14.0,stationery
f9677c35e1360591bd6b86e3c5c20181,2.0,300.0,16.0,5.0,11.0,stationery
dcef0da33db62e8ec01b99cc3d813676,2.0,1300.0,25.0,5.0,20.0,stationery
11e0a57b7340441c4ece1cf7efd99ff8,1.0,1200.0,32.0,6.0,26.0,stationery
ec72556b5da399d24fe06338e816a9ac,2.0,233.0,20.0,11.0,15.0,stationery
9bbb425c18528ece663ef2a6ac0096d2,2.0,500.0,28.0,12.0,21.0,stationery
9cef9507ca068525d2ff2fadf077e5c5,3.0,500.0,16.0,11.0,11.0,stationery
596c6a436968ac047c8251af34fdc09c,2.0,200.0,16.0,7.0,27.0,stationery
394e7e390f3282732faa3a73a6033c3a,2.0,200.0,16.0,7.0,27.0,stationery
7ca498260c343bafc4596d101ec12490,1.0,2343.0,32.0,39.0,35.0,stationery
3d75be4f65e922627a4f73dc2cf9898c,1.0,1000.0,36.0,6.0,29.0,stationery
e251a68000f75257cf9ef16bcea51976,1.0,200.0,21.0,7.0,14.0,stationery
e942040a23d73eb3598f59fccaba7df8,2.0,1450.0,20.0,35.0,29.0,stationery
9e29dd5d33b2745d4b80ee88da614632,3.0,5850.0,60.0,20.0,29.0,stationery
917f0d682ab52b9dc53d1f5e785946c2,3.0,400.0,30.0,52.0,20.0,stationery
7567d226ff0be3edcfca0124da0ca3f5,5.0,100.0,20.0,8.0,15.0,stationery
5140431c54f26f3706d901fef4b1a528,3.0,1600.0,35.0,42.0,21.0,stationery
f3378729b1a09fa8f2c42e2457d6b1da,3.0,400.0,24.0,7.0,14.0,stationery
79b34bfd104ba0110090a32b86572944,1.0,1050.0,30.0,30.0,30.0,stationery
ae1fe986145cc9e80f0d7753d669989f,2.0,10850.0,60.0,20.0,29.0,stationery
0a1c4b9c1ca294b2c85dbe2d4920abe6,1.0,6250.0,30.0,10.0,30.0,stationery
441b81eac0773c6ed4ec1e1fb42ebba5,10.0,1600.0,32.0,52.0,19.0,stationery
c784a651cf319526cc7cf854f83cb941,8.0,500.0,30.0,19.0,30.0,stationery
3c60c6bdbf4bac113ffbbb3c5b84753a,3.0,150.0,16.0,10.0,27.0,stationery
bfa4ca2c253f707895fce02b4756f4c4,3.0,10100.0,38.0,55.0,35.0,stationery
3e068f21ad721826461bfe93ff04ee59,1.0,250.0,26.0,26.0,11.0,stationery
90ef6790cfc145cf45f9c476d1f47af0,3.0,6100.0,60.0,20.0,29.0,stationery
dcecdbaf763f2a027e5b4587ba9ee82b,2.0,200.0,24.0,7.0,14.0,stationery
f07c891a5d581691d77863eed1743dd1,2.0,300.0,24.0,7.0,14.0,stationery
2ccd049c8e7ea210e079a1aa8ad92477,3.0,6900.0,28.0,55.0,37.0,stationery
371c121dc86b3821f720e7dbe1928207,4.0,150.0,22.0,5.0,12.0,stationery
6b7de889f456ee35f031172d358b2cd2,6.0,1500.0,30.0,50.0,20.0,stationery
5ed3835ea6f96c77bdbe416dc1a96850,3.0,200.0,24.0,7.0,14.0,stationery
c5079acea9d34174b1948b00f599d2d2,5.0,350.0,26.0,36.0,11.0,stationery
9ac3f8f66132539cb797c44296f1fa27,7.0,2000.0,30.0,20.0,29.0,stationery
ef49c266450dd5f0287cc0f4e23d914a,6.0,1500.0,35.0,50.0,20.0,stationery
dbe0e186f7c51ded6ee647d3a069bb2c,1.0,200.0,20.0,12.0,15.0,stationery
e84997d75938765ef99930f908ceedf4,1.0,1900.0,49.0,12.0,36.0,stationery
461ad76d92ef0858a087d05f96b7d6e5,1.0,100.0,16.0,5.0,16.0,stationery
97829a5ee2d2dd3615acf2c3b0dae689,3.0,650.0,16.0,4.0,11.0,stationery
20c7734379b9740b6ac065132d5a353c,1.0,550.0,16.0,10.0,15.0,stationery
64ff7191a8c0fb8fa9b42e947104d406,4.0,5900.0,28.0,55.0,37.0,stationery
0254a096e569c4a89b6870e9d4a65c3c,4.0,600.0,25.0,12.0,28.0,stationery
db9f690c43d7029be69f5ae0deb4fd96,2.0,1300.0,34.0,46.0,14.0,stationery
47e175ac0195aa4774597a07c912415e,5.0,850.0,16.0,21.0,15.0,stationery
20ab1de6964467372e314a0e84d6719b,10.0,1900.0,40.0,10.0,30.0,stationery
737039cf7d608ac96fca4148ba80fcc0,2.0,500.0,40.0,8.0,30.0,stationery
24f9bc76d458867944921094745b5473,3.0,600.0,25.0,7.0,24.0,stationery
947a46e4f6dcc04e256398abf33e272e,7.0,750.0,30.0,40.0,11.0,stationery
6e6cc4bc64ffea91782dbc0cc7c325d9,3.0,50.0,16.0,6.0,11.0,stationery
5c2bb11cf2149bd4d9fffcc1246458c3,1.0,2283.0,27.0,35.0,35.0,stationery
80b6ed0e8830e4532f348028372a3d42,5.0,800.0,27.0,10.0,20.0,stationery
855c27cfc6220613d38cddc543932b4f,1.0,100.0,16.0,5.0,16.0,stationery
17636d19cec2b5a30a95e164fcd08325,4.0,1500.0,60.0,2.0,15.0,stationery
dbb9d74e911f8db0dd4d85878064ceb3,2.0,450.0,38.0,33.0,26.0,stationery
dd8e3ce8409dea51c566f227a4fc34ba,2.0,200.0,19.0,5.0,13.0,stationery
c1343b2f78e0f750b57cb917529039ee,1.0,230.0,20.0,10.0,15.0,stationery
d01361dc1752562049e33f0456109c7e,7.0,3000.0,25.0,55.0,38.0,stationery
94a75895c8f08d597e9a2d9447170fd4,5.0,11500.0,40.0,40.0,40.0,stationery
635eab616d6a1f8033986a59061d6ede,4.0,1800.0,45.0,8.0,30.0,stationery
c71cb8cbef2337bd69b95a02e4e682d4,3.0,2100.0,16.0,9.0,11.0,stationery
263a74f89c1404aeb0aa4f17bdf0e18e,7.0,350.0,21.0,7.0,15.0,stationery
a35a59bff183b90417bbc511e1d82115,3.0,500.0,16.0,11.0,11.0,stationery
4c8dfecc09a4b15b7c71b219278d9026,1.0,700.0,19.0,44.0,31.0,stationery
c64c9d2312789dce6e9c70ebd1f20dfa,1.0,250.0,20.0,20.0,20.0,stationery
94dda8dfb4b1536bf54afadab8759430,3.0,1450.0,100.0,20.0,11.0,stationery
d59267ac2ab76cbed276481ceb149023,2.0,650.0,16.0,3.0,11.0,stationery
8c1e9287e6b9508f4663a1bd31d2d837,1.0,600.0,16.0,4.0,11.0,stationery
e70d8bce868310111ec36d96f6d80a9c,2.0,100.0,16.0,6.0,11.0,stationery
7500a93e5485588cedc511badf55e56e,5.0,750.0,25.0,10.0,19.0,stationery
3282c3c8f2354dfff84997a238f91f10,6.0,850.0,21.0,7.0,15.0,stationery
0bff7ada15fd3840490f79b2612db33b,2.0,1775.0,39.0,22.0,22.0,stationery
5b55f963a5c26f723ea1b5d7872557d3,1.0,300.0,25.0,20.0,20.0,stationery
79cdc73931bb8e30077784ebbd2a16fc,1.0,1900.0,20.0,50.0,38.0,stationery
40b09f33e646d488df2ca6fec4082d50,5.0,7150.0,60.0,20.0,29.0,stationery
72c271a278c54c171d6d007eeac8cf24,5.0,350.0,26.0,36.0,11.0,stationery
75aabc8e1a57380a968e40965ccd0139,3.0,300.0,24.0,7.0,14.0,stationery
cda3337475782af1a6a9e5580ca94b7e,1.0,400.0,35.0,16.0,16.0,stationery
733ff3db55dc1476774dc5a3f0621fe3,3.0,1100.0,42.0,20.0,31.0,stationery
0d95dd6703959afe6f64c7ebd49bd9e9,1.0,1250.0,16.0,39.0,37.0,stationery
8dcffcf214d4c6e34c8cc2895e0d2427,1.0,158.0,16.0,5.0,16.0,stationery
4925baf29078761c66f5f32ac8568abe,4.0,300.0,30.0,15.0,18.0,stationery
fcbdd87d29fc2d2fe700a7459d43445a,1.0,300.0,16.0,4.0,11.0,stationery
8e05862e7dc54d6ad3571fb0749427d7,4.0,250.0,24.0,7.0,14.0,stationery
f7d2c621aa931cf19b039d6089c106ad,4.0,100.0,16.0,6.0,11.0,stationery
ad2184066b4e4686938c277100198f56,9.0,600.0,35.0,35.0,20.0,stationery
eaf3ca98b28c4329251a46380c8473c5,3.0,300.0,24.0,7.0,14.0,stationery
7b81c277c7e38dd3e617c88530402dab,1.0,350.0,25.0,10.0,20.0,stationery
440f5b159d6123c0f65eb1abb5373b99,6.0,2200.0,30.0,60.0,19.0,stationery
3dacb3ae011b40803a508b23392e15a0,1.0,7200.0,43.0,23.0,33.0,stationery
c2c00c360a8407127ec5393828933bc5,2.0,250.0,20.0,20.0,20.0,stationery
a152e968e6e943c06ca8ad6fbafc72a0,4.0,5750.0,60.0,20.0,29.0,stationery
ff14b42e6c031d90825f40f2b1089185,1.0,3474.0,31.0,28.0,30.0,stationery
a8de27e0e3c906eb51872553801962b7,7.0,1900.0,28.0,55.0,37.0,stationery
4a2aa2807d3b21d35fe604f5629b40ad,2.0,450.0,28.0,28.0,22.0,stationery
ddd089de76da9c400545c6fbf80e2ccb,2.0,800.0,20.0,50.0,40.0,stationery
b81e20325ffcfcc0f66604b4fd84badb,3.0,100.0,16.0,6.0,11.0,stationery
6bd248f93425ceeb625a8a97e2404112,1.0,550.0,46.0,10.0,32.0,stationery
99b5d7eec773ceced9d287d753ca00e9,3.0,1000.0,16.0,4.0,11.0,stationery
bac35584a4b6413380a74f9617e12379,1.0,1000.0,20.0,20.0,20.0,stationery
0a863e93d7d478b95b764c3344d10307,2.0,600.0,20.0,30.0,20.0,stationery
5291f2fd6367110ed90adc7a8da2f261,1.0,600.0,22.0,48.0,38.0,stationery
94974b8c613bc6fae9700e6c01f626ae,3.0,225.0,20.0,6.0,13.0,stationery
fedbf77eb491dfc9ac276b9ea9ee10c6,1.0,350.0,30.0,15.0,15.0,stationery
8c81ff84f8301d0db2fbfde90da0f5a5,3.0,2050.0,20.0,30.0,20.0,stationery
dca6d5a73e0fb3c97e3fa17fa7f928d7,3.0,1900.0,35.0,15.0,45.0,stationery
2983053977d2a69111a0a674fb7e5fab,7.0,2000.0,60.0,20.0,29.0,stationery
735a36bd5c680c3b10f1c48c99c0559b,1.0,6700.0,90.0,16.0,80.0,stationery
f410090aec61f7c73748ca894286edcd,3.0,450.0,35.0,50.0,12.0,stationery
4e90dce938e15bfe8ef9b962391e9866,4.0,500.0,30.0,40.0,11.0,stationery
59f4103b8313232d3abe6630105b925b,3.0,800.0,17.0,28.0,40.0,stationery
b88449b8d7f553a4517437d0dc5491a2,2.0,750.0,17.0,7.0,12.0,stationery
e6e91b452a22da63cc0e6fa8bd22c8bd,5.0,5250.0,30.0,52.0,20.0,stationery
9b372fe3f06df9d7b8f8c11e5403502f,4.0,7000.0,35.0,4.0,21.0,stationery
d0f72676f0ed67a7b87d62be93e614af,1.0,1000.0,20.0,5.0,51.0,stationery
4d6214838983b6f8ef242a0326712460,1.0,300.0,16.0,5.0,16.0,stationery
e9775f87bb8e7d4b82128c9adda40669,3.0,200.0,16.0,10.0,27.0,stationery
3d3dd9f435c6795eb6ff0be50b45041f,3.0,3167.0,50.0,21.0,37.0,stationery
9d1dc59b23fe43e3808d874e78a5cfee,3.0,1800.0,60.0,20.0,29.0,stationery
d3b023772520cd1c6ea58f6701679d4b,2.0,2400.0,28.0,55.0,37.0,stationery
d71ea20de013251a448d2a16b1defa1a,1.0,400.0,35.0,42.0,18.0,stationery
db91bca0e0253d71433c22ac5acd0fbe,2.0,575.0,23.0,26.0,14.0,stationery
b715d785d518112309c312260fd88842,3.0,190.0,20.0,14.0,13.0,stationery
3eaebcf7b4fceb70d8e052e8ef653415,5.0,2650.0,48.0,28.0,40.0,stationery
b45618718859484b336a58082991847b,4.0,900.0,30.0,15.0,15.0,stationery
6cbe86517b670a03d810471811e93316,1.0,233.0,12.0,4.0,9.0,stationery
467df52fbb75382062d23bcb4e995d67,1.0,1900.0,60.0,20.0,29.0,stationery
4ae24a5e47258817e334be1de90a658a,1.0,100.0,16.0,10.0,15.0,stationery
7efb82beff3504e95045d59c6369917d,1.0,400.0,31.0,2.0,22.0,stationery
9ae64e1163bf254bad20d5155cffb99d,3.0,8000.0,30.0,55.0,35.0,stationery
91894be08b341b3d6228779d2a80ab94,1.0,50.0,16.0,6.0,11.0,stationery
1ab301df9ab26fc25842366a7c68fb96,4.0,1400.0,35.0,46.0,31.0,stationery
32442bee23baee10041f5a964cfcbd15,2.0,800.0,20.0,50.0,40.0,stationery
211c67e3e61d45efe54ed020191d042f,1.0,1900.0,18.0,38.0,30.0,stationery
90e5ed878b30ab97ae49a5709c1dbd5d,6.0,1350.0,45.0,10.0,50.0,stationery
40a87530ff9dde7f4f9a977c513c749d,3.0,1500.0,38.0,30.0,28.0,stationery
ba82e510acd9a0fe69a44cafea53f9aa,1.0,200.0,16.0,10.0,11.0,stationery
7edd6cf84eed8d7a3b63543734fb1249,1.0,750.0,16.0,20.0,35.0,stationery
a247560ddd8592a3eed82b43f60d9f27,3.0,4200.0,25.0,55.0,37.0,stationery
600807028ef02560765e441c161a9da3,3.0,250.0,21.0,7.0,15.0,stationery
ab255f5e05402d14ba0dc69d530a5785,2.0,1475.0,40.0,33.0,24.0,stationery
7dc6f855494bc660c8ff01686446a69f,1.0,100.0,16.0,6.0,11.0,stationery
9fdc434e0c81bc6d990065c2a7efb4de,1.0,450.0,16.0,6.0,11.0,stationery
cd3575ef99cf6bbf1a7959de7ecfa3d6,3.0,300.0,16.0,11.0,11.0,stationery
5a7863759f1ae1605d08f6900ae8a90f,2.0,550.0,16.0,4.0,11.0,stationery
f1d67bf6f48876883052184dbc05dcc7,2.0,200.0,21.0,7.0,15.0,stationery
c38f6f64a4a1abb154fd4c09070d00a8,3.0,600.0,21.0,7.0,15.0,stationery
b369e02eda28d74a9bd658415b08d7fb,2.0,700.0,36.0,6.0,29.0,stationery
310dc32058903b6416c71faff132df9e,1.0,300.0,16.0,10.0,11.0,stationery
dd68bcbc459a7f8b1e8d41efd8e076b3,3.0,1825.0,38.0,21.0,38.0,stationery
5788687ad396e23d2c0332354be2d918,1.0,300.0,16.0,16.0,11.0,stationery
b5e20ff50c12113580158883f5a86edc,2.0,200.0,24.0,7.0,14.0,stationery
4c743ef85742be2bfbf2036906e524f4,2.0,1100.0,38.0,30.0,28.0,stationery
61e2cc02b96d5d61c27e21754260dccd,1.0,300.0,25.0,11.0,11.0,stationery
4b4a4a757b32080f88805beb030d7955,10.0,800.0,30.0,40.0,11.0,stationery
3d39134696d3f90744ca0291667f0140,6.0,1750.0,28.0,33.0,44.0,stationery
77b856bb1279d01bd8d0f33d05a4259a,3.0,350.0,24.0,7.0,14.0,stationery
8c35dc99b37ba51780800ba049ed3616,1.0,350.0,24.0,7.0,14.0,stationery
c6a5b2b8610b3206be072c211b70ba69,5.0,5850.0,60.0,20.0,29.0,stationery
1431b5a121c1134957c9aff8c8db2bf9,1.0,600.0,16.0,11.0,16.0,stationery
6da34f576ae8ae67eefc6284461cea8b,3.0,525.0,38.0,33.0,26.0,stationery
af4708c7522d336a01ea0a421531e56f,2.0,475.0,18.0,13.0,16.0,stationery
493943f1f8fe6655c30dfea68ffda600,1.0,100.0,16.0,5.0,16.0,stationery
ba17f75fc8d843241e6ebb54c5077fc5,4.0,725.0,40.0,13.0,40.0,stationery
893b9464c6ab7f700148fe9db838b6b4,1.0,3550.0,16.0,60.0,90.0,stationery
9bebdd5c142f3d0052c0377cc80b9385,1.0,1500.0,30.0,20.0,17.0,stationery
ab52c2c44ec8bebc9559a03ec12c8eec,5.0,1500.0,38.0,30.0,28.0,stationery
7851efb8bb0ad47b04465d6794c57814,1.0,4050.0,26.0,26.0,26.0,stationery
f32415d23c358ef1e387a7d329d9ce9f,2.0,550.0,66.0,12.0,12.0,stationery
f9a8853f6e322ff0ff068ca9f315b5d5,4.0,250.0,30.0,30.0,30.0,stationery
164ef5973ee113556104727b850ae68f,1.0,700.0,50.0,18.0,34.0,stationery
349b69653420b6014582513d4ce6c934,3.0,400.0,44.0,24.0,32.0,stationery
ed50ef551530d9a6966c1b0cdfed30a1,1.0,350.0,25.0,10.0,17.0,stationery
d5d5bf01f70d61a8917ef35a3595edbc,3.0,1050.0,29.0,30.0,26.0,stationery
b0c6bbb845653e49fc570726f2d5e4c5,1.0,6575.0,48.0,17.0,39.0,stationery
2cb575fc1035ae82e42117b10830f228,3.0,6150.0,60.0,20.0,29.0,stationery
4697e1b622324d38a8989bff2bdc1c84,3.0,150.0,20.0,20.0,20.0,stationery
db24fc1b55a862f2a1f9ae1e4ef85e7b,4.0,100.0,18.0,5.0,20.0,stationery
d730dcd6017ae7bc8a4b5561f18c6d59,1.0,300.0,16.0,6.0,11.0,stationery
88596b69f04745db1f8ba135da5c708d,1.0,310.0,21.0,7.0,15.0,stationery
eba6241164a4249d24a5f66b4df3d698,3.0,600.0,25.0,15.0,20.0,stationery
ab330e1b64fde92d3b4d4d6980a38576,2.0,150.0,16.0,5.0,15.0,stationery
756da661a7659df6134fe752288db3b4,3.0,1200.0,16.0,50.0,40.0,stationery
0f72996a8379314700a3ff9e822451e0,2.0,550.0,25.0,7.0,24.0,stationery
566a092fe1584b426b4a5c76823fa63b,1.0,3600.0,36.0,24.0,36.0,stationery
566d15b940c0d5e7a0a37c82b8ce353f,9.0,400.0,21.0,7.0,15.0,stationery
05d59e1191b873b988a6db5663923260,2.0,921.0,26.0,11.0,25.0,stationery
d3350fee567b6f7149265243bc8cf282,1.0,100.0,16.0,5.0,16.0,stationery
e168af8b2f0d9319737c6a7a37904f9e,1.0,2000.0,30.0,30.0,30.0,stationery
274669a78ffdf9398adbd9502e6c4915,1.0,450.0,16.0,42.0,32.0,stationery
cf6020146772dc8cdcd583c1651170a1,4.0,5150.0,60.0,20.0,29.0,stationery
2aae44062520332404c7c026b7cb03c1,4.0,450.0,24.0,4.0,20.0,stationery
3d332427ec9de8802951c8fdd9b69029,10.0,800.0,35.0,30.0,35.0,stationery
9e18e70b32c00d98cc4cb4314dfef5dd,3.0,1100.0,42.0,20.0,31.0,stationery
8f4b17412563c9aef144af0d2b3745f4,4.0,29000.0,50.0,50.0,30.0,stationery
fc7b2bd9172746b4151710bc2132f6a7,1.0,300.0,28.0,7.0,15.0,stationery
125038493b2c4e27fa12194038806161,3.0,1500.0,38.0,30.0,28.0,stationery
e2e921d1e2a5acc453c66618a9261b47,1.0,1900.0,40.0,16.0,35.0,stationery
1fc06ef354abfb79af03e2ac29577b03,2.0,3200.0,28.0,55.0,37.0,stationery
6d1c8953d76a10ae638ccf223406c7e8,1.0,900.0,24.0,7.0,14.0,stationery
72c4d61f2a2924a2d4515bc9c7fcd704,1.0,400.0,20.0,10.0,20.0,stationery
335c0606c1cc3329cba35360588ca73c,4.0,950.0,21.0,7.0,15.0,stationery
e389381479408ccdcdd406d8d3049e45,1.0,200.0,16.0,6.0,11.0,stationery
5d136eed606105a39f8cffd4b7978951,2.0,200.0,20.0,20.0,20.0,stationery
432457ab5792cbe9a9f272990af92554,3.0,1700.0,32.0,7.0,24.0,stationery
4cc3262bb30c9ee3cc8a805541a944e1,3.0,1500.0,60.0,20.0,29.0,stationery
052bc62f1969b8f09b1c3cd6f67e099d,1.0,600.0,29.0,4.0,24.0,stationery
0c30a560a3dea926f6ceaa1f36dcc213,5.0,2350.0,31.0,7.0,22.0,stationery
c8739aab0307635a23981f93dff12a9c,1.0,1000.0,18.0,48.0,35.0,stationery
2fde0c9154180a1b4d37c3e829ff3bcf,1.0,650.0,16.0,10.0,11.0,stationery
dd3e280f0e4930c7234596e43aa4c6f3,5.0,5850.0,60.0,20.0,29.0,stationery
f95f8434a1ff4885362c44d9d8526579,1.0,500.0,19.0,49.0,39.0,stationery
acd9600b8de0ebd8a85d61f162a30180,1.0,6700.0,40.0,20.0,50.0,stationery
bb3a346d0fc86850244000d0fe5bf5dd,3.0,400.0,25.0,4.0,20.0,stationery
ac62cc86d9bf61f8caeee900867190b4,1.0,425.0,18.0,14.0,16.0,stationery
887b93e713558fd03647419a99268159,3.0,300.0,25.0,3.0,15.0,stationery
234f933656e9d5c88f814a89d4f5bb9c,1.0,1100.0,16.0,10.0,15.0,stationery
7dfd17c668802c43e7298a1ae6f03fa4,1.0,100.0,16.0,5.0,16.0,stationery
85c39c98aac0283cda6c5e6721749c8b,2.0,550.0,20.0,20.0,20.0,stationery
23ffe3dcaaa187f5e18901aae3985062,1.0,200.0,25.0,11.0,11.0,stationery
f529ca0f6c6d8ea226840a3ffb3109ea,5.0,750.0,25.0,50.0,40.0,stationery
595e2ffe6a4ab5bc42d5e6cae20f2e10,1.0,1128.0,19.0,39.0,32.0,stationery
e109c50434486c589ed3a11b5a45a43e,6.0,8200.0,60.0,20.0,29.0,stationery
c6fa05b26acb1af4a61bf2830419d1fa,10.0,850.0,30.0,40.0,11.0,stationery
7f6a27bc434791d71f6e52b25bfc1e9e,1.0,100.0,16.0,10.0,15.0,stationery
97df7b55f088f5c0c6d785d20a433d55,2.0,4900.0,22.0,50.0,30.0,stationery
f3ead0dbcae5b065731b183396c1da2f,3.0,400.0,25.0,11.0,14.0,stationery
4ac01649d009821481f2560bf210d9e2,4.0,325.0,23.0,21.0,26.0,stationery
895e0a8c1cf8a915c6a0d5d2a91689b6,5.0,350.0,20.0,20.0,11.0,stationery
0723afa6f9a5a11c512396db0bb03051,2.0,475.0,40.0,35.0,26.0,stationery
c5841303f830680eb1cdda8be0ff35bf,2.0,250.0,27.0,3.0,11.0,stationery
e1a5774894b0dcbed9a61bb82b96b3fd,1.0,405.0,18.0,15.0,16.0,stationery
8f71fe1e1b5bbb6773e7276b5c37ef65,5.0,6250.0,25.0,50.0,25.0,stationery
3fd5f09fc9d1c489bd94669464077ede,2.0,50.0,24.0,7.0,14.0,stationery
8aba3ad68202f2aeee71c889cb67c9a9,4.0,1750.0,53.0,4.0,43.0,stationery
c765fb286266d05deb16689631d841e1,2.0,700.0,37.0,6.0,29.0,stationery
63bff8e34e5c639696856394be9a9ac1,1.0,800.0,16.0,48.0,33.0,stationery
210927ec4e766c525d07a1c17d4bb578,1.0,150.0,20.0,20.0,20.0,stationery
52fa1c39166d4ec1aaeb465c2e4ed999,1.0,150.0,16.0,10.0,15.0,stationery
de2505e32f3a22f6b80bb58d798c4ccf,3.0,850.0,16.0,4.0,11.0,stationery
2c01eb4d04c415d2ddef3a769b61a426,1.0,400.0,40.0,20.0,20.0,stationery
6a56304794f91b7996022b7ce5337371,1.0,3499.0,29.0,37.0,30.0,stationery
c5b6cb0ce3279d64025831b972bf5dee,3.0,6050.0,38.0,30.0,28.0,stationery
64bf5586d3916fc7f5b671afd0cfeb7a,1.0,250.0,16.0,4.0,13.0,stationery
cb69547b36cd7dd0fd98f7e6469dfd51,4.0,850.0,40.0,15.0,30.0,stationery
a188cd985f0f3f455caaba35a00dc5ff,3.0,1100.0,30.0,20.0,40.0,stationery
77ddf7d9682490a7d50e7d580460d4c1,8.0,1050.0,16.0,10.0,50.0,stationery
37108281cfb6d9fa07baf471f27eed76,3.0,500.0,25.0,15.0,20.0,stationery
50d1502fbc61f2be86ac6855552fc1b5,3.0,300.0,16.0,12.0,12.0,stationery
72c0ede833dac61a24ac9a7c394066a5,2.0,1250.0,38.0,30.0,28.0,stationery
31b4eff484cd1e463ed3ee1a566f84c0,1.0,450.0,16.0,10.0,11.0,stationery
99903e1e018dd80869032e7e79802059,4.0,350.0,101.0,15.0,15.0,stationery
af130e20a3a8eb7fcb9a8940d6984d88,1.0,1100.0,31.0,39.0,16.0,stationery
bc855e59a6a8653f16264bc6d5b3f7aa,2.0,1200.0,21.0,48.0,31.0,stationery
f39e720d7174b473f81e8a7103e562fb,1.0,1600.0,18.0,40.0,30.0,stationery
d14b123540fc5edbd4b0fbc48102a6c4,2.0,175.0,18.0,14.0,22.0,stationery
c072e7b87c8413341505d50d8234fbc2,4.0,7900.0,35.0,55.0,25.0,stationery
f8375e9fa93ad89af5386c8d0ff4e186,3.0,825.0,22.0,32.0,22.0,stationery
27cef810f33a53a546e924bd77b07cb3,2.0,800.0,45.0,25.0,35.0,stationery
ef25f91f23e39577fa6ddf93103876b1,3.0,5350.0,38.0,30.0,28.0,stationery
0d43f8d3ba891d985e8087bf048d3f85,1.0,100.0,16.0,20.0,20.0,stationery
8784c4d113e30be2fb64b69be0551b30,3.0,1500.0,38.0,30.0,28.0,stationery
36945ab7b40f69883323c9be517b640d,4.0,5450.0,26.0,30.0,28.0,stationery
ff01ba3d3676dd02937fd007e3f4e992,4.0,200.0,16.0,5.0,12.0,stationery
e0d472a0e85ecfc7d8297c8bac6eb403,5.0,650.0,25.0,25.0,25.0,stationery
afb4b687981fad8723f84510c57c84bb,2.0,450.0,25.0,15.0,28.0,stationery
696cff7cfa8bff8ea511a524d81f6343,3.0,500.0,30.0,52.0,20.0,stationery
8fc31e1c7f966b5262cfcc89e159d9a7,2.0,250.0,20.0,10.0,15.0,stationery
3a4db42aea95097b7a616b36f21d143f,1.0,1000.0,33.0,32.0,38.0,stationery
12e2d17d42cd9d770771fb08675a870d,4.0,1525.0,25.0,34.0,37.0,stationery
5d89f81b3fa14d26922c2bfa804e8a38,5.0,750.0,16.0,10.0,50.0,stationery
d8c116c1f77298f5291022b0225b2883,2.0,200.0,18.0,12.0,22.0,stationery
76061aaf8a1e4e93cdd26f7bef9ce247,6.0,9200.0,60.0,20.0,29.0,stationery
a9c425004dd5fecb05317d41c280399f,6.0,1225.0,32.0,52.0,19.0,stationery
d2b3e735df73207132c45ff909e567ef,1.0,825.0,29.0,18.0,20.0,stationery
cc5c55b85ec65541272bea4b9895add4,2.0,1100.0,27.0,10.0,20.0,stationery
589e33ce1e8aac8c6600a786fc0a3fa0,1.0,100.0,16.0,5.0,16.0,stationery
aba488672db0eba4413872b0f51e06aa,2.0,450.0,18.0,10.0,11.0,stationery
416cdbd855fe5e217167a1405a70fa4a,3.0,1300.0,17.0,7.0,12.0,stationery
9b199d3982e566889a35509682da2435,6.0,400.0,21.0,7.0,15.0,stationery
3831462c36ead78cff9e8fb704dbb879,6.0,7200.0,60.0,20.0,29.0,stationery
02032c15ca85744c99aa99583e824a90,1.0,100.0,16.0,5.0,16.0,stationery
6875b883a18364bf04f16698a335df55,2.0,1500.0,18.0,35.0,29.0,stationery
e87c9809c13acca4246dfb2fdcaebbe1,1.0,733.0,43.0,31.0,28.0,stationery
50fd03b40421e61bdca95c14fff60e3b,7.0,700.0,30.0,10.0,20.0,stationery
57de1d67d6badffc863b651c74e59dd0,2.0,1800.0,18.0,45.0,32.0,stationery
e3ecd1ee80239ece6f0cf6e93664933a,3.0,650.0,24.0,6.0,21.0,stationery
0cbeda603059c985268afd35128be303,2.0,1450.0,38.0,30.0,28.0,stationery
c2de790268dabb07806f2c71097277cc,1.0,100.0,16.0,6.0,11.0,stationery
2001ae82f374f0f76db97ad0b37231da,3.0,1500.0,50.0,20.0,50.0,stationery
8d05b2c8739a97a9b912b206eed6a0aa,2.0,250.0,16.0,5.0,30.0,stationery
4188f6b5c399401a9e9d7ebd18c9d983,2.0,250.0,16.0,6.0,11.0,stationery
e5094db34f0aa5153f620cf2f1b22dad,4.0,900.0,25.0,60.0,35.0,stationery
645ba02735d4bf831d9b72ac169c867e,2.0,650.0,36.0,6.0,29.0,stationery
22731e85c06982660a09c2ceb576ede6,1.0,200.0,21.0,14.0,18.0,stationery
972362b8b232932af39c3b4b03b3bda2,1.0,17750.0,50.0,18.0,34.0,stationery
1d092cf4f9b3ea4bed6ec6566b38ad45,1.0,300.0,25.0,16.0,16.0,stationery
fc43d4931ce7b45c01dcf5289927dc01,1.0,803.0,25.0,17.0,20.0,stationery
583f23b0484747654c01a98021608a89,1.0,1300.0,24.0,47.0,39.0,stationery
94ccb89a02c3b16a593d8034a5acbb94,2.0,288.0,20.0,19.0,17.0,stationery
e2dbf7712dcef4577bfee8f58eea55d1,1.0,100.0,18.0,2.0,11.0,stationery
4c8105db34ad803d251bdd2b08ee0c24,3.0,50.0,16.0,5.0,16.0,stationery
719209778e234849fba1ae72146ec2f3,2.0,1500.0,60.0,20.0,29.0,stationery
65266b2da20d04dbe00c5c2d3bb7859e,4.0,250.0,51.0,15.0,15.0,stationery
904df51afc994cd2a7bce1ec3ff5d9fe,2.0,150.0,24.0,7.0,14.0,stationery
06f0e85c7892d5df893f332706340af1,3.0,9850.0,30.0,19.0,60.0,stationery
edd268662f0b2a4f131cf4690ca6cbc8,1.0,1279.0,32.0,35.0,36.0,stationery
5ff6f5d729e40306d114d501700a838b,1.0,300.0,25.0,5.0,22.0,stationery
59d6e6082548af8b6dbabaceb115c676,1.0,100.0,16.0,5.0,16.0,stationery
a7e5875c2fdf2682ee0e6ae1bdb5b137,2.0,200.0,21.0,7.0,15.0,stationery
d122ad26c4f3f21e0167a6ccc55fe9fe,1.0,300.0,19.0,4.0,15.0,stationery
0c1d0960b623420908c75911c93d8615,1.0,500.0,16.0,28.0,16.0,stationery
a6f1c622ba2df1146e04690cb9622288,1.0,150.0,35.0,27.0,27.0,stationery
bfb42d0b9ef73eda575552be54ef53e1,4.0,250.0,16.0,2.0,18.0,stationery
0c66624528bd676dbe410f6f07ec32b0,1.0,538.0,21.0,13.0,16.0,stationery
dc363002c653f0cdc77f9d0be45fa103,1.0,650.0,35.0,14.0,26.0,stationery
09b72772aef83d207e149857fc22dbd3,1.0,1500.0,20.0,50.0,40.0,stationery
5c56c44b239f8887ebbfe552540ae3e8,1.0,850.0,20.0,5.0,51.0,stationery
048bb098a0e194ddc3d0287b954bc9d8,1.0,950.0,20.0,5.0,51.0,stationery
b393557cfddb0818ae60d6aba7a82822,6.0,500.0,21.0,7.0,13.0,stationery
21f8d380f12105e9b35b919553d70380,1.0,400.0,25.0,14.0,20.0,stationery
9c0d8d05fcd611d2273338e7fe0d8085,4.0,300.0,20.0,25.0,11.0,stationery
a29c32ba19cb3a3a0a8184fd9f8cb6b7,3.0,200.0,16.0,10.0,11.0,stationery
0437850bd55b9b2b9cf104b59a611666,7.0,350.0,18.0,2.0,20.0,stationery
8366b2d52a690d2d4665824069db5d9e,10.0,450.0,30.0,42.0,20.0,stationery
235458528f907463ec55ebb1e16b69f0,1.0,1200.0,16.0,49.0,32.0,stationery
805cb130b4477536c829664a9858aba2,1.0,300.0,27.0,5.0,17.0,stationery
fb8848eaa1d50492a9c1e8424a86b316,2.0,600.0,27.0,7.0,22.0,stationery
a73f8a8294cb767f0823d21c2b1dba6f,3.0,800.0,25.0,55.0,35.0,stationery
9e4ea25a61f57a8b8f48bb28bc7118ab,1.0,1000.0,45.0,16.0,30.0,stationery
dcd7a14115098925c83dd54daab99cbd,2.0,200.0,22.0,9.0,15.0,stationery
3e1fdf945aae119091586c0d20212562,1.0,900.0,46.0,10.0,33.0,stationery
383390bacab031887058eccc2e994879,1.0,400.0,30.0,16.0,20.0,stationery
9a2e821cfc513051382e27606ab3325c,2.0,6000.0,60.0,20.0,29.0,stationery
12d03720e39cc210547b854d2132c2e3,5.0,2200.0,25.0,25.0,25.0,stationery
f1384e935826c44865aa6b0483711048,3.0,2400.0,31.0,7.0,22.0,stationery
db135cb6b62b43f71eda83dc6daff2fc,2.0,700.0,20.0,46.0,35.0,stationery
ea012826f2cb04c6fd08522ca179302f,4.0,500.0,26.0,32.0,26.0,stationery
6a2961a3f5c85026ed1b3406a9ac27cd,2.0,10950.0,60.0,20.0,17.0,stationery
4aa9d80ccc87b67668f804143617c43e,6.0,150.0,16.0,9.0,11.0,stationery
57f202d5e0ed7a3a2d75e479e1579cfe,2.0,600.0,38.0,30.0,28.0,stationery
98935aea5a6ca26c5d8cd205a97c98d1,10.0,1550.0,32.0,52.0,19.0,stationery
23a294bd54227d94b276523d3ebf9c6b,2.0,3300.0,28.0,55.0,37.0,stationery
37be426992f83a0fe7922c694f0d6947,3.0,600.0,25.0,7.0,24.0,stationery
7ddb76f2c7237acc852358b95e7946a8,2.0,2.0,11.0,11.0,52.0,stationery
76ac1907588ea63f562f0851bd5a4289,4.0,4000.0,40.0,50.0,20.0,stationery
defce8530200d29d2c50f4ca66400e06,3.0,8000.0,50.0,9.0,16.0,stationery
18ca3438371b0b52c505b34d768b7fb4,4.0,200.0,23.0,7.0,15.0,stationery
926da363bc2ff4e30e0ee93403af0a44,1.0,4700.0,30.0,30.0,20.0,stationery
19f9a0f38a553e626086e4f0dee261c9,2.0,450.0,20.0,30.0,20.0,stationery
ea5708a5c7124ed181b770fe811ec775,6.0,550.0,22.0,7.0,15.0,stationery
313b2b462b7ebd82e290eb54b10e8a69,3.0,500.0,28.0,32.0,20.0,stationery
0c44cf18fca971245b41119ce72861c0,3.0,200.0,16.0,10.0,11.0,stationery
b7be4f01e86f8c3ed18b569c9d323a8b,2.0,3175.0,28.0,30.0,40.0,stationery
4505df1cf531c9ac32c32384a4d6d54f,2.0,600.0,27.0,4.0,12.0,stationery
c706d50b57c9e83293c2586d01f32445,3.0,600.0,25.0,7.0,24.0,stationery
5cb9696a7256c0bd3fa974570c74a13d,4.0,1700.0,35.0,60.0,40.0,stationery
2f2eee65fc4cc4a5ee8362730719d290,9.0,3100.0,30.0,52.0,20.0,stationery
4135a8c6b588263879a627ed27a2a3c3,1.0,500.0,22.0,48.0,38.0,stationery
c5c619629da44fcdd8303458a5557fde,3.0,275.0,17.0,19.0,23.0,stationery
3edd389c7ec42a100189b9f4dd430426,1.0,1100.0,30.0,12.0,25.0,stationery
b00cdd91a0fed77d5dd5437da9763ed5,5.0,2850.0,18.0,50.0,40.0,stationery
caf4c19a55134cab8ebe2debd0f16e6d,7.0,3500.0,60.0,20.0,29.0,stationery
6510b9320992123556a40f98806e512a,7.0,600.0,30.0,40.0,11.0,stationery
fe84c88069760acf0d69497293c74f25,2.0,250.0,16.0,5.0,25.0,stationery
a84e26c4cc7ea7884d3a81955a06cefc,6.0,800.0,30.0,3.0,22.0,stationery
c1b350ede922e02138912a3192bcc86d,2.0,600.0,27.0,7.0,22.0,stationery
83f92096793dec6fa40579e63590c90e,2.0,300.0,24.0,7.0,14.0,stationery
c7944f654db61924bb81f0e3160ab757,2.0,8350.0,35.0,60.0,20.0,stationery
3634f3fec68d72a789377a5966dc289d,1.0,200.0,19.0,20.0,21.0,stationery
91237381e41ca4a1a25d28cc10e72204,2.0,200.0,24.0,7.0,14.0,stationery
e15df886b39f7ae5ed4149643bb0c8d6,1.0,200.0,16.0,6.0,11.0,stationery
4fa953e52318e4dfc4f93407226cff35,2.0,300.0,22.0,70.0,15.0,stationery
32539e75c9d0748f5e063f60e395cc57,1.0,100.0,16.0,7.0,16.0,stationery
2bf7ce28472c7ae94ee15e26991bc9b6,3.0,150.0,20.0,15.0,15.0,stationery
1defdb58e117d7cfc318d002c2783b6b,1.0,100.0,16.0,5.0,16.0,stationery
6e87f3a8a84e60c41db0a3e7779f6e0c,3.0,6350.0,18.0,47.0,34.0,stationery
32371620a54fa76bdc3575748f8b8ce9,3.0,300.0,24.0,7.0,14.0,stationery
07a446d7cf0e22333d2032294c408cca,1.0,11650.0,45.0,25.0,45.0,stationery
39a943faa3e2debdb3c8db4d4f088849,4.0,1650.0,36.0,47.0,19.0,stationery
79fec71eb756eeb2aae28e8cb4488703,1.0,650.0,17.0,27.0,27.0,stationery
14008a0b9bfe0535dfa17f80988553de,2.0,350.0,24.0,7.0,14.0,stationery
056010e0e6196d99309275e1b2d12c80,1.0,250.0,16.0,6.0,11.0,stationery
64b488de448a5324c4134ea39c28a34b,3.0,1500.0,25.0,50.0,35.0,stationery
cc2de3090e4e70b255499285f2d72735,3.0,300.0,24.0,7.0,14.0,stationery
0d3ae9775bb6537884a4cf722b258d83,5.0,750.0,25.0,13.0,21.0,stationery
ef7f9080df1ef631941928033aa7b515,1.0,100.0,24.0,7.0,14.0,stationery
ef861dd8ed8359232c38b41e4249d55c,3.0,550.0,20.0,30.0,20.0,stationery
57141561615b91d5fd2a630d16499212,1.0,3700.0,25.0,35.0,28.0,stationery
d189fbf8b5d79a670cebcaaad68d77b2,1.0,3000.0,30.0,10.0,30.0,stationery
c675a92a4c74be0ba60aa506ae21e47a,1.0,350.0,18.0,23.0,16.0,stationery
22092edc4bf1615d12bbc3ab17d3d600,1.0,3270.0,23.0,25.0,16.0,stationery
b42e79652dbc591a49bdd2f577b57dab,4.0,300.0,21.0,10.0,15.0,stationery
84a5ff7347e4371b23168a1b69f2409d,6.0,400.0,21.0,7.0,15.0,stationery
5411e9269501a870cabf632f05655131,3.0,6550.0,38.0,30.0,28.0,stationery
0a76863dbd631dd837dac3fbaabfc91c,3.0,250.0,24.0,7.0,14.0,stationery
95340a2ad616a8f6d06e890edf417270,4.0,1700.0,22.0,50.0,30.0,stationery
4c1fdadeda244374699fdc31917e5b34,8.0,9700.0,35.0,60.0,40.0,stationery
9007d9a8a0d332c61d9dd611fa341f4b,4.0,200.0,51.0,15.0,15.0,stationery
da08cfe6c77b65a07d8396113d827f18,1.0,1700.0,20.0,55.0,35.0,stationery
d66a99b585f1db4d54930362c24882da,1.0,700.0,46.0,10.0,33.0,stationery
1c6c35cdf70ee1c3515cd1527f4aa6d8,3.0,450.0,28.0,32.0,23.0,stationery
99dc7241bbddb1c9da9ee00ed8070f56,1.0,400.0,25.0,15.0,11.0,stationery
1e9da397f7a02c90947b44bfa4a8d0b0,1.0,400.0,28.0,10.0,18.0,stationery
35d41a97fd059a6bafe3f7c1fa00e718,2.0,13300.0,45.0,20.0,35.0,stationery
983b5668afc4aa8777599206fcc8964f,2.0,1500.0,60.0,20.0,29.0,stationery
72ca7a219f9f5b1be88c79e3aedd0152,4.0,650.0,21.0,7.0,15.0,stationery
43c81702c9aca96af077286a5b2525b9,1.0,750.0,17.0,6.0,17.0,stationery
d35839b7d99e82c6541eae7a3cc1f527,1.0,250.0,19.0,11.0,14.0,stationery
4d36933227dc9c16555a88e2549a0c93,1.0,1100.0,50.0,10.0,40.0,stationery
96ee9343533c399d245845830908f073,3.0,300.0,24.0,7.0,14.0,stationery
27617ba1ba0b3e090f9397a809f18e95,2.0,100.0,16.0,6.0,11.0,stationery
aab5e2a4e6a2434fb61e694ed85a9888,6.0,1800.0,32.0,40.0,16.0,stationery
f09b7fd613031e630e7b5cf9911c0318,4.0,6350.0,38.0,30.0,28.0,stationery
524c471f4a5843ed7e79ef886d522948,2.0,250.0,16.0,10.0,16.0,stationery
3d17d0ed8da715ae25763ce8225b50a3,1.0,500.0,21.0,7.0,15.0,stationery
863c8ced004542495e1025bb14124580,2.0,1450.0,25.0,55.0,37.0,stationery
9c98b59719a74f32903537bc5c9262ce,10.0,2850.0,32.0,52.0,19.0,stationery
1d7bb6515c4995e739fd62faf05f2863,2.0,600.0,37.0,6.0,29.0,stationery
1da4613d4f7e10e1554538b46dd16486,3.0,1600.0,60.0,20.0,29.0,stationery
faf58757ca84cfb8c154b772683e76e3,2.0,150.0,16.0,10.0,27.0,stationery
cd6efbd49aaf6ab8c3eb9605aae7e942,3.0,200.0,20.0,20.0,20.0,stationery
8e023144385596d8dce754c39ea479f2,1.0,730.0,18.0,28.0,18.0,stationery
c448475cc4766baebabe30ee6d5f3fb7,2.0,450.0,20.0,30.0,20.0,stationery
eec68ed7d496bb2ee6aa0a69bb78acd2,2.0,850.0,40.0,15.0,37.0,stationery
685745fc12a6d4344a767bf01fb2d6d1,1.0,267.0,20.0,7.0,13.0,stationery
2215034e518b8ae4090da2aebf8f7df8,4.0,400.0,21.0,2.0,18.0,stationery
ba4135f821cdef6d31f783156eaf47f7,2.0,1500.0,30.0,20.0,17.0,stationery
9ad1eced98687b00602a0b3cb3c0029f,1.0,350.0,20.0,6.0,12.0,stationery
5a790acce109b9b76e3446f96430a1d0,5.0,300.0,51.0,15.0,15.0,stationery
ef5c31aee1d5074121a478b14d3eb50e,5.0,8600.0,60.0,20.0,29.0,stationery
49b9c5584a546562e3b954561980b48e,1.0,400.0,24.0,10.0,17.0,stationery
9d0aa87e8df1bdbe0f79353520a2d538,3.0,550.0,28.0,12.0,12.0,stationery
7935ddc510afb7d08989660b382b7f26,3.0,7700.0,60.0,20.0,29.0,stationery
3c6be4372f013b15ef6c2d0f89452998,6.0,5350.0,38.0,30.0,28.0,stationery
64ad2771f3e2c9c546e224021c36c807,1.0,900.0,36.0,6.0,28.0,stationery
71b9332f591fc9453e40c97586968ef4,3.0,2533.0,33.0,38.0,29.0,stationery
9cbec25d85737b76d6903fff22c80dbe,2.0,700.0,20.0,20.0,20.0,stationery
4c68fa8fa43e3ffddf31ef176866f762,7.0,400.0,21.0,7.0,15.0,stationery
145140d23f166a1166dc4437107df8cc,1.0,350.0,16.0,6.0,11.0,stationery
121314119f09ee1e994373873c7ab11d,2.0,950.0,43.0,17.0,24.0,stationery
23fa2f16287ce84f33d3b05190db8738,5.0,5850.0,60.0,20.0,29.0,stationery
b60f6bba923daf524e87691951512e1a,8.0,600.0,30.0,40.0,11.0,stationery
74edd82bf577cf5da467e2ba67c8305f,3.0,250.0,16.0,6.0,11.0,stationery
a8e70722df5b3d52489164f391acf5a8,1.0,492.0,32.0,11.0,23.0,stationery
58f758eeee057547a0acc8e95ffed7f4,4.0,600.0,30.0,16.0,27.0,stationery
e5cfe28c9837136280f5f3e5e260e858,3.0,18150.0,74.0,42.0,35.0,stationery
19c52e78b5b8f36b9865283bc507be1d,4.0,500.0,30.0,40.0,11.0,stationery
851e00fe0c1176f5bfc7ddddb3c8021f,2.0,600.0,32.0,10.0,20.0,stationery
af263cd25f64b87a292cf71ea42d505a,1.0,200.0,19.0,5.0,13.0,stationery
3ff53c0418c367eb333906f83eff8fbd,5.0,350.0,30.0,20.0,20.0,stationery
0268130c8c3e3cac87b5ec4931348c73,1.0,1400.0,25.0,20.0,20.0,stationery
3d4aa956a54f2ab83acf747c6dfaf428,2.0,650.0,32.0,32.0,33.0,stationery
65400edfb5c91587f723f62138cbc40a,2.0,1000.0,20.0,30.0,20.0,stationery
3b9ae31f0791d281038b3ed1e1fe91d5,4.0,500.0,20.0,30.0,20.0,stationery
c72b807dcfa40a24d64f7adf35bfc205,1.0,1300.0,16.0,39.0,37.0,stationery
e47d150b1ca529641e12015c3109bb24,1.0,5850.0,39.0,19.0,40.0,stationery
e917a4c1765b98c448b7e4cadcbd0d36,6.0,100.0,18.0,6.0,13.0,stationery
15f4274d2a06f9da4e476ad9bb5c80b9,1.0,1000.0,20.0,45.0,35.0,stationery
e6e3b7c71e3a84b79b0dc5300587fd6a,3.0,900.0,25.0,6.0,25.0,stationery
9c985e2ff7b419faca8c549f4b1673c2,4.0,500.0,42.0,14.0,30.0,stationery
9e4a852f41aff52bafff133d9deb5eee,5.0,5700.0,38.0,30.0,28.0,stationery
e091f07566a9a2c067bfca02620ced15,3.0,5700.0,25.0,55.0,45.0,stationery
4df187b7e8a4e64314a77ef4e9e05c12,2.0,900.0,37.0,6.0,29.0,stationery
94475071013412139f862c0bd7e3bb37,3.0,317.0,22.0,14.0,22.0,stationery
94aa4a6893284c0236d6c79c194ef5a6,2.0,700.0,27.0,7.0,22.0,stationery
d920f22cf9a7dbb8e09ce4a2f5391b25,1.0,2100.0,20.0,50.0,40.0,stationery
16ce899c7af0c99f46948734a0d00f0f,1.0,1000.0,18.0,17.0,25.0,stationery
e8884e9848d271e0a15364723850aece,4.0,10950.0,60.0,20.0,29.0,stationery
f1b067568bb39768f754b0d1ab1abcf6,4.0,3750.0,60.0,2.0,15.0,stationery
786733d317255508bd4d648585977611,2.0,7050.0,30.0,20.0,17.0,stationery
f77f1ec838ed490adc1529eedf7810ea,2.0,980.0,32.0,21.0,21.0,stationery
b5e6d813290cd06e3015f41d246512e7,1.0,250.0,23.0,11.0,13.0,stationery
7a42af4cfc71b5e250b2effd6f37cb35,5.0,400.0,26.0,16.0,21.0,stationery
9363662bd84410483083a4fe6f06242a,1.0,500.0,16.0,16.0,16.0,stationery
bb5fc9090888f494938ab2b3c90dda7a,1.0,150.0,16.0,6.0,11.0,stationery
6acecf7108cde510886d761f5d107fe1,5.0,1000.0,20.0,15.0,31.0,stationery
ad7a16ba4103bc75d3971c1c43d49674,2.0,6050.0,60.0,20.0,17.0,stationery
7148a8f67a1564b5a6c5944398357e18,3.0,800.0,23.0,7.0,16.0,stationery
b95aa596a845b94878fd6d210d7fd9b7,2.0,1350.0,38.0,30.0,28.0,stationery
8fe6b4466c75060534fb161548531a7c,2.0,1100.0,24.0,4.0,24.0,stationery
5e3da89d8383d36cb307c87410f5c2b5,2.0,1050.0,21.0,15.0,15.0,stationery
612a71b9833d6a383aab0aefd3995583,1.0,200.0,26.0,14.0,14.0,stationery
8db97c571a61d830930cf029a34c33ef,1.0,5550.0,30.0,45.0,30.0,stationery
efe4838ca7d6540e8fa0ea4cf5660b46,5.0,1100.0,28.0,13.0,25.0,stationery
e27bda0525e1555db5e6941211cb33cf,1.0,300.0,16.0,6.0,16.0,stationery
5b7c8200bab71ae7cc1a0a7073b6afa1,1.0,700.0,46.0,10.0,33.0,stationery
64805d6d421c30f6bcba4b28c41a1635,1.0,600.0,37.0,12.0,31.0,stationery
9823e38ee143a67b94ca6c264e2c91e6,1.0,1067.0,16.0,11.0,14.0,stationery
28a652ff04e43c1bc57937a9f8770f9b,4.0,7700.0,28.0,55.0,37.0,stationery
a17f13897e9a6dd83b91944452d54daf,1.0,900.0,16.0,6.0,11.0,stationery
4a16cff2de159237df876ff7ba0fceca,4.0,200.0,16.0,5.0,12.0,stationery
781273115293d80ac1f459cc466f8483,3.0,250.0,20.0,25.0,11.0,stationery
42f03aab9564c9b88c5d269eee68a79d,3.0,1000.0,25.0,55.0,45.0,stationery
be7af429d53adfab190dacdaad6a1c9b,1.0,21800.0,55.0,50.0,40.0,stationery
f565767fe2205fbf1e7c0d1c2fc5773b,3.0,1100.0,50.0,12.0,25.0,stationery
e4a944ceb290f6743bc262b3963471e2,3.0,800.0,32.0,44.0,13.0,stationery
5b4b8595bd33017cf3c87c8ab09c2e42,1.0,150.0,17.0,6.0,11.0,stationery
20fcf54ae3433ede318a3587bfe559c4,4.0,1350.0,38.0,30.0,28.0,stationery
7b0c4d9da2e7edd82a2ee63609d09c69,2.0,1700.0,35.0,45.0,16.0,stationery
1becf32f9c527bad8d88e8e6aa99f021,8.0,950.0,16.0,10.0,50.0,stationery
3c0f50234e2cac5b619f358d4325be0d,3.0,1500.0,60.0,20.0,29.0,stationery
2115a2dcb35d50b3726fbd24ab04aaa1,2.0,600.0,45.0,2.0,35.0,stationery
3de040f7129e3e1aa3a1fd1d6c1f9f2d,2.0,500.0,16.0,10.0,25.0,stationery
ba7222211fd7b69689ab84024518e155,1.0,250.0,18.0,6.0,11.0,stationery
a6f449f6257f26e556013151cee46b4b,3.0,700.0,20.0,50.0,40.0,stationery
708695ee28aeef6c879a6c9d5f5269de,2.0,5900.0,38.0,35.0,28.0,stationery
f74ed500ab93d12ce3fbc611474d89af,5.0,1900.0,35.0,45.0,15.0,stationery
9db0293d362d2f9de7b54eb02297ce5a,1.0,500.0,46.0,10.0,32.0,stationery
5657ff1fa4fd6988207125d788e6be2c,3.0,300.0,25.0,15.0,20.0,stationery
156bb7508d25ad3108035c7ec3a3d2fb,1.0,800.0,38.0,8.0,30.0,stationery
6447947a13b0cd3fa652bd0c4bd4d534,1.0,1250.0,32.0,30.0,32.0,stationery
2a74acb77e71d1cb27a9dd28cf95e561,3.0,5050.0,38.0,30.0,28.0,stationery
6e4b48692263d4b62965273275cb2b66,4.0,300.0,18.0,4.0,16.0,stationery
8e74e3853aab7e70abf97b857562fee6,1.0,100.0,16.0,5.0,16.0,stationery
d9800a25632b4cca5f4207408c25fc3c,2.0,450.0,20.0,18.0,15.0,stationery
9548f3f06fa6c1983a2278e2a16ecdcb,1.0,290.0,18.0,4.0,14.0,stationery
fe038e16fec390e96e4d557ef433e280,1.0,100.0,24.0,7.0,14.0,stationery
f35a1bcd7e07f3841b0490d477612fae,3.0,450.0,20.0,30.0,20.0,stationery
97df097e327bdfd11f7a1061fda6b89d,3.0,1600.0,18.0,2.0,20.0,stationery
203086d8efe5991e11ed8f673bd18d64,5.0,650.0,25.0,25.0,25.0,stationery
b5694f734bee2683d25bb188a7f45b40,2.0,100.0,16.0,2.0,11.0,stationery
5ea060e5498eaeee39d5dc4b4525b7ac,9.0,450.0,16.0,20.0,20.0,stationery
1440c3493146c70f05302fa3edf1038f,5.0,6250.0,32.0,36.0,32.0,stationery
5aa24a87e18df35c06a69ba91d6d8970,1.0,1047.0,29.0,26.0,19.0,stationery
dbbea200ac1f56940332252411b43503,3.0,8600.0,46.0,7.0,46.0,stationery
3731a08877914ac1dbf9b7c995854f84,1.0,250.0,16.0,6.0,11.0,stationery
ad3e8888fa82a721dd44c481da333ea7,1.0,900.0,50.0,2.0,20.0,stationery
1dee3524e3a91274c8255b3a31373ead,1.0,700.0,17.0,12.0,17.0,stationery
1f39e56ddd4944595b9a7d9d7e4e16f3,1.0,2400.0,30.0,5.0,21.0,stationery
56ce131d9dcf10be8c9eb0b670194766,3.0,150.0,16.0,10.0,16.0,stationery
2b9c3fbbc252238d3a35a75dcc19d8cb,4.0,7300.0,25.0,12.0,20.0,stationery
9a1a6710ea1fc304f6ab28a27e1ac182,9.0,2000.0,32.0,52.0,19.0,stationery
f30bede207296a97f28cebe71037e67a,6.0,600.0,29.0,3.0,25.0,stationery
71aa33d57a832e38f213d7ed6bad3841,1.0,310.0,21.0,7.0,15.0,stationery
8f840e793958e7522d3421524b07ee4b,1.0,100.0,16.0,5.0,16.0,stationery
389e3d8b3dba6f6166e1e0f4e242e11e,1.0,6350.0,48.0,24.0,33.0,stationery
5f79ee3b64a3af922735487fb06da429,2.0,350.0,24.0,7.0,14.0,stationery
0f412a384a483933ee154a4ccfb03570,2.0,250.0,20.0,15.0,11.0,stationery
8fadf68a98d539874e3365004f8bb2e7,3.0,6100.0,38.0,30.0,28.0,stationery
dd6701abf8ccf81f932abdb773d15b15,1.0,500.0,30.0,16.0,20.0,stationery
d199462b8361a3e047e64595bce5b6ea,2.0,550.0,20.0,20.0,20.0,stationery
4e25c62ad96711705df0968522524b7c,1.0,100.0,16.0,5.0,16.0,stationery
ac18c4fdc7fb66fe4d3d88dfc02d041f,1.0,600.0,16.0,39.0,37.0,stationery
b2672f1c1fcd8d61f7260d597e6c389a,2.0,450.0,20.0,30.0,20.0,stationery
4dcac7b8ae9f3f0793a0152d5490e606,1.0,400.0,31.0,2.0,22.0,stationery
0a5a2b08a41a3a61ee984c9445891098,2.0,1600.0,35.0,50.0,20.0,stationery
23b156533f31f1e4493d605705f7e6db,2.0,450.0,20.0,30.0,20.0,stationery
cdf4f93c50b902a0fcb44e74abe804f4,3.0,568.0,22.0,23.0,20.0,stationery
f0effb9347ed5787c680f4c756f0bbdb,1.0,462.0,18.0,13.0,14.0,stationery
8852eb03b04ec3268a66e9b696e25f6f,5.0,2000.0,25.0,55.0,40.0,stationery
d23c9b76b96f629b8756a657176a87d8,1.0,800.0,50.0,10.0,40.0,stationery
9b2c558d8722ce82e6cae7ac037c2ad8,1.0,517.0,23.0,21.0,23.0,stationery
488f6ad202b2656d346498ec03963de1,1.0,700.0,46.0,10.0,32.0,stationery
93dc30627407d30e6917279857c8d9f1,1.0,800.0,20.0,50.0,40.0,stationery
e03102efbc2229024c89be731f0aedcb,4.0,750.0,101.0,15.0,15.0,stationery
48698ba0cfe847b41430fa00081b5619,1.0,200.0,27.0,7.0,22.0,stationery
2ad445594b1355fa451e7940011baae4,3.0,500.0,30.0,42.0,20.0,stationery
e4f30409b508bbb61cb506251e9cc685,2.0,200.0,23.0,7.0,15.0,stationery
eab2445325c49cfae34289f4a56342e3,1.0,800.0,16.0,10.0,15.0,stationery
787a7fee45732e04f90ace8fda0ed076,4.0,100.0,16.0,6.0,11.0,stationery
5ab3c4c7b2b499f85cf923cd0f331c9f,8.0,600.0,28.0,10.0,44.0,stationery
7d70db7420b99e2b74c6d4277860c327,1.0,500.0,20.0,50.0,40.0,stationery
93d452eef7b6b3812ed587d747f0fe72,2.0,350.0,38.0,33.0,26.0,stationery
8ea8e3150c4a9d5e683bf5f8d0561609,3.0,400.0,24.0,7.0,14.0,stationery
5c8d8bd9771a2391092e1fbba43debeb,6.0,700.0,22.0,7.0,15.0,stationery
c708e48bf01416863f8bc5d3e8ad5de8,1.0,1050.0,25.0,25.0,25.0,stationery
79c716797a31592b8dbe45b2a93a835f,1.0,200.0,16.0,3.0,12.0,stationery
fb1d05384e33cdc05b3b4837c992f44c,1.0,9550.0,30.0,35.0,55.0,stationery
2dbc494e29bf48dff938d3b939207504,1.0,350.0,19.0,8.0,14.0,stationery
010c988805cc0a13b9ba455ffc6c8510,2.0,200.0,24.0,7.0,14.0,stationery
17e7d9a179f3f2d61223252038276d35,1.0,600.0,16.0,44.0,29.0,stationery
0496a7015a17628712e8720db133092b,5.0,1075.0,21.0,15.0,15.0,stationery
7c90b282a16b3b71b9d66913c649beb0,4.0,1500.0,60.0,7.0,11.0,stationery
472a376420891aa45cee5d0b46c17d4c,3.0,5850.0,60.0,20.0,29.0,stationery
bc23e7ab33428b722eb04acc660423ad,4.0,8450.0,35.0,60.0,40.0,stationery
3462cfbd316346049256b3b3242f8dfa,8.0,600.0,22.0,8.0,15.0,stationery
afe03a970bfcfb89d67682980d6ffed5,5.0,450.0,18.0,18.0,18.0,stationery
3c5fc4f6c055819eb7e2853e9fe08bb3,2.0,300.0,24.0,7.0,14.0,stationery
948cf1d0e3086dc58ca7332b39abda1d,1.0,5850.0,60.0,20.0,29.0,stationery
c6ce25f40e2feb55d390810e72ee44f0,1.0,150.0,16.0,5.0,16.0,stationery
61eee7a9f1884caed59c316047c5832f,4.0,1200.0,22.0,13.0,16.0,stationery
1a0971a6f39f04118207a7308d451e9d,7.0,5850.0,60.0,20.0,29.0,stationery
e383490cecec9ff01e02a193a8f72663,3.0,1950.0,35.0,6.0,30.0,stationery
192fdd97f716a6c79db0fdb15fadd854,5.0,500.0,21.0,7.0,15.0,stationery
15d30ec01983f8e4e69ff7ee703e5815,1.0,1275.0,39.0,21.0,27.0,stationery
e68e475e0e1fa8744c2aef0f9864d679,1.0,1000.0,18.0,48.0,33.0,stationery
f9025647e0a95c843a2d85c23df34c6c,2.0,700.0,66.0,12.0,12.0,stationery
14e31b2c05e808184df54e15e1a99e88,1.0,400.0,16.0,13.0,24.0,stationery
13c20e4b6e3e7d4f0f336fedcf4198da,1.0,300.0,27.0,26.0,27.0,stationery
d4cec69b52f6c751bc505703037b1808,1.0,100.0,16.0,5.0,16.0,stationery
82f02f778dae4ea65e408d9086b013ec,5.0,2300.0,26.0,25.0,47.0,stationery
14d003b4fde082d755674f43f7ceef55,3.0,450.0,20.0,15.0,20.0,stationery
99e60b5a73c761f67099763a17c13bed,2.0,325.0,23.0,7.0,15.0,stationery
84dd5aaecdb39b406c39de952b13f394,1.0,310.0,20.0,10.0,19.0,stationery
e59122e4d747d525e21da293568a36df,7.0,550.0,22.0,7.0,15.0,stationery
f6846ffd13de01b26f4eaebaf76295bc,2.0,425.0,28.0,13.0,18.0,stationery
2ea92fab7565c4fe9f91a5e4e1756258,3.0,10600.0,60.0,20.0,29.0,stationery
3d48e45c02063f74b3a9147ce7ab5196,2.0,200.0,16.0,3.0,11.0,stationery
4b08796ea8ae2025d610f3e968e61471,3.0,350.0,16.0,16.0,16.0,stationery
9060e6841dc01d7b51ec7e7b173ede4e,3.0,2900.0,25.0,55.0,45.0,stationery
e311d1899b83ab4b7706f6f81d155a19,4.0,1500.0,60.0,20.0,29.0,stationery
ecc224ec2ca908e1fdacf9aaad00fbe1,3.0,11950.0,18.0,46.0,33.0,stationery
71a6eaa72a4e40ad63210b0f88fb65a9,1.0,550.0,24.0,3.0,30.0,stationery
13a7ea24fee9ef57c3b7b5b69d3b4cda,3.0,250.0,16.0,6.0,11.0,stationery
e7d04ef9607864725fa88cd28efa82eb,1.0,16400.0,17.0,48.0,32.0,stationery
d2f1978552a7604790fa5922f4345998,4.0,600.0,25.0,30.0,15.0,stationery
058b372f969b59e8c4a27e224243909c,2.0,5650.0,20.0,30.0,20.0,stationery
9faa5e4f81da9a1b33f8d8f3ed90e89a,10.0,1850.0,32.0,52.0,19.0,stationery
13721c732d93346dca59eecba82bf07b,3.0,250.0,24.0,7.0,14.0,stationery
b6364679d59117f02215a9d777657490,1.0,3750.0,25.0,25.0,25.0,stationery
47eb2751a902abaee353276da5d084e4,7.0,950.0,25.0,7.0,20.0,stationery
70e9f13542ae210a1e09bae121496075,2.0,550.0,21.0,10.0,15.0,stationery
214b2d4bc9a6b09243f5e27b9fa96d4a,2.0,10650.0,46.0,10.0,12.0,stationery
166b38c4ecd6765dad14586d0a8f7086,2.0,400.0,68.0,8.0,13.0,stationery
ca804be785914dd234a6dd0177c2c577,3.0,1700.0,101.0,15.0,15.0,stationery
41ce18e06273b50422ebf6149066fa23,1.0,100.0,16.0,5.0,16.0,stationery
b53b199f292707675aa8a518a76885ff,4.0,1900.0,60.0,20.0,29.0,stationery
94f3e00f8ea2e9bd4579796cb9e18e37,1.0,650.0,30.0,16.0,16.0,stationery
a9ae3095ce9466944a7427933de5f784,3.0,800.0,48.0,7.0,38.0,stationery
d8fb151eb350f0956fbd847567d78954,2.0,750.0,31.0,3.0,22.0,stationery
a0f12db60a5019ce1a4c21fce1697574,3.0,6150.0,60.0,20.0,29.0,stationery
85d4c1a46f08f730de651ea6f6645313,3.0,500.0,20.0,30.0,20.0,stationery
7d122633abe5616b25c4d1d42c6e2d72,5.0,6300.0,38.0,30.0,28.0,stationery
4666663905288ce384a71d096b22e7cd,2.0,1350.0,11.0,11.0,52.0,stationery
4463c4f83cecd53e81653bab5b41a0d9,3.0,3550.0,46.0,7.0,46.0,stationery
7600ad0c8b6aec897862eb7944ae0856,3.0,700.0,50.0,10.0,40.0,stationery
1de98461015ec4932a0459c5772f7b1f,3.0,650.0,23.0,7.0,15.0,stationery
11c273f63badb1626f41abce9a038587,1.0,1900.0,19.0,15.0,13.0,stationery
d37abf50cce5bcd682830a357783622e,1.0,2500.0,17.0,44.0,34.0,stationery
7ead55b1f52de17d6dac82001470b2a2,1.0,100.0,16.0,2.0,11.0,stationery
e59710c424d7084b69c46fab3dcc4c47,1.0,1300.0,31.0,33.0,35.0,stationery
90d0df1dcc6b9808cd5f1451917e1ad0,2.0,300.0,24.0,7.0,14.0,stationery
04de91d60b1cc9be205fb4a63c87bece,4.0,100.0,16.0,3.0,11.0,stationery
fd52a24b7fa473a6c7a62a5ee7579def,3.0,700.0,21.0,15.0,30.0,stationery
81f2db696217a6ca38f7addba4245fd7,2.0,450.0,20.0,30.0,20.0,stationery
fc5043902812d122c4e80113ff924c1b,7.0,5500.0,35.0,60.0,40.0,stationery
02f5620577c231921c3b01678005d2ba,5.0,500.0,21.0,7.0,15.0,stationery
8c464efd8ef90612cb673a5ce7046e8c,2.0,400.0,20.0,20.0,20.0,stationery
bd8c43f5716739d47046ab8591aab1bd,2.0,200.0,24.0,7.0,14.0,stationery
e073574bfbfbdfbe59454d8474cad673,2.0,5850.0,60.0,20.0,29.0,stationery
381a0b846affd6aa7e80a863bcda52b7,3.0,300.0,24.0,7.0,14.0,stationery
156c786708d60c0091d590d5ff937229,1.0,100.0,16.0,6.0,13.0,stationery
786248c98cab9ad5cccdb751909da1af,4.0,200.0,16.0,10.0,16.0,stationery
68bf40b3abd5ffc25981c25df9ed9087,2.0,8550.0,60.0,20.0,29.0,stationery
7329db39e452f3fa1b4f8285055a8e36,1.0,350.0,20.0,20.0,20.0,stationery
689c51a11e9c5daefc1f9b0782e28fcf,1.0,150.0,20.0,6.0,11.0,stationery
a514c9314e6d8af09721786a8ab34c7e,2.0,150.0,18.0,2.0,11.0,stationery
72d024aacb8fb06c03ea616c4644b841,3.0,650.0,16.0,4.0,11.0,stationery
99dd027298fab106f907e554d5378825,3.0,100.0,20.0,20.0,20.0,stationery
e4ad97ce352e46bebac92018f6ed976d,2.0,7750.0,28.0,55.0,37.0,stationery
fd1446e03cb63518fdc2d2e91f6208b2,5.0,250.0,24.0,7.0,14.0,stationery
a4536c45a6f0c22f312adde45e06ec13,1.0,550.0,29.0,13.0,12.0,stationery
c2ad928095a0d199c4d44b2194119ce2,1.0,200.0,16.0,6.0,11.0,stationery
b65d35a9df9e9824ef0ae175b9468161,2.0,1400.0,60.0,20.0,29.0,stationery
e99d69efe684efaa643f99805f7c81bc,1.0,600.0,33.0,13.0,25.0,stationery
90f39a309a8c05fa7aa4ef02178059cb,5.0,1000.0,40.0,35.0,28.0,stationery
4aecca9430af7a8c0debefeed7b7607f,3.0,700.0,45.0,16.0,30.0,stationery
c1a29976487f2c410740e8a1a4bf5720,7.0,8550.0,60.0,20.0,29.0,stationery
92503fc18ca14a8f32c182ce3f1b9f05,2.0,3450.0,27.0,29.0,27.0,stationery
026d610705e01d905582241e68aefefe,2.0,500.0,20.0,30.0,20.0,stationery
f8e7c2967bf9d85f668c88eea4f9f029,2.0,1000.0,35.0,45.0,16.0,stationery
78b3ee06d49e019869ec3ec4e356d055,2.0,6700.0,60.0,10.0,15.0,stationery
7c1e2b3fa0233e46fb3bcdcb9919a72f,4.0,3150.0,53.0,4.0,43.0,stationery
ed38e11473775cde0d65f698aa0a4d27,4.0,1600.0,60.0,20.0,29.0,stationery
a5db7a80a8d9c9d49050360fceb6ffd4,1.0,300.0,28.0,16.0,28.0,stationery
91e2aac5302f657c8fdf3040124d8809,2.0,817.0,33.0,22.0,39.0,stationery
bd336707deb508edc61ee62f22706cc4,2.0,345.0,41.0,3.0,33.0,stationery
fe4afcfae208147e0189eaa4c3f5fb8d,1.0,1750.0,59.0,21.0,30.0,stationery
7825a7c4f9edb6b219eb94c29e86e7b9,6.0,800.0,22.0,7.0,15.0,stationery
2a88b20e4ce366edc5efac1c5764d808,1.0,700.0,21.0,8.0,17.0,stationery
25b569d22d25020f8a5d52f8ad129b14,2.0,300.0,25.0,10.0,19.0,stationery
1e792313d6d23699b3ed772e7042b089,1.0,1575.0,31.0,31.0,34.0,stationery
ebad99212b472ad37b106807248d5f47,3.0,1100.0,38.0,33.0,30.0,stationery
3bf56e26b61ad28e0d04d2278fcb7ba8,2.0,548.0,20.0,16.0,26.0,stationery
dd330cda72d57600ab101aafafc9ab22,4.0,1600.0,60.0,20.0,29.0,stationery
241e398aacc909372622952b2ec6f954,7.0,700.0,22.0,7.0,15.0,stationery
cd70dc78e373501fa925b1b3195404f2,1.0,400.0,26.0,26.0,26.0,stationery
fddec93a56600e40327c7a9e66c98feb,1.0,1150.0,16.0,8.0,45.0,stationery
2d6dfe6841db8445d145a67913aec9d2,4.0,1800.0,53.0,4.0,43.0,stationery
d1299c3be544703ed73ba703885030c9,4.0,1500.0,38.0,30.0,28.0,stationery
dc448e6ccff3210312c96e9fad49552d,10.0,2600.0,32.0,52.0,19.0,stationery
d315708215f34761b88bef422c463110,3.0,550.0,25.0,15.0,30.0,stationery
39eef1b4d9ab7a5a121d3436b03ce7d3,1.0,1550.0,25.0,20.0,15.0,stationery
49adae85b53072da0eb9a88c3f0d2c7b,3.0,5900.0,28.0,55.0,37.0,stationery
0bf49628a5637192ddbad12be4c921ee,2.0,1900.0,20.0,10.0,11.0,stationery
7940f574701f6518fea2877012f7055e,3.0,10350.0,64.0,15.0,51.0,stationery
5c2d95f6437143d8605761b736b03c15,2.0,400.0,24.0,7.0,14.0,stationery
e8b3e1130c20d55ebe3466a7a7e2c1e6,1.0,400.0,28.0,9.0,18.0,stationery
8ba0118a487ec8671aed57e5ef846574,3.0,4100.0,40.0,37.0,29.0,stationery
168a1b76a7598bdaefdc552324c1bbfb,2.0,6050.0,38.0,30.0,28.0,stationery
c349071c40ca2919f27bd3d6a2fb6fea,1.0,10150.0,44.0,34.0,21.0,stationery
1510ee95ef047969c335bac927d99bc4,2.0,800.0,26.0,5.0,36.0,stationery
300469628605afcf5cc9759fb4cffc02,3.0,250.0,24.0,7.0,14.0,stationery
64e77a6fb5b8e01019106773518b5a71,5.0,5850.0,60.0,20.0,29.0,stationery
b761e337aed465b70aa4bf86f1b12f2d,4.0,400.0,30.0,20.0,25.0,stationery
8481b767d90ff5c67263520bf912b6c4,2.0,1000.0,25.0,41.0,30.0,stationery
96d00b77859283a154d700d43fbf20a5,1.0,300.0,25.0,10.0,15.0,stationery
5db156e0070760934498ba575836d29a,2.0,800.0,25.0,55.0,35.0,stationery
31cf1cb1270b6c076fd03854cc3628b4,1.0,200.0,20.0,10.0,15.0,stationery
0858dd15ff82c48e17418361856c094c,1.0,100.0,16.0,5.0,16.0,stationery
eb7fae76f525c0a4af365291e609685b,3.0,1300.0,26.0,33.0,13.0,stationery
7de84fd574b291fd6dc71f84c8c5120c,9.0,5700.0,60.0,20.0,29.0,stationery
425db55cb3b0f5b18a2d9964da31c3c0,2.0,450.0,25.0,15.0,25.0,stationery
b44076f8988fe82b676a754e798ab0f9,2.0,1500.0,60.0,20.0,29.0,stationery
78faa2bfe133a88e37566b739a19ced7,3.0,150.0,20.0,20.0,20.0,stationery
5838a44de26ad6bec79e134324dca7b6,4.0,400.0,24.0,7.0,14.0,stationery
2ce9e5390d425b70acd6b9b016c9ac13,2.0,225.0,23.0,7.0,15.0,stationery
fcaab5d7f656094e49fbe4ee3a506658,4.0,7650.0,28.0,55.0,37.0,stationery
2b80e83f77008f81ae402882631eba97,3.0,350.0,24.0,7.0,14.0,stationery
e8f48f7c1f715c4178d57c50dc622da7,1.0,550.0,16.0,4.0,11.0,stationery
2229873650d2f1ad2306b8230a59730f,1.0,300.0,21.0,7.0,15.0,stationery
200b6dfc80a2ec5fee97a72da6589698,1.0,400.0,16.0,29.0,23.0,stationery
879f3fcede3745f74eef673bf8d5805a,1.0,400.0,26.0,6.0,18.0,stationery
7bb6d6699f4f2ff3315e4df8419d4584,1.0,2900.0,32.0,44.0,21.0,stationery
62abef05dddbd149514e4339c84f7d7d,1.0,200.0,16.0,6.0,11.0,stationery
9c5748657c370b7dbd989b548b041544,1.0,700.0,16.0,4.0,11.0,stationery
a1ef6deeb394537b4da00d88e6c5313a,5.0,600.0,35.0,5.0,50.0,stationery
93612dca2cc02cd586ec7e862f2edcbd,6.0,800.0,16.0,7.0,21.0,stationery
177d3d5bb9d4d29222a222e3b3554f41,6.0,7550.0,60.0,20.0,29.0,stationery
9fa383a47388caa20228a1b5e238472b,1.0,980.0,40.0,31.0,28.0,stationery
5a0146a47009000363e3ceeade37c54b,5.0,1550.0,18.0,16.0,18.0,stationery
39b7e02eed5da67f370cfd3f1518fe6c,1.0,100.0,16.0,5.0,16.0,stationery
a8df513e8be2c303a357f71e5f62d1e0,1.0,7050.0,60.0,20.0,29.0,stationery
1d23d07e957a7e3a0a951b8df7361990,4.0,150.0,16.0,6.0,11.0,stationery
d6062a139383f9f749121e67262ce7d3,1.0,450.0,20.0,8.0,14.0,stationery
8cbedba2d7cc24610c6db688d74b23ae,2.0,125.0,22.0,9.0,15.0,stationery
aece157b74fa793277ecc4e94bedf9a0,5.0,8150.0,35.0,60.0,40.0,stationery
00c407e056c74eb8040a1233ca6da16f,2.0,650.0,35.0,15.0,28.0,stationery
9bde344a67494559d37249506076d638,3.0,900.0,20.0,35.0,45.0,stationery
7469321b64a52ab80178417a543a45a8,1.0,1400.0,16.0,7.0,12.0,stationery
7ada7bee4052075cf6310885da8c4392,2.0,5550.0,28.0,55.0,37.0,stationery
0979deef723cf684a3aa7e4303f99fe3,4.0,450.0,30.0,19.0,30.0,stationery
ab6daa82c0ec6a0a6898c06151cc3c64,4.0,3950.0,53.0,4.0,43.0,stationery
fc2d17e60bdd3349a25f3ca6a802a91e,2.0,500.0,20.0,20.0,20.0,stationery
34d9466efb839455c18a915fb8b92b1b,1.0,250.0,25.0,10.0,15.0,stationery
33a85d94302e1c6fd9890d9501cf05cb,4.0,850.0,28.0,13.0,25.0,stationery
bdd7ae3003cbfd7704d3664e85201ba0,5.0,4600.0,60.0,20.0,29.0,stationery
586767b4866eb690de111248e18d3909,2.0,150.0,24.0,7.0,14.0,stationery
abc3c2e40b0c9b7b115a96bc6c919ae1,1.0,1050.0,21.0,10.0,16.0,stationery
89aefaec68835e01b06728172633e47c,5.0,50.0,16.0,2.0,11.0,stationery
bbdf7b7e937d9526d3acd9854d7e939b,3.0,100.0,20.0,20.0,20.0,stationery
deafa3faa1b80a845f4fbfb3ffa5d0b8,1.0,5900.0,35.0,35.0,26.0,stationery
8603fd58099e4089e9811dfffe1d5ea2,1.0,14350.0,101.0,8.0,60.0,stationery
cc1b0e67ffb98a08c886e8c3c27a915f,6.0,1500.0,60.0,20.0,29.0,stationery
2bb50024a4ce3a095108b812829e4f31,2.0,200.0,24.0,7.0,14.0,stationery
7c5514c269002959274a50b996f04e82,1.0,1300.0,20.0,49.0,33.0,stationery
a6553cfbe11f87ac3079d7e18ff8c87b,1.0,100.0,16.0,10.0,15.0,stationery
bbbf1bcea60c934fa6237fe10476c475,1.0,1100.0,36.0,29.0,33.0,stationery
216ac797639b7734f0b125861ea845ae,1.0,250.0,16.0,6.0,11.0,stationery
117d03b1d09e534e76b4f4ac9d908b49,1.0,310.0,21.0,7.0,15.0,stationery
80665d04b7d8216835a0ad52625c7039,3.0,900.0,38.0,30.0,28.0,stationery
70afaf5a0fe1e5947d15e7f3751f390f,1.0,200.0,16.0,10.0,11.0,stationery
21c7ae0df2196c656289e946024f9224,4.0,6400.0,36.0,36.0,38.0,stationery
047b85649c33e9cbf34b2ccf8d41d622,10.0,5650.0,60.0,20.0,29.0,stationery
43f25e2d90564285fb5c94866a5a3287,1.0,300.0,16.0,10.0,20.0,stationery
44625a08c05dcb9f85a1973644c69c6a,2.0,600.0,30.0,30.0,11.0,stationery
c8e9b4087e9c9ed5acb271f61a2e239f,4.0,1700.0,28.0,55.0,37.0,stationery
9219ce85918a5d26bca1a6fddf3a1402,1.0,500.0,19.0,44.0,34.0,stationery
81c57baf4689d8d58fc4d8ff51ebb210,5.0,1250.0,38.0,15.0,29.0,stationery
839b2d42b8c439290e2cb9f44e17a6fa,3.0,150.0,16.0,10.0,27.0,stationery
d37b48918cb999510be8ea3bfded4c94,1.0,350.0,25.0,10.0,17.0,stationery
20db47207304d368821e99cd7c56c635,9.0,1300.0,40.0,10.0,50.0,stationery
8877966d8f081b2857a5e293d6ecf59e,1.0,550.0,40.0,14.0,38.0,stationery
1cf785e20371a66f535ab3b920d28140,1.0,250.0,21.0,7.0,15.0,stationery
0a04ebe637717bf7f0a9290adb51971f,1.0,11150.0,30.0,10.0,30.0,stationery
da0bb22eb8eb2bce31a3784570528efb,3.0,6350.0,38.0,30.0,28.0,stationery
b86dc01954a679a35c813184d15c4e8e,2.0,350.0,16.0,8.0,12.0,stationery
2ca0dca69db40b6db923aef69c9adebb,1.0,515.0,24.0,15.0,24.0,stationery
13d9c868a0780a698f5604b49d3e81ca,1.0,450.0,20.0,11.0,20.0,stationery
623b4f1591eeb1d9019c79ecccd8ded5,4.0,5200.0,30.0,40.0,15.0,stationery
2e8316b31db34314f393806fd7b6e185,1.0,100.0,16.0,10.0,16.0,stationery
9154514352d1fa2118cef7a94f364687,2.0,5850.0,38.0,30.0,28.0,stationery
5ad2b7b30050dd8aa51c2fed1db13e22,3.0,6100.0,38.0,30.0,28.0,stationery
4df79064ddcd595b7c0ca80f9729a67b,2.0,8000.0,60.0,20.0,29.0,stationery
59eec1e2c2e1a415ad74e82178f251fb,1.0,200.0,20.0,5.0,30.0,stationery
20f23f339bacbc1863017f4d0619cee4,1.0,300.0,34.0,2.0,25.0,stationery
1e7f9d795f9e15f1df670649367d27d8,5.0,1700.0,25.0,55.0,37.0,stationery
97e4f5811325675eb54c925552300a68,1.0,350.0,16.0,23.0,29.0,stationery
ccc61dc31608c5b78cf0cbe85582fb77,1.0,600.0,16.0,4.0,11.0,stationery
08418a3bc628e92c012281010957e259,3.0,9250.0,64.0,15.0,51.0,stationery
cf9eef3269d316b89f8539aafc0db5b4,4.0,500.0,35.0,45.0,15.0,stationery
841fe54d564df8d45b7832717de220e3,1.0,400.0,17.0,15.0,16.0,stationery
d8c92e2b378d2321b7eb32ba6cf52a66,5.0,6150.0,32.0,35.0,32.0,stationery
c5094dcc60249dcf1a398e907db8d607,3.0,6150.0,60.0,20.0,29.0,stationery
610c3b58469571bff2cbdc50c0393ee0,1.0,400.0,16.0,16.0,26.0,stationery
0663a33c86fed5322e603ef430775b7b,4.0,800.0,25.0,60.0,35.0,stationery
0515b574204dff0dbdc5dac180f3df3a,1.0,100.0,16.0,5.0,16.0,stationery
6e9c93e6e4a8c32527919893e8f516ab,1.0,4850.0,30.0,17.0,19.0,stationery
c16677499cab7aea614e17c9fb8be1ed,1.0,550.0,24.0,13.0,20.0,stationery
7f967740bec1ec031ac460084afcb4b1,4.0,1900.0,35.0,45.0,20.0,stationery
39a93ffccb8197be32c57f39ff8d826c,1.0,100.0,24.0,7.0,14.0,stationery
e82b2802625252b6d72b3e1d36f82670,3.0,150.0,20.0,20.0,20.0,stationery
c58a00c22983c35a40e549564aa0aafa,3.0,6050.0,60.0,20.0,29.0,stationery
b7b6040b62676dcd6d4ddd81088a70dc,1.0,500.0,17.0,44.0,34.0,stationery
32b2c8b108d24d0729982597ff9aa62c,1.0,600.0,41.0,10.0,29.0,stationery
0d4e8d3f34ece63cc5132237ccfc0241,1.0,50.0,16.0,6.0,11.0,stationery
fb55982be901439613a95940feefd9ee,2.0,7000.0,60.0,20.0,30.0,stationery
6d4529d03dc71d5aa90fd51b4633fdaa,4.0,325.0,23.0,17.0,18.0,stationery
fe08e28295ab13626e239b59612918f2,2.0,9633.0,41.0,36.0,28.0,stationery
733c300ee10fc003975a8436e0e124ca,1.0,350.0,32.0,12.0,20.0,stationery
54c32ea4f275d77be0defffafa2a4982,1.0,100.0,16.0,6.0,11.0,stationery
3fedaec688964ccf38949f271a51c888,3.0,1200.0,40.0,15.0,30.0,stationery
e5de2225ad9ea5307da42efd7fe437f6,1.0,300.0,25.0,10.0,15.0,stationery
566f6035da0eb2a5d974ac66ae6d148c,4.0,2500.0,31.0,7.0,22.0,stationery
83e8c4f976b43edb3a779bbd1c368d71,2.0,850.0,36.0,6.0,29.0,stationery
6aa9740a46ea4e7de763a1ab64e2a8d4,2.0,500.0,20.0,30.0,20.0,stationery
6742c031c6ff9b57e732163ac4ca368f,4.0,750.0,34.0,4.0,23.0,stationery
e9cf370eb883adbdcb4b8738057a9d8b,1.0,245.0,16.0,9.0,14.0,stationery
6e5a50058aad97da9c92bed17918bdbc,4.0,950.0,40.0,15.0,30.0,stationery
49ebaaba28aca545f9a5ff9fc17ae988,1.0,300.0,20.0,5.0,30.0,stationery
647b27e5ceb03b588feb44729221f8ed,2.0,600.0,17.0,4.0,22.0,stationery
462646c1c1495199e63684d79e6e0d1b,6.0,50.0,16.0,4.0,11.0,stationery
0954694623ffa5b84e7071c717efc3ca,2.0,500.0,17.0,28.0,11.0,stationery
3f030b63da680202be73077d29199e31,1.0,650.0,36.0,14.0,44.0,stationery
44c2454898f2a54b488fbbd767589cbe,4.0,300.0,21.0,10.0,15.0,stationery
22937a73f92a33040ab4e2540355a5d8,3.0,100.0,16.0,5.0,11.0,fashion_bags_accessories
55ec10b39713ee81ee2c5bcb558cf866,1.0,300.0,16.0,2.0,11.0,fashion_bags_accessories
acd427ee119d5c71c7a85ae488cb0a6a,7.0,200.0,16.0,2.0,11.0,fashion_bags_accessories
15b3d40f375c0645c1eed4ed1cd8e17a,3.0,150.0,16.0,11.0,11.0,fashion_bags_accessories
16b06ede456b922e56fbb4b3818aa875,5.0,200.0,16.0,9.0,11.0,fashion_bags_accessories
582dfc3697c5f834a5ddf28460ba9222,1.0,300.0,25.0,10.0,25.0,fashion_bags_accessories
f16ced867a24a244afefb5b867f337df,2.0,13600.0,26.0,60.0,40.0,fashion_bags_accessories
062597771ee91356ea34084f28c03a4b,1.0,300.0,16.0,2.0,11.0,fashion_bags_accessories
eca26be90d3b3454dd69a13a05bdb46e,3.0,200.0,16.0,2.0,11.0,fashion_bags_accessories
63f7cd79973145c9e6bb11c5fd03e82e,2.0,150.0,16.0,9.0,11.0,fashion_bags_accessories
f97d74310019b255120e4316f4515d74,4.0,200.0,16.0,9.0,11.0,fashion_bags_accessories
e24f73b7631ee3fbb2ab700a9acaa258,6.0,2250.0,22.0,15.0,20.0,fashion_bags_accessories
2ac6c3f94b62b0d60ac5b907bdb42cd4,1.0,200.0,16.0,2.0,20.0,fashion_bags_accessories
05d7deab2f99410d5fa21a75deaa1fad,4.0,750.0,36.0,18.0,36.0,fashion_bags_accessories
5d2754abdc85429bc7a4c37d52fbea43,1.0,200.0,16.0,2.0,11.0,fashion_bags_accessories
88316766399e9545cb650c3ab70208a0,1.0,100.0,17.0,3.0,12.0,fashion_bags_accessories
e8221ea20065e9f3bd2efda98b807cd3,3.0,150.0,16.0,6.0,20.0,fashion_bags_accessories
b415213dee0b8051901b7ebe5a6b99f4,1.0,415.0,23.0,19.0,18.0,fashion_bags_accessories
680ca98a72aa9722523fa2006f858f77,3.0,300.0,30.0,26.0,22.0,fashion_bags_accessories
a2b35668d3b4c6f34b35c9f702ecc5b9,1.0,100.0,16.0,5.0,16.0,fashion_bags_accessories
49feeab25d6531f4bbd4e9e7c926cf36,1.0,200.0,16.0,2.0,11.0,fashion_bags_accessories
8f4735c09292c695473969af57466365,1.0,200.0,16.0,2.0,11.0,fashion_bags_accessories
ca4a58d8a97a4e1c5822292d4cfcb4b6,1.0,100.0,17.0,3.0,12.0,fashion_bags_accessories
9892435c317b92530812ef9fe68cffc6,1.0,200.0,16.0,2.0,11.0,fashion_bags_accessories
50571d0f0f8ffbeec1c64cefeec01135,5.0,350.0,43.0,16.0,27.0,fashion_bags_accessories
bd481cb85531aa8ef9c09eb9e6a9e0a9,1.0,100.0,16.0,5.0,16.0,fashion_bags_accessories
753de82a096285dc21658d87c4933771,1.0,100.0,16.0,16.0,16.0,fashion_bags_accessories
0f18321a5c6483ce8d2b2785f0c8f25d,1.0,200.0,16.0,8.0,11.0,fashion_bags_accessories
7dcc2e60786a27f4a3115fdf666b81fe,15.0,500.0,20.0,10.0,20.0,fashion_bags_accessories
a968285b931b85e05c46234aa3db388f,5.0,150.0,16.0,9.0,11.0,fashion_bags_accessories
672bdce161930b1c72890c619224376a,2.0,1000.0,20.0,20.0,20.0,fashion_bags_accessories
8bd9ea581812a401d20fdccc7b8abb1a,2.0,200.0,16.0,2.0,20.0,fashion_bags_accessories
165948b2c41e846df7d09b56826a747f,1.0,200.0,16.0,2.0,11.0,fashion_bags_accessories
fd3a4121e687a6b84e7af92606d5d718,5.0,150.0,16.0,5.0,11.0,fashion_bags_accessories
b3d4d6113e42b86ceb66060424125828,1.0,100.0,16.0,5.0,16.0,fashion_bags_accessories
94f2d239e688aa415a2dd620435e8344,6.0,120.0,17.0,9.0,17.0,fashion_bags_accessories
3a9d55dadd7f45b28659b20a81c48cb2,3.0,250.0,18.0,9.0,11.0,fashion_bags_accessories
b67902c15de1b4c26b61f79e0535b41f,5.0,150.0,16.0,9.0,11.0,fashion_bags_accessories
18344238d9024a2e2f3f549d5ab1fadc,5.0,500.0,30.0,26.0,22.0,fashion_bags_accessories
63094ac128b54dd72d511043411df079,1.0,150.0,21.0,9.0,14.0,fashion_bags_accessories
af79de12e005e141b22ab97c807e76d3,1.0,100.0,16.0,14.0,14.0,fashion_bags_accessories
48465725d322101bdadd1d1a5acd8480,5.0,150.0,20.0,20.0,12.0,fashion_bags_accessories
6f0fa88a479cc04c328859b3546e1ab0,2.0,200.0,16.0,2.0,11.0,fashion_bags_accessories
1906cb28cdc0781f04a95d4d3d0d980d,1.0,300.0,16.0,2.0,11.0,fashion_bags_accessories
0d944ade388f4db684ab7578aadcc0ad,6.0,150.0,25.0,8.0,18.0,fashion_bags_accessories
0d69c82f1bc2991a5ec6fff3d803876b,7.0,150.0,17.0,5.0,19.0,fashion_bags_accessories
83ecdffd5afc36321b868838c447c44e,1.0,150.0,17.0,7.0,12.0,fashion_bags_accessories
516a7c0b152777ac153b6ff568582222,3.0,100.0,17.0,7.0,17.0,fashion_bags_accessories
7002de80666aef110fc6b91f41e111d5,3.0,150.0,16.0,10.0,13.0,fashion_bags_accessories
f9fde29df32a1dba73a3b1075c9a6f3c,1.0,200.0,24.0,9.0,16.0,fashion_bags_accessories
40c9f84a8919516ca9b0d6a9f5ad27f4,1.0,100.0,16.0,5.0,16.0,fashion_bags_accessories
473ecd4c15ecda05e4044ef14f1f4c2e,1.0,100.0,16.0,5.0,16.0,fashion_bags_accessories
71ff103df4589cc0b353dfb0f6777037,5.0,500.0,30.0,26.0,22.0,fashion_bags_accessories
b19f489c6dd8b47c1e9ecd9e3f2d8bb9,4.0,1400.0,40.0,15.0,30.0,fashion_bags_accessories
07d56eb519d315a2d8fb2f98f095e6bf,1.0,200.0,16.0,2.0,11.0,fashion_bags_accessories
e855e71e84e8f333d5f82f54e22fda48,2.0,400.0,20.0,20.0,20.0,fashion_bags_accessories
bc4b1c6c831c93b87cd134c9089c657d,1.0,150.0,21.0,9.0,14.0,fashion_bags_accessories
c26592bb29cba57872a926be4835a246,3.0,100.0,16.0,6.0,20.0,fashion_bags_accessories
4745d118bc09758d0a4bf795b7bb5cb7,4.0,150.0,17.0,9.0,17.0,fashion_bags_accessories
79cb68c2ccd94a4da825b9e33adf0697,1.0,100.0,17.0,3.0,12.0,fashion_bags_accessories
1e1172a8b6ae12312c22ccf33625f7ca,1.0,200.0,16.0,2.0,20.0,fashion_bags_accessories
da93a362382f7e8e659cfea14aa9b918,1.0,200.0,16.0,2.0,11.0,fashion_bags_accessories
cbe91f0c23e32e2de40f57e30580dc24,2.0,250.0,16.0,2.0,11.0,fashion_bags_accessories
f8714e3b95aadcbfb57568c5e09df884,1.0,150.0,16.0,15.0,15.0,fashion_bags_accessories
088c192c21da02dcb908f931d0fe324a,4.0,150.0,16.0,5.0,20.0,fashion_bags_accessories
725e77eb7923719a251e7a4bd196ca6e,2.0,100.0,16.0,2.0,11.0,fashion_bags_accessories
e7240b84eb702e0aea8a1a30a47ba204,2.0,50.0,16.0,9.0,11.0,fashion_bags_accessories
8133993c7a2e443974f9c5509b09b0fd,1.0,100.0,21.0,9.0,14.0,fashion_bags_accessories
a9c7217ed9d06840852bafec1dbe2e49,2.0,300.0,16.0,2.0,11.0,fashion_bags_accessories
3918bb60ff48662029ca9f1e1f7b9842,3.0,550.0,43.0,16.0,27.0,fashion_bags_accessories
33b67c1594a903b27b5163c0efb15a5d,4.0,200.0,16.0,5.0,11.0,fashion_bags_accessories
3ed43e8f95f9801cd8099b6f73e07335,4.0,200.0,18.0,9.0,11.0,fashion_bags_accessories
6c81db10f914c4d032b14fa93aa0a818,4.0,150.0,16.0,16.0,16.0,fashion_bags_accessories
05216a143a65ab59fc48fb996e7c12d7,1.0,200.0,16.0,2.0,11.0,fashion_bags_accessories
683487a7a9ad71b5776c9b9bcad37eed,1.0,200.0,16.0,2.0,11.0,fashion_bags_accessories
5f96ea82b7c80d875fd5337033db3b6e,6.0,200.0,16.0,9.0,11.0,fashion_bags_accessories
f80903ad4fa58fd23ba18f970d258cd1,4.0,200.0,17.0,9.0,17.0,fashion_bags_accessories
723f08b94cabe91ad292a3084725903b,1.0,50.0,17.0,3.0,12.0,fashion_bags_accessories
52e1cb842e4584f2ef09b4a3a68ac929,1.0,100.0,16.0,5.0,16.0,fashion_bags_accessories
3c8e648d4adaad3ae92da5799093a8f3,2.0,200.0,16.0,2.0,11.0,fashion_bags_accessories
daa7499d1e545811c843e8189cd30286,1.0,250.0,16.0,2.0,11.0,fashion_bags_accessories
85d8ae64b3b59814a1136254a96f5693,3.0,150.0,43.0,16.0,27.0,fashion_bags_accessories
17c52ae67ff6a495f5c73e4fe7beb56a,5.0,300.0,16.0,5.0,14.0,fashion_bags_accessories
fb9b26e56f7f624662ef9df82889f63d,1.0,50.0,16.0,5.0,16.0,fashion_bags_accessories
38bd9bace6634c6a98f17942fb637acf,1.0,400.0,20.0,20.0,20.0,fashion_bags_accessories
627dc84ce949186519dbddc2f58fbdfc,3.0,200.0,16.0,11.0,11.0,fashion_bags_accessories
869e769127ff8442f28e7e782ae62d8f,4.0,200.0,16.0,5.0,11.0,fashion_bags_accessories
4f45fa1109c51a1b799a8fe7a3f9a854,3.0,150.0,16.0,9.0,11.0,fashion_bags_accessories
66a5f1151e5e84215b3c3ee6592f2b15,5.0,150.0,16.0,9.0,11.0,fashion_bags_accessories
0388b93e2992639ef7de7b35b2ba91b2,3.0,2100.0,16.0,5.0,11.0,fashion_bags_accessories
0687ef6a91e16db4955fecac89ad73cd,2.0,50.0,17.0,4.0,13.0,fashion_bags_accessories
34c8873cadb5465f46b7a20b6eb0215b,4.0,50.0,17.0,4.0,13.0,fashion_bags_accessories
96bbf32ba8cc8686a26742f4ede4aa34,3.0,900.0,43.0,16.0,27.0,fashion_bags_accessories
98fa242dbcad30eeec98b1187ef08db3,2.0,200.0,16.0,16.0,16.0,fashion_bags_accessories
262573ecc3b4b8c70a61fbc90671efa4,3.0,250.0,20.0,9.0,11.0,fashion_bags_accessories
ba9e896256f52e536a611c56a4cae38e,1.0,250.0,22.0,10.0,15.0,fashion_bags_accessories
6290a17933bbbd6ece996ef6542f4761,1.0,100.0,16.0,5.0,16.0,fashion_bags_accessories
33c98bd750b001296730e4eebb44b579,5.0,200.0,20.0,20.0,12.0,fashion_bags_accessories
1c1dda7d5b3d50618aadda35edc2acd6,1.0,300.0,16.0,2.0,20.0,fashion_bags_accessories
df5cc67b7f137007b9e4e82efe5f623b,1.0,250.0,16.0,2.0,11.0,fashion_bags_accessories
96f4be9a5580c9fc8f6a6fa033ffb485,2.0,5000.0,100.0,80.0,11.0,fashion_bags_accessories
97e778e5156560324ed3226e6dba3a5e,5.0,300.0,16.0,16.0,12.0,fashion_bags_accessories
31a2fd4c489928b895ded31469fcbb5d,4.0,150.0,16.0,9.0,11.0,fashion_bags_accessories
833b7baca432a26ccfc3e3eaa8271519,1.0,100.0,21.0,9.0,14.0,fashion_bags_accessories
a5e253ef6240a13a4d631fd39d2c7444,1.0,200.0,16.0,5.0,20.0,fashion_bags_accessories
1d7db62a21ffb4f220d3e8a05fa77e02,3.0,100.0,16.0,13.0,11.0,fashion_bags_accessories
591f652fcfefc35a0e6f10b0371a63e1,4.0,700.0,17.0,4.0,13.0,fashion_bags_accessories
7edef979b756af9359d411234fea104a,2.0,200.0,16.0,9.0,11.0,fashion_bags_accessories
afc9a91acfb3b23adb16e7bf78ccd78f,4.0,150.0,16.0,5.0,11.0,fashion_bags_accessories
43d2d5d7e3a65abd97422578f9d4df78,6.0,200.0,40.0,32.0,11.0,fashion_bags_accessories
e706fb211285b40b3555b302920e61fd,6.0,200.0,16.0,9.0,11.0,fashion_bags_accessories
591cf821695e4e2934a87e07122f7839,2.0,250.0,16.0,2.0,11.0,fashion_bags_accessories
f9c0f237f4f12379c81b021b02749422,1.0,200.0,16.0,2.0,20.0,fashion_bags_accessories
d6d121aae35cf0cb9078f82deb7047d2,2.0,150.0,24.0,4.0,34.0,fashion_bags_accessories
e0a554e92afe71fd7f9380b7b135175b,5.0,150.0,16.0,9.0,11.0,fashion_bags_accessories
447b7437663c07b241787482238e1d58,1.0,200.0,16.0,2.0,11.0,fashion_bags_accessories
ab57d2064d8806f9cc9d5734e332a969,1.0,300.0,16.0,2.0,11.0,fashion_bags_accessories
9e2821b749b419a902d948c583175ece,2.0,100.0,16.0,2.0,11.0,fashion_bags_accessories
b9a96cfeeea8e470af6d87627be50e10,2.0,200.0,16.0,10.0,16.0,fashion_bags_accessories
9f1fbbe90131eec1287c7ee32bb32a31,1.0,200.0,16.0,2.0,11.0,fashion_bags_accessories
1276de9d6e6200f71cfb172a76abf703,2.0,50.0,16.0,5.0,16.0,fashion_bags_accessories
dafcf8195acb775dcbfa9dae22b3c959,6.0,200.0,16.0,9.0,11.0,fashion_bags_accessories
943370eeb193fe1ac6da5c2229aa4f69,2.0,200.0,16.0,8.0,11.0,fashion_bags_accessories
13ebf5c91d35332ef90cf65a7d2fff18,3.0,1600.0,41.0,13.0,42.0,fashion_bags_accessories
cb7433cfec8ba4a55092889fad62c6ed,1.0,250.0,16.0,2.0,11.0,fashion_bags_accessories
77e9f75a40f2341f6a7f9f17cc0a8ffd,8.0,400.0,22.0,14.0,22.0,fashion_bags_accessories
725bad83e6417f76bbc94b94e2d45875,1.0,100.0,16.0,3.0,12.0,fashion_bags_accessories
84fa04b89f708a4fdfa1d828a277a150,1.0,300.0,21.0,9.0,13.0,fashion_bags_accessories
6fdfdddfa3c98723386e5fab78e87be3,14.0,700.0,20.0,10.0,20.0,fashion_bags_accessories
c55c10c2e37e534c37d1e6694612664c,3.0,550.0,43.0,16.0,27.0,fashion_bags_accessories
0eb3578b042833dd447798eeaffa44e8,4.0,200.0,16.0,10.0,11.0,fashion_bags_accessories
3a8320b027e8c8359d0a326844bc03e1,2.0,2000.0,30.0,10.0,20.0,fashion_bags_accessories
d368d485a71290394dddb034555b8eff,4.0,675.0,47.0,11.0,35.0,fashion_bags_accessories
4fa7e168d8cf9a9cb233e7a0d2821e94,1.0,100.0,16.0,5.0,16.0,fashion_bags_accessories
f017f439ad87e9501378bd226f2ce26e,3.0,600.0,16.0,11.0,11.0,fashion_bags_accessories
8208cccf98834da587d0ba8a9aea28d7,4.0,300.0,16.0,7.0,11.0,fashion_bags_accessories
be9bc531f00bd94f07be7363eefff998,5.0,200.0,16.0,12.0,14.0,fashion_bags_accessories
b736ba4727efeae1f506172be7e39905,3.0,100.0,16.0,2.0,11.0,fashion_bags_accessories
9755f955f1fcd2a83ca77997e9de8b83,1.0,188.0,22.0,12.0,21.0,fashion_bags_accessories
1f14955ab3f179a666e101d5984b1319,2.0,300.0,16.0,8.0,11.0,fashion_bags_accessories
54f7278e25e80c7cb083d509fd5535c9,3.0,100.0,16.0,3.0,17.0,fashion_bags_accessories
18af17f3ce7321c209d5ce9932248c4e,3.0,100.0,16.0,11.0,13.0,fashion_bags_accessories
27672da99215b426dc0ced05731bccc6,3.0,200.0,16.0,2.0,11.0,fashion_bags_accessories
5115d8cd6438c0c4d8abdf38d5d41ebd,7.0,350.0,16.0,2.0,20.0,fashion_bags_accessories
e3a23a99f074226ad690393a840c3244,4.0,100.0,17.0,3.0,12.0,fashion_bags_accessories
061c050147b7b9fb6f088593900e8dc6,2.0,400.0,16.0,5.0,16.0,fashion_bags_accessories
ca0ee6f66727726ab8ffefd5ded60390,1.0,200.0,16.0,3.0,15.0,fashion_bags_accessories
39ac440ab059438fe111c13c78aa46f9,3.0,1100.0,42.0,13.0,43.0,fashion_bags_accessories
491a99b628dd0701b0758ec05b49cafb,1.0,100.0,16.0,5.0,16.0,fashion_bags_accessories
4f4009c6b6d83dfe5fc98059fa4975f1,2.0,150.0,17.0,7.0,12.0,fashion_bags_accessories
dfe4fa70e1d98a42ab1342206e7adb8d,1.0,100.0,24.0,4.0,34.0,fashion_bags_accessories
6d85d9d5f551adaa92a276918f462fbe,1.0,100.0,16.0,7.0,15.0,fashion_bags_accessories
a337a861d9d1f1156c9d5d020618b2cb,4.0,150.0,16.0,12.0,16.0,fashion_bags_accessories
cca1dad310ba4e619250bc2dffa5dc75,5.0,200.0,16.0,11.0,11.0,fashion_bags_accessories
fe7e33eaa09b5a4a3d3aa477280db875,1.0,150.0,20.0,10.0,20.0,fashion_bags_accessories
1d116eece9b8bf17edaea2f3bc0f7324,1.0,800.0,16.0,10.0,15.0,fashion_bags_accessories
c1f92ce1be9e7475e7c8eae32d9e165b,4.0,300.0,16.0,5.0,20.0,fashion_bags_accessories
96b84df3582b12cc062543cee325b38e,2.0,100.0,16.0,9.0,11.0,fashion_bags_accessories
e338f548cda0b52650b9acfd317a74db,4.0,150.0,16.0,5.0,20.0,fashion_bags_accessories
b71a757e0cab8f85c0adc579067944b8,6.0,150.0,16.0,9.0,11.0,fashion_bags_accessories
4a6bed9678fe2fa40d7a84063fde6f89,3.0,150.0,16.0,5.0,11.0,fashion_bags_accessories
88f07c54aaac38face5f27e7d71922f8,4.0,150.0,16.0,5.0,11.0,fashion_bags_accessories
12ad279319eff927d9333b42f3382ff8,4.0,100.0,16.0,5.0,11.0,fashion_bags_accessories
21cba128dedfe6bf04bfde715aef5355,6.0,200.0,16.0,9.0,11.0,fashion_bags_accessories
a5a2b70ed811fc99be9a6ba5961b7f05,4.0,300.0,16.0,12.0,16.0,fashion_bags_accessories
1928afdd082c046af569f70558516d11,1.0,100.0,21.0,9.0,14.0,fashion_bags_accessories
b2b7267fcaf435c1d6ff0fe43b6716d4,1.0,200.0,16.0,2.0,20.0,fashion_bags_accessories
3ca3e63474ecf703f9c2f935cd25d202,1.0,200.0,16.0,2.0,11.0,fashion_bags_accessories
d9a5a5120d4d357871acd5408cb10e18,1.0,100.0,16.0,5.0,16.0,fashion_bags_accessories
2e80de39baa315ca5657caf93b47593b,2.0,14900.0,27.0,60.0,41.0,fashion_bags_accessories
4b2042bfdcfa4cf33625cad29a15e107,2.0,200.0,24.0,9.0,16.0,fashion_bags_accessories
d69b7880f262ed14de5f8149d2f0931d,1.0,4600.0,16.0,2.0,11.0,fashion_bags_accessories
aacee6f1f7be193e891a8cca7a3a849a,6.0,100.0,16.0,9.0,11.0,fashion_bags_accessories
1799c1c2eadf9f798fd74599e6028510,5.0,50.0,18.0,18.0,12.0,fashion_bags_accessories
424894ddaa2676e63fa0ec704d7132af,1.0,200.0,24.0,9.0,16.0,fashion_bags_accessories
b620a403f100fea663ebb5d3875945b6,1.0,200.0,16.0,2.0,20.0,fashion_bags_accessories
b636ac626ebe07049f600c5490cc76f8,2.0,350.0,16.0,2.0,20.0,fashion_bags_accessories
11a8af1af041fa2d890e7922566feadb,5.0,200.0,16.0,6.0,11.0,fashion_bags_accessories
e756f3f73af3c08dad566b84cf5c66d7,4.0,150.0,16.0,12.0,11.0,fashion_bags_accessories
5415fa4d6c000c97cddafcf0419b09f7,5.0,800.0,16.0,9.0,11.0,fashion_bags_accessories
0257013d9462b3b6e9892bdd10ebe14d,1.0,300.0,20.0,10.0,20.0,fashion_bags_accessories
edfb12f6fd9cb4fb1eec00ad28ea5c74,3.0,100.0,16.0,11.0,11.0,fashion_bags_accessories
0ca455b3fae1a463c84420392d655ab9,1.0,100.0,16.0,5.0,16.0,fashion_bags_accessories
aef74719b37c2e1d6be96b4e50495ad0,5.0,975.0,33.0,25.0,28.0,fashion_bags_accessories
c4f2546fff25a5789819a7b943505bcf,1.0,50.0,17.0,3.0,12.0,fashion_bags_accessories
214e5e86400971b7f46f64ce6c737d33,4.0,100.0,16.0,3.0,12.0,fashion_bags_accessories
083ea24cbab9f8f572fc21a8f63fb282,5.0,150.0,16.0,9.0,11.0,fashion_bags_accessories
b587e5fbc8f3573cb77c210bae6c3093,1.0,150.0,20.0,20.0,20.0,fashion_bags_accessories
79ad39409fa4bcc36b4b7f734c79c2a2,3.0,200.0,20.0,10.0,20.0,fashion_bags_accessories
51f96ebc4399af670b9f43623b6c7ce5,1.0,200.0,16.0,3.0,15.0,fashion_bags_accessories
385b47aa4a6fda44c85e4899cfb81b96,5.0,100.0,16.0,5.0,11.0,fashion_bags_accessories
ca8900ebdc7a2b907753dd3bf2672e19,5.0,200.0,16.0,5.0,11.0,fashion_bags_accessories
0df595995d2f55005a3de2b62ca97189,1.0,300.0,16.0,2.0,11.0,fashion_bags_accessories
4e46d4d7bdbc358eee60e44df825dd01,1.0,150.0,21.0,9.0,14.0,fashion_bags_accessories
db338cc243c685a907b392a864bebe41,7.0,700.0,46.0,5.0,33.0,fashion_bags_accessories
e4e5cbc0077aa2c7aacbe435166df909,6.0,250.0,16.0,2.0,11.0,fashion_bags_accessories
f8f93700c26007f74716eca57d217cfd,3.0,400.0,43.0,16.0,27.0,fashion_bags_accessories
4dfffeaa9522a9ba71cdc9e7d43212d0,1.0,100.0,16.0,5.0,16.0,fashion_bags_accessories
bd0c8fe7ca76c396baeb6968121eb825,7.0,150.0,17.0,2.0,19.0,fashion_bags_accessories
b842a6c9c2c51a699729d378d8d674fc,1.0,200.0,16.0,2.0,11.0,fashion_bags_accessories
975828c8db28051cee10ac26b418430a,2.0,200.0,16.0,8.0,11.0,fashion_bags_accessories
96cfc72c759891226dacf3dfb303d6c1,4.0,200.0,17.0,9.0,17.0,fashion_bags_accessories
281a353d0819c43883117f23a99a8410,6.0,50.0,18.0,18.0,12.0,fashion_bags_accessories
62f68be290c2e9c8403e306bd023041c,1.0,200.0,16.0,2.0,11.0,fashion_bags_accessories
bde17838f4e4b0da69933dc1d8e07598,1.0,700.0,29.0,31.0,49.0,fashion_bags_accessories
1632189d4c3d9e64cf3fd110b93f1a19,1.0,200.0,16.0,2.0,11.0,fashion_bags_accessories
156929d95f2ef8373a04db2cb82bc3e1,1.0,100.0,16.0,14.0,14.0,fashion_bags_accessories
6b90709b6db8b6076b0b0c71cc70d06b,5.0,50.0,17.0,4.0,13.0,fashion_bags_accessories
df297ceffd7a315a71586ace7d041ff2,4.0,100.0,16.0,9.0,11.0,fashion_bags_accessories
da1cfaaffa7720fe28f26f18d52f5ad9,3.0,150.0,16.0,9.0,11.0,fashion_bags_accessories
58c975d8b74f2c5a520b580f46456cf5,1.0,100.0,17.0,3.0,12.0,fashion_bags_accessories
8e3e3059aabb0c13679db43619590ad5,4.0,200.0,17.0,9.0,17.0,fashion_bags_accessories
e247f48915b89b25f03d91a433495640,1.0,150.0,16.0,5.0,20.0,fashion_bags_accessories
da4c44449f78250fa54a9a21f337ac05,3.0,250.0,16.0,5.0,12.0,fashion_bags_accessories
43f88c8353708451babf9bcdd1fda92a,4.0,200.0,16.0,5.0,11.0,fashion_bags_accessories
fcdebbb6946ae0ff528fe189ad53de46,4.0,700.0,45.0,8.0,45.0,fashion_bags_accessories
b6b4e4b461579340605841c0af800dc4,3.0,1500.0,38.0,35.0,11.0,fashion_bags_accessories
e9e0f397f1ed036b4318417a84b0e407,5.0,100.0,16.0,9.0,11.0,fashion_bags_accessories
13797c377f05e2e9698a6a46c9098639,1.0,200.0,16.0,2.0,20.0,fashion_bags_accessories
aab50546866a132323f491c86062d0f0,1.0,6700.0,20.0,50.0,40.0,fashion_bags_accessories
312669e28dbea698f766c3daf44771c8,1.0,200.0,16.0,2.0,20.0,fashion_bags_accessories
541ff1bb76a9502be425895dc6726d1b,1.0,50.0,16.0,3.0,12.0,fashion_bags_accessories
8eda2f0e6d437afc08f71ac4b3b380a4,3.0,300.0,16.0,9.0,20.0,fashion_bags_accessories
f4a9b2ee7355882bd41e1bf5126cf56a,1.0,200.0,16.0,2.0,11.0,fashion_bags_accessories
cbab8cf1bbb5a20f2f691b1f2c1a6e86,6.0,100.0,17.0,2.0,19.0,fashion_bags_accessories
d984b9203bd56960bbdda0bb7f05f781,6.0,150.0,16.0,16.0,11.0,fashion_bags_accessories
b9db2807a5ed576de4411c679bc8ec71,3.0,650.0,43.0,16.0,27.0,fashion_bags_accessories
fa928ac86f42e63887184bc28cb452fc,3.0,150.0,25.0,8.0,18.0,fashion_bags_accessories
31c4950400b8768b84197f87c5ee62d5,1.0,100.0,16.0,10.0,16.0,fashion_bags_accessories
34ae7b24b85953dee979789e3b5b11de,4.0,100.0,16.0,5.0,11.0,fashion_bags_accessories
568c923625669145cc9a644856fccd14,3.0,150.0,18.0,9.0,11.0,fashion_bags_accessories
12bf788604339143c88b8ef82ea034d3,4.0,200.0,16.0,3.0,16.0,fashion_bags_accessories
f73b281f7f5e628817097f46699dbe83,1.0,250.0,16.0,2.0,11.0,fashion_bags_accessories
56e6dd2e26d45f414905e276ac1dbe9a,4.0,100.0,16.0,5.0,11.0,fashion_bags_accessories
0aed9d548c366ad8058084c1de5100c5,3.0,125.0,18.0,17.0,12.0,fashion_bags_accessories
78f4d68e23999ab9ed8c249e3662e132,1.0,100.0,16.0,5.0,16.0,fashion_bags_accessories
e2ec3791e11dff618b89719b7e264064,1.0,200.0,16.0,2.0,11.0,fashion_bags_accessories
df892547f0d5bb0c35cf26abc8e93d8d,1.0,100.0,17.0,3.0,12.0,fashion_bags_accessories
57a2ee969286488b5437acce27b74259,2.0,100.0,16.0,8.0,11.0,fashion_bags_accessories
37dcce9d511e9729330ad4d80de13cfa,1.0,100.0,16.0,2.0,20.0,fashion_bags_accessories
24b0c9ac8f6d07d7192f24fd9ff189a0,4.0,150.0,16.0,5.0,11.0,fashion_bags_accessories
18f8fed8a737a4399a369ef33b21cb3b,4.0,200.0,16.0,9.0,11.0,fashion_bags_accessories
cebed2cb3b44b298e374ec88155024f6,1.0,250.0,16.0,2.0,11.0,fashion_bags_accessories
28d7da9ebe96bfda54aed060b68b23a1,1.0,350.0,16.0,2.0,11.0,fashion_bags_accessories
55852fa297a259df65305a625ebd2149,4.0,125.0,18.0,17.0,12.0,fashion_bags_accessories
c3ce49d20cc5d56f0419f256c480e235,5.0,100.0,16.0,5.0,20.0,fashion_bags_accessories
aa0816cf69c9faa95e573541be5c0c32,3.0,300.0,16.0,2.0,11.0,fashion_bags_accessories
3b7a2bc8f7448bc69d4565379ff86f6a,1.0,100.0,16.0,5.0,14.0,fashion_bags_accessories
614dd74b96d1a51792de2d9a3475145a,4.0,500.0,16.0,12.0,16.0,fashion_bags_accessories
c4ca2da40ac17c4b52688ff9a7c041b8,3.0,50.0,17.0,4.0,13.0,fashion_bags_accessories
30340dff35b518c0d6013617310ce278,1.0,200.0,16.0,3.0,15.0,fashion_bags_accessories
d5d90594fb788acb2a213520f8fdef09,5.0,100.0,17.0,9.0,17.0,fashion_bags_accessories
f59b09413cef2d29c4399a4216bb92a9,4.0,200.0,16.0,9.0,11.0,fashion_bags_accessories
bad4b094223996122f7ac8348faca465,2.0,100.0,16.0,10.0,11.0,fashion_bags_accessories
be4daa163f6e100a73d7cddcf2a4c4de,3.0,50.0,16.0,2.0,23.0,fashion_bags_accessories
4bc35700c98f8213fe67fa61ebf4c811,3.0,600.0,16.0,5.0,11.0,fashion_bags_accessories
9fe172fa8e662ca8572cf12abf8bce23,5.0,150.0,16.0,5.0,20.0,fashion_bags_accessories
635c4d1abbc47f87a51cec367caeccdf,1.0,100.0,22.0,2.0,19.0,fashion_bags_accessories
3f879754671b3c5cc288f787246b10a1,2.0,100.0,16.0,6.0,13.0,fashion_bags_accessories
0df08d9f73f6c9aece41672e5f3c9cda,2.0,200.0,19.0,3.0,17.0,fashion_bags_accessories
69ae89e3948c9332822d27357a23b014,15.0,800.0,20.0,10.0,20.0,fashion_bags_accessories
862f17dc2045dfd49116593f512037e0,1.0,200.0,16.0,2.0,11.0,fashion_bags_accessories
b121f98815a33782f552005a2f39c6a1,1.0,300.0,16.0,16.0,11.0,fashion_bags_accessories
368ba390a67a37fa114450dc1f19e047,1.0,100.0,16.0,5.0,16.0,fashion_bags_accessories
f79b6b10ce5885fa36adf4f013681939,1.0,100.0,22.0,2.0,19.0,fashion_bags_accessories
5467d6901b698f1fe968337ee39c5dfd,4.0,200.0,16.0,2.0,20.0,fashion_bags_accessories
9117307cf75efa6e964d697f0d1297f9,5.0,200.0,16.0,9.0,11.0,fashion_bags_accessories
8477d691ae21afadfa805681bef3a620,1.0,200.0,16.0,8.0,11.0,fashion_bags_accessories
d268b1387a5aad5769aee20e55619a20,1.0,350.0,16.0,2.0,11.0,fashion_bags_accessories
d70c831282615555625658baeb52eaa6,5.0,150.0,16.0,9.0,11.0,fashion_bags_accessories
f96de3be9535f89737fa62e14eaf7ace,5.0,600.0,20.0,8.0,20.0,fashion_bags_accessories
4039e5b67d430bc9a4078e814d7fafc9,3.0,100.0,19.0,2.0,17.0,fashion_bags_accessories
7fc59915d9bde9a845801ee04a8658fa,1.0,300.0,16.0,2.0,20.0,fashion_bags_accessories
9d0e471ed428c6b5c87c055d434b0cd6,2.0,150.0,16.0,9.0,11.0,fashion_bags_accessories
a487b0b761b1bae56c6da805a31000c8,1.0,300.0,16.0,8.0,11.0,fashion_bags_accessories
5900f15422406edaa3a73c8063cb69fd,1.0,100.0,16.0,5.0,20.0,fashion_bags_accessories
f943f91d49d1d1179438fb3964e1724d,1.0,100.0,17.0,3.0,12.0,fashion_bags_accessories
e4db070498b75e666a0736eb2f0abcd4,1.0,150.0,16.0,15.0,15.0,fashion_bags_accessories
6c0eabd1040cec18d5de037e3534780d,5.0,150.0,16.0,5.0,11.0,fashion_bags_accessories
77e1d1347bf761294a7158e1b0b536d5,2.0,100.0,16.0,9.0,12.0,fashion_bags_accessories
37f05006248fc8b0d04270ef02d24406,5.0,50.0,18.0,18.0,12.0,fashion_bags_accessories
57a0cb306bbd11620b9bbb927748b043,1.0,450.0,19.0,27.0,27.0,fashion_bags_accessories
30b159b653b87754d7a38446c7ef4669,1.0,200.0,16.0,2.0,11.0,fashion_bags_accessories
59c8342a739963404bfe66f292329b15,2.0,700.0,43.0,30.0,48.0,fashion_bags_accessories
efeae7f900647c4d4e71943638b8c2d3,5.0,500.0,16.0,9.0,11.0,fashion_bags_accessories
a125c009beb210be2ad9db7aa9f8bca3,1.0,100.0,16.0,10.0,15.0,fashion_bags_accessories
a6f97b352687ce4c26c75e81b5f2773b,2.0,3100.0,62.0,20.0,40.0,fashion_bags_accessories
d83de24a6ee5b9754bdb4df748e529af,1.0,50.0,16.0,3.0,12.0,fashion_bags_accessories
a12d9f996527844ba7beaa1abe2bcfcb,1.0,50.0,17.0,3.0,12.0,fashion_bags_accessories
f727305c90ca9b9c36d4e84a817bc01d,6.0,200.0,16.0,9.0,11.0,fashion_bags_accessories
05928363cd16fb2d20ccad40992105aa,3.0,250.0,16.0,16.0,13.0,fashion_bags_accessories
b74e417edb66c4c82499151729219c36,2.0,200.0,16.0,6.0,13.0,fashion_bags_accessories
ee7cb55a3fb6c3f091ecbfcdc46359c6,5.0,350.0,16.0,2.0,11.0,fashion_bags_accessories
be4271765ed350485cd8861c951500dc,3.0,300.0,22.0,14.0,22.0,fashion_bags_accessories
c039bfc3873f620fa1dea96f79530522,3.0,200.0,16.0,8.0,11.0,fashion_bags_accessories
55b0c08f98075107c8b7d4ccded44f05,5.0,150.0,16.0,9.0,20.0,fashion_bags_accessories
142c74d091a42c178b1c582535dcfabc,3.0,150.0,16.0,9.0,11.0,fashion_bags_accessories
d8bec459af8ceb11a8177037828ad1a2,1.0,200.0,16.0,7.0,15.0,fashion_bags_accessories
37f582e625d4301ab2d6b200238405d1,5.0,150.0,16.0,14.0,11.0,fashion_bags_accessories
bf645249c207bf3357cff89ac355a15e,3.0,75.0,18.0,20.0,12.0,fashion_bags_accessories
713e3211939d8fda094596afb61a2337,6.0,150.0,16.0,9.0,11.0,fashion_bags_accessories
6f73c23e03c7942e89e30a63994cb9b3,2.0,200.0,24.0,4.0,34.0,fashion_bags_accessories
86f8507285c074360ac0969d4a664895,3.0,150.0,16.0,9.0,20.0,fashion_bags_accessories
83834e0b46caaf58fbceba67c0ecb843,3.0,500.0,16.0,9.0,11.0,fashion_bags_accessories
775cbb352638cb5e59cea1637da006cc,1.0,100.0,16.0,5.0,16.0,fashion_bags_accessories
fb614bd62b359254bbf6f7c28b34e65c,1.0,1200.0,39.0,13.0,30.0,fashion_bags_accessories
63b32c8deb3da0b2420e52ddb3a3dfe4,3.0,200.0,43.0,16.0,27.0,fashion_bags_accessories
827be1443393caa95c4a035b2f4f74b5,6.0,100.0,16.0,18.0,12.0,fashion_bags_accessories
e6609e94d7b022fd6abf6142401618f9,1.0,150.0,16.0,2.0,11.0,fashion_bags_accessories
1e492320adb9484da91d2c8476fc0d5a,5.0,150.0,16.0,9.0,11.0,fashion_bags_accessories
736dbfee5f7255179bdc8327bf1e38e0,15.0,5300.0,18.0,17.0,15.0,fashion_bags_accessories
19f2a215792dd5e7cfdffacd9f3d2361,1.0,50.0,17.0,3.0,12.0,fashion_bags_accessories
7a33dd7b3c419e24dc196f7381b49f32,4.0,150.0,16.0,6.0,11.0,fashion_bags_accessories
e98a500a671ec3eea9a498507b0154fa,5.0,150.0,16.0,5.0,20.0,fashion_bags_accessories
9648ccc952b91091691f47c63d06394d,1.0,100.0,16.0,5.0,16.0,fashion_bags_accessories
b3589656bf8ff7b7b31fb5de73b641ac,1.0,250.0,16.0,2.0,11.0,fashion_bags_accessories
6818237fc018fd5890c9095624a12182,4.0,200.0,17.0,9.0,17.0,fashion_bags_accessories
b3e99300a2d0481e7b1d7ce484d498cf,4.0,300.0,16.0,9.0,11.0,fashion_bags_accessories
4b7460bb7ecdf2e9177bdf7bec466a4a,4.0,225.0,23.0,23.0,16.0,fashion_bags_accessories
d116d7f4aa44ed3793cce65c2aca77ba,5.0,100.0,16.0,9.0,11.0,fashion_bags_accessories
d249623077b8906276b8d77ced95f8c4,6.0,150.0,16.0,2.0,11.0,fashion_bags_accessories
549eff3b8a1a37069310736110a92939,1.0,100.0,16.0,5.0,11.0,fashion_bags_accessories
d8b8e82856a488b2cf5bcf21407efa8d,3.0,100.0,17.0,7.0,12.0,fashion_bags_accessories
3af323a3bb29406e22d5e400787167b7,2.0,100.0,16.0,6.0,13.0,fashion_bags_accessories
a1cb53bba48d0f315aed0019db5365fd,1.0,3150.0,62.0,20.0,40.0,fashion_bags_accessories
4ee0872b98a6a08ce8c8b65e2502842d,1.0,100.0,17.0,3.0,12.0,fashion_bags_accessories
7c36efeb84ad73bad896d3b2c7a21e3d,3.0,300.0,16.0,2.0,11.0,fashion_bags_accessories
e89982d4c99a33861236cb1b4f996dec,8.0,1150.0,20.0,12.0,15.0,fashion_bags_accessories
c77dfb9c5aa26053afa89e2f78e09719,4.0,150.0,18.0,9.0,11.0,fashion_bags_accessories
1259895e918d39e5226aeabf332434b8,1.0,300.0,30.0,30.0,20.0,fashion_bags_accessories
f5d8f4fbc70ca2a0038b9a0010ed5cb0,1.0,200.0,16.0,2.0,11.0,fashion_bags_accessories
9c3e26b41db239c14312aeaeb1e2abc9,2.0,200.0,25.0,15.0,20.0,fashion_bags_accessories
4f25e5c4706d43e04c34566bfec175df,4.0,700.0,43.0,16.0,27.0,fashion_bags_accessories
101db7b4f26cc560363660d06fe980cd,2.0,200.0,16.0,2.0,11.0,fashion_bags_accessories
a6a4a3de57effbbec7c478c6a03fa074,1.0,300.0,21.0,9.0,13.0,fashion_bags_accessories
8681c71d24e694aaa4c582760736dd00,6.0,700.0,16.0,9.0,11.0,fashion_bags_accessories
f2ee381460f893efb6f459e95cd57695,1.0,200.0,16.0,8.0,11.0,fashion_bags_accessories
74903af00140072f48c7da1cd4984f88,6.0,300.0,16.0,2.0,11.0,fashion_bags_accessories
26a2bba56daa3e3b02eca0780176efd2,2.0,400.0,16.0,8.0,11.0,fashion_bags_accessories
6639a238ead6779d6ef0b3eea56f9f86,5.0,150.0,16.0,9.0,11.0,fashion_bags_accessories
496fb4187952616c8f21a127c1dd1c4e,3.0,419.0,25.0,6.0,16.0,fashion_bags_accessories
afab5f7ab5c82f92ddcdc46c4cd85fbc,6.0,150.0,16.0,9.0,11.0,fashion_bags_accessories
15f47d3a8c0c553dc9aba3d2d5dc88c3,4.0,1400.0,45.0,11.0,35.0,fashion_bags_accessories
a82a1fcaf427ceabe9df656409d7acdb,1.0,100.0,16.0,5.0,16.0,fashion_bags_accessories
9da54631950d8fea8be981f7c7a42f96,6.0,200.0,16.0,9.0,11.0,fashion_bags_accessories
05b4647d7e40f280dc06e3d69deaba21,2.0,200.0,16.0,8.0,11.0,fashion_bags_accessories
0d005a9c5ad693235416c40d4fc52e22,1.0,100.0,16.0,2.0,11.0,fashion_bags_accessories
c61066ec039ab5de17a7d3151f8806c0,1.0,150.0,16.0,2.0,11.0,fashion_bags_accessories
566a14211efb01bf3e8ac11007379e93,3.0,200.0,16.0,9.0,11.0,fashion_bags_accessories
f4c9a2926d5a2fe099ebbe7d0967bd37,5.0,300.0,16.0,18.0,11.0,fashion_bags_accessories
50dfe62a8a76632271d4810efba06a5e,3.0,250.0,20.0,9.0,11.0,fashion_bags_accessories
a78ca2f8bd17ee6472a95310f930ec54,4.0,150.0,16.0,5.0,20.0,fashion_bags_accessories
aaa31e14a24ce654af7f6f2061d1b7ed,1.0,200.0,16.0,8.0,11.0,fashion_bags_accessories
d5bbfcd27daa6365834ed9d16195d64e,4.0,250.0,18.0,9.0,11.0,fashion_bags_accessories
ed506becc3430a3a6331df5b4c3eaed3,1.0,300.0,16.0,2.0,11.0,fashion_bags_accessories
07a6e4e1f838d9d39277d13c9b411dc4,6.0,100.0,16.0,9.0,11.0,fashion_bags_accessories
b78e60782639ac84cb18289231041577,5.0,200.0,16.0,9.0,11.0,fashion_bags_accessories
59c1840441f4df065f52760bf51a8442,4.0,150.0,16.0,5.0,11.0,fashion_bags_accessories
500e3950a78a1d326f2bf3dc389799c2,5.0,150.0,16.0,5.0,11.0,fashion_bags_accessories
d11945f4c91fe1cdf997b92559c7e4b1,1.0,150.0,16.0,2.0,11.0,fashion_bags_accessories
9867ef342d95bb4f9b6ebf39bad864f7,4.0,317.0,24.0,25.0,21.0,fashion_bags_accessories
aafec8ef0f0e7bf2f2b811450df61818,6.0,200.0,16.0,9.0,11.0,fashion_bags_accessories
05b0feccfab2debfdb5744e42bdb6f71,1.0,150.0,21.0,9.0,14.0,fashion_bags_accessories
5a168adb8f812ea06dbbfaaa3bae7986,2.0,200.0,16.0,12.0,16.0,fashion_bags_accessories
14a5ea75139c76bd71255888d45a1f8d,1.0,250.0,16.0,2.0,11.0,fashion_bags_accessories
094615cac200c0dc4620ae28485f81f5,5.0,200.0,16.0,2.0,11.0,fashion_bags_accessories
9926323a78ee2ba9e3b282efce191cff,1.0,300.0,17.0,17.0,11.0,fashion_bags_accessories
bd2a0f83ba8ab18af5823fc3552a0305,5.0,200.0,16.0,10.0,11.0,fashion_bags_accessories
22311cca452c2d005ff0da91d0dd3f83,5.0,50.0,20.0,5.0,13.0,fashion_bags_accessories
dca00aeaa69da64cdecdb72e1c205111,2.0,200.0,16.0,2.0,11.0,fashion_bags_accessories
c99f0c21bf876956dd614ff4e6cc82a2,5.0,150.0,16.0,9.0,11.0,fashion_bags_accessories
96bdf83ce8bcf48510e8a8ab8b5fb660,4.0,50.0,18.0,18.0,12.0,fashion_bags_accessories
09061028f7ee991c6f2c294e19d344dd,5.0,1100.0,16.0,5.0,11.0,fashion_bags_accessories
696d4f2eb9788764b5872ee5a07a249d,1.0,350.0,16.0,2.0,20.0,fashion_bags_accessories
5b3f731080f509f8688f58810e9e13c2,1.0,100.0,16.0,10.0,16.0,fashion_bags_accessories
1949890685a12526806e9463ba1a3964,4.0,100.0,16.0,16.0,16.0,fashion_bags_accessories
c8912823a1b11a32f009ba6474f8ac72,3.0,200.0,43.0,16.0,27.0,fashion_bags_accessories
ac22fcbcbea874d9ad03849f997ffa27,1.0,200.0,16.0,2.0,11.0,fashion_bags_accessories
d3e2c403fa58493ea2d48ec1fd356ca5,5.0,200.0,16.0,5.0,20.0,fashion_bags_accessories
1c5507038caa58651b5f07b729f97774,1.0,150.0,16.0,5.0,16.0,fashion_bags_accessories
6410668313e664e438837bf86363fcb9,5.0,100.0,16.0,9.0,11.0,fashion_bags_accessories
6b119e825230e877b98f89b47081bc52,4.0,150.0,16.0,9.0,20.0,fashion_bags_accessories
07f40f14df320969f0bb8cfc5cff5d3b,2.0,100.0,16.0,6.0,11.0,fashion_bags_accessories
b9e88d457e276521ccb0b226f2f8f18f,4.0,150.0,18.0,9.0,11.0,fashion_bags_accessories
6bda6606bb4db26fb219523d6fd40869,3.0,250.0,16.0,5.0,11.0,fashion_bags_accessories
0485eb91cf4786a456d0b61ef9d9183e,3.0,100.0,18.0,9.0,11.0,fashion_bags_accessories
71e239fbeffa264767d6a1210b933e02,5.0,150.0,16.0,9.0,11.0,fashion_bags_accessories
6bbd7902820d4d6477f93b1d2b8370d9,1.0,100.0,16.0,14.0,14.0,fashion_bags_accessories
84e70cf0e12330211231e552fd3fc930,2.0,200.0,16.0,2.0,11.0,fashion_bags_accessories
d51e2b908fe3ce35d84e77bf5da363d8,5.0,300.0,22.0,13.0,22.0,fashion_bags_accessories
d103baa8d35783ff2772704ed17ddd45,5.0,250.0,16.0,2.0,20.0,fashion_bags_accessories
9a442e31dcb07042eca00d73c1933880,2.0,350.0,16.0,2.0,11.0,fashion_bags_accessories
370a34deee3d35034c20edfd14ab3d62,2.0,200.0,16.0,2.0,11.0,fashion_bags_accessories
59127843f6ce173b6e22322e7f10ab82,1.0,100.0,16.0,5.0,16.0,fashion_bags_accessories
67b0d38a61d8e4c1c1df7d56276302aa,4.0,300.0,16.0,9.0,11.0,fashion_bags_accessories
4699ce6926d362b0cce139ae5e4376d7,3.0,50.0,16.0,6.0,11.0,fashion_bags_accessories
5809b7fd257b16bbd9bdf9507931673a,3.0,600.0,43.0,16.0,27.0,fashion_bags_accessories
074e1b1543a03e2e546cee9b388cdf25,1.0,150.0,16.0,5.0,16.0,fashion_bags_accessories
1b125123580a802629427ebd924ff335,5.0,150.0,17.0,9.0,17.0,fashion_bags_accessories
5111f663915cb81d02d4010a0025fd42,1.0,200.0,16.0,2.0,20.0,fashion_bags_accessories
a11ae57e28ac218d33dbd82fa3879b57,1.0,200.0,16.0,2.0,11.0,fashion_bags_accessories
c0d44799bf113c42b744c0c5310a081e,15.0,1000.0,20.0,10.0,20.0,fashion_bags_accessories
b348cae99d8bef36e269b016bc19419b,2.0,200.0,19.0,11.0,15.0,fashion_bags_accessories
8301e489165ea0f91dd987fafebbe58c,2.0,150.0,24.0,4.0,34.0,fashion_bags_accessories
183c95ad186f48c320bbac4643829d3f,5.0,150.0,16.0,5.0,20.0,fashion_bags_accessories
55ebae49cf4c0963d5738a39e1e79750,8.0,300.0,22.0,14.0,22.0,fashion_bags_accessories
1582e72435d827bb125ed429ecfc56f6,1.0,200.0,16.0,2.0,11.0,fashion_bags_accessories
1e9718b1172540cd45abc1cfa8750da6,3.0,300.0,16.0,16.0,12.0,fashion_bags_accessories
51967f750b0391d02137a8ecd5424452,1.0,100.0,17.0,3.0,12.0,fashion_bags_accessories
a402021e638981087a4952cb77e5c46b,1.0,100.0,21.0,9.0,14.0,fashion_bags_accessories
0cc18feec97e534a363ec0b14c632692,4.0,200.0,16.0,9.0,11.0,fashion_bags_accessories
0ac4b9dc5e23908abf09e13da3ea1bbb,6.0,200.0,16.0,2.0,11.0,fashion_bags_accessories
d552454cae098a0bce10f658411fead1,5.0,500.0,16.0,9.0,20.0,fashion_bags_accessories
242eb53ca3c0b52e275b6fd7ce8b0be7,1.0,200.0,16.0,2.0,11.0,fashion_bags_accessories
48282b524c93e69ec5653481e2b8a237,1.0,100.0,16.0,5.0,16.0,fashion_bags_accessories
c07f064fdcfd7e6c865fa295be464196,4.0,150.0,16.0,5.0,16.0,fashion_bags_accessories
60e931f4bf462d9fd360b3d3b1ccaaab,1.0,100.0,16.0,5.0,16.0,fashion_bags_accessories
355c91ffac499557d65c0821237b6350,1.0,850.0,16.0,2.0,11.0,fashion_bags_accessories
4beaa629c1622b0fc9471351db5ea62c,4.0,200.0,16.0,9.0,20.0,fashion_bags_accessories
88d07a97123a341509effc395bf418c8,5.0,500.0,30.0,20.0,20.0,fashion_bags_accessories
60bf1bc45f1207a9d08863c1f6d390c8,5.0,150.0,16.0,9.0,11.0,fashion_bags_accessories
06e73ddcb54620a36bfdb2e073c4dc40,5.0,150.0,16.0,9.0,11.0,fashion_bags_accessories
70de7f927d3615d94199abf14387491f,1.0,200.0,21.0,9.0,14.0,fashion_bags_accessories
a25a9e3433043fb8a0808f310d8d8203,13.0,1000.0,45.0,16.0,45.0,fashion_bags_accessories
9c268694cc413affbf3c27d05ef796d1,2.0,200.0,19.0,11.0,15.0,fashion_bags_accessories
761786c69af6094fe760ef42fbceaa1f,5.0,200.0,16.0,12.0,14.0,fashion_bags_accessories
aaa09cd0acd316f7816145408dd73449,5.0,200.0,16.0,12.0,16.0,fashion_bags_accessories
fb5192388e7614dee676e3fcafbd12ee,1.0,100.0,21.0,9.0,14.0,fashion_bags_accessories
e852196fab4b6dfb1fdafdc693b7dad5,4.0,400.0,43.0,16.0,27.0,fashion_bags_accessories
f845bd3077894700e688b1944854e28a,1.0,200.0,16.0,3.0,15.0,fashion_bags_accessories
6cc58e27cae22a37b784841f0e4fb647,14.0,600.0,20.0,10.0,20.0,fashion_bags_accessories
fe2f0ff75805728378c6a8fdc5be7724,1.0,100.0,16.0,10.0,15.0,fashion_bags_accessories
6c3b767b9dd49eccec4ecc63d584f89a,1.0,800.0,25.0,16.0,25.0,fashion_bags_accessories
569065e6458612cc6baf95ae34fc0ed4,3.0,300.0,25.0,10.0,25.0,fashion_bags_accessories
86433c674add159827ed4728e65c9121,1.0,100.0,16.0,5.0,16.0,fashion_bags_accessories
7d4e368d9174a4f30f3b8aa533c6a44c,5.0,100.0,16.0,9.0,11.0,fashion_bags_accessories
0f80ccf7348ba5bda717ff8fadf34552,6.0,7550.0,60.0,15.0,50.0,fashion_bags_accessories
d265065154be9a455d6a5b2a4727fe38,1.0,100.0,16.0,10.0,15.0,fashion_bags_accessories
90437ed781871f80d5560d654373a77d,1.0,100.0,16.0,10.0,12.0,fashion_bags_accessories
da02ed24d3cfd1ef9e90a96964a72cba,1.0,425.0,26.0,40.0,12.0,fashion_bags_accessories
a5b15c8b0abb9a1e7eb10546441925d0,2.0,300.0,16.0,8.0,11.0,fashion_bags_accessories
6bef5951331ab27cf7782d3e6bd6ca0b,2.0,200.0,16.0,3.0,17.0,fashion_bags_accessories
0a28355911f72609e396a3dc10b11c90,1.0,100.0,16.0,5.0,16.0,fashion_bags_accessories
3a95236711511b32855804d3a6287595,3.0,150.0,16.0,2.0,11.0,fashion_bags_accessories
11810c1eaac441e272977edc26016b38,1.0,200.0,16.0,2.0,11.0,fashion_bags_accessories
94c8e41ff4b54668bf9a765e5a7fc9ac,3.0,200.0,16.0,5.0,11.0,fashion_bags_accessories
fad8f41c2919d9bea348ae5792f8fc20,4.0,200.0,16.0,9.0,11.0,fashion_bags_accessories
ce710fd2f106cf7570a07aa47ee7395b,4.0,100.0,17.0,7.0,12.0,fashion_bags_accessories
ff185e3474ddf11f1c87316de80f24b7,2.0,200.0,16.0,3.0,17.0,fashion_bags_accessories
87283a98b24f9f1ac3a31b631073cf47,5.0,150.0,16.0,5.0,20.0,fashion_bags_accessories
fc5feda8d6c915bdbd6ca84bac05e2eb,4.0,150.0,16.0,5.0,11.0,fashion_bags_accessories
8f8e98cf133d4ab9a74486c3ce81da02,1.0,300.0,16.0,10.0,19.0,fashion_bags_accessories
d36078c6a92906c4c3a2b2a72c146230,1.0,150.0,16.0,7.0,11.0,fashion_bags_accessories
493d26747843694010877d8e73ef335f,3.0,440.0,31.0,31.0,20.0,fashion_bags_accessories
530fa1d000866012c51ce412598ef24c,1.0,200.0,16.0,10.0,12.0,fashion_bags_accessories
e9d9bd328d6f02bda36796815133f39a,2.0,18100.0,30.0,70.0,49.0,fashion_bags_accessories
8bba564030745976b3975e212e113b6a,3.0,5000.0,22.0,53.0,35.0,fashion_bags_accessories
8794dfe7cd526fa69414f8364e09470c,2.0,150.0,24.0,4.0,34.0,fashion_bags_accessories
99677dee227bf43413b320b5add01fca,3.0,200.0,16.0,5.0,11.0,fashion_bags_accessories
44d9fb0bdded04f3b128fffc4cfbc48d,4.0,100.0,19.0,3.0,11.0,fashion_bags_accessories
7e42f7c4405ac2fdec454c0497facd83,5.0,1100.0,42.0,42.0,14.0,fashion_bags_accessories
1fc6e1729d564ec77eeeb9df95fca74f,1.0,100.0,16.0,5.0,16.0,fashion_bags_accessories
e83aa5bdff2b1da49a8a8ebcabf3d66e,3.0,600.0,43.0,16.0,27.0,fashion_bags_accessories
a92187be87fdc3bf8079f30ec9b151f4,7.0,700.0,20.0,50.0,40.0,fashion_bags_accessories
a07d0595ac61dcdd44214f0426431c9b,4.0,150.0,16.0,5.0,11.0,fashion_bags_accessories
c81ae6207142d6d844dfe928e7e51b04,1.0,200.0,17.0,9.0,11.0,fashion_bags_accessories
2202fbe16d5626431835d6000350cea3,2.0,100.0,16.0,16.0,16.0,fashion_bags_accessories
1afdb4e17af189582b06591ae8a031a4,5.0,250.0,16.0,2.0,20.0,fashion_bags_accessories
8e7d61accfa0de8e8981dba016ab2646,2.0,400.0,20.0,20.0,20.0,fashion_bags_accessories
90111fe8e74ecb8fb94fa93f76efbfe9,3.0,200.0,16.0,2.0,11.0,fashion_bags_accessories
edfdce0d1155be85dd53074e63bb9e8b,4.0,150.0,16.0,5.0,20.0,fashion_bags_accessories
f0c28cf1f8a109a1dc6708397a353ec2,2.0,100.0,20.0,20.0,20.0,fashion_bags_accessories
d97cfa719a6198d4a66453e0c6ed596c,1.0,250.0,16.0,2.0,20.0,fashion_bags_accessories
25c774ad0d618117638d514f121dc66f,1.0,200.0,16.0,3.0,15.0,fashion_bags_accessories
b32ca9d6896d74d345424426815c06a7,1.0,100.0,16.0,5.0,16.0,fashion_bags_accessories
2bc2ae6c1bc16aa9da7d549088c2e10a,3.0,11800.0,16.0,9.0,11.0,fashion_bags_accessories
2e1dac7e67aeeeb635f3214858b39184,5.0,1025.0,51.0,42.0,12.0,fashion_bags_accessories
114f462f985151e853a896d958657416,1.0,150.0,16.0,7.0,11.0,fashion_bags_accessories
9cd2db58a42140c6e5dbb6ddd5c367d7,4.0,200.0,16.0,9.0,11.0,fashion_bags_accessories
6ccbeb9656e37cb5fd5086f838762471,5.0,500.0,16.0,9.0,11.0,fashion_bags_accessories
3a14e4f8d0d1c5be2acb3cd00d9c8047,2.0,200.0,16.0,2.0,20.0,fashion_bags_accessories
d4a4ff95f641981ed47802cce0ea5c88,1.0,100.0,16.0,10.0,15.0,fashion_bags_accessories
4c4a683ed26e07635c1be832f48df0ae,6.0,1000.0,40.0,8.0,40.0,fashion_bags_accessories
938d2bbf637fa7e013e37477da0969c0,1.0,300.0,33.0,8.0,11.0,fashion_bags_accessories
dbb274a4fa7cdd5e025c365b70a41d99,3.0,100.0,16.0,9.0,11.0,fashion_bags_accessories
8085332eae15bbb5b7daa5b11fad25dc,4.0,100.0,16.0,5.0,14.0,fashion_bags_accessories
62a183c5f3895060ba1a8f1415694908,5.0,100.0,16.0,9.0,11.0,fashion_bags_accessories
fc4179aaee80873ac630e593d669256d,1.0,400.0,16.0,10.0,12.0,fashion_bags_accessories
4daac62d42cfbad476c3e42791411412,5.0,100.0,20.0,4.0,13.0,fashion_bags_accessories
4965fd68b4fa0cab5fca575c3b4f4b73,3.0,200.0,20.0,20.0,25.0,fashion_bags_accessories
471e714759273827991f1746906737d1,2.0,300.0,35.0,8.0,35.0,fashion_bags_accessories
24176f8ec4b087d7a48e356913fdd085,5.0,150.0,16.0,9.0,11.0,fashion_bags_accessories
35914e5a38be926bea034b6ed34b8501,4.0,200.0,16.0,12.0,16.0,fashion_bags_accessories
985917955434700f83de118d8978d560,2.0,100.0,16.0,16.0,16.0,fashion_bags_accessories
1f24b46fe73e9c77bfdf756f69f3ea8b,1.0,100.0,17.0,7.0,12.0,fashion_bags_accessories
b8d157185e5abaabd9244275aca22a7f,5.0,50.0,16.0,6.0,11.0,fashion_bags_accessories
7bd4adb5f860206e946bf3c575c1a4fe,4.0,200.0,16.0,9.0,11.0,fashion_bags_accessories
9cc68866bc5d718be3ed87d84e92cc87,2.0,21100.0,31.0,79.0,56.0,fashion_bags_accessories
fbb63264ad9777810766ae4bed802224,1.0,200.0,16.0,2.0,11.0,fashion_bags_accessories
5eb0dafaaed0ede2f7957dbbef6a071c,2.0,288.0,52.0,27.0,20.0,fashion_bags_accessories
108c2bc00375b068ec4d353bfe3649ce,1.0,300.0,16.0,2.0,11.0,fashion_bags_accessories
f177b434709ecb652dbee4f4b19aef2f,5.0,200.0,16.0,16.0,16.0,fashion_bags_accessories
9da1c863c2389407fa1da532a5238d47,4.0,300.0,16.0,9.0,11.0,fashion_bags_accessories
ce49d8be84e535ca2a5eb0e76c09c348,6.0,100.0,17.0,5.0,19.0,fashion_bags_accessories
566aaaec94561903dba698b1ff3cf459,4.0,300.0,22.0,14.0,22.0,fashion_bags_accessories
6760d30ebea15ef6773a57346f9990ca,5.0,100.0,17.0,5.0,19.0,fashion_bags_accessories
a215a5d82e179ca98b38d8846125c40f,5.0,150.0,16.0,9.0,11.0,fashion_bags_accessories
3ac233805cb3141450d80bfc775929e3,5.0,300.0,22.0,14.0,22.0,fashion_bags_accessories
dea564fb3ed59db512cb4df9c491c1ef,1.0,100.0,16.0,5.0,16.0,fashion_bags_accessories
532a5b62ca2802053af3cc40179813fd,1.0,200.0,20.0,20.0,20.0,fashion_bags_accessories
ab63f62c916db9ba192225d361b6ec44,3.0,200.0,16.0,9.0,11.0,fashion_bags_accessories
807d58831eeb7c3d2d80b696d679ff8f,1.0,150.0,20.0,20.0,20.0,fashion_bags_accessories
57518979d2090ce36061fdb544c8515a,2.0,200.0,16.0,8.0,11.0,fashion_bags_accessories
af64874ef27a7dc357905b75ea78555a,7.0,350.0,17.0,4.0,13.0,fashion_bags_accessories
05869034bc6aeae6869a573000cdcc43,1.0,200.0,16.0,2.0,11.0,fashion_bags_accessories
258063ebd89572a6ccd9c599b3193398,3.0,700.0,43.0,27.0,16.0,fashion_bags_accessories
7f9979f68f998401e84c91d2ca6933fd,1.0,100.0,16.0,5.0,16.0,fashion_bags_accessories
4d68f0bb076a44142f1d1725ba3b3bc8,6.0,1000.0,42.0,42.0,14.0,fashion_bags_accessories
d5f006788a809ec51caf80f7d438649c,1.0,50.0,16.0,2.0,11.0,fashion_bags_accessories
361ecd8e68cab4a2fc502803a9dd790f,5.0,250.0,16.0,2.0,11.0,fashion_bags_accessories
44774af511346f08083720dbba61ade0,5.0,1250.0,30.0,30.0,30.0,fashion_bags_accessories
07a0953e98e93b89605297afa2d62c12,6.0,50.0,18.0,18.0,12.0,fashion_bags_accessories
5a7cd5a522f29bef101933fea87a1a1a,4.0,600.0,31.0,12.0,31.0,fashion_bags_accessories
030729544fc3eb6a40981f877e836450,4.0,150.0,16.0,6.0,11.0,fashion_bags_accessories
4f46469cc5558e5021c7051b5c2447d4,3.0,500.0,43.0,16.0,27.0,fashion_bags_accessories
83039266ceedb3640c6dce70f01bf2d0,2.0,200.0,20.0,20.0,20.0,fashion_bags_accessories
2adbf3f442344a158c04cb59b8db107a,4.0,1300.0,42.0,42.0,14.0,fashion_bags_accessories
178c8458c4907a2680456130f76e10e0,2.0,300.0,16.0,2.0,11.0,fashion_bags_accessories
339dfa68c25548e53903cd44e090f28f,3.0,150.0,16.0,2.0,11.0,fashion_bags_accessories
151f6da73d1f11e1a75553f0281d19dd,4.0,200.0,16.0,2.0,11.0,fashion_bags_accessories
bd61abd7c000040b89263d2ce00ae8a0,5.0,200.0,16.0,9.0,11.0,fashion_bags_accessories
c703e384a7fabd713992454d68e37d46,1.0,100.0,16.0,5.0,16.0,fashion_bags_accessories
5800e9581700cc03968b7bb57f4c5978,5.0,50.0,17.0,4.0,12.0,fashion_bags_accessories
bb17b2343c9b332cce4ffbb8f51a67ca,1.0,100.0,16.0,5.0,16.0,fashion_bags_accessories
73f0291fe089e68d9d01418708e3f192,1.0,250.0,16.0,2.0,11.0,fashion_bags_accessories
4567fd79f37f89a3f13db0bda7441a0e,5.0,70.0,18.0,18.0,12.0,fashion_bags_accessories
954ed36fcf28237749ef5616ab0eff87,1.0,150.0,16.0,2.0,11.0,fashion_bags_accessories
d3b24c68466ec241b98cddd7861bce4a,1.0,150.0,21.0,9.0,14.0,fashion_bags_accessories
3552627a68384dc559f0fd4cce173269,4.0,150.0,18.0,9.0,11.0,fashion_bags_accessories
d186bbb8f1ac973969dfcfbf0347198a,1.0,300.0,16.0,2.0,20.0,fashion_bags_accessories
f60836d2827709716e30c6f0eae78d67,5.0,200.0,16.0,9.0,11.0,fashion_bags_accessories
f6e0a9ce8a6e91c3a0ca2d3005911d20,4.0,300.0,16.0,16.0,11.0,fashion_bags_accessories
ad0a8215eb34f64a304b12106de7af30,3.0,200.0,16.0,11.0,12.0,fashion_bags_accessories
40bc967f033c88458d226825e3293ed9,1.0,300.0,16.0,2.0,11.0,fashion_bags_accessories
da2cfe68ae3f2f454b5aba2ee09ab5c4,1.0,200.0,16.0,2.0,11.0,fashion_bags_accessories
79d93bd70ef865017b4360427aad383e,1.0,200.0,24.0,9.0,16.0,fashion_bags_accessories
adc87238dd82fda48a77402f365a9cd6,1.0,200.0,17.0,3.0,12.0,fashion_bags_accessories
44d097d59e8430f88a67517cd0c4f865,6.0,350.0,16.0,2.0,20.0,fashion_bags_accessories
adbf2a0a3ae7257809f7f85c765e14e6,3.0,150.0,16.0,9.0,11.0,fashion_bags_accessories
f1f2a5b4dd03a85b61b03156b1c9f236,1.0,50.0,17.0,17.0,11.0,fashion_bags_accessories
26eed370f5b5e551ed3a9854d522a65d,1.0,200.0,16.0,8.0,11.0,fashion_bags_accessories
55609d9d2e5743133725e80ab40136a8,1.0,100.0,16.0,10.0,12.0,fashion_bags_accessories
146df82d2ffd8fa52e2a5d6b6a0d6dff,1.0,200.0,16.0,2.0,11.0,fashion_bags_accessories
2dda719980a369a8982002431ff785dd,1.0,100.0,16.0,5.0,16.0,fashion_bags_accessories
c9c0435c9331c27dc487a2dc1738a32c,1.0,8400.0,62.0,20.0,40.0,fashion_bags_accessories
61787f92f08a18258c0267e53cb9c1cb,3.0,300.0,22.0,8.0,15.0,fashion_bags_accessories
7b226739613196772c6ae86368c87f5d,6.0,300.0,16.0,13.0,11.0,fashion_bags_accessories
bb57d3e2c056ffaa1f31ee222dd81ee3,4.0,300.0,22.0,13.0,22.0,fashion_bags_accessories
c5dfa757c5ae7662e178e990e39362e0,4.0,150.0,16.0,9.0,11.0,fashion_bags_accessories
e2b2f194ebeff245c0d996fe093ca15e,1.0,100.0,21.0,9.0,14.0,fashion_bags_accessories
4efd402dce639aa129a7f15b17cc898b,6.0,150.0,17.0,9.0,17.0,fashion_bags_accessories
e2bfd71a5b97a19659d290e3d58a106f,1.0,100.0,16.0,5.0,16.0,fashion_bags_accessories
525cba66c6af7c9570d9dae3742cdb89,2.0,200.0,16.0,8.0,11.0,fashion_bags_accessories
fde4e97b75bd817d8c4aef8de39ed4d9,6.0,150.0,16.0,9.0,11.0,fashion_bags_accessories
c6f91a747904e6f2a5164c862c3b6633,4.0,50.0,17.0,4.0,13.0,fashion_bags_accessories
765e8c5c6b2f88c6f972334e44113a20,3.0,100.0,16.0,12.0,11.0,fashion_bags_accessories
d2f7e9449566eb0658d4f5092d71e8a4,4.0,425.0,17.0,4.0,13.0,fashion_bags_accessories
30bb6ba21f546713a3c72e22461c1a3b,4.0,800.0,16.0,9.0,11.0,fashion_bags_accessories
1ebb6bef272babda147dfdc51b0201e7,5.0,300.0,16.0,9.0,11.0,fashion_bags_accessories
2c5f07b082ffff0814efe5fb5683d62c,1.0,200.0,16.0,2.0,11.0,fashion_bags_accessories
d4937a7e8d3db0f265d1f0302308bb12,1.0,200.0,16.0,2.0,20.0,fashion_bags_accessories
f3d1c2c26a2b8f3398af192dfdef56be,6.0,100.0,17.0,5.0,18.0,fashion_bags_accessories
2c28b6fda526be32ed276b4dfc421acb,1.0,200.0,16.0,2.0,11.0,fashion_bags_accessories
09bff1287f903ed3e712f6595861db98,1.0,100.0,17.0,3.0,12.0,fashion_bags_accessories
4726c649b4256341f0355d3e12edd53b,4.0,150.0,16.0,5.0,11.0,fashion_bags_accessories
e68a066cb80e14f049aa01ede58bf0f6,2.0,300.0,16.0,2.0,11.0,fashion_bags_accessories
70aff5fb2ab50a5805411600994b01e8,3.0,150.0,16.0,14.0,11.0,fashion_bags_accessories
1c76b4e79bb358170ef2565779cecb38,2.0,200.0,16.0,3.0,15.0,fashion_bags_accessories
39b86f4e3aedf22731990099a660a6f5,7.0,200.0,16.0,2.0,20.0,fashion_bags_accessories
d1b8f5983d9573c8e523b8c56a59497d,6.0,150.0,16.0,9.0,20.0,fashion_bags_accessories
448ed4e809cd34e3883a07ebaa820d39,5.0,150.0,16.0,5.0,11.0,fashion_bags_accessories
9a2f52e60b6419803680132ad69a3ca8,1.0,50.0,16.0,3.0,12.0,fashion_bags_accessories
7d8dbe133512b0db946176e1600e506f,2.0,150.0,16.0,9.0,11.0,fashion_bags_accessories
d8a728b48e36f36062bf197221a64335,2.0,100.0,16.0,6.0,13.0,fashion_bags_accessories
44b36c8a125b604c4597100ef4b16538,5.0,200.0,16.0,9.0,11.0,fashion_bags_accessories
f177554ea93259a5b282f24e33f65ab6,1.0,200.0,16.0,16.0,11.0,fashion_bags_accessories
bcdebacf985da0fae4e1f55f1aba7562,6.0,750.0,25.0,5.0,20.0,fashion_bags_accessories
b1cf88d9eceac375fe83da0b649f331c,4.0,700.0,43.0,16.0,27.0,fashion_bags_accessories
425cfc055cf3bee60a67ee33dc577c95,1.0,200.0,16.0,3.0,15.0,fashion_bags_accessories
2bd11da9314c88bf55df5a07251442e4,4.0,200.0,16.0,5.0,20.0,fashion_bags_accessories
ad41296c351db09070c6a92a27c261bc,5.0,50.0,17.0,6.0,13.0,fashion_bags_accessories
852b4b6ded0425a736da9dd818e872b6,4.0,250.0,26.0,12.0,22.0,fashion_bags_accessories
418405ed2f7830b3ab55a767f1b2d03b,2.0,150.0,16.0,16.0,11.0,fashion_bags_accessories
e8a2ee67401eb29a9eba28e2eab61a8b,2.0,250.0,16.0,2.0,11.0,fashion_bags_accessories
b736d9a2b8c08167e109d209e97833e0,4.0,200.0,16.0,12.0,16.0,fashion_bags_accessories
e8980f13841769bf1770127583697d59,7.0,100.0,16.0,3.0,17.0,fashion_bags_accessories
55742882e846f5896e72892678652057,1.0,350.0,20.0,10.0,20.0,fashion_bags_accessories
6d8d9c9af735eae354cb0b43a9cbebfa,4.0,300.0,16.0,9.0,20.0,fashion_bags_accessories
e13f46cf68d356e0ac0f32058af20911,6.0,150.0,16.0,9.0,11.0,fashion_bags_accessories
f1c3f797ea4be7deb12eef156cd95b90,2.0,200.0,19.0,11.0,15.0,fashion_bags_accessories
6a1495163425aad8ea11fcc9882193e0,6.0,150.0,25.0,8.0,18.0,fashion_bags_accessories
8d7fb99738e3e3abeeb1aa30d3c7f69f,3.0,500.0,20.0,40.0,40.0,fashion_bags_accessories
1559e46cd3a07441620f97b068268ae0,4.0,150.0,16.0,9.0,11.0,fashion_bags_accessories
acc4fbb4362b73447d673cb3a4da716c,2.0,14550.0,29.0,69.0,48.0,fashion_bags_accessories
6bae58cc7b604c823271ecb0f82de699,1.0,1000.0,60.0,40.0,60.0,fashion_bags_accessories
ffd4bf4306745865e5692f69bd237893,5.0,150.0,16.0,16.0,16.0,fashion_bags_accessories
81e61097d1704e63a1d881c02d76934a,1.0,200.0,16.0,2.0,11.0,fashion_bags_accessories
17362fcfc13b829500dcd59fc4c02a89,4.0,1000.0,20.0,18.0,20.0,fashion_bags_accessories
bf7f941911c1e02d8dd6c637811b6127,1.0,100.0,17.0,7.0,12.0,fashion_bags_accessories
e35b9be1fd37ec2d6e0be7ddf2d357b6,5.0,150.0,16.0,9.0,11.0,fashion_bags_accessories
f9a4667b264a6823ecdf9d1ab8914faf,1.0,200.0,16.0,2.0,11.0,fashion_bags_accessories
0281221c8b9fdc713111952393cba4f3,1.0,150.0,20.0,10.0,20.0,fashion_bags_accessories
f2ff1ef84d120941c87c150117283e91,7.0,150.0,17.0,5.0,19.0,fashion_bags_accessories
8a07df3b4a96005496043e667f667beb,4.0,100.0,18.0,12.0,15.0,fashion_bags_accessories
b441e652e4d7e9905e1d2734a908e021,2.0,100.0,16.0,2.0,11.0,fashion_bags_accessories
fa812218786a729a847c4e1869c4ca48,4.0,1050.0,22.0,15.0,20.0,fashion_bags_accessories
1ec486885049bbb9b79351d150ed18c4,5.0,100.0,16.0,5.0,20.0,fashion_bags_accessories
89c111575a1b19782a2e660eff07dd8a,5.0,300.0,30.0,15.0,27.0,fashion_bags_accessories
be006818e0a584705110984cf17d09e2,2.0,200.0,16.0,9.0,11.0,fashion_bags_accessories
640dcd3e549f736cd39e1f943ff14c3b,5.0,50.0,17.0,4.0,13.0,fashion_bags_accessories
36e89a9ec56f96288ea7fbb266132288,4.0,100.0,16.0,9.0,11.0,fashion_bags_accessories
b5feb29ea5b59182f19b7c82e7ea8102,3.0,223.0,20.0,9.0,15.0,fashion_bags_accessories
065a46b0be3f31498ebdd3f4c668a6b6,1.0,200.0,16.0,2.0,11.0,fashion_bags_accessories
fb61126545fe19cfa0593140a5cc3b13,2.0,550.0,16.0,5.0,30.0,fashion_bags_accessories
d3450bc0d7d9c8a11a079aa78614e3f3,1.0,200.0,16.0,2.0,20.0,fashion_bags_accessories
38cd38029795797c97b73421fdad08cf,1.0,350.0,17.0,18.0,17.0,fashion_bags_accessories
d425f8ccf937bdc4c55eb96ef872d812,5.0,200.0,22.0,8.0,15.0,fashion_bags_accessories
938ff611131211b429e75da96367a947,1.0,250.0,16.0,2.0,11.0,fashion_bags_accessories
07a2b4290dce4edc619005d1a6348439,2.0,500.0,16.0,5.0,30.0,fashion_bags_accessories
f83a07c7e2a2609ea4c66d3d880b2a66,4.0,200.0,16.0,6.0,11.0,fashion_bags_accessories
0d273869567a92a7fa9758f0b5507e87,2.0,100.0,16.0,10.0,16.0,fashion_bags_accessories
cf96309600a89c51987b4786465f1be3,1.0,200.0,16.0,2.0,11.0,fashion_bags_accessories
f1cf1f7cd5a15a0805ed75df40b002a0,1.0,200.0,16.0,7.0,11.0,fashion_bags_accessories
5f043cb6ec3f7dcaddf80468c523a80d,5.0,100.0,16.0,9.0,11.0,fashion_bags_accessories
52c87e7b33516eb97c3023a20848ea81,1.0,200.0,24.0,9.0,16.0,fashion_bags_accessories
547041433f87f5c5a9ef21b598661cd3,4.0,150.0,16.0,5.0,11.0,fashion_bags_accessories
88aae2af22801d0292b79bc80e4c1d01,1.0,200.0,16.0,16.0,11.0,fashion_bags_accessories
15bfe701fea63d0f6384b743e492b3fb,5.0,150.0,17.0,4.0,14.0,fashion_bags_accessories
b96115c5e5fa5f083da5650e74411738,6.0,50.0,18.0,18.0,12.0,fashion_bags_accessories
a0ae6b149646eeab8dc5e54ec5c5b64c,1.0,200.0,16.0,2.0,20.0,fashion_bags_accessories
9ef6c728ed471353c6f06bf8013882c5,3.0,1000.0,20.0,20.0,20.0,fashion_bags_accessories
729e4dedfa3ed50a3fd4898b6f11c715,4.0,200.0,18.0,9.0,11.0,fashion_bags_accessories
ccf8c7b526eed63003b48fc7825296fe,1.0,100.0,16.0,7.0,11.0,fashion_bags_accessories
3efebb35470259ef6ca0f8fa282631f7,2.0,50.0,16.0,8.0,11.0,fashion_bags_accessories
cd2c03056720c7de4d6a59c1167bdee0,3.0,100.0,16.0,5.0,11.0,fashion_bags_accessories
ac9582d10bd0aa9ee0e32da77c4495b6,3.0,200.0,24.0,9.0,16.0,fashion_bags_accessories
de04a994ad17964562eb95e322d13529,3.0,150.0,16.0,9.0,11.0,fashion_bags_accessories
a920685138cfc659306332b0f87e5cbc,1.0,150.0,22.0,3.0,12.0,fashion_bags_accessories
a50c606310374ff8660bbe03010e021b,1.0,100.0,16.0,5.0,16.0,fashion_bags_accessories
7384fb8f06ad25539cdc1f9f56d02947,4.0,300.0,25.0,25.0,12.0,fashion_bags_accessories
f48b3c028081f637a45e3374cf0061ec,5.0,400.0,21.0,12.0,11.0,fashion_bags_accessories
a57ac492e4e2cbad73b694cce2ba4b7f,2.0,200.0,16.0,9.0,11.0,fashion_bags_accessories
fdd4f5e099d232bbd0d1fca8eab34172,1.0,200.0,16.0,10.0,15.0,fashion_bags_accessories
2a8181f10547f2766c59997bbf9af643,6.0,125.0,18.0,11.0,13.0,fashion_bags_accessories
c66d6e9a7e915171e7e3102f9afee78c,2.0,500.0,20.0,20.0,20.0,fashion_bags_accessories
49a968658d070a34b8ace5e4441d1030,2.0,200.0,16.0,2.0,11.0,fashion_bags_accessories
06b6d4805b3659e45575c03e57cef6fb,1.0,100.0,21.0,9.0,14.0,fashion_bags_accessories
6e8c9fd72a0e5527d9e79282dca8415f,1.0,200.0,16.0,2.0,11.0,fashion_bags_accessories
f1b8b583029e70fcff9db190d83b3460,7.0,700.0,17.0,4.0,13.0,fashion_bags_accessories
24b0f3ae895b131e61a93132876bb191,3.0,300.0,16.0,12.0,16.0,fashion_bags_accessories
9b50f294e57c09ca104cb8550ea0e180,1.0,200.0,16.0,2.0,11.0,fashion_bags_accessories
5373e18844eec682770d139ba29cd32c,1.0,100.0,17.0,3.0,12.0,fashion_bags_accessories
508cb20f6a6f0bab91557dad150444e2,1.0,100.0,16.0,2.0,11.0,fashion_bags_accessories
a1250bbcaa645885c9165eab1573b5c6,6.0,200.0,16.0,2.0,20.0,fashion_bags_accessories
09a9117d69aeb6275e4f3187bd2eb45c,3.0,100.0,16.0,6.0,11.0,fashion_bags_accessories
751a90669988d4888aa82a198870ca47,7.0,1900.0,45.0,15.0,45.0,fashion_bags_accessories
c24f29c580f6317c48c8fa0661a232e9,1.0,100.0,16.0,8.0,11.0,fashion_bags_accessories
701381eb0d8b3d7b33e0892adc8b0172,1.0,200.0,16.0,2.0,11.0,fashion_bags_accessories
695850ec52374187f226ee4b08af1785,4.0,150.0,16.0,5.0,11.0,fashion_bags_accessories
1a41f6016e828ff1d37f2ecc2f2a0dfd,2.0,3300.0,30.0,60.0,40.0,fashion_bags_accessories
077ff5297832d1a1c3d5be55b8152fa8,4.0,200.0,16.0,5.0,20.0,fashion_bags_accessories
b823551434fcf1d7f42527b9cc0b36b7,2.0,150.0,16.0,2.0,11.0,fashion_bags_accessories
9d60109d64bee97e7112ea96e57992dc,2.0,400.0,16.0,12.0,16.0,fashion_bags_accessories
0c46413e9062e5e91fdf39a9142427b5,1.0,100.0,17.0,3.0,12.0,fashion_bags_accessories
8392bd9333d10e51a2c2fc4596ee12a5,1.0,200.0,16.0,7.0,11.0,fashion_bags_accessories
58d412a7724e865ba73ae3b5b27bf481,3.0,100.0,16.0,6.0,11.0,fashion_bags_accessories
9407fd9807ea10c6e90e0331c34f0f14,1.0,100.0,16.0,5.0,16.0,fashion_bags_accessories
078be1a14d008274672847d880f0bfd5,4.0,375.0,17.0,4.0,13.0,fashion_bags_accessories
260007563bc92a855dc7c6b8806fa3af,5.0,200.0,16.0,10.0,11.0,fashion_bags_accessories
4c3165e9df5c5d143e67b5cb41ddfd13,4.0,500.0,30.0,26.0,22.0,fashion_bags_accessories
3a291232233a1095ce36ff646b7ea383,3.0,150.0,19.0,8.0,14.0,fashion_bags_accessories
3c3a35d265e632d286b29a51496858a7,5.0,500.0,20.0,8.0,20.0,fashion_bags_accessories
50ff36bb35c58748cec5ead466a68aa4,1.0,150.0,21.0,9.0,14.0,fashion_bags_accessories
c7396c42f79c6c1d83da76a1465dde73,1.0,100.0,16.0,5.0,16.0,fashion_bags_accessories
bbe3b0d92d0f801c389a08e8b1895770,3.0,300.0,18.0,11.0,14.0,fashion_bags_accessories
3ea7e516d573a0445abc7cab48949be0,2.0,200.0,16.0,8.0,11.0,fashion_bags_accessories
5ecccfce6630fa5c5e1a9aadb8e87599,1.0,200.0,24.0,9.0,16.0,fashion_bags_accessories
36e0d84a068074deed2e9b527917f468,1.0,100.0,16.0,7.0,12.0,fashion_bags_accessories
6d9a616e3f494f52af56e49a61b9a327,4.0,100.0,19.0,25.0,12.0,fashion_bags_accessories
978017df6a79f817ff723f62ccd2c786,1.0,200.0,24.0,9.0,15.0,fashion_bags_accessories
6e97536d81d74f5020c95ca434c850f7,3.0,700.0,43.0,16.0,27.0,fashion_bags_accessories
d7d0c5e4a7f509a4c980aae1530e3bc4,5.0,90.0,16.0,12.0,11.0,fashion_bags_accessories
1c590de8370cd15e869999037e92fea2,1.0,100.0,16.0,10.0,15.0,fashion_bags_accessories
f7dd5959f7e2832eb2acbfd9c2e2af19,1.0,100.0,17.0,7.0,12.0,fashion_bags_accessories
a8d577604cafc673e36ff8b953465964,5.0,200.0,16.0,9.0,11.0,fashion_bags_accessories
c4fc1d4489f664ce1c6c55b7089738b2,3.0,150.0,16.0,9.0,20.0,fashion_bags_accessories
86bf33099c7ca92dcbc6e4696708031e,1.0,100.0,16.0,5.0,16.0,fashion_bags_accessories
6ff26ef9ee033313afc8e84810a11079,3.0,183.0,20.0,10.0,13.0,fashion_bags_accessories
35f00e354f3d048167beb8586eaf031b,1.0,200.0,16.0,2.0,11.0,fashion_bags_accessories
f7fce9a4e86a0d19818cc145ef87f8ca,2.0,200.0,16.0,2.0,11.0,fashion_bags_accessories
b95aed929cdfdbe9667099552a3c28fa,2.0,200.0,16.0,2.0,11.0,fashion_bags_accessories
788a4c7f064e9ac6d3e9900512825aa5,5.0,900.0,30.0,10.0,30.0,fashion_bags_accessories
36d74b6f7d7c0e188328c310f9d9896e,6.0,450.0,24.0,10.0,12.0,fashion_bags_accessories
aea8161ed6bc3b11628cd393fd03486a,1.0,200.0,16.0,2.0,11.0,fashion_bags_accessories
a4f46aac5fc5e88c9701aa860c2a957c,4.0,800.0,30.0,20.0,25.0,fashion_bags_accessories
1157473164d02565ae5be0b614f9d2d8,7.0,325.0,18.0,19.0,12.0,fashion_bags_accessories
5d3a28908289035ee6394b67a15a2687,4.0,3200.0,22.0,15.0,20.0,fashion_bags_accessories
2037fcc268b127d15234b91f823f734a,1.0,200.0,16.0,2.0,20.0,fashion_bags_accessories
fff9553ac224cec9d15d49f5a263411f,3.0,150.0,16.0,13.0,11.0,fashion_bags_accessories
1aba5f6d342892bef219db99ae29f029,1.0,350.0,16.0,2.0,11.0,fashion_bags_accessories
a7d756e8f7c4b7e5b679e248a57d91ec,4.0,150.0,16.0,6.0,20.0,fashion_bags_accessories
c0380894bd866c75c47c00359dde5bd9,3.0,100.0,16.0,5.0,14.0,fashion_bags_accessories
5d7c23067ed3fc8c6e699b9373d5890b,3.0,250.0,16.0,2.0,20.0,fashion_bags_accessories
d839020632ed3855518bd5e9a36fc1ec,3.0,50.0,17.0,4.0,13.0,fashion_bags_accessories
76132add5a6d43f25853a4fd18c8ea34,1.0,200.0,16.0,2.0,11.0,fashion_bags_accessories
4601231c3480315049971ea0a61d3839,4.0,150.0,16.0,2.0,11.0,fashion_bags_accessories
790aa8011de89ef49b85bbe194f6a542,2.0,100.0,16.0,6.0,13.0,fashion_bags_accessories
d017a2151d543a9885604dc62a3d9dcc,7.0,250.0,16.0,2.0,11.0,fashion_bags_accessories
0fd7c411bd5b0e103be4a2e18642c79b,1.0,100.0,16.0,5.0,16.0,fashion_bags_accessories
20a56bb6cee7a1b8e02e245e637e1b8b,1.0,100.0,16.0,10.0,15.0,fashion_bags_accessories
5ba865074da5eba1460c298b574f9927,1.0,200.0,21.0,9.0,14.0,fashion_bags_accessories
5da565cf3754fc1af23b842113c1321f,1.0,100.0,16.0,5.0,16.0,fashion_bags_accessories
38dbc385d6da7b0e6bd58a90e069653b,1.0,200.0,24.0,9.0,16.0,fashion_bags_accessories
e35b496654367ba8f9ab8974a23331e6,1.0,250.0,16.0,10.0,12.0,fashion_bags_accessories
4e0854d426b0556ba1956db5e058f0da,3.0,150.0,17.0,6.0,12.0,fashion_bags_accessories
24ea331e89e0cc6fde885752b3eb2c23,1.0,400.0,16.0,16.0,11.0,fashion_bags_accessories
5d80e2d738a30fcf851cbd5b4951374a,3.0,100.0,18.0,6.0,12.0,fashion_bags_accessories
f105318b219b352b992001c976c847b1,1.0,250.0,22.0,10.0,15.0,fashion_bags_accessories
6afab9e71cf3c11c8baa174027ef4312,4.0,100.0,16.0,5.0,11.0,fashion_bags_accessories
b61a33788606a4ce2fda0452722283d1,7.0,150.0,17.0,5.0,18.0,fashion_bags_accessories
76ddffabf65608c9e0cfce92e390a193,1.0,200.0,16.0,3.0,15.0,fashion_bags_accessories
ccadfeab525a9eb1569983b66e5075c4,7.0,100.0,20.0,2.0,25.0,fashion_bags_accessories
be5679ce5a2343c40455223d7bef6dfb,5.0,300.0,16.0,14.0,11.0,fashion_bags_accessories
d2d1caac0d3750a742d8e14b6821007f,1.0,50.0,16.0,6.0,11.0,fashion_bags_accessories
a641c89dc8c19516ec7706a3c09c9424,3.0,500.0,16.0,16.0,16.0,fashion_bags_accessories
e456721fdab66b576664c035ad183965,4.0,150.0,16.0,9.0,11.0,fashion_bags_accessories
69c1a709ba2ac6511ef8553b93074ec1,2.0,300.0,16.0,2.0,11.0,fashion_bags_accessories
7af739a42fe4a870e840f2831daf1ba6,1.0,300.0,16.0,2.0,20.0,fashion_bags_accessories
cd80aa3b11e3a93e2c1911beb2f237a5,3.0,500.0,30.0,15.0,20.0,fashion_bags_accessories
89e4362d74afa10ac57f8d67210132a6,1.0,1870.0,27.0,20.0,29.0,fashion_bags_accessories
c0350d6ac413eda4641bf92ab687f1b5,3.0,50.0,17.0,4.0,13.0,fashion_bags_accessories
7a7416293b9692d84c900dda5e63c607,7.0,250.0,16.0,13.0,11.0,fashion_bags_accessories
98fa920be965878f7c44da75d4cb6ddc,4.0,550.0,43.0,16.0,27.0,fashion_bags_accessories
f610782a58cacbcdd6d05080c4022b17,6.0,150.0,16.0,9.0,11.0,fashion_bags_accessories
86cc483076c38095bbfd41ca7b4e8bff,2.0,300.0,16.0,8.0,11.0,fashion_bags_accessories
693a4eef562b75a833c7ffbc3ddb61dc,5.0,150.0,16.0,9.0,11.0,fashion_bags_accessories
362052fcdf7c9e3596a0a6c97536cdc3,1.0,100.0,21.0,9.0,14.0,fashion_bags_accessories
80b5182ab2afa5091844c94a0106b843,4.0,100.0,16.0,6.0,11.0,fashion_bags_accessories
6c784e2ed24a972a024321ea3a4ab88e,1.0,100.0,16.0,8.0,11.0,fashion_bags_accessories
5c7dfdd3e6d851f08d3cfe8213747ff5,2.0,150.0,16.0,5.0,15.0,fashion_bags_accessories
88d1079c8004788f2114540fababe0de,8.0,150.0,16.0,5.0,14.0,fashion_bags_accessories
596dd8bfc1289b4336ef857ffb960d47,4.0,250.0,18.0,9.0,11.0,fashion_bags_accessories
30916403a2996c146b5598774d657c55,2.0,400.0,16.0,11.0,11.0,fashion_bags_accessories
d6ed08469f23517f07ed6bb451361298,1.0,150.0,21.0,9.0,14.0,fashion_bags_accessories
eed87e4310f2dbbddf043552065b660e,5.0,200.0,16.0,5.0,11.0,fashion_bags_accessories
77fa3381855b6763c52ca3b72824f508,6.0,250.0,16.0,2.0,20.0,fashion_bags_accessories
b5c315fb01a02190500528edf520883f,6.0,200.0,16.0,2.0,20.0,fashion_bags_accessories
4aeaa9eb0499aab80a28183611cffd43,4.0,500.0,16.0,5.0,20.0,fashion_bags_accessories
aa5c6f59718986b26883248a968e83ee,2.0,100.0,16.0,6.0,11.0,fashion_bags_accessories
04a2ef44f3ea03a72be6f1f99ee0bfe6,4.0,150.0,18.0,9.0,11.0,fashion_bags_accessories
327fdf75bf08afa5ea0959ed59dab2ab,1.0,250.0,20.0,20.0,20.0,fashion_bags_accessories
800f75019492a0d9ffb2483ae65b59f1,1.0,100.0,17.0,3.0,12.0,fashion_bags_accessories
0b0c04563408d8d1187cdbd6292a89fa,2.0,3400.0,20.0,50.0,40.0,fashion_bags_accessories
ea7f23122fd317be5901ac4a467d3c6b,3.0,1150.0,41.0,13.0,42.0,fashion_bags_accessories
319a34188248a8d88d6734492636e66b,4.0,200.0,24.0,9.0,16.0,fashion_bags_accessories
39c0f867b8567f91295186c270767552,4.0,300.0,22.0,14.0,22.0,fashion_bags_accessories
abd7f7a1bd327a8f1f363abfc0f87391,1.0,100.0,17.0,3.0,12.0,fashion_bags_accessories
970cf7662c7fd49ded81e7a0ab1a85e9,4.0,100.0,17.0,3.0,12.0,fashion_bags_accessories
f17d1aa5300d268089a9c5136dbeb6b0,2.0,200.0,16.0,10.0,16.0,fashion_bags_accessories
c7182d82bf8681373385017d2b516bd6,4.0,500.0,23.0,23.0,16.0,fashion_bags_accessories
bc8b883240abcf055de69c37170844d7,1.0,200.0,16.0,2.0,11.0,fashion_bags_accessories
d191e54bd50ba045ac5bc9336572886f,1.0,100.0,16.0,5.0,16.0,fashion_bags_accessories
d68b7771d853f126569c7e64658e3162,3.0,200.0,16.0,2.0,20.0,fashion_bags_accessories
c831ad5c44cdf4b4cf324dca0f4f6d8b,2.0,100.0,25.0,5.0,16.0,fashion_bags_accessories
3425c37e6772b3913480d0333e0beebf,2.0,100.0,16.0,6.0,13.0,fashion_bags_accessories
fc4d6bb8b2fba6297e0bd65aaa38624a,5.0,150.0,19.0,9.0,11.0,fashion_bags_accessories
1095f63b46911593e051ed9a0d31fe87,6.0,50.0,18.0,18.0,12.0,fashion_bags_accessories
c85d0b7cfb2f4c60513b6b4f9fbd6393,2.0,100.0,16.0,6.0,13.0,fashion_bags_accessories
756feaccd3c677658c9e70bf09ef43b9,1.0,100.0,16.0,5.0,16.0,fashion_bags_accessories
d6a98c2faf26312d4890d2a84f4bc0eb,5.0,300.0,16.0,6.0,20.0,fashion_bags_accessories
80ac250f5bffe3fff8097929c3c4a938,3.0,100.0,17.0,4.0,13.0,fashion_bags_accessories
3c3e5e9de1f81dc29a6a8bc3e0fff6c0,2.0,100.0,16.0,2.0,11.0,fashion_bags_accessories
bb15f9ba2ec6e36ab6c9e88d17430d64,1.0,150.0,21.0,9.0,14.0,fashion_bags_accessories
39d59339955e2699fa814a6c6bfda024,2.0,100.0,17.0,4.0,13.0,fashion_bags_accessories
6d3bb44f9f7c05fcf46bee6a24ec1117,1.0,200.0,16.0,2.0,11.0,fashion_bags_accessories
b866da669fde20a56fe475ded8ac41b9,1.0,150.0,22.0,2.0,19.0,fashion_bags_accessories
44ab978ea1af4ed2f20e7efd5e21ef71,1.0,50.0,16.0,8.0,11.0,fashion_bags_accessories
536c8e098046b44a7dbe87b1a5d6eb02,1.0,100.0,16.0,5.0,16.0,fashion_bags_accessories
137ecfd76c78e5b4471f0e9b3c63cdbe,3.0,200.0,16.0,9.0,11.0,fashion_bags_accessories
b48946c4c9a1d7c81916522d00d6722f,4.0,50.0,16.0,6.0,20.0,fashion_bags_accessories
56a47c4bb0b2fead59597cb07ac4941c,2.0,200.0,16.0,2.0,20.0,fashion_bags_accessories
8032bb148ff355a9d402573fbd6c4b89,1.0,100.0,16.0,10.0,16.0,fashion_bags_accessories
49e70ba5085cd95e69fb041635304a0c,2.0,200.0,16.0,3.0,15.0,fashion_bags_accessories
1ba74b19c790ee59fb57fa2befa6e885,1.0,150.0,21.0,9.0,14.0,fashion_bags_accessories
3c18d6785eef198155c3f4b40b575f39,3.0,50.0,17.0,4.0,13.0,fashion_bags_accessories
a6f74de3ddfbdc9b33885b92656f992b,6.0,150.0,16.0,9.0,11.0,fashion_bags_accessories
4cb4ef491872bfc6e910b343d46c6325,5.0,150.0,16.0,9.0,11.0,fashion_bags_accessories
377509eb8232dcaccdfc75261e5c50fd,2.0,150.0,16.0,6.0,13.0,fashion_bags_accessories
0d784350888156657d65b06af8ccc501,1.0,200.0,16.0,2.0,11.0,fashion_bags_accessories
753a100906f88d8b0a5ec196684e028e,1.0,200.0,33.0,8.0,11.0,fashion_bags_accessories
e16c02dd52598b26d3402ef8ca15448d,1.0,100.0,16.0,14.0,14.0,fashion_bags_accessories
d2cd82700fc883c398ede93125dc1793,4.0,200.0,16.0,5.0,11.0,fashion_bags_accessories
9787e1a082d59d798172f4a7567e93af,5.0,150.0,25.0,8.0,18.0,fashion_bags_accessories
8704c63bb391e44566d8dcf13d863081,1.0,250.0,16.0,2.0,11.0,fashion_bags_accessories
e74d829aead9632c343d367969aec904,3.0,200.0,16.0,9.0,11.0,fashion_bags_accessories
bf2365078da8fad96e4c22880492dd9a,1.0,100.0,16.0,5.0,14.0,fashion_bags_accessories
94cc774056d3f2b0dc693486a589025e,3.0,150.0,20.0,20.0,20.0,fashion_bags_accessories
60567eaf5cdf794639e94508ec387a82,1.0,3350.0,62.0,20.0,40.0,fashion_bags_accessories
3e2ad903487fdb0fc1c6c5c27f2fe0c3,1.0,200.0,16.0,2.0,20.0,fashion_bags_accessories
5a745a27fc76483a9de4540b35baff44,3.0,150.0,16.0,14.0,11.0,fashion_bags_accessories
170db4e7b448ea0a8261aa05fff39ee5,4.0,200.0,16.0,7.0,11.0,fashion_bags_accessories
8a2e3dc0454cf3b02230d01623b294a4,3.0,200.0,16.0,9.0,11.0,fashion_bags_accessories
768c95fff89078aabae036a2bb314d9a,2.0,100.0,16.0,10.0,15.0,fashion_bags_accessories
4d8de1d60513d0a0d3665dbde171be1c,4.0,150.0,16.0,9.0,19.0,fashion_bags_accessories
54705b3767bb79355690466c0e599b17,1.0,100.0,17.0,3.0,12.0,fashion_bags_accessories
87bd1cd9f8c9d38c5a2428d5d2c5aecd,2.0,200.0,16.0,3.0,15.0,fashion_bags_accessories
407a9382e8c7e321e8ecee388edf0f7b,1.0,200.0,16.0,2.0,11.0,fashion_bags_accessories
bc7f7a995ff963c23da53e0856e8b6a3,4.0,150.0,16.0,2.0,11.0,fashion_bags_accessories
0067f97995b0c3a86739734dc87ee6b6,1.0,200.0,16.0,2.0,11.0,fashion_bags_accessories
30f2abe62a0f5fb21e4361e83e19f3d8,3.0,150.0,16.0,13.0,11.0,fashion_bags_accessories
1ea9a0015a93db6e4afd5205bc362e65,4.0,100.0,16.0,10.0,12.0,fashion_bags_accessories
6ff59583fa5e14b6abbf806baeecc8e9,4.0,150.0,16.0,5.0,11.0,fashion_bags_accessories
cc5f571540b1308f27ed78b5ee3300fa,1.0,200.0,16.0,2.0,11.0,fashion_bags_accessories
ff9032482857269e8683f0c2f8ba4709,5.0,50.0,16.0,6.0,11.0,fashion_bags_accessories
9251443819682703b07d22f78d20d603,1.0,200.0,16.0,2.0,11.0,fashion_bags_accessories
5389fd6d9241465b2100e105b1519ac3,4.0,300.0,43.0,16.0,27.0,fashion_bags_accessories
331aad9546c608b3e97cee9f95c3b027,1.0,200.0,16.0,2.0,11.0,fashion_bags_accessories
35e2ccd07a55da4eaf8c613e6d8c92c4,3.0,400.0,16.0,11.0,11.0,fashion_bags_accessories
90ba8b896e0237e45804c8da0f058dc9,4.0,1800.0,45.0,11.0,35.0,fashion_bags_accessories
3daf57226c18abcc95e0172756fc82d8,4.0,100.0,16.0,10.0,11.0,fashion_bags_accessories
b0b6c0bcc946a842de76a06f28722962,5.0,300.0,16.0,12.0,12.0,fashion_bags_accessories
4a05ba4632c81cb999d5468d58cf0208,1.0,200.0,16.0,2.0,11.0,fashion_bags_accessories
72acc66d907f5fa13bcd1df22696c73a,5.0,150.0,16.0,5.0,11.0,fashion_bags_accessories
e745ef0b16caf129dfc0f4979c347619,3.0,150.0,16.0,9.0,11.0,fashion_bags_accessories
9f46622a1318d3fd0de27629a63e165d,2.0,200.0,16.0,9.0,11.0,fashion_bags_accessories
4dbd164e17f931f99e7553c97000a4d8,4.0,250.0,22.0,11.0,17.0,fashion_bags_accessories
ebda4fd2306def53d2ed7d2d011f632e,1.0,200.0,16.0,2.0,11.0,fashion_bags_accessories
27e9b49fde45d10aeb0ec54968eff703,3.0,200.0,16.0,2.0,11.0,fashion_bags_accessories
4c1aae998146be1df5c261049d9f8d5a,1.0,100.0,17.0,3.0,12.0,fashion_bags_accessories
ff8bd09f659b88af06fdfea61a8b7b45,4.0,100.0,16.0,3.0,17.0,fashion_bags_accessories
8920f1824cd68512eb6fb0b0f41004bf,2.0,350.0,20.0,16.0,16.0,fashion_bags_accessories
1ee03eca6034b77b25d08c004bc79dd8,2.0,200.0,16.0,2.0,11.0,fashion_bags_accessories
b9ca19b5696ec2668f48ae264c05bad6,5.0,800.0,16.0,5.0,11.0,fashion_bags_accessories
878e6a7350b5ddcf85419728d254e1b2,1.0,100.0,16.0,5.0,16.0,fashion_bags_accessories
e19c52ba2deb45c56077643f204eda1e,1.0,100.0,22.0,2.0,19.0,fashion_bags_accessories
2445809bff82fdb8780c5f4e5c0d7686,4.0,100.0,16.0,5.0,11.0,fashion_bags_accessories
e6d39d7cdf7c19c0359c348a89a4a191,1.0,100.0,17.0,3.0,12.0,fashion_bags_accessories
00faa46f36261af8bbf3a4d37fa4841b,1.0,100.0,21.0,9.0,14.0,fashion_bags_accessories
1669a8ef7e316417da468a3599115231,3.0,100.0,20.0,20.0,12.0,fashion_bags_accessories
1e5428c428e0f783acd6e3d94ba4ee2a,1.0,12000.0,27.0,50.0,53.0,computers
9aedf557945e816d48539ee56293f860,4.0,2400.0,16.0,31.0,39.0,computers
a04087ab6a96ffa041f8a2701a72b616,1.0,13700.0,27.0,50.0,53.0,computers
bc4cd4da98dd128c39bf0b8c2674032f,4.0,2650.0,16.0,31.0,39.0,computers
194e74feac1f84a8ee5a517d4b3e107a,2.0,14150.0,52.0,27.0,52.0,computers
b008888e5e01a5c9da36306228e900d1,1.0,12100.0,50.0,50.0,25.0,computers
4e11734666acc305a4649de43f0bd181,1.0,12650.0,52.0,26.0,52.0,computers
7c8e2b381bb0fcba5b368961d7823cd2,1.0,12050.0,27.0,50.0,53.0,computers
7446ea3b3fb292b92d443f6a340bb372,1.0,12050.0,27.0,50.0,53.0,computers
e4d6002d3e034177ea1f31aa222cc722,1.0,8750.0,41.0,41.0,21.0,computers
f3783ff90631773bc67baf91edcbcb69,4.0,2700.0,16.0,31.0,38.0,computers
1fa728d99803c8849b5c95cfeaf9b60c,6.0,3000.0,30.0,6.0,42.0,computers
b0fd001716da5648244fe5c374d03df8,4.0,2400.0,16.0,31.0,39.0,computers
fb8c11da2e1b1634e879d1c3c6762dc2,5.0,2400.0,16.0,31.0,39.0,computers
69c590f7ffc7bf8db97190b6cb6ed62e,4.0,5660.0,54.0,18.0,47.0,computers
6e263657e75994ff623356f9cff692db,2.0,12900.0,52.0,27.0,52.0,computers
34f99d82cfc355d08d8db780d14aa002,2.0,25950.0,39.0,95.0,42.0,computers
e56f102e763165e7e32d0f9955f8ee4a,5.0,1700.0,36.0,6.0,33.0,computers
259037a6a41845e455183f89c5035f18,2.0,2900.0,35.0,10.0,40.0,computers
caaa713799b547352795c831a14f1c3c,4.0,2600.0,16.0,31.0,39.0,computers
a5215a7a9f46c4185b12f38e9ddf2abc,4.0,2800.0,16.0,31.0,39.0,computers
588531f8ec37e7d5ff5b7b22ea0488f8,4.0,2750.0,16.0,31.0,39.0,computers
1f411e9a31196b71ed8438c8254b858e,2.0,11850.0,50.0,50.0,25.0,computers
d6160fb7873f184099d9bc95e30376af,4.0,2600.0,16.0,31.0,39.0,computers
5e954c4ed342c50436d25d5f50a34919,7.0,3200.0,30.0,7.0,40.0,computers
e004a3b7f9524967fdb68bb70f850eb0,1.0,13000.0,28.0,51.0,54.0,computers
2fde77c0db49f38e0c0b2065f984f452,1.0,14300.0,52.0,27.0,52.0,computers
6e135c0c17d87c489e2f89efe42b948a,1.0,11900.0,52.0,52.0,26.0,computers
437c27398475365e3103e091ce518c6f,1.0,12550.0,43.0,42.0,22.0,computers
65f37bbbadf973d2660dc911af121406,1.0,200.0,16.0,16.0,16.0,computers
d0389f20b3d11de54e1e4561df147683,1.0,10000.0,60.0,25.0,25.0,home_construction
6f0169f259bb0ff432bfff7d829b9946,6.0,1050.0,16.0,20.0,16.0,home_construction
e96bac5656eaec25f3d76757fa16d9d3,6.0,1050.0,16.0,20.0,16.0,home_construction
21419fbb5e6e21591c1dc83cb75aec07,1.0,5850.0,60.0,25.0,25.0,home_construction
a0ff95d002b9e836b60b47e97a200f93,2.0,3100.0,38.0,28.0,28.0,home_construction
32e12dbd1df2c2b6831ba26dc8325d1f,1.0,1750.0,30.0,20.0,30.0,home_construction
31a3ac2bdbd4af5074e25c5e92ca71ab,1.0,10100.0,30.0,61.0,30.0,home_construction
3db5eb72ddad50a83599e1f0741caf7f,2.0,225.0,23.0,18.0,18.0,home_construction
643a66b1dc5dad3de6cb5a41549e72f1,2.0,300.0,27.0,8.0,21.0,home_construction
9e8312642841e9458b0d72c652c01766,6.0,450.0,16.0,20.0,16.0,home_construction
bce3aa01b13b6e00307669191f690955,7.0,1050.0,16.0,20.0,16.0,home_construction
6ec3c050cedb96661c07a891ee359146,4.0,1200.0,16.0,20.0,38.0,home_construction
c2a241928535e097a96aa157dfaa86b5,6.0,50.0,52.0,22.0,52.0,home_construction
aa0756c28665669298ad1d32c064619e,6.0,1050.0,16.0,20.0,16.0,home_construction
8250ed49c0929b233a405e3ece4ce328,2.0,30000.0,30.0,105.0,15.0,home_construction
3a56185b0baa8dc98beef8ebba000b96,1.0,2300.0,30.0,30.0,30.0,home_construction
b63e8531d772927d6d0b5e4ee1c48389,8.0,1300.0,16.0,27.0,16.0,home_construction
0a56efd5f050d3f861a04c6f005d1128,1.0,400.0,30.0,30.0,30.0,home_construction
7efa345eefd35e2fc11d13201436bf38,1.0,500.0,16.0,40.0,15.0,home_construction
6149b0a01ae42fccf651cfbef08979c7,4.0,4700.0,70.0,30.0,30.0,home_construction
fdbfd4cec6db6e89f22d9aa2c4839eed,2.0,20050.0,55.0,25.0,55.0,home_construction
94d1135483ece2c7493dd8f6b4ad7454,3.0,15000.0,60.0,50.0,50.0,home_construction
8f182b62914de7e1eac12f09b125e9a6,1.0,8700.0,30.0,35.0,30.0,home_construction
2760b32bd7165bc5a03f2f0b53caa2d5,3.0,1100.0,25.0,20.0,25.0,home_construction
f0c093c76173e238666bd40e2bf6217f,4.0,2650.0,40.0,100.0,20.0,home_construction
679a3e5e1d2bb68982be5734c6e55e63,4.0,800.0,38.0,38.0,22.0,home_construction
d01019ebab9a3f583fd32785518d8704,1.0,1175.0,30.0,15.0,18.0,home_construction
00d2add85b1f5aba6bb3d5d977314e25,1.0,9050.0,56.0,26.0,28.0,home_construction
ebe8bbf509715e46f138ac98b1cbb12e,1.0,383.0,17.0,14.0,16.0,home_construction
af74cc53dcffc8384b29e7abfa41902b,8.0,800.0,17.0,27.0,17.0,home_construction
6881872c707ad95aa81fdd385223eca5,1.0,233.0,17.0,14.0,16.0,home_construction
d5c51256683179f6692b91f5967c5bd4,2.0,4850.0,40.0,25.0,30.0,home_construction
81c01a12e5d25299ba2283cfb09de22a,7.0,600.0,16.0,27.0,16.0,home_construction
9795a7cdf0e9c1c2b4db0c1ab37e0831,1.0,600.0,40.0,3.0,50.0,home_construction
d531e4f4234b93eb3d8efc4a53f7e7c1,1.0,8900.0,62.0,32.0,30.0,home_construction
8dc3328a29da1f07e005157e22233f7b,4.0,550.0,17.0,27.0,17.0,home_construction
b6a87bcded824fcc11c6bb01bbf9721d,3.0,21300.0,20.0,20.0,20.0,home_construction
02ad328219e45e7d138101bc3c8aa6c6,7.0,1000.0,16.0,20.0,16.0,home_construction
6b82bdfc88a9241c396addd75f5c8baa,8.0,700.0,16.0,27.0,16.0,home_construction
2584d5fa1ac792c8c26168eca51bb4d0,5.0,9950.0,52.0,22.0,52.0,home_construction
43549c728834f6804c2a32ef08c086ff,1.0,100.0,80.0,16.0,16.0,home_construction
e7fab7a4d6f0d5abfb66e1dd2fc35d4e,6.0,500.0,16.0,20.0,16.0,home_construction
95afc7174e826b350262195e9810e327,2.0,250.0,20.0,4.0,20.0,home_construction
bdbf4ac9c8a5cd8162e96e84231d33ca,7.0,1050.0,16.0,20.0,16.0,home_construction
3cce0d166c3fb2507956c630c1d0f87c,6.0,900.0,32.0,24.0,11.0,home_construction
b7c8f19a99c322aa3d90d93fbe9eb275,4.0,600.0,39.0,12.0,12.0,home_construction
06061c9fd664126ac731a142995fa893,1.0,900.0,40.0,15.0,44.0,home_construction
7e9b52ab8c9b4c0fa93e431e8c3975e4,2.0,117.0,19.0,15.0,17.0,home_construction
e29a76f2a3941ad2dba120f90a536829,3.0,10550.0,40.0,30.0,30.0,home_construction
aa7f79d969950d52a482f5450f2e9fee,2.0,400.0,16.0,17.0,15.0,home_construction
3feb2f6b9b4daff28db958eca479c56e,2.0,5350.0,40.0,30.0,40.0,home_construction
3963a38599692e337822f032da892d5e,4.0,600.0,22.0,18.0,22.0,home_construction
ecd7770e1f7f64ee8c295da808d2ce5b,6.0,750.0,16.0,20.0,16.0,home_construction
97759b2e2035fcd87986a43119b56c7d,4.0,500.0,17.0,27.0,17.0,home_construction
06e95441ade9262a325f6d5c1561cbb4,6.0,750.0,16.0,18.0,16.0,home_construction
bcb48104679f1706dfa33164ed3c87fe,4.0,450.0,17.0,20.0,17.0,home_construction
81bc8fd12691dc4b290dc8c668532e1e,1.0,1250.0,25.0,43.0,17.0,home_construction
c9bac0c94feb0cf8a975bcd42f9e276b,1.0,125.0,16.0,11.0,14.0,home_construction
2c1559e64bc92171b52fdaea272cbf39,1.0,750.0,23.0,27.0,27.0,home_construction
951375c9c10ed889b35034522e5a334e,1.0,750.0,40.0,17.0,15.0,home_construction
d316be2b41acc6a122548a0d08570ca6,2.0,15000.0,50.0,30.0,50.0,home_construction
ce250e78def55ee3c4c8b8f708fcd867,6.0,150.0,16.0,7.0,12.0,home_construction
0a63240129d538ef9bf6e5c0aa8925a5,2.0,900.0,16.0,20.0,30.0,home_construction
f6365f947341b385dcb3f130e58236b8,4.0,550.0,17.0,27.0,17.0,home_construction
1b93af229a5768eaaed2064722b1c1dc,5.0,9950.0,52.0,22.0,52.0,home_construction
cb074bc171407ab2a90167782076e919,5.0,500.0,17.0,26.0,17.0,home_construction
46ecee6884bec6bffc7e5cea0ef7aecb,2.0,650.0,16.0,11.0,16.0,home_construction
e3263eb093d88b95abce97fe0c864421,2.0,850.0,20.0,20.0,20.0,home_construction
4e2235f93eb6f83c34901d68feba9344,4.0,1550.0,22.0,32.0,14.0,home_construction
15348d4e550d520b418c581a2012c0d9,4.0,400.0,17.0,20.0,17.0,home_construction
39cdb64dad488a6037d828d1cd514255,2.0,300.0,28.0,9.0,18.0,home_construction
1361837a82c3ee5591e56958e3d89bce,1.0,9500.0,30.0,35.0,30.0,home_construction
ef4f89f8ee26b84496a7f8e7dc76029d,2.0,9150.0,50.0,105.0,15.0,home_construction
513721dadfd93bcbce9da4d3bd67c06d,4.0,700.0,26.0,9.0,24.0,home_construction
f19ff6e54cc3bbde7ea7d0ff820b7072,2.0,1000.0,40.0,40.0,40.0,home_construction
55d139324dfb785b405ef1e11f119adc,1.0,738.0,23.0,16.0,20.0,home_construction
7f25a88de92ce0d01e61202ade958bee,2.0,2200.0,40.0,20.0,22.0,home_construction
829002c1d5f40820ebbc6ecd4bcdf3ab,1.0,5150.0,30.0,35.0,30.0,home_construction
e7d728118de5526bed85eb0b2ad26216,1.0,400.0,35.0,10.0,25.0,home_construction
0eef510ccdaf8a53cefc1a8f035f681a,1.0,2600.0,24.0,24.0,27.0,home_construction
daa528ea6aa4a90c32c4a2ce98ee3a9e,7.0,800.0,16.0,27.0,16.0,home_construction
8acbb05460d726307368e3fd43470285,4.0,9950.0,52.0,22.0,52.0,home_construction
9e732d38cfd6517373ef04c130323aa6,4.0,13550.0,52.0,22.0,52.0,home_construction
e4ca6d365353547c923882d980d401c0,1.0,6200.0,62.0,12.0,35.0,home_construction
d0ebd9098ec2b2b0c93cc1dfdb4865cf,1.0,5300.0,30.0,35.0,30.0,home_construction
290fe6a59ac3768d3e263654cf43a3ef,2.0,1024.0,26.0,22.0,21.0,home_construction
ed01ede241c5149867b22ad7f03cba44,4.0,400.0,29.0,35.0,23.0,home_construction
ee15827f0aa0a837f8edc88de60b7850,2.0,150.0,100.0,6.0,14.0,home_construction
a37c4dc2fd88e896e19c74a6b60a0e84,1.0,450.0,16.0,11.0,14.0,home_construction
b095c6b329584cdf2a7e0986de9f3898,1.0,333.0,17.0,13.0,14.0,home_construction
754f40b9fb2a09e92a82207a8b6873c6,6.0,1150.0,16.0,27.0,16.0,home_construction
4cc5551420f5d33daee6924b914125cb,4.0,700.0,16.0,20.0,38.0,home_construction
92f699740f5a71846565fa8a6f0bbcf4,7.0,1050.0,16.0,20.0,16.0,home_construction
c76bc5aca848edb5d6460267176f77ee,2.0,150.0,16.0,16.0,11.0,home_construction
2236aad5e8fec12fe56de6b503b6f896,2.0,1752.0,19.0,15.0,16.0,home_construction
5ece1e51ece4648de249ec6e9d007fd6,1.0,15008.0,47.0,31.0,51.0,home_construction
0f9df08ca6757f6d5158b71f5d307724,6.0,550.0,17.0,28.0,17.0,home_construction
254104e9110b124bab38acfa269fb764,1.0,288.0,17.0,15.0,15.0,home_construction
ddae29c2be667c7c87dea454585870e1,5.0,600.0,21.0,18.0,21.0,home_construction
4eebe44f76b0976eab5c92eebeac8b55,1.0,1000.0,40.0,30.0,11.0,home_construction
1afba77281863ff27193802145134d47,6.0,1050.0,16.0,20.0,16.0,home_construction
ed464125465d8ab04c3615963d27395c,6.0,700.0,39.0,7.0,39.0,home_construction
736f6d30b987a0cc3ef4545553732fe1,8.0,750.0,16.0,27.0,16.0,home_construction
3de0d67f8e1faa3e8f18906cdbc8b6cc,5.0,1400.0,20.0,20.0,20.0,home_construction
003a31970fea14fffe92ac856b8a9b97,4.0,1850.0,45.0,12.0,45.0,home_construction
482c25dc8512547962854dfff5ac057b,1.0,544.0,22.0,13.0,18.0,home_construction
64143bc1c8b26719d98b7b0ab8027ad9,1.0,1300.0,19.0,13.0,14.0,home_construction
a868da030ed45f5ae334023aea5273ed,1.0,2850.0,30.0,30.0,30.0,home_construction
d059a71823fafe40e36dc1b9d7fa7819,1.0,3000.0,30.0,35.0,30.0,home_construction
ba664def852b1416351aaf61e2c7b1a5,4.0,250.0,16.0,11.0,11.0,home_construction
5926c58c462b5d1f932ef3f0a9e37d41,7.0,8300.0,40.0,30.0,25.0,home_construction
9291bd341e4718e27d07437d5773e07a,3.0,9300.0,82.0,8.0,82.0,home_construction
df72f98233c4f5f9b3a026ecefce2274,1.0,1200.0,21.0,44.0,11.0,home_construction
dbfac885ce74c770040e1c99389553e1,2.0,19800.0,45.0,45.0,45.0,home_construction
a0b7b660f3ff79836867de402e158770,1.0,11825.0,35.0,31.0,31.0,home_construction
bddc1407637849d18d139b4012e4406a,1.0,2483.0,18.0,14.0,16.0,home_construction
741f691f78a534cefbddcc7887f1c3d1,2.0,3150.0,30.0,26.0,27.0,home_construction
656bf6da1eeb7dd128b9b567eea3ca3e,4.0,800.0,36.0,36.0,20.0,home_construction
3773a3773f5978591cff7b3e614989b3,8.0,1050.0,16.0,20.0,16.0,home_construction
bfddb6c856f2b1dc2c2aee34842c31b6,4.0,5150.0,40.0,30.0,30.0,home_construction
d87fc3441d23a38e9921cd2fa603b931,1.0,3950.0,30.0,35.0,30.0,home_construction
1f2a1eb53046341d5e07150430b9f091,7.0,750.0,16.0,29.0,16.0,home_construction
15a581e2cae15fe40ac430f07dc6aa12,1.0,450.0,18.0,19.0,13.0,home_construction
6efb8e8a3fb0785e2b86c6c5e9c7bb9d,4.0,1000.0,30.0,20.0,30.0,home_construction
b87bbfdf00132276418f99d965fdf676,2.0,6550.0,38.0,28.0,28.0,home_construction
e310aca86f3cb7cc3c492ec21980589f,7.0,750.0,16.0,20.0,16.0,home_construction
5ef700515181623872771a16d1371cd4,1.0,12250.0,20.0,30.0,20.0,home_construction
ec037c3c954465515942793fc7ce665a,7.0,2600.0,40.0,13.0,25.0,home_construction
19e17f268ccea61dbea86367763aec38,1.0,300.0,16.0,11.0,11.0,home_construction
577f102553175d51e571885be1347546,2.0,775.0,28.0,33.0,20.0,home_construction
7c2de4db4b4bbf1bf34d1051536313ae,5.0,9950.0,52.0,22.0,52.0,home_construction
347492a8e06a539c0861eea7e527fdaf,2.0,550.0,19.0,19.0,16.0,home_construction
6877393202eb24747508f62474a2c1c7,7.0,800.0,16.0,29.0,16.0,home_construction
6bd4d02c882f26ee1a4a2d037935382b,4.0,200.0,22.0,7.0,20.0,home_construction
d6dc2dcbb3ef25e47ef82f3c013ab820,1.0,6500.0,30.0,35.0,30.0,home_construction
23f2ebdf4d6f7badc8bbd40af362f681,1.0,866.0,21.0,18.0,21.0,home_construction
46ead842b29537e02adb2ef48b03b01b,2.0,1500.0,35.0,20.0,20.0,home_construction
ebc54f7936d9bcdc7f5dff7986d4f789,4.0,500.0,17.0,27.0,17.0,home_construction
9206d854259f0baf2b1c76d63c04e673,1.0,1850.0,28.0,35.0,15.0,home_construction
e1f4f59902f2935d4266b1e238d6f563,1.0,650.0,20.0,30.0,20.0,home_construction
de45c2dffd4261e8324c0ebafd3cf858,2.0,1000.0,16.0,20.0,16.0,home_construction
d967e722339b5694c236717a78497634,4.0,700.0,22.0,18.0,22.0,home_construction
0615dcf981da53a5ca8777cd6a80361b,7.0,1050.0,16.0,20.0,16.0,home_construction
4d7bb00ae05b63575484f113503baf21,3.0,3350.0,38.0,20.0,20.0,home_construction
0d0f2c7fcae108a74c895521c62d46f6,3.0,750.0,16.0,15.0,15.0,home_construction
71540d636652fc682032d3b3c0a180c1,8.0,1050.0,16.0,27.0,16.0,home_construction
45eb55dab5f1c8e2af8b2d4ca4e6aa18,2.0,7800.0,16.0,68.0,48.0,home_construction
0a80f03007af9e2c5ac5065d6742e1b2,2.0,611.0,17.0,14.0,16.0,home_construction
82254d93b897fde054504b15f8fe923c,2.0,2550.0,38.0,28.0,28.0,home_construction
e3dc529631d8c8db3d80c26b6e05e379,1.0,10000.0,60.0,25.0,25.0,home_construction
de9a61e37001d519e3ed85687fdf94ae,2.0,21100.0,55.0,25.0,55.0,home_construction
820fa146b7ccfe19c80e999cf4a77668,3.0,1475.0,25.0,25.0,25.0,home_construction
2a04a72b11fceb1e99df5261fac8683f,2.0,350.0,24.0,5.0,22.0,home_construction
232a5adb0fc1881bbfeb03560c639c31,7.0,500.0,16.0,20.0,16.0,home_construction
787049a00ace087394d4183387405ee1,3.0,450.0,100.0,12.0,20.0,home_construction
f045dc40e1d54d2f70286e4cbb07a357,5.0,550.0,17.0,26.0,17.0,home_construction
299273104a3a302b82ad5f9aa93d6d91,2.0,650.0,33.0,13.0,13.0,home_construction
bed48285a1d145ff8ca0ac0d77496ba3,1.0,12100.0,60.0,25.0,25.0,home_construction
4db615df108f98bcf521b9ec6c27ba24,2.0,1950.0,38.0,28.0,28.0,home_construction
64fc6010136aa59736e148c404e77a54,6.0,750.0,16.0,20.0,16.0,home_construction
a41be7a2d5be5248080b227a53fe3937,5.0,550.0,17.0,26.0,17.0,home_construction
346f14f015ffbd66998f635bc9bea835,2.0,200.0,22.0,13.0,12.0,home_construction
38df299a636da61c8341b984b9d799df,1.0,6200.0,41.0,23.0,41.0,home_construction
ae5fc63a0c642ffdd431517906dbff08,7.0,1250.0,22.0,24.0,16.0,home_construction
bb1c37586716dba1a3734d9137031e1e,5.0,550.0,17.0,26.0,17.0,home_construction
f9df82b6115c453e5ae8e7706576eef5,1.0,300.0,16.0,12.0,11.0,home_construction
e5ac4f7201729a0d3639d979c104b91d,3.0,2600.0,38.0,28.0,28.0,home_construction
b3c9fbea83e09f3d0994b2f8301c89a7,1.0,11350.0,20.0,20.0,20.0,home_construction
ffcfaba393e8ef71937c6e8421bc2868,2.0,19800.0,45.0,45.0,45.0,home_construction
de37ff8068c8e7b1164a19f0f4d05619,7.0,500.0,17.0,27.0,17.0,home_construction
c5ef13c4546279ceb81432eaef3cef41,6.0,750.0,16.0,20.0,16.0,home_construction
801a695ff5c0c14970a71a4ceb70989e,2.0,350.0,18.0,15.0,16.0,home_construction
9842dfe3247b396ef1cdff1e0d02216f,6.0,1050.0,16.0,20.0,16.0,home_construction
39e2a9a2f088b50daf806b7a7e1aea82,7.0,450.0,16.0,20.0,16.0,home_construction
20ba887d70d6841cc13bcd65338c220a,4.0,1250.0,45.0,30.0,15.0,home_construction
316a71b4e7fd164c8f70e6a505044a69,4.0,600.0,17.0,20.0,17.0,home_construction
3a1d2391ad7b58b404bce1939446332b,1.0,800.0,20.0,25.0,15.0,home_construction
2233b59e8cf2817f9659e52cce3093de,3.0,9350.0,20.0,20.0,20.0,home_construction
be751484da30a0a6f7ded2b640ee091c,1.0,450.0,30.0,6.0,19.0,home_construction
16d5f9047931834bc4634f3190e575fe,1.0,13050.0,35.0,79.0,35.0,home_construction
2d27a2ca6a182ff8cee95fea0f6a69ce,1.0,200.0,20.0,8.0,16.0,home_construction
7c37e152261f0a96f89c364bd971a90b,4.0,300.0,100.0,6.0,40.0,home_construction
74006af1917b5e79f78f35767fa221ba,6.0,9950.0,52.0,22.0,52.0,home_construction
a47c211bcc05f4f96184df606678a7a8,2.0,2650.0,27.0,26.0,18.0,home_construction
328818bbb9f31efcf6a2b39ce8724ab6,6.0,9950.0,52.0,22.0,52.0,home_construction
4c42f0c72caf632a20df25562451c1a8,2.0,1160.0,26.0,18.0,19.0,home_construction
4e44cdda9e34fe16c6403ae9c67ac7ef,4.0,550.0,17.0,26.0,17.0,home_construction
ea52b0eb372ab5874186bd7da72c2db4,1.0,12750.0,28.0,75.0,28.0,home_construction
03ff4bf1cbb9b00aca270dac77757582,5.0,250.0,16.0,4.0,14.0,home_construction
db3976dc7cb7fe1be02a47a873ece9a9,1.0,4350.0,80.0,15.0,30.0,home_construction
b0da53e60d332dda5010da35eb6dc537,7.0,550.0,16.0,27.0,16.0,home_construction
a39cc58c1b5926b6f9f378daa89f1315,1.0,3800.0,30.0,35.0,30.0,home_construction
8c4dc358af6e14174f2114be62c18f37,5.0,550.0,17.0,26.0,17.0,home_construction
10070e29929f7c7d609ee3201f236b8e,5.0,1250.0,23.0,30.0,15.0,home_construction
422f04883e19f7b9508857ca6bcaeb6a,1.0,300.0,23.0,9.0,11.0,home_construction
67c4679242adec87208d4681e66cb23b,3.0,1600.0,30.0,20.0,30.0,home_construction
089fba163d4210200710ea1103a736d4,4.0,150.0,16.0,11.0,11.0,home_construction
ca8eff1e1ee4eddf87ed932497c40c0a,8.0,1450.0,35.0,11.0,20.0,home_construction
fc22eb7bba78fd67da33c9acf162d592,1.0,3500.0,50.0,25.0,30.0,home_construction
9b6537fef0e6b345c644e019dbe8ac1b,1.0,550.0,16.0,16.0,16.0,home_construction
e4835fa9d35d4226f23380c4a7cf12ec,4.0,1250.0,50.0,20.0,19.0,home_construction
f8077831f3c3f393fb67b93c5acd8daf,7.0,750.0,16.0,20.0,16.0,home_construction
032c32a02f67b0fad495803ca810689e,2.0,800.0,16.0,27.0,16.0,home_construction
0dc88ec6b2635cd62b46f0f1d4c714ee,2.0,4100.0,27.0,27.0,31.0,home_construction
985bf2af90ac31349ca19417e2752410,2.0,1374.0,29.0,23.0,24.0,home_construction
39c1ee864a1e202ce16e57becca2f68a,5.0,550.0,17.0,26.0,17.0,home_construction
cce794ab6b84d0345332bb1910f9eb20,1.0,275.0,20.0,11.0,19.0,home_construction
2f199414628d54a778b360b5c758b78b,4.0,650.0,22.0,18.0,22.0,home_construction
a4bc259da0b7bb9a52d9dbcb9efd7fec,7.0,450.0,16.0,20.0,16.0,home_construction
bb65a8166c4bbbe6a451274925b0b3f3,1.0,200.0,16.0,20.0,16.0,home_construction
d979289e78afc0a6bee40e1f9dabe520,2.0,13900.0,40.0,40.0,40.0,home_construction
5459103ed3b2f852d267e6a70b00dc24,1.0,30000.0,40.0,79.0,40.0,home_construction
6106cd1748e2686c10094695142f7346,1.0,890.0,21.0,16.0,21.0,home_construction
0b148966d6d89f4ab8fd3472df4a8648,3.0,450.0,32.0,10.0,11.0,home_construction
20f0c3fea244885a018ecb6e263aa9d9,5.0,550.0,17.0,26.0,17.0,home_construction
c53d00b085ccb1d5efc1dd36c755e736,1.0,12050.0,90.0,20.0,40.0,home_construction
ef4f75a1e1266944f1733179e963d4be,7.0,800.0,16.0,20.0,16.0,home_construction
dd77ffae83ea4313783323ea026dbf0a,6.0,850.0,16.0,27.0,16.0,home_construction
23fa83f2ca477677a4f444043bb525e0,6.0,750.0,16.0,29.0,16.0,home_construction
ca53753a29adfe8acad27ebef2eef9fb,7.0,1050.0,16.0,20.0,16.0,home_construction
d472a70d40f4f72dfd5f6024cfc89a13,1.0,1167.0,22.0,22.0,22.0,home_construction
4c183b9527d3fc69a4d5587b11f5fced,7.0,1050.0,16.0,20.0,16.0,home_construction
ebf1c13032246ea801765e8cb5417365,2.0,30000.0,50.0,80.0,50.0,home_construction
c3cb90d6661bb30151744dab7aacb80d,1.0,290.0,17.0,13.0,13.0,home_construction
01e20e6604216c8adb31d463214ba00c,1.0,300.0,16.0,11.0,16.0,home_construction
3e9b58f1436820c248d3f98d7229bb14,2.0,250.0,16.0,11.0,11.0,watches_gifts
be1be330cf34043d1c40d6114cbd11b5,1.0,317.0,19.0,13.0,16.0,watches_gifts
ce94e3c41145e28428cdae952a1fd7f2,2.0,335.0,17.0,11.0,12.0,watches_gifts
723f62c36c298037716bf60c0ad0df3a,4.0,250.0,16.0,2.0,11.0,watches_gifts
87fb220044e9aca16fbec51c6c997aa0,2.0,250.0,20.0,12.0,20.0,watches_gifts
e0bbe6292471ff5ab3752414baf78111,2.0,500.0,16.0,11.0,11.0,watches_gifts
a1b3a75aaaee5c9a683f2266c088f720,2.0,350.0,16.0,11.0,11.0,watches_gifts
5e21d5cab5d33e770d8150a4ee6117db,4.0,200.0,16.0,2.0,11.0,watches_gifts
80fc21f90a43fdcfc623f11f5457db10,2.0,267.0,17.0,11.0,12.0,watches_gifts
d801448d8cf48fd15a66dc8779d47241,1.0,267.0,17.0,11.0,13.0,watches_gifts
b6b4ab44d1f3c2a645abbda76af2a993,1.0,1050.0,30.0,45.0,11.0,watches_gifts
d294bd539d8c70342149beb38b767afc,1.0,650.0,13.0,11.0,12.0,watches_gifts
457c5f8a59156ce6315753d8d788a16a,4.0,200.0,16.0,2.0,11.0,watches_gifts
f14aa2ba817ef24ccf7f99c0ccfab59a,1.0,263.0,18.0,15.0,16.0,watches_gifts
76fffd0056ad48fbddac939c05e05cff,1.0,200.0,16.0,2.0,20.0,watches_gifts
d899300bb0834fde956e80ce7ca0c958,2.0,350.0,19.0,13.0,13.0,watches_gifts
28f71b48a5f99f0bcf4642ae10352557,2.0,500.0,17.0,22.0,17.0,watches_gifts
ba17dd83b93da33a4483ba301644f40a,6.0,250.0,16.0,2.0,11.0,watches_gifts
4e80e5fbd1f7a5e67501d0e1573abf98,1.0,300.0,19.0,13.0,13.0,watches_gifts
5b706747080dcd34b3ebd803c25ccd65,4.0,340.0,47.0,13.0,13.0,watches_gifts
91e6a181c1ebe734ab459822cee89763,3.0,850.0,48.0,16.0,25.0,watches_gifts
af8215adef2df1e9e66642f159e81e55,1.0,400.0,20.0,11.0,19.0,watches_gifts
35255921c732e0e9319097469d856cd5,6.0,400.0,18.0,11.0,15.0,watches_gifts
25a675783383c8e0aa707b7e9063c925,2.0,253.0,18.0,11.0,13.0,watches_gifts
ba3fea9ec13fb882dda6c9e4295d9130,3.0,667.0,20.0,17.0,18.0,watches_gifts
0a2fff0d95ef3bbb7dffc618f9542ba9,1.0,283.0,18.0,12.0,13.0,watches_gifts
83ef44e104d09603c783f1cc00cff82a,1.0,500.0,16.0,11.0,11.0,watches_gifts
53b36df67ebb7c41585e8d54d6772e08,3.0,584.0,16.0,11.0,13.0,watches_gifts
97593959fc8ee0c67ac6c5a33fe61f4b,4.0,450.0,16.0,11.0,12.0,watches_gifts
d389bacae4eb98af95b782dae3b7f03a,2.0,600.0,19.0,10.0,15.0,watches_gifts
337be49673e511e2bd38d390cf57d7c4,2.0,400.0,16.0,11.0,20.0,watches_gifts
4a9947ec1fcec2b3321193ed5590e8cb,3.0,300.0,16.0,2.0,20.0,watches_gifts
148d27957e1653a2e9c8c3771f5a5a0f,2.0,200.0,16.0,11.0,11.0,watches_gifts
a7f2b139c27a47d32a6ab4529c65c134,3.0,200.0,16.0,2.0,11.0,watches_gifts
31d6f0a621ee145ae8c70304cf564483,2.0,200.0,16.0,2.0,11.0,watches_gifts
1c0b635cee597371e54d222a1d8e0386,2.0,300.0,16.0,11.0,11.0,watches_gifts
39fbb313b6c8c6cc28e358f37e3068c1,1.0,300.0,16.0,11.0,11.0,watches_gifts
0751d46ff778c72973f67da627093303,2.0,317.0,18.0,13.0,14.0,watches_gifts
6bebe9cd650ba6c55af91897a572e3d7,5.0,150.0,16.0,2.0,11.0,watches_gifts
d248fe1e952b5b5d62572369cc23ac3c,3.0,600.0,23.0,19.0,15.0,watches_gifts
8d77b937d01f4d6ca31ea084ec26fced,7.0,300.0,16.0,2.0,20.0,watches_gifts
ce776bb92d4579d4ea61c2a009a2ab67,1.0,600.0,16.0,27.0,17.0,watches_gifts
19998f21eb0c32c91d5530613a490f41,2.0,500.0,23.0,15.0,19.0,watches_gifts
06ae026e430189633c2fbd0288c86257,1.0,450.0,22.0,14.0,17.0,watches_gifts
e94d9f48ab491b190c0f0bdbd12830ae,2.0,215.0,19.0,13.0,19.0,watches_gifts
a0b4002c65e49bff2f59d5c78c95fd0f,3.0,200.0,16.0,2.0,11.0,watches_gifts
41b32e93d4f4db03491412efc40f3c91,3.0,1000.0,17.0,10.0,16.0,watches_gifts
2d27434c710806b971a721da337a112a,2.0,200.0,16.0,2.0,20.0,watches_gifts
bf06a69bb27c58156391de458700f3e7,5.0,300.0,16.0,2.0,11.0,watches_gifts
6ff2272628904adc50a60b0d755e9526,1.0,500.0,18.0,11.0,14.0,watches_gifts
2381a3052dd37f97e616bf160467acae,1.0,530.0,18.0,9.0,13.0,watches_gifts
09690382191f134e947200ccfe32f7c0,2.0,400.0,16.0,11.0,12.0,watches_gifts
a5805a2671f8bb392f3282c35e0e81d9,1.0,488.0,16.0,12.0,13.0,watches_gifts
421223eb7c20a8ca13ab3a7548e0a1b4,1.0,250.0,24.0,10.0,14.0,watches_gifts
57c9362442482cd2451f2eabf468e532,2.0,283.0,19.0,14.0,19.0,watches_gifts
6c321ed0f47858a8650f4104771224b5,4.0,300.0,16.0,2.0,20.0,watches_gifts
c316d99c0a8d01fc59bde7e88edf27bd,2.0,120.0,17.0,12.0,13.0,watches_gifts
65b96f012e6206481aeb67d31dd9b146,7.0,250.0,16.0,2.0,11.0,watches_gifts
cf40e5e0674c8f74da58b2620de88ccc,4.0,900.0,20.0,20.0,20.0,watches_gifts
f4b952dd7ab601c02bb1bd06395f45f6,2.0,1183.0,23.0,5.0,26.0,watches_gifts
fa05a3cc2d44ecc49e3e6c5a80958845,1.0,500.0,25.0,13.0,13.0,watches_gifts
1f33f54aa8e680e3d3b654539abfdcca,1.0,700.0,19.0,9.0,15.0,watches_gifts
cfb0017c91a7cdefe2ea322d504f8fa0,1.0,250.0,16.0,11.0,11.0,watches_gifts
6f67fbf87e4b17a1aa8abfe2a0ffc7e4,2.0,300.0,20.0,13.0,18.0,watches_gifts
fa92cdb881a2eab7e1f10d0ba6f42fc5,3.0,300.0,16.0,11.0,15.0,watches_gifts
0547b998c6f8893fab4ba02d5636c10f,1.0,500.0,16.0,16.0,16.0,watches_gifts
bd45d419cafca91f96772c2b59f0e0da,1.0,280.0,16.0,13.0,14.0,watches_gifts
5b1c98d30c986d084d3c312dddf35b74,5.0,700.0,20.0,20.0,20.0,watches_gifts
fa824bd872b3bfb379407d40ff3059c0,1.0,265.0,18.0,12.0,13.0,watches_gifts
7dffa5a576c3022da3db58e3b829f886,2.0,550.0,25.0,13.0,25.0,watches_gifts
8b502ca34e28d30605bc667b965b6abf,3.0,550.0,16.0,13.0,13.0,watches_gifts
f4387cd405b21509803344d044ac2c3c,2.0,350.0,16.0,11.0,11.0,watches_gifts
9d308481c717341c98ade1c35baee01c,1.0,417.0,16.0,11.0,13.0,watches_gifts
bc048769f430e8e98c07bae3108a422c,1.0,475.0,19.0,13.0,20.0,watches_gifts
f4e2ea6624e03c8734a6504f2d55331f,1.0,175.0,21.0,14.0,18.0,watches_gifts
d85c634ccca1e39041f2e692079dedf6,1.0,457.0,19.0,15.0,24.0,watches_gifts
541ebe8c106e6b65e3861b679d455d4f,2.0,300.0,16.0,11.0,11.0,watches_gifts
69523f67543ff9ea6b1a15858fb59b3b,8.0,200.0,16.0,2.0,11.0,watches_gifts
014d94f219fbff1166b9cf700eee36b2,1.0,400.0,18.0,12.0,12.0,watches_gifts
c5944369a5cc96d600713f640e46ab5e,3.0,350.0,18.0,10.0,15.0,watches_gifts
e1bbf2ca01cd51ee3d72ed663136cfd6,3.0,500.0,16.0,11.0,12.0,watches_gifts
b9c7a57c9d01c95a4dc4815e539852eb,1.0,150.0,16.0,2.0,11.0,watches_gifts
890026b4bae75bc7976e251c46c029b7,1.0,450.0,20.0,13.0,13.0,watches_gifts
0f9dbdf3289052ac7406ba5bc1b0dbc4,2.0,250.0,18.0,14.0,18.0,watches_gifts
ea000c74939d315d768282230f7c232d,1.0,800.0,20.0,12.0,15.0,watches_gifts
b944a925e8a27be5de9850445766deb1,1.0,15267.0,17.0,10.0,13.0,watches_gifts
235b4ddb049ab79478e058d0d3609bae,6.0,500.0,16.0,11.0,12.0,watches_gifts
772453e71330bbe06de41e9baf8495ac,4.0,200.0,16.0,2.0,11.0,watches_gifts
2c7619bcea25989e443487d30e0aa25f,1.0,700.0,23.0,15.0,19.0,watches_gifts
923de9294ed7069305c5e8fbbc3ea51f,2.0,200.0,16.0,11.0,11.0,watches_gifts
8d441ed10f519b5a689d263b009ebf85,3.0,400.0,40.0,10.0,25.0,watches_gifts
08922ac36480e00c6972216735d44693,6.0,300.0,16.0,2.0,11.0,watches_gifts
a848f5d152bc4b1ed01d9d231f15cdca,4.0,300.0,16.0,2.0,11.0,watches_gifts
7e48d9554094858ee2269c4ef809f50e,2.0,200.0,16.0,2.0,11.0,watches_gifts
14c60b3a54996d02ff5d0d56d2aab05c,1.0,450.0,18.0,12.0,13.0,watches_gifts
c696cd2db7870be08c37822f7c0ef831,3.0,350.0,20.0,13.0,13.0,watches_gifts
9c1acc2ea8ce833bd5ef42aff75cfb24,1.0,600.0,16.0,2.0,11.0,watches_gifts
3264eb8097906cea4af2f4a56e2447ed,5.0,200.0,16.0,2.0,11.0,watches_gifts
9b65ba680d68ae7e44234b79cb7ca584,1.0,550.0,16.0,2.0,11.0,watches_gifts
87cb507e0daa37bbf34956fd59eba832,2.0,250.0,16.0,2.0,11.0,watches_gifts
9eae0f2bc40219fa89901bf4ae275799,3.0,287.0,19.0,12.0,14.0,watches_gifts
c36b3f0e13d2e953ee290c7ded304c57,1.0,750.0,28.0,18.0,25.0,watches_gifts
d59c0d70d5a3ca1414b6798c7d939d30,2.0,600.0,16.0,11.0,11.0,watches_gifts
060e9bdedfae37724dbce0b3270d76ae,4.0,200.0,16.0,2.0,11.0,watches_gifts
8c5f61f20b013d5dbe8b2e2f7794a873,3.0,200.0,16.0,6.0,11.0,watches_gifts
77e8ff91e2cccad62b30a0a83bec431e,1.0,330.0,16.0,11.0,12.0,watches_gifts
180534717d1776626e418844a26a7c8f,1.0,1000.0,16.0,10.0,11.0,watches_gifts
8d2453bdd784cad1b09625bad27e3bd9,3.0,600.0,16.0,13.0,13.0,watches_gifts
53c3fcae1475fdd6b315e8e6ff690fb3,3.0,2100.0,16.0,2.0,11.0,watches_gifts
cde7eb02af6868b9904f1ea2c7fdfdc3,3.0,500.0,20.0,30.0,20.0,watches_gifts
0c574708dc913b3fa69635e044892864,4.0,350.0,16.0,13.0,12.0,watches_gifts
d07cd460b9d3556ab8b59d0ab7163a0c,4.0,200.0,16.0,2.0,11.0,watches_gifts
56303e28cce31802381aea252883b8b8,1.0,200.0,20.0,7.0,15.0,watches_gifts
e7d5464b94c9a5963f7c686fc80145ad,5.0,275.0,16.0,14.0,14.0,watches_gifts
3225c54bb2785c33f49f50398fcdb88c,1.0,269.0,17.0,11.0,13.0,watches_gifts
496b2ebd2cc9b8b262c9705b1f3589ea,4.0,350.0,20.0,20.0,20.0,watches_gifts
79eeb2d2e2c707454215fe450a5602b5,1.0,200.0,16.0,10.0,11.0,watches_gifts
a9a7d44cbdf7c47c958a585d66a0c3e1,2.0,146.0,17.0,12.0,14.0,watches_gifts
c89bd65c6473672b9808b1d1d4df79f9,1.0,400.0,23.0,15.0,19.0,watches_gifts
bb09b0b5f3668effd704b1b2a83cae9b,4.0,400.0,16.0,2.0,11.0,watches_gifts
4db04f1ae830079ac83e0fc9c63216a3,1.0,167.0,21.0,13.0,16.0,watches_gifts
8f5bd114ef009fccfa3fd221b6bf7465,1.0,409.0,16.0,11.0,12.0,watches_gifts
de2ac390da8e5e9cc2c6bc88d5c5357f,1.0,400.0,20.0,14.0,16.0,watches_gifts
07675856c4bfe13a38ddb23da5c3b176,3.0,500.0,38.0,12.0,38.0,watches_gifts
8264f2dcca3aa83cb217d7f09e9c8cf8,5.0,200.0,16.0,2.0,20.0,watches_gifts
283fdfa75f7a2ae01b4dec87edd065eb,2.0,250.0,19.0,14.0,16.0,watches_gifts
efef7693f29ade58f93ae5af15e7fa18,3.0,400.0,19.0,10.0,15.0,watches_gifts
b047c3de5919c05d6aa9e3ba5494b993,1.0,350.0,16.0,12.0,11.0,watches_gifts
05aed8abae327b8ffd61bc5255566bcb,1.0,288.0,18.0,12.0,14.0,watches_gifts
02f8dd9b448d3ec2c73e65a22da1121c,1.0,250.0,18.0,9.0,17.0,watches_gifts
7c0ff36de8af6f43eabd036729ff64a1,8.0,100.0,16.0,2.0,20.0,watches_gifts
12e479f1c2c0417147a3e36302485e30,1.0,400.0,24.0,8.0,12.0,watches_gifts
57f2bc497c1a3ebe41ba7a06d78ed159,4.0,250.0,16.0,2.0,20.0,watches_gifts
27152d405eaca93403563ce6acfccfa6,3.0,900.0,23.0,15.0,19.0,watches_gifts
1cc7fc7841f9dacfbb9ec2a43276bf5f,1.0,350.0,18.0,9.0,14.0,watches_gifts
abaa4c2633cbc40dda16b575531db57b,1.0,500.0,20.0,12.0,15.0,watches_gifts
f5aabe40f3dfd95db498f07a13919204,2.0,1100.0,30.0,15.0,30.0,watches_gifts
07b6a3b7bd0e9c54119f7c679edccca4,1.0,400.0,16.0,11.0,11.0,watches_gifts
c1ad8ac66c91ad301cefc322ba2adf31,2.0,757.0,19.0,14.0,15.0,watches_gifts
710e89a75e7f980a83c21d9f884ae13a,6.0,300.0,16.0,2.0,20.0,watches_gifts
f2a286e75c6c6022c0e7242e12a39079,2.0,140.0,16.0,14.0,14.0,watches_gifts
18e2f2853af64a5c039fb829e8609da1,1.0,600.0,16.0,11.0,11.0,watches_gifts
48b61c49e5be4efe8b3247569ed59332,1.0,1000.0,16.0,10.0,11.0,watches_gifts
994f625d5c932719310d0a2f43acc714,2.0,280.0,16.0,7.0,14.0,watches_gifts
33cd5581eb3d0497d9af68a34603ec7e,1.0,400.0,28.0,10.0,18.0,watches_gifts
729a75e5cb63f785e67ebd8c44a5c0ee,1.0,350.0,23.0,12.0,15.0,watches_gifts
4c88eca6c1faef5911374843849bd577,1.0,287.0,18.0,13.0,14.0,watches_gifts
f3466e14c29ba0ba18ff6362c94ecdfa,3.0,560.0,18.0,11.0,16.0,watches_gifts
9df7a56fa4352899fa6976c54a35ae3a,2.0,400.0,16.0,11.0,11.0,watches_gifts
eccec1984cb1d214cc91f3168b113958,3.0,200.0,16.0,2.0,11.0,watches_gifts
64e296f9cbda172ddde4c59be4bb1120,1.0,500.0,23.0,16.0,16.0,watches_gifts
f6c0bce2838cf1bdab4958c4cb8b946e,1.0,233.0,17.0,11.0,15.0,watches_gifts
062d69b626c072fa369799d0018c95d7,4.0,6750.0,46.0,20.0,44.0,watches_gifts
5ed8f8ea5365a7ac8c451e7c8e836231,1.0,521.0,18.0,11.0,14.0,watches_gifts
025249b91a565601dc1b8f47ee7a230e,2.0,500.0,16.0,13.0,13.0,watches_gifts
b84a91f1e58b1f44daf3a9b74a83f1d8,3.0,400.0,19.0,15.0,20.0,watches_gifts
24648c567b1a06a750a8042a774ba5c9,1.0,400.0,16.0,12.0,12.0,watches_gifts
e89d73f0944595de1d84663f975ae7b4,2.0,325.0,19.0,8.0,14.0,watches_gifts
78c4f2e6da6786ab39f8806a75c3db33,2.0,240.0,19.0,13.0,19.0,watches_gifts
aaac8216e02ae792b8d28c6bead83ee6,2.0,200.0,16.0,2.0,11.0,watches_gifts
1a71a941d0691bd3d15ee51d5fb3b11b,1.0,530.0,17.0,12.0,17.0,watches_gifts
c7e721eda335285746c694e6c408949b,2.0,331.0,19.0,13.0,13.0,watches_gifts
8db4ee0e7e76083bd7d2d8ba3085b3a2,1.0,100.0,20.0,7.0,15.0,watches_gifts
ae3f37bc85b67a251d32862062d3c70b,1.0,250.0,16.0,15.0,15.0,watches_gifts
058453fe8a9473eceee27349de3b38ac,3.0,750.0,48.0,16.0,25.0,watches_gifts
de75785dc5be712c4d4ed4ec5b422ce1,3.0,550.0,20.0,16.0,17.0,watches_gifts
737ee9efa4782433c69fb8d80e925dde,1.0,250.0,40.0,10.0,25.0,watches_gifts
094db48c531e5ce423c4b908ea96535c,3.0,1700.0,31.0,5.0,31.0,watches_gifts
3f31ad7df5482b3e8fcaac6ea060574f,2.0,200.0,31.0,4.0,13.0,watches_gifts
9a07babc9b1d5d84b1e2422f8b55fd42,1.0,475.0,26.0,13.0,16.0,watches_gifts
3cfbc83ded5aa170816cc18cdb5d4188,1.0,400.0,20.0,13.0,13.0,watches_gifts
c756c946d61f5ffc068418badfb6302c,8.0,250.0,16.0,2.0,11.0,watches_gifts
8805dd9f1994bee68f2e1351c5e64f26,1.0,500.0,20.0,14.0,18.0,watches_gifts
41c24b8ce92d1a2cac62db5edfd088b2,1.0,314.0,18.0,11.0,14.0,watches_gifts
7b66b19cf13720604859bcd8c48c0dab,6.0,250.0,16.0,2.0,11.0,watches_gifts
5379d3a11f5e58c31f2de3ea3330777b,1.0,288.0,16.0,9.0,13.0,watches_gifts
5320227c4bd28373213316b78f0f0b44,2.0,200.0,16.0,11.0,11.0,watches_gifts
8368aba9a583e38eb9db42881c92c473,3.0,500.0,23.0,15.0,19.0,watches_gifts
7668d66f068c135ede2c919c2be31563,1.0,400.0,16.0,11.0,11.0,watches_gifts
22dcd61aae0f6d1acc992914bc67a0e5,2.0,300.0,40.0,10.0,25.0,watches_gifts
855f69302e4d53ea69972cb1946a08a0,2.0,200.0,16.0,2.0,11.0,watches_gifts
6d8f2ccbced01ba3165048d784a5cf0c,1.0,200.0,20.0,7.0,15.0,watches_gifts
835c3918777f6ad40fea5150f5ba0cfb,2.0,400.0,16.0,11.0,11.0,watches_gifts
9d46bfe46a9812f451dfbd861f711759,1.0,450.0,23.0,8.0,16.0,watches_gifts
1eb5b06a73df439c29be30c762965ce3,1.0,900.0,23.0,15.0,19.0,watches_gifts
936a034fe3b07b7ae7c87fc8ceb0749d,4.0,450.0,16.0,2.0,20.0,watches_gifts
de29e502ba5174dcddbd4da728616533,1.0,700.0,16.0,2.0,11.0,watches_gifts
19d0b759f7630539873b280839cddfa4,1.0,328.0,20.0,14.0,18.0,watches_gifts
c10a7001e8b49dfc03817444b5f2ed81,1.0,500.0,16.0,2.0,11.0,watches_gifts
7faa2f80dd4c483a89f204c073c5b447,3.0,400.0,17.0,12.0,12.0,watches_gifts
0eb14dca77e29c41da121dfa88b4b0ea,5.0,200.0,16.0,2.0,11.0,watches_gifts
2805706c5fde90cdec740394a68ee707,1.0,417.0,19.0,12.0,14.0,watches_gifts
81fa3a54b696e8510a2f5cd69b29337d,1.0,375.0,20.0,12.0,13.0,watches_gifts
200eaffedd57c444ee6cd8ee8644039d,1.0,525.0,23.0,6.0,21.0,watches_gifts
7988cff50cb75e08e6b68640b19e55aa,1.0,576.0,20.0,13.0,17.0,watches_gifts
e9e425171123c1c10c30c2c7379b9544,1.0,950.0,21.0,11.0,15.0,watches_gifts
526f833e1eb0a32ad9351145a761b9ab,2.0,250.0,16.0,2.0,11.0,watches_gifts
eb40735d540d6ccdfb0b74782ba065dc,3.0,700.0,19.0,9.0,15.0,watches_gifts
9207d6b9c76ea46cbc5b101a23293cc2,1.0,198.0,16.0,13.0,13.0,watches_gifts
2cbc1ae9dc8c4d81b096db0ee01ae0e6,6.0,200.0,16.0,2.0,11.0,watches_gifts
3096d513ef378c2f6b32b7f4f42a471a,4.0,400.0,16.0,2.0,11.0,watches_gifts
da9897a610529d3139497d3bd8bbccb0,3.0,770.0,26.0,13.0,26.0,watches_gifts
17fe399dea1627d099a67438b3d562a7,3.0,300.0,16.0,2.0,11.0,watches_gifts
04af9f3af5c6afc4eece909c25330934,6.0,200.0,16.0,2.0,20.0,watches_gifts
83305c6ed635e62d461539dae8a11487,1.0,300.0,16.0,2.0,16.0,watches_gifts
387db3d5d5b6b826e84c8bf648f371e5,2.0,300.0,16.0,11.0,11.0,watches_gifts
7dcc6211778e584131cd6067555e8a5c,1.0,300.0,16.0,12.0,12.0,watches_gifts
a292d92a81d07fd02745d5fb6542e14a,1.0,200.0,16.0,11.0,20.0,watches_gifts
00df6fc5f33cc3f7ceec4ec6337d9cd7,3.0,500.0,20.0,15.0,17.0,watches_gifts
d824970b558d811cdcd98a4830cf1478,1.0,500.0,16.0,11.0,20.0,watches_gifts
cce55549bb816a12eba7ddfd637a961d,4.0,300.0,16.0,2.0,11.0,watches_gifts
64b4f32393cbf55be791078e7a2adca0,1.0,50.0,16.0,8.0,16.0,watches_gifts
fc4e529d4121c3f5ced63c2ad05fb2d2,1.0,400.0,21.0,14.0,14.0,watches_gifts
66d92b0c49af34728904a73c26e9e59a,1.0,450.0,16.0,19.0,14.0,watches_gifts
1305c16a9228b89ed9dc201c20df2363,2.0,500.0,16.0,11.0,11.0,watches_gifts
bc80cffca0c4d1c7769e7b253c5cc547,1.0,375.0,21.0,15.0,16.0,watches_gifts
dce8ae5ccc379f3de517423fccda65cb,3.0,178.0,16.0,12.0,11.0,watches_gifts
0127db1f4effcf8f5b88d80588bc5624,1.0,200.0,20.0,7.0,15.0,watches_gifts
65680a7e713d50001948661c2b252f37,2.0,275.0,16.0,11.0,11.0,watches_gifts
ba7e06201e60d29279c7f11d689792bb,2.0,325.0,18.0,13.0,16.0,watches_gifts
e801441171ec3eaf3bbb86d6ba6fc9af,1.0,275.0,17.0,10.0,12.0,watches_gifts
7810b42c3450a044431d95c59c00b600,1.0,367.0,19.0,13.0,19.0,watches_gifts
10f2f7707444b16ab90c38797c095336,6.0,350.0,16.0,2.0,11.0,watches_gifts
66f1a8d90992af09e58ab4e0496054ea,1.0,283.0,18.0,14.0,14.0,watches_gifts
4b2e8d0baa7e0e7483c8bfe1dc33e406,2.0,300.0,16.0,11.0,20.0,watches_gifts
a214ec4881cfa50f718046bdc15c6a22,2.0,200.0,16.0,2.0,11.0,watches_gifts
be4cd8597e81008f1372c387f620e0a9,1.0,450.0,18.0,12.0,14.0,watches_gifts
f50c70e94e7b173b135c3cab35201f37,2.0,2850.0,41.0,35.0,48.0,watches_gifts
87178532ea55e247a0cac93f4126e96a,1.0,200.0,20.0,5.0,15.0,watches_gifts
27dd6092aaf2627e39331ad9823b5ebf,2.0,300.0,16.0,16.0,11.0,watches_gifts
a3e8ee20df0f969f2cb0c5ba01e1c40a,2.0,3900.0,16.0,4.0,16.0,watches_gifts
8c0fd3e89ebf51f2fcff46abbc4eca05,3.0,500.0,38.0,12.0,38.0,watches_gifts
69455f41626a745aea9ee9164cb9eafd,2.0,501.0,18.0,13.0,14.0,watches_gifts
d5aca74039d8803e8a1085e419720c95,3.0,450.0,18.0,23.0,18.0,watches_gifts
1b474c650cb9407d32a1e066937b68fd,3.0,381.0,18.0,12.0,15.0,watches_gifts
9701d977eb68896a77f4095dca55dbcc,2.0,225.0,20.0,12.0,13.0,watches_gifts
2e9575efe2eb834f5673cb75df8537f9,2.0,210.0,18.0,12.0,17.0,watches_gifts
eb356ef61e2262adcadc023b9522609d,3.0,200.0,16.0,2.0,11.0,watches_gifts
a86bf954ba3a0e7e31f2b6dc5267212b,1.0,700.0,20.0,13.0,15.0,watches_gifts
f5f1ce81676b7ce780092a7b8d9135b4,1.0,275.0,18.0,9.0,12.0,watches_gifts
cef4f90ce027751d3acd18e554ca3e4c,4.0,1400.0,33.0,10.0,33.0,watches_gifts
48f9072e368f7d7a924a4290c84121a5,1.0,350.0,16.0,12.0,11.0,watches_gifts
017e3ffa31fcd2f8061fa66a9e486381,2.0,700.0,19.0,9.0,15.0,watches_gifts
3ef588bfd98e3e3a65ab2478b5b32824,3.0,300.0,16.0,11.0,11.0,watches_gifts
3f1a72ca5261f897ba5ec6370f37151b,6.0,547.0,21.0,12.0,16.0,watches_gifts
e21af3d371523b2d9543645d3564a873,2.0,400.0,16.0,11.0,20.0,watches_gifts
a8385505c3cdcbf7c6acdf0e946d89c8,3.0,440.0,18.0,14.0,17.0,watches_gifts
99e5bb4c663a917790930e48d65a8087,3.0,153.0,17.0,11.0,15.0,watches_gifts
31f818fab5ba17c1c2f9b25b33630145,1.0,250.0,16.0,10.0,11.0,watches_gifts
41402af2a88247152583bb812ba235dd,2.0,533.0,20.0,8.0,11.0,watches_gifts
a9568a13a4077638b75b8a64bc4818bc,2.0,160.0,18.0,12.0,17.0,watches_gifts
4a7e6e413022cde06218faa2853e2adc,2.0,500.0,16.0,11.0,20.0,watches_gifts
2343570575e2990224008969445d7402,2.0,100.0,16.0,3.0,11.0,watches_gifts
6fc28511c465f5eb21a83573c9f3d29c,1.0,325.0,25.0,12.0,23.0,watches_gifts
81f2207ce3ae8962616872cb75497dd2,1.0,22175.0,19.0,9.0,12.0,watches_gifts
45dc67310ca176b5df98262187d7bf41,8.0,200.0,16.0,2.0,11.0,watches_gifts
80d7f196d2d484ced59663c82b434174,2.0,850.0,33.0,17.0,12.0,watches_gifts
5403528d987ad26e8d7cb25940411987,3.0,250.0,16.0,2.0,11.0,watches_gifts
f5ea43ddacb6538655583a8f51a12799,4.0,1650.0,42.0,10.0,42.0,watches_gifts
9cafcacd991a72be85d1970013b8204e,3.0,850.0,48.0,16.0,35.0,watches_gifts
463cdd8acfe23847f35e29076df0bbbd,3.0,550.0,16.0,16.0,11.0,watches_gifts
c6edce374ec89184d740f3e674add5f4,3.0,860.0,22.0,14.0,17.0,watches_gifts
ff55834c0b3272853dfe62340f2bb91b,4.0,250.0,16.0,2.0,11.0,watches_gifts
644c433cb1ef2cc92f9502a618c371be,1.0,417.0,18.0,11.0,12.0,watches_gifts
d3257d83b50d04301c9d969a0e2ec4ee,4.0,250.0,16.0,2.0,11.0,watches_gifts
7e786406ac65b91c288fe2be1d93bddc,2.0,400.0,16.0,27.0,17.0,watches_gifts
6b7b5d0adc9be5fa4c0e68c102dd51b4,2.0,600.0,18.0,18.0,16.0,watches_gifts
ca00f42e51fa8b6226d4c57ef6557967,2.0,350.0,19.0,13.0,13.0,watches_gifts
66e0e2eae7c7ea6eae5a004c80a22bc2,3.0,700.0,23.0,15.0,19.0,watches_gifts
42a2efd39155b59e16bac90081495285,1.0,348.0,18.0,11.0,15.0,watches_gifts
965ed8ce606fae58ee076e77023d9a0b,2.0,300.0,16.0,11.0,20.0,watches_gifts
d77d27463e13ef595de73237c5eee684,4.0,200.0,19.0,13.0,13.0,watches_gifts
01365901d8f2247976a7e5d4c98c52c0,6.0,250.0,16.0,2.0,20.0,watches_gifts
5e5d267a41f3d8bb608c2f0bd4b4972f,1.0,357.0,17.0,12.0,16.0,watches_gifts
4a7dffba3ac0ece48b8fb8511ea672eb,3.0,850.0,48.0,16.0,35.0,watches_gifts
d1f69b1b509a6f4e1fdca33101625bc8,10.0,750.0,30.0,30.0,30.0,watches_gifts
15c53c3819865dc1083cf45b3b888b43,5.0,280.0,30.0,30.0,30.0,watches_gifts
66f7f8d449192024900375fad770d864,3.0,650.0,20.0,15.0,17.0,watches_gifts
dc52f0f5d3ec37a93eaf956cde4e5d2c,7.0,400.0,16.0,2.0,20.0,watches_gifts
d7db906531fe298de06721345a86828e,1.0,342.0,18.0,12.0,12.0,watches_gifts
6413f8d0daa3a38887a14917589e7da5,2.0,225.0,18.0,8.0,19.0,watches_gifts
924b2122bcd5d6eb53d37a167d3b1d47,2.0,250.0,16.0,2.0,11.0,watches_gifts
7d04659ff78e0f7d991e8b699b5e5c3e,2.0,267.0,16.0,17.0,13.0,watches_gifts
6781eab14bf137c9a168c67a29c92c29,2.0,481.0,18.0,13.0,15.0,watches_gifts
101a896b1137f70a7bbb2b9fac61458d,1.0,342.0,17.0,9.0,12.0,watches_gifts
43423cdffde7fda63d0414ed38c11a73,4.0,350.0,16.0,14.0,11.0,watches_gifts
39478306951bbc2bdafa47682ce2ea10,3.0,250.0,16.0,2.0,20.0,watches_gifts
28c95d7653177449fd4b6fc7adb63ce9,1.0,450.0,18.0,11.0,14.0,watches_gifts
2644ba2d059f5ddf0520e34db25fb62d,4.0,400.0,16.0,11.0,12.0,watches_gifts
1817be76e48588632c33c4f112a79426,2.0,283.0,20.0,13.0,20.0,watches_gifts
d8b66f40733554b25f9c67fdcf2b0928,1.0,617.0,22.0,10.0,12.0,watches_gifts
2ffdf10e724b958c0f7ea69e97d32f64,1.0,263.0,17.0,12.0,13.0,watches_gifts
956d19f9b8366d1675cc4ffd0bf10d87,5.0,400.0,16.0,11.0,17.0,watches_gifts
b9a248fd2814f6564a158c8f3c2b1db3,6.0,200.0,16.0,2.0,11.0,watches_gifts
a66741dadc49ea50d8be970d494d69be,1.0,600.0,19.0,10.0,15.0,watches_gifts
e53439e32b15b04bee8c938b0b85b605,1.0,285.0,22.0,6.0,15.0,watches_gifts
ebcefe0202e6d4a7a3a115397fe0f78c,2.0,270.0,18.0,9.0,12.0,watches_gifts
7e775daffa00892bdd6b7672e05dd31d,2.0,438.0,19.0,15.0,18.0,watches_gifts
8b10d9525f4806f9a1e9d1665506ab4f,1.0,800.0,19.0,9.0,15.0,watches_gifts
6fd29b4c024c598e9339e67a7469be43,1.0,225.0,28.0,10.0,18.0,watches_gifts
60184212dae4e6b0da32bf54271a8c4a,2.0,394.0,17.0,11.0,14.0,watches_gifts
664e6b2966fbf2ba213de566c311cd58,3.0,330.0,18.0,12.0,14.0,watches_gifts
9d8c8d53d7b90fb79d5cda8acae81b4a,2.0,240.0,16.0,11.0,11.0,watches_gifts
1190eb246390ebf377a858260f546a98,1.0,500.0,20.0,13.0,13.0,watches_gifts
dd1247b741df1771259ee7beb0e4b8fc,4.0,200.0,16.0,2.0,11.0,watches_gifts
4910917f05092f331bf3a477f791cc01,2.0,250.0,40.0,10.0,25.0,watches_gifts
a327459c8e093ebc3666c0c6ff842589,1.0,270.0,16.0,8.0,11.0,watches_gifts
e3425df9bd51be69917273c9dd92ed5e,2.0,733.0,17.0,10.0,18.0,watches_gifts
97e867dc91da58c5fd89d77372c9dfa4,2.0,400.0,16.0,11.0,12.0,watches_gifts
9963a54f50b2db19fb8ad3297d087f03,1.0,200.0,19.0,10.0,15.0,watches_gifts
1ee3d206670e9b58fefad84442e2f265,1.0,400.0,22.0,14.0,27.0,watches_gifts
052413504e5295cd66ec4ced0b310062,1.0,165.0,16.0,10.0,12.0,watches_gifts
dd469c03ad67e201bc2179ef077dcd48,3.0,400.0,19.0,9.0,15.0,watches_gifts
21addb589dd9cf0c658177579dd2e99d,1.0,283.0,22.0,13.0,20.0,watches_gifts
dac3640f6d34332e47555c0f1c5cad27,1.0,333.0,19.0,10.0,17.0,watches_gifts
fcf41b0fb1a95c8f66330d698d55a532,3.0,250.0,20.0,16.0,12.0,watches_gifts
d79c712e7afe8f0fd59b749ee1e4fc97,8.0,250.0,16.0,2.0,11.0,watches_gifts
af532b7b70d7b3c1a2f042eb10fed9be,2.0,235.0,16.0,14.0,14.0,watches_gifts
ad251378b8a5df8ebfca21e28cc01d6f,1.0,250.0,16.0,11.0,11.0,watches_gifts
661b9f45d2c7838b67a935446b8a8fd7,3.0,200.0,20.0,8.0,11.0,watches_gifts
dec4cd5561ffdae063f94385555a5683,3.0,1000.0,27.0,15.0,25.0,watches_gifts
c36100652b59546fcd8fff467dc29519,2.0,140.0,18.0,16.0,16.0,watches_gifts
04867a0efbf0779b221235559860b9b8,4.0,150.0,16.0,2.0,11.0,watches_gifts
d57afe143925aa9890073159f1e99ad2,1.0,250.0,16.0,2.0,11.0,watches_gifts
432f8a18d8c5b519bf3860e2f32c3273,3.0,800.0,18.0,12.0,19.0,watches_gifts
30c9836b54b1f5702a078b5b6c63db07,1.0,450.0,19.0,13.0,13.0,watches_gifts
19fde409ed843f30b4bc54739121bf7e,1.0,505.0,18.0,10.0,13.0,watches_gifts
e8ac63e69971f9cf0bd7a7f78b8841ab,5.0,450.0,16.0,2.0,11.0,watches_gifts
920bf581fe574693cfaa6ed89a4037be,3.0,1000.0,16.0,2.0,11.0,watches_gifts
38faaf77a4cd4dfb50ea8512e66285b0,2.0,500.0,19.0,9.0,15.0,watches_gifts
a437d4e13afed02d510ea08321cdc5b7,1.0,500.0,21.0,16.0,17.0,watches_gifts
cc355167431c600415628883f63f9da5,3.0,300.0,16.0,11.0,12.0,watches_gifts
321c788deb64e03c83312213e1ddc6f4,1.0,550.0,20.0,11.0,16.0,watches_gifts
8d74ab7fa8889c222b25920a6ad9d7bb,3.0,300.0,22.0,7.0,14.0,watches_gifts
6a02077065f9af692480ab01fbff66d2,1.0,200.0,16.0,16.0,11.0,watches_gifts
93709a210f8c878e1d9b12ff28580f2e,2.0,400.0,16.0,13.0,13.0,watches_gifts
ed836edc15625c202f6ba85dbbe95c3a,3.0,200.0,16.0,2.0,11.0,watches_gifts
6a9678c02c9aaec51699e995ab18e48f,2.0,333.0,18.0,11.0,12.0,watches_gifts
fdc1340be043a0e6807741d687fc1cd4,1.0,200.0,16.0,11.0,20.0,watches_gifts
de3f078dec217fe7b864a4bb912fef7b,4.0,300.0,16.0,11.0,12.0,watches_gifts
f683f3a5d367251ac1a86404f15615b5,7.0,700.0,16.0,2.0,11.0,watches_gifts
854dea7019a248cec54711ded4744e30,2.0,375.0,16.0,8.0,11.0,watches_gifts
6cd0d08f09a8b32450fd32de16265a74,1.0,416.0,16.0,7.0,12.0,watches_gifts
35f2f253dd0f52362515bb0394741a84,2.0,900.0,16.0,11.0,11.0,watches_gifts
cee7741dd613113d6b633ba89444d34e,2.0,217.0,18.0,14.0,14.0,watches_gifts
63e0fba310acec294c78c0ad6e3d0e4a,1.0,275.0,22.0,12.0,16.0,watches_gifts
c385f0d5cce61cecdc14eb82cddf1a3f,1.0,678.0,20.0,14.0,18.0,watches_gifts
cc01f8e6114f2ff5a829ccc55d62f132,1.0,500.0,24.0,12.0,16.0,watches_gifts
cd01322dc5017823eaa0744292c193cf,1.0,255.0,18.0,11.0,14.0,watches_gifts
991f1f8e716895c2875d3e98dc961d42,1.0,638.0,20.0,16.0,16.0,watches_gifts
7e600046d3d96275f37f05d94b8c7821,1.0,433.0,19.0,14.0,15.0,watches_gifts
c7dd80b25977a47ab7ca338ec01aacda,3.0,250.0,16.0,2.0,11.0,watches_gifts
44612c61c35b16f7b7e88dadcebf096f,1.0,400.0,16.0,12.0,13.0,watches_gifts
874662e6b58fb0dcde2888d40046c6e6,5.0,350.0,16.0,11.0,12.0,watches_gifts
4e064cdbe4079c84a33181a96cf5609b,3.0,200.0,16.0,2.0,11.0,watches_gifts
951098957e7871bfeab769de5e3871a8,1.0,800.0,22.0,14.0,13.0,watches_gifts
b042d2cd76f1dc3b25fd3e81e35d406c,2.0,250.0,16.0,2.0,11.0,watches_gifts
11da471af2f5c0214e3d5fd7433a6350,2.0,850.0,35.0,17.0,17.0,watches_gifts
9f75358fa2d94f1d0caaa37653db5775,2.0,1800.0,30.0,38.0,13.0,watches_gifts
29af47aaefb3a7a8bc5b00d008cdba89,1.0,525.0,18.0,8.0,12.0,watches_gifts
7d018f8e4f93213ba7ad276e25fe20b1,2.0,350.0,40.0,10.0,25.0,watches_gifts
8b5227e28272123eefd613a10ffd7704,3.0,820.0,18.0,12.0,16.0,watches_gifts
c5b72065154ec27c2d1ed8a654c3348f,1.0,416.0,18.0,9.0,13.0,watches_gifts
3ac5a9834cdb5e3a4e47c3535adbff74,1.0,350.0,20.0,13.0,13.0,watches_gifts
53e5ab849cd05746afa487fb57fa8271,2.0,500.0,16.0,11.0,20.0,watches_gifts
f72c05c5dadc3a4e05bdc5a92520f66e,2.0,275.0,19.0,13.0,13.0,watches_gifts
2e810f124ff7668bc1ea0d1953aaacd2,1.0,337.0,16.0,13.0,13.0,watches_gifts
e6cca1e56d395424edec4a6346b5d4d0,2.0,500.0,20.0,12.0,15.0,watches_gifts
10335f29114548c89998eb43398f58e5,5.0,250.0,16.0,2.0,11.0,watches_gifts
0c0fa42ae97a4bffaa0eb85df580be3b,1.0,250.0,18.0,13.0,14.0,watches_gifts
32cb6749793d719633c12cfa2df51268,2.0,200.0,20.0,7.0,15.0,watches_gifts
1e297be46cfe3e932c4faf1c0ae329a2,1.0,800.0,18.0,10.0,17.0,watches_gifts
3077f3765ee2f3471ddc0f6d8f007eac,2.0,600.0,22.0,4.0,11.0,watches_gifts
6d8096ca93caea3416a6b24bf411bc86,2.0,250.0,16.0,11.0,20.0,watches_gifts
d47591e510ca45b6546c65973f772643,4.0,200.0,16.0,2.0,11.0,watches_gifts
3d12e183e36b23b6c30ce4bf2152fbf0,3.0,275.0,16.0,8.0,12.0,watches_gifts
346b164b843475e78b18db900c65231c,1.0,800.0,21.0,14.0,14.0,watches_gifts
df480c7d3f979093ac4c2d1109e78289,3.0,475.0,19.0,15.0,15.0,watches_gifts
add32d15ff7c76396b982686227d9553,2.0,500.0,23.0,15.0,19.0,watches_gifts
eeb3aad24862b02e530ea02b01df4f7f,5.0,250.0,16.0,2.0,20.0,watches_gifts
c8fe6d20891a028383071e2e0902bd05,4.0,425.0,18.0,12.0,14.0,watches_gifts
8cd1fa74f1b7e9cd6e7c574607081522,4.0,300.0,16.0,13.0,13.0,watches_gifts
2ff17002562478fb03cd44f09e7ca51a,1.0,283.0,18.0,14.0,14.0,watches_gifts
368343a35b2e888dae4f3f831d22437a,2.0,300.0,16.0,13.0,13.0,watches_gifts
bdb398ac06c2ed352859d8f8cf2f713c,1.0,338.0,21.0,14.0,20.0,watches_gifts
5aeece828f56fe1d486e1c5e6a7cb61c,2.0,250.0,16.0,11.0,11.0,watches_gifts
8a7a92a0e4e5abcbc90117424507bb7d,5.0,550.0,16.0,2.0,11.0,watches_gifts
9686ff1a707a2d304c547f82535c5ee5,6.0,200.0,16.0,2.0,11.0,watches_gifts
4f915391faab8ae23c234735d5080c31,1.0,401.0,17.0,11.0,14.0,watches_gifts
89e30d3452ed2e7f8d86803da7954f05,2.0,300.0,16.0,11.0,11.0,watches_gifts
8e4ddd0db3411d756ce077eb15a63272,2.0,320.0,18.0,11.0,14.0,watches_gifts
48ec266dc99725679f820e6609801800,3.0,375.0,20.0,16.0,18.0,watches_gifts
faee2618c7ace750fb300ac45fddaa74,1.0,350.0,19.0,11.0,16.0,watches_gifts
0a6a7cf8399cca39fa6289175e95badd,3.0,700.0,20.0,15.0,18.0,watches_gifts
7013c4044b589394a00c46db7354ddf0,1.0,308.0,18.0,12.0,13.0,watches_gifts
9a075ce513162a3fb49c28aa1b6be52a,1.0,450.0,20.0,11.0,15.0,watches_gifts
1d65224f1873af4a773096f47b5f6727,4.0,300.0,16.0,12.0,12.0,watches_gifts
64c4be74246020cfdc5124eb48c75f10,2.0,440.0,19.0,13.0,15.0,watches_gifts
ebadaf46edd2849cbc47c97f99543604,1.0,125.0,18.0,11.0,14.0,watches_gifts
9a1671211dbf49fd18dd1bd16cff632d,1.0,400.0,18.0,12.0,18.0,watches_gifts
668c1d83312f239e50994fbb06aeb4dd,3.0,305.0,17.0,12.0,15.0,watches_gifts
5a49f099263e18cab64382c04cb76883,1.0,467.0,22.0,13.0,17.0,watches_gifts
7cfc7d7ac63cfc985e69de48664bc07e,1.0,450.0,16.0,16.0,16.0,watches_gifts
541e61e8b040cedf91222bb991955748,1.0,316.0,17.0,11.0,12.0,watches_gifts
21f3c02a56cb1c530fd3c87a858c562b,2.0,260.0,17.0,12.0,12.0,watches_gifts
188726239018149882525f46706b9bd7,1.0,6213.0,22.0,14.0,16.0,watches_gifts
5f315c482ee138f3766f5a9169f16ba6,1.0,250.0,16.0,11.0,11.0,watches_gifts
9c4a4597e2a9508d9e9f329fb27650b8,1.0,600.0,18.0,9.0,15.0,watches_gifts
0f370babdc8148e1dd9d4bfc3235982a,4.0,200.0,16.0,2.0,11.0,watches_gifts
78fad3f4efdb56669eb01fbabfe93b44,1.0,850.0,18.0,12.0,15.0,watches_gifts
c98141af5de0ad24a74753a12a9eb40b,1.0,350.0,18.0,12.0,16.0,watches_gifts
315affd5901833621c947264eb9f2588,2.0,300.0,16.0,11.0,11.0,watches_gifts
381402fe1e8aa91c45f813615ab5a596,1.0,400.0,16.0,11.0,20.0,watches_gifts
7ccf77a35a771800776f1cdcb41b6f97,1.0,383.0,19.0,12.0,15.0,watches_gifts
3b53b6b3ce85cb52f521117e354480db,1.0,350.0,16.0,12.0,11.0,watches_gifts
9d641daeb448e6a915e1f81234d4cd33,1.0,350.0,21.0,14.0,14.0,watches_gifts
40776699299c733bc0fdbbebdbe8b9cc,4.0,300.0,16.0,2.0,11.0,watches_gifts
9e8a8f0d5433b6dd46b98108d9ea27f0,1.0,375.0,18.0,12.0,13.0,watches_gifts
fdc7b4c1ee3b0ba0c649a3147d039983,3.0,450.0,16.0,12.0,11.0,watches_gifts
13c8a969d76a40d50cced2746fd71843,2.0,1400.0,32.0,7.0,32.0,watches_gifts
fe02ad514379012c6a31b62741a3a9d4,3.0,600.0,18.0,8.0,13.0,watches_gifts
8d7a78b702d2a089195118b7f79b7b29,1.0,700.0,16.0,11.0,11.0,watches_gifts
d2a6a1234a2a54138b50cfea40992d78,1.0,700.0,21.0,14.0,14.0,watches_gifts
f081174cf4cde1e4f75cd45b4518bbe6,2.0,191.0,17.0,15.0,14.0,watches_gifts
b37bba85dd6a58ebb520e4b8c00dcf6e,2.0,300.0,16.0,11.0,11.0,watches_gifts
47d6209a0b169cc800b0a45a9127d2f2,1.0,550.0,16.0,2.0,11.0,watches_gifts
8bef2f3e34f2cc22c908921e6e9eebee,4.0,250.0,16.0,2.0,20.0,watches_gifts
907539b8216ca1250e5e974b4047699d,6.0,500.0,16.0,2.0,11.0,watches_gifts
b914a18d4547eff292fedeccc82faec6,3.0,800.0,19.0,17.0,18.0,watches_gifts
d3e38ef1760a26d888e58942e16b0a70,1.0,500.0,18.0,12.0,17.0,watches_gifts
74a540bb7912e04aa9380812dc1fb048,1.0,375.0,18.0,11.0,14.0,watches_gifts
cd74b22e441a1149c4b94faee78becbb,3.0,500.0,18.0,13.0,16.0,watches_gifts
a8689b01f296bed129a12180ceb44b0a,1.0,300.0,16.0,11.0,11.0,watches_gifts
20332c1e41e427864b3561a657caaf0d,1.0,700.0,16.0,12.0,12.0,watches_gifts
8175f5b59bb3ab62f5cb114699fcc682,3.0,500.0,23.0,15.0,19.0,watches_gifts
bf467e0b677a9c83c0c71fc3b8f6f7d6,2.0,275.0,16.0,11.0,11.0,watches_gifts
569216db5e4a857c4056614de975617f,2.0,600.0,21.0,20.0,17.0,watches_gifts
f5658e149ba52ed798f5c8d00c038a7c,2.0,300.0,16.0,11.0,20.0,watches_gifts
555cdc8ae3abc9870afa02367539b799,1.0,250.0,16.0,2.0,11.0,watches_gifts
606b5bf4a5c5ac2f72196afa18b77d3d,1.0,550.0,16.0,11.0,11.0,watches_gifts
9cf46f1d4af935182cc2fa4690a77a00,3.0,200.0,16.0,13.0,13.0,watches_gifts
4e64c0d39af6b919e605b2ce1e793d20,6.0,600.0,20.0,20.0,20.0,watches_gifts
c18399e510fd09e3186d34f4206109d7,2.0,350.0,16.0,2.0,20.0,watches_gifts
3eebb0207da828bf5376257ceca70959,8.0,250.0,16.0,2.0,11.0,watches_gifts
aaea09c7da84ba1efdfd3079480271f6,1.0,300.0,16.0,11.0,11.0,watches_gifts
8448ca0891d431bffa57301b7dd2ad04,2.0,300.0,16.0,13.0,13.0,watches_gifts
15fdd6032f35d4add5066fb90be28630,5.0,950.0,16.0,2.0,20.0,watches_gifts
f034637ce06bb3a527488a37a59e522d,1.0,400.0,23.0,15.0,19.0,watches_gifts
170e27ee183ac140aa68a86bacd2a6dc,2.0,1100.0,30.0,10.0,25.0,watches_gifts
31e3a259123f3ba71c572f0bc08d9e5b,3.0,150.0,16.0,2.0,11.0,watches_gifts
e9f5d10b74f0589a7d327eff4bdd6b04,1.0,400.0,20.0,13.0,13.0,watches_gifts
306d69bdf4ce0d89bad3e622e443cf47,3.0,200.0,16.0,2.0,11.0,watches_gifts
d76e09e3182a68025076542af2726322,2.0,250.0,16.0,11.0,11.0,watches_gifts
6ebb63a07bf2ac2ba7a17b0e8a4acc3d,1.0,500.0,16.0,11.0,11.0,watches_gifts
6f66cd4cccc35d354547bca296581197,1.0,400.0,19.0,10.0,15.0,watches_gifts
816f6efbb3598f798900557f628e8a56,3.0,354.0,19.0,13.0,15.0,watches_gifts
e0d64dcfaa3b6db5c54ca298ae101d05,2.0,4338.0,17.0,12.0,14.0,watches_gifts
6eea749bfe9c1ab74295bad84d786e06,1.0,900.0,18.0,12.0,15.0,watches_gifts
c36a269550e11c349965d2c033470074,1.0,283.0,17.0,13.0,13.0,watches_gifts
72a6b7b5ef0cfdf2477f484e2dabfee4,1.0,500.0,21.0,14.0,14.0,watches_gifts
0606451146029c2f85c958b9cce49735,4.0,450.0,16.0,11.0,12.0,watches_gifts
7e6c4a0bf900e259f50ba63331fd2785,2.0,250.0,16.0,2.0,11.0,watches_gifts
ba01ca5c2982cedf05294014427c6afe,1.0,513.0,15.0,11.0,11.0,watches_gifts
7b35be468d9795a7529f65c50ec87668,3.0,4381.0,18.0,14.0,14.0,watches_gifts
23bd5dc8d3c4cbe16e947b54fc22b3fb,1.0,400.0,20.0,11.0,15.0,watches_gifts
4e1617edd232ad8e0108ecc9bff047df,2.0,250.0,20.0,10.0,18.0,watches_gifts
bb8f914d581c74f2ce85ce38ee07e3f4,1.0,400.0,28.0,10.0,18.0,watches_gifts
8fd57e95e8bf639d562620356071bc23,1.0,381.0,17.0,12.0,13.0,watches_gifts
008b51e6be49ee039854b5e35c331b02,2.0,633.0,19.0,12.0,17.0,watches_gifts
26abb7e42cded69ba9b3736643ebeb39,2.0,867.0,20.0,7.0,14.0,watches_gifts
14a0471af2a7bc596532fc8a6f29b1f8,4.0,250.0,16.0,2.0,11.0,watches_gifts
acdcfb0e41f8091492386a014aa8d57d,1.0,522.0,20.0,13.0,16.0,watches_gifts
b7e5e565cf760233e922ed01e122ca8b,2.0,250.0,16.0,11.0,11.0,watches_gifts
6902c1962dd19d540807d0ab8fade5c6,2.0,800.0,16.0,11.0,11.0,watches_gifts
bba0d9c4f470ff541dba7f02d791a4f3,1.0,400.0,16.0,11.0,11.0,watches_gifts
1767ed23966ac4d3539720b11beeacd1,3.0,300.0,23.0,15.0,19.0,watches_gifts
cc514b7c628e44d19db432762a00942e,1.0,350.0,19.0,13.0,19.0,watches_gifts
bd089e9fe06981d16b0daf6f97bef3bc,1.0,150.0,20.0,5.0,15.0,watches_gifts
22e5bd0a94fa88bf9fd09b2fca94afa4,1.0,800.0,28.0,9.0,28.0,watches_gifts
2fa5da96109ea94cc9fb50cc589ed65e,2.0,1850.0,23.0,2.0,26.0,watches_gifts
edc9d1ff2bc5d9610f292c313d5c861c,2.0,200.0,16.0,11.0,11.0,watches_gifts
02475368dfb38934fe55f574024fe1d7,5.0,250.0,16.0,2.0,11.0,watches_gifts
38c56c5c5b16958d95bf8254498ad555,2.0,500.0,16.0,11.0,11.0,watches_gifts
c7caa8b7b6e51a771b10a6565125b0f4,2.0,267.0,16.0,12.0,14.0,watches_gifts
4cd623b0731519cf74354784255b2b37,2.0,350.0,22.0,12.0,19.0,watches_gifts
1c4de4dd53a801716c8a3a2cf51f35fa,4.0,300.0,16.0,2.0,11.0,watches_gifts
a042f8bfc21bceff9db6313d2f98aefc,1.0,900.0,20.0,10.0,17.0,watches_gifts
9d3b6b0d02e4aded7c5a803aaa8ea443,3.0,750.0,48.0,16.0,35.0,watches_gifts
6c50c87e36d8641d67fbcceed5cfec5e,3.0,200.0,16.0,2.0,20.0,watches_gifts
45bb3dc2bad11474b99f167b3e95fd02,1.0,300.0,19.0,10.0,15.0,watches_gifts
5e24c1972fa0093e3ea96de1107ac733,1.0,400.0,20.0,13.0,13.0,watches_gifts
2cd21984c5d25eacc22b5b6d9e6396e3,1.0,283.0,17.0,10.0,12.0,watches_gifts
5da61f03fa61bb3e2d965b98aa102ad7,3.0,250.0,16.0,2.0,20.0,watches_gifts
ce750e0c764699fb4564a06b4b8c295b,3.0,500.0,23.0,15.0,19.0,watches_gifts
d46fd2913d3e97327005905cb5eda90b,2.0,400.0,16.0,2.0,16.0,watches_gifts
332842d24e84234cd91299a225de76ab,1.0,1750.0,50.0,6.0,19.0,watches_gifts
a625d8205ad01304707512ca72762a6c,1.0,725.0,19.0,10.0,15.0,watches_gifts
e59b26893f9b5f06776e1df1b334faa3,1.0,463.0,19.0,14.0,14.0,watches_gifts
677d8ace413e0060fa8686cde56eaf10,1.0,303.0,19.0,11.0,16.0,watches_gifts
7a616bfbac44458edd9a29e9278014c3,1.0,400.0,18.0,12.0,12.0,watches_gifts
4309ccdfa6ebf5b4d35871c2b4d26fab,3.0,300.0,16.0,8.0,11.0,watches_gifts
7dac8901a50cf3317d5372cbd3186ecd,2.0,300.0,16.0,2.0,11.0,watches_gifts
fbcd62530875b193a5e21728242d77a4,2.0,100.0,20.0,7.0,15.0,watches_gifts
b01d34f6d2545269d348181768eca049,2.0,150.0,16.0,2.0,11.0,watches_gifts
97868e08c02c9f4f6b49ebe5a4d4dfec,1.0,349.0,19.0,14.0,14.0,watches_gifts
1a7864db936b730688248bda816f1ce2,2.0,700.0,15.0,10.0,13.0,watches_gifts
d65a8b442d5ca2ebc7ccd31732257bbd,1.0,500.0,20.0,14.0,18.0,watches_gifts
00cc15e0cef551848c797ab75ba904b1,1.0,300.0,19.0,10.0,15.0,watches_gifts
1fd570765d10abc088a6e78a8a75a7d4,1.0,425.0,21.0,15.0,16.0,watches_gifts
660cde3831902f7c7054cda45716d948,1.0,450.0,18.0,12.0,14.0,watches_gifts
f995f36cecde1f56edd98fc83b2b0b41,2.0,550.0,25.0,12.0,19.0,watches_gifts
11acb40fe03811a7bc40babe5d11c752,1.0,400.0,19.0,13.0,13.0,watches_gifts
d3a735e40a3d006beb83b9b0594d3765,3.0,500.0,16.0,11.0,12.0,watches_gifts
fad5712458efaf9fff0c29431c558b07,2.0,325.0,19.0,13.0,19.0,watches_gifts
d2e131d6f19ae0d665fc1a6c420b4f4c,1.0,660.0,19.0,14.0,16.0,watches_gifts
f6c22e9bdcafd5297ab3b143e9a5a19f,1.0,1317.0,26.0,29.0,31.0,watches_gifts
3fb4a7a71f6e781489ced64b438c055f,1.0,600.0,16.0,27.0,17.0,watches_gifts
43bce2c11df17f5e6e50fbb914fd13ea,1.0,200.0,16.0,11.0,11.0,watches_gifts
8f3a1c2358138bedfb98645db449110c,2.0,297.0,18.0,11.0,18.0,watches_gifts
5c3aca5c078a343b3b873362e7ac2fcc,1.0,600.0,16.0,2.0,11.0,watches_gifts
67817dbbb200f7f623c75ac106b07808,2.0,200.0,16.0,2.0,11.0,watches_gifts
1a37e4949edc3f7d9b77a37fb84f4697,1.0,325.0,17.0,10.0,12.0,watches_gifts
c51234c38add00d71bd95eb1dfa8c31e,2.0,375.0,17.0,14.0,16.0,watches_gifts
c556dfe03a2efef617497a3de58cb44d,1.0,500.0,20.0,11.0,15.0,watches_gifts
abba23912bdeb1990bd1efa30d888384,2.0,200.0,16.0,11.0,11.0,watches_gifts
4dc44f95ece9249f0e50d10542ca6c03,2.0,350.0,16.0,11.0,11.0,watches_gifts
ba63a82a6a467d4d29dfba52bfeb064a,2.0,450.0,21.0,14.0,14.0,watches_gifts
60aee8f4bd3599ab0fcd1dcf285c9852,2.0,195.0,18.0,11.0,17.0,watches_gifts
03973c594aba6474ba73ab090dcdc4e2,1.0,300.0,19.0,13.0,13.0,watches_gifts
3d51bd82dd04d1e24d229bc4364dcbad,1.0,466.0,16.0,10.0,12.0,watches_gifts
d4548e7ab697993ec51d864766a8ea4f,2.0,532.0,19.0,13.0,15.0,watches_gifts
c899857fb2b4a0cee39e479c1989ee3c,2.0,300.0,40.0,10.0,25.0,watches_gifts
789903e228ae1908c260edd9847c99b0,2.0,300.0,16.0,11.0,11.0,watches_gifts
4a0938478787f49dc07af734b86be96c,7.0,250.0,16.0,2.0,11.0,watches_gifts
11d73cb1179dc43858edd4ab0cea359d,3.0,500.0,19.0,9.0,15.0,watches_gifts
5783b6239d05ef4a58dee574f752ac62,4.0,600.0,16.0,11.0,17.0,watches_gifts
83fcbcb7aee7d8032262103f5e441ffd,2.0,700.0,30.0,10.0,30.0,watches_gifts
fef80a5fb121b63bedd4096ff28f6aaa,1.0,150.0,20.0,5.0,15.0,watches_gifts
a4f4c32458bcda36ae3fff9a3c40d2d6,1.0,1050.0,29.0,8.0,28.0,watches_gifts
a3174f2bfbbeca5734474d6046d76434,3.0,600.0,17.0,11.0,13.0,watches_gifts
703be52823d96209cb055709ac70e5a6,1.0,375.0,17.0,12.0,14.0,watches_gifts
38ee4d10d9cc06446c5e830df039532e,5.0,200.0,16.0,16.0,16.0,watches_gifts
8474b565abca4884081d595a23a599d0,4.0,300.0,16.0,2.0,11.0,watches_gifts
0b8750fa58fefe42cf03a9e2e4b8fce6,1.0,350.0,22.0,14.0,27.0,watches_gifts
55aefe286a63b5e07f42a63c10371020,2.0,600.0,16.0,11.0,11.0,watches_gifts
87a97ee722d5e544b3c929b36443b8b9,2.0,436.0,17.0,12.0,13.0,watches_gifts
cf5c32ddb1e39da9fd4a6a919e42b6e2,7.0,175.0,16.0,12.0,14.0,watches_gifts
72f2ba8b34e02757c445970388158e46,4.0,800.0,26.0,6.0,26.0,watches_gifts
8a5835aeef83efa6aa947f84f92deb0e,5.0,250.0,16.0,2.0,11.0,watches_gifts
1146013b4da16ab073768dc76089aaa8,1.0,266.0,17.0,9.0,12.0,watches_gifts
90d9b6d827bde953e7cc9f81bf113467,1.0,1150.0,30.0,5.0,30.0,watches_gifts
c708ba7c6269161f89ce0683cdd7c432,3.0,300.0,16.0,2.0,20.0,watches_gifts
327018136fd4a966408df8243383a233,4.0,200.0,16.0,2.0,11.0,watches_gifts
2c71438371b35f7ce3c2511d6b0927e7,2.0,250.0,16.0,2.0,11.0,watches_gifts
270205bec6114bb05c09ed724555eac0,4.0,500.0,23.0,15.0,19.0,watches_gifts
1fb08bbca0db8e25edd1275caed54e19,1.0,425.0,25.0,12.0,23.0,watches_gifts
6869b7e59ba6dd738b6ad254e6794b1d,3.0,200.0,16.0,2.0,20.0,watches_gifts
4fbd4e814c8577d98e19118fc07ba3af,1.0,200.0,20.0,7.0,15.0,watches_gifts
3a0016b5206c460ba3c5987018fea822,1.0,400.0,18.0,11.0,14.0,watches_gifts
1f459c80ec206dc814560de10182cdaf,1.0,500.0,18.0,14.0,17.0,watches_gifts
5be202203d884803b74c45c7ff991706,4.0,300.0,16.0,2.0,11.0,watches_gifts
2742ee84b28b08268f169c5483f71b4a,1.0,1350.0,34.0,8.0,34.0,watches_gifts
d04e48982547095af81c231c3d581cb6,2.0,292.0,18.0,10.0,15.0,watches_gifts
d2c7a1e57b8f3e74095798f867334b36,5.0,300.0,16.0,2.0,11.0,watches_gifts
7a10781637204d8d10485c71a6108a2e,1.0,342.0,18.0,13.0,15.0,watches_gifts
a5927cb6142b2d814318939b3a283256,1.0,350.0,16.0,11.0,11.0,watches_gifts
b687561332a5ebe8324a81851b0479aa,1.0,217.0,18.0,13.0,15.0,watches_gifts
73bcea88583002fe12b7399af4ae60da,2.0,459.0,18.0,13.0,14.0,watches_gifts
737d985cd93b0a4844c3c5847d945ca4,1.0,250.0,20.0,14.0,14.0,watches_gifts
2e6f3959fac9a271f1d1610c30d4b95c,5.0,200.0,16.0,2.0,11.0,watches_gifts
9331902511470e97acfdbe2c30db3551,1.0,400.0,20.0,13.0,18.0,watches_gifts
ca2dbc1e0b58b5ff03ed13e728ceddec,1.0,667.0,19.0,11.0,14.0,watches_gifts
ea3214a6eab15e1e4c9c21932e74b607,2.0,650.0,16.0,12.0,12.0,watches_gifts
32a8448d1612773bcfd0c5a8dd235e4e,5.0,700.0,24.0,5.0,24.0,watches_gifts
bf7bb0eab82e5726d4401a152eb91a4a,1.0,185.0,22.0,12.0,16.0,watches_gifts
91442659f31ec0f0fc73215e77854fac,5.0,300.0,16.0,2.0,11.0,watches_gifts
a6b4a230f7ca939eb68485292f8b3389,3.0,600.0,19.0,9.0,15.0,watches_gifts
e68e6b9f909d74c3b23c3b249c830657,1.0,600.0,20.0,12.0,15.0,watches_gifts
e9ba3ec00ccd563b43e5de69a74a43d7,3.0,200.0,16.0,13.0,13.0,watches_gifts
3ae08df6bcbfe23586dd431c40bddbb7,3.0,300.0,16.0,16.0,16.0,watches_gifts
fb2de9a32cc54074433e9adcc092a20f,2.0,700.0,16.0,12.0,12.0,watches_gifts
550614095d4a8d359bf569ea168fe053,3.0,250.0,22.0,17.0,17.0,watches_gifts
4e4210d7d638f6e904297071820f08db,1.0,550.0,16.0,2.0,11.0,watches_gifts
514261bb564657b9c123325f5af6bf4f,1.0,450.0,16.0,11.0,20.0,watches_gifts
82d93a866d059bc63b08da7f955a13f7,1.0,450.0,20.0,12.0,20.0,watches_gifts
257452f5af0c5b1bda43fecc770f335c,1.0,675.0,17.0,11.0,16.0,watches_gifts
103cc8c441a717d9a54fca312ae8ec3c,2.0,225.0,16.0,14.0,14.0,watches_gifts
85f1c33512bb37126e995ddf7de34cb9,4.0,500.0,16.0,11.0,12.0,watches_gifts
38ac7ec5736a1b9121e85a1e6bd68e39,2.0,200.0,16.0,2.0,20.0,watches_gifts
1c756cc8c5e3b4a2fcf83d1690f8084d,3.0,1500.0,23.0,15.0,19.0,watches_gifts
6fd82d8f842424334fedf31190e54d24,3.0,250.0,16.0,2.0,20.0,watches_gifts
b7bea0eb38a6cd6e90c00c9bc6422193,3.0,350.0,25.0,16.0,16.0,watches_gifts
ba1b78ee2d24870c2bb5c4be33af89eb,4.0,450.0,16.0,11.0,12.0,watches_gifts
e727f4d8f80efebd371b5e2fb9e5170c,1.0,2225.0,29.0,4.0,26.0,watches_gifts
46c57742071cc875558cc230df1aa9a4,1.0,575.0,23.0,5.0,21.0,watches_gifts
9d6bf1b7a541b5205e4fd5aa40282f33,2.0,250.0,16.0,11.0,11.0,watches_gifts
fc35f167625d74f06ad5e5e643172cb9,9.0,200.0,18.0,10.0,18.0,watches_gifts
b3bce4552b02817249347cc257c9e61a,7.0,200.0,16.0,2.0,11.0,watches_gifts
7e714054e1e6cae6dc91cff8ce0bb99f,1.0,400.0,28.0,10.0,18.0,watches_gifts
9a55374d155f754b8e04eea54625b358,1.0,750.0,18.0,11.0,13.0,watches_gifts
5c692818d313aa12864b48ac0c2472c2,3.0,200.0,16.0,2.0,11.0,watches_gifts
b67a7d0ef75f52b4b76368927a3037f9,1.0,488.0,19.0,12.0,15.0,watches_gifts
08eada1514424f37cd0704a5f45c1e07,2.0,450.0,21.0,14.0,14.0,watches_gifts
56d1d1451e981bbe43a2301a11ebef1a,1.0,250.0,16.0,11.0,11.0,watches_gifts
83aa48c17491b729e02a906644a54fe2,3.0,200.0,16.0,2.0,11.0,watches_gifts
a40675a9c6ef2410e3420483a1f8c81f,2.0,350.0,19.0,13.0,13.0,watches_gifts
21767347dfdabbe42b3ca5846a4cdb48,2.0,277.0,23.0,15.0,23.0,watches_gifts
bcac6651b527e7de1413038c0df100d7,1.0,600.0,16.0,11.0,11.0,watches_gifts
35b9e8c317cea9e313573fe8cd9af9a2,1.0,350.0,16.0,2.0,11.0,watches_gifts
a09fb9f597a4b8a13ab0c72d70c77081,6.0,250.0,16.0,2.0,11.0,watches_gifts
f8d60c5ad1317240cc6138c3d50776b5,2.0,600.0,20.0,13.0,18.0,watches_gifts
2aca750f46a021f1d74607ac2b46e8fa,2.0,500.0,16.0,11.0,11.0,watches_gifts
bc2d9919d641257d3745492c23bd16ee,2.0,400.0,17.0,10.0,12.0,watches_gifts
e53efdeb68fadf8c0cfcd1734bc62d13,1.0,300.0,28.0,10.0,18.0,watches_gifts
198ec19b3806cc2ad217e159e4e09d58,3.0,200.0,16.0,2.0,20.0,watches_gifts
91ae5412c05e994ae67784b3bf7e50db,3.0,500.0,16.0,14.0,11.0,watches_gifts
aded994da51233ec2f2b7eaa78ef6c92,2.0,850.0,48.0,16.0,35.0,watches_gifts
e489b41419c7d7d00445dc5d3c9966a4,4.0,300.0,16.0,2.0,20.0,watches_gifts
68841da6fdd03f059359823165da9444,1.0,400.0,16.0,11.0,11.0,watches_gifts
f5e3c48bff299925879d1507ab662a2b,3.0,500.0,16.0,11.0,12.0,watches_gifts
9b8fae0d687fadb80a75aef40ea60fc2,1.0,400.0,24.0,9.0,16.0,watches_gifts
a367f823feb49954fedb4f4a43ad9db2,6.0,300.0,16.0,2.0,20.0,watches_gifts
0b2ffdc19b87d97231a1bbd7bb979013,1.0,675.0,16.0,11.0,11.0,watches_gifts
e27a738cbbcf6c8878c713af56835a19,4.0,300.0,34.0,5.0,16.0,watches_gifts
05b1d0c869d183ecb8459207a33066f5,2.0,200.0,16.0,11.0,11.0,watches_gifts
423b46d7ff817b1cd19ab195c7b76546,5.0,200.0,16.0,2.0,20.0,watches_gifts
fd06ee724785658f80f21107c42352a8,1.0,1150.0,17.0,4.0,22.0,watches_gifts
060f0122cdc8f25db4a0d7359fdae7b0,5.0,250.0,16.0,2.0,11.0,watches_gifts
41b4baff1ceec845ba126eaeb07efa4a,1.0,400.0,16.0,2.0,11.0,watches_gifts
cf8587a915960e2a8b57c5db574239ad,2.0,500.0,19.0,9.0,15.0,watches_gifts
ca11a4b920d7e64e5d2230d5373e0f76,1.0,300.0,11.0,9.0,16.0,watches_gifts
e2c7aa41c299a45244b67505e990a1d3,1.0,7500.0,17.0,9.0,12.0,watches_gifts
2ff06b0fd363bf0462e1116bb6060379,2.0,200.0,16.0,11.0,11.0,watches_gifts
9ce74f28b3b6dee34ad83b1ede956664,3.0,650.0,16.0,16.0,11.0,watches_gifts
bf2f8d918c34551d0bc8861f3779953e,2.0,233.0,18.0,10.0,15.0,watches_gifts
a76b3bee03ec4c212cb5f07050c8277d,2.0,250.0,16.0,2.0,11.0,watches_gifts
42c0e34ecbd01632df00dc96670c92a0,2.0,200.0,16.0,11.0,20.0,watches_gifts
e6d3e381889aa6e9d222ad50cb30ac43,2.0,480.0,18.0,11.0,14.0,watches_gifts
a94ba3ccb95b8e55a03e0c8842d1ff8a,1.0,300.0,18.0,15.0,19.0,watches_gifts
ff80f0538290775336ee74b4997a855c,1.0,333.0,28.0,13.0,15.0,watches_gifts
08ba0b9a5d17ce718c503eee72338e98,4.0,250.0,16.0,13.0,13.0,watches_gifts
2c52e710fd7c065119722cad50607252,2.0,197.0,16.0,11.0,12.0,watches_gifts
ba74c6b75d2ad7503175809688d5a03c,2.0,292.0,17.0,8.0,12.0,watches_gifts
0b2c18d8e73e17348a011241525cb089,8.0,400.0,16.0,2.0,20.0,watches_gifts
77f6fba67754c564e9f4dfad8530d705,3.0,600.0,16.0,16.0,11.0,watches_gifts
5215505db2113a032810c3644c346a38,2.0,250.0,16.0,2.0,20.0,watches_gifts
7703b8cb5b77fbb36518ea91e2ca734f,5.0,250.0,16.0,2.0,11.0,watches_gifts
a8fb161bb36ded69ca8ea7466b7f09a4,2.0,1825.0,28.0,4.0,26.0,watches_gifts
0a07b2c989441aaec80191da39c79c99,2.0,250.0,18.0,12.0,12.0,watches_gifts
98a41cb9d66e8b7691f17dd7ebdfcd7a,3.0,600.0,16.0,11.0,12.0,watches_gifts
7f064525eaaa1ce9d22c085f7ff5413a,3.0,250.0,16.0,2.0,20.0,watches_gifts
a7789acddff06105fcfd8a56e0f12307,2.0,507.0,18.0,11.0,15.0,watches_gifts
bed61c60f212a334dd0224469673c047,1.0,116.0,16.0,12.0,12.0,watches_gifts
c924e005748982a0f58ec549a7b5e353,3.0,400.0,19.0,9.0,15.0,watches_gifts
fcd0a70961c103799897803f4e49c628,2.0,400.0,16.0,16.0,11.0,watches_gifts
2098d8789ee89ca57f6c50977b4ab962,4.0,300.0,16.0,5.0,11.0,watches_gifts
b3b7212d2d34d5d36defa076a827633e,3.0,250.0,16.0,11.0,11.0,watches_gifts
0c3cd8d63839bed6f80aca6388766417,1.0,500.0,16.0,2.0,11.0,watches_gifts
0f3f3612d3a594da318f0f7b175a9c14,1.0,350.0,28.0,10.0,18.0,watches_gifts
bb463a67fa5f529fed44b2a697346c4e,1.0,155.0,17.0,10.0,14.0,watches_gifts
7961bed5641b99f02af87f81764f44bc,1.0,400.0,20.0,12.0,15.0,watches_gifts
63a6131d519d5b4920f93991d2df0551,3.0,400.0,19.0,9.0,12.0,watches_gifts
57b5e5e19622c1aaf0fd159f5d9d5b4f,1.0,525.0,17.0,13.0,15.0,watches_gifts
d8f254be723da6488610b42935533b05,4.0,300.0,16.0,2.0,20.0,watches_gifts
b3cd6ea8ef75cbcb2856861b31eb9bc0,1.0,600.0,18.0,13.0,15.0,watches_gifts
7431bd99a561fd94c5483ce4ed42d318,5.0,750.0,48.0,16.0,35.0,watches_gifts
72d7a511e00d9279c476a738f0d03bbb,3.0,450.0,16.0,16.0,16.0,watches_gifts
18a43ee7cdcd2dc5be2f2f063ad7a2bb,4.0,800.0,26.0,6.0,26.0,watches_gifts
852b19e59727d554cf958607536d86d9,1.0,417.0,18.0,12.0,14.0,watches_gifts
2136c70bbe723d338fab53da3c03e6dc,3.0,200.0,16.0,2.0,11.0,watches_gifts
4bef81d2cb50510aad6c671195a82151,1.0,316.0,17.0,13.0,14.0,watches_gifts
88bcd4cc43e257bf69ac62b2540f1c14,1.0,450.0,25.0,10.0,25.0,watches_gifts
924d6619805478222273ab8ca2540b25,2.0,200.0,16.0,2.0,11.0,watches_gifts
da727a53b3315a1efeb68f23a95eae97,1.0,543.0,16.0,12.0,14.0,watches_gifts
7b951373f6045db69ff7a2e4d8c40071,1.0,184.0,18.0,10.0,13.0,watches_gifts
80459e1beff7fc5d0e2fbe676d043a64,1.0,350.0,16.0,12.0,12.0,watches_gifts
f0b3ceddcb44ad6d8fa4a3453686e693,1.0,500.0,20.0,16.0,20.0,watches_gifts
64d553fec77e0fa6b5ea181beb0a8416,2.0,350.0,16.0,11.0,11.0,watches_gifts
586328f570ac0b651d452f1227db4d1c,1.0,119.0,17.0,10.0,13.0,watches_gifts
49955ea31be73ddf6fb6c2a5033dfcb2,1.0,538.0,23.0,12.0,15.0,watches_gifts
659c04245988705deac370b5d5ca1db4,1.0,400.0,16.0,11.0,11.0,watches_gifts
a734287b931bd7a03b9e30261ddc08ef,2.0,400.0,16.0,19.0,14.0,watches_gifts
912d1fc21117a94dc8a67186df6010a7,1.0,458.0,18.0,12.0,15.0,watches_gifts
e53023ab8367557ec53afdc82e03121b,1.0,425.0,22.0,14.0,21.0,watches_gifts
707bca6b5d739372cad12a1694ca7d0b,1.0,150.0,20.0,5.0,15.0,watches_gifts
ca6f1dddc138d9925f3a9b79dacbf1f5,3.0,550.0,20.0,12.0,15.0,watches_gifts
07ecfc5bd0d3ca496facedede13afb80,3.0,740.0,18.0,12.0,15.0,watches_gifts
e0104b143b87f5f1e013446c12add851,4.0,700.0,17.0,13.0,15.0,watches_gifts
6bca83dbf6e081bccb2b23188577ad36,3.0,250.0,16.0,9.0,12.0,watches_gifts
73edfe6b1784633221fbab2aa60e8456,2.0,2200.0,24.0,5.0,25.0,watches_gifts
6611f79f541df026cb3828e97548f79b,4.0,1150.0,105.0,13.0,13.0,watches_gifts
12587360502d12268a9841080015d52a,2.0,200.0,16.0,12.0,12.0,watches_gifts
76047a9f85e0601a31579a9a9e88a0e8,1.0,333.0,17.0,13.0,15.0,watches_gifts
07755a0056db849613241c6d91eaf45f,2.0,832.0,21.0,12.0,15.0,watches_gifts
9effb20dca634f869835e52c4d9b619b,1.0,375.0,21.0,10.0,12.0,watches_gifts
c5215dd0ebe57e26ec6025f1c4b42029,1.0,450.0,17.0,14.0,15.0,watches_gifts
f3a67aed340d9b5f218c2d177cc720e3,3.0,420.0,15.0,9.0,13.0,watches_gifts
dca7c7ab531682b89beb8ea79571cf0d,3.0,300.0,16.0,13.0,13.0,watches_gifts
eb66cf8eb505819c951a23b4714fcd39,1.0,100.0,20.0,7.0,15.0,watches_gifts
6f28dfca954a7cf2b3c3f96aaf059d94,3.0,500.0,16.0,16.0,16.0,watches_gifts
f37176efea4bfd72f257552d84235716,2.0,350.0,16.0,15.0,15.0,watches_gifts
1cbae91a0159b540e3d3a43193d3e970,1.0,150.0,20.0,5.0,15.0,watches_gifts
bebd360fe73dc670fd6439e9b943ceb7,2.0,250.0,19.0,14.0,19.0,watches_gifts
fc935e2845dacecf29f0555465bed91b,3.0,600.0,19.0,9.0,15.0,watches_gifts
0f1734abf5ee5d3b99353b7ccb117426,2.0,200.0,18.0,6.0,17.0,watches_gifts
4903460ef3e8a5a22e2b8027f3f63dd6,2.0,500.0,16.0,11.0,12.0,watches_gifts
6c55ba2343f9df32c7f88a468352ff22,2.0,250.0,16.0,2.0,20.0,watches_gifts
380b4664ba5bb18cc9db78ee6bac3558,4.0,250.0,16.0,2.0,11.0,watches_gifts
186fe07c8b8005ec6a498587ffbc1352,3.0,200.0,16.0,2.0,11.0,watches_gifts
a3d7c3deb27013525667b8dfee3aa788,1.0,300.0,19.0,10.0,15.0,watches_gifts
0b28e43610654365d0266f77070a71d9,1.0,200.0,16.0,11.0,11.0,watches_gifts
2b7b1f651958920266a6ca5c671b4230,2.0,433.0,18.0,12.0,14.0,watches_gifts
f93abb853eee25cbbce73bbc1c10667d,4.0,300.0,16.0,2.0,11.0,watches_gifts
f194a56fe15513535bd5b51e2f7086c3,1.0,2400.0,23.0,7.0,15.0,watches_gifts
ac43429cfe2a3933709b85dc2acacca8,4.0,650.0,18.0,14.0,16.0,watches_gifts
33c74cb7d421dc91de9cf6422f37baee,1.0,225.0,16.0,17.0,16.0,watches_gifts
fc86606232e0da421bf450a13068a4b4,4.0,1300.0,32.0,7.0,32.0,watches_gifts
0ac092fcd35bffaeb624017d498172d1,2.0,500.0,16.0,11.0,11.0,watches_gifts
b6b76b074ed0d77d0f3443b12d8adb5e,6.0,300.0,16.0,2.0,20.0,watches_gifts
564a04f027fb97b53ca08464632db860,3.0,550.0,20.0,12.0,15.0,watches_gifts
8d34ccb4a1bc14737b6bc7848346cbec,1.0,425.0,18.0,20.0,16.0,watches_gifts
d7ec0aa2d69643c6709f21fd76f010db,3.0,550.0,38.0,12.0,38.0,watches_gifts
8381ea12b1b0b93589326894a9b3a00d,2.0,300.0,16.0,11.0,11.0,watches_gifts
263849cef3655e2a54a6f55d4ccad401,3.0,200.0,16.0,2.0,11.0,watches_gifts
de70c9ebe399d6ff687b4b64fd51aa29,1.0,300.0,16.0,11.0,11.0,watches_gifts
af6099f8d0d98a9eb5c0a67be73cb9b0,1.0,750.0,18.0,10.0,13.0,watches_gifts
c98dbc2130cd3fb72c34211b31843bbb,1.0,350.0,16.0,13.0,14.0,watches_gifts
1a080577618e7fe4d9ddd8fb2b47a964,1.0,425.0,19.0,13.0,16.0,watches_gifts
f62dcd57a6a4e93aff69aecc1f3d6513,3.0,336.0,16.0,13.0,11.0,watches_gifts
df25e7b5824286070a418f1fc2f78629,1.0,700.0,16.0,27.0,17.0,watches_gifts
14c6b9fe1b59f7ac6bd12e243d859461,4.0,2000.0,42.0,10.0,37.0,watches_gifts
89ea72335f0b688b56ba7daa5a2e98c2,1.0,140.0,17.0,9.0,11.0,watches_gifts
8af2faad4d636a6f4f1d465cda23268f,1.0,700.0,23.0,15.0,19.0,watches_gifts
700ff1308acc55817d35727a03397c3c,2.0,350.0,16.0,2.0,11.0,watches_gifts
3b68c9e3c1775f3343e6643b793a5b02,1.0,450.0,18.0,12.0,13.0,watches_gifts
6ef1b4541a8b88076d3833f127617025,2.0,400.0,21.0,14.0,14.0,watches_gifts
d4acdbef7d891f217e147a935dd18043,2.0,550.0,18.0,13.0,16.0,watches_gifts
ac17046d8fec49dfeaa896fc00e5e848,1.0,500.0,17.0,17.0,17.0,watches_gifts
f54fa23cc86cba6fb247f8e5f868cf8d,2.0,2000.0,16.0,2.0,11.0,watches_gifts
33bd1a075f35400643129b5f3d936845,3.0,1900.0,49.0,10.0,28.0,watches_gifts
acce642ddd64b83faaf4c3e30200cf63,2.0,400.0,16.0,11.0,12.0,watches_gifts
d4a3a15f99c94c6741d16d3375b928e6,3.0,250.0,16.0,2.0,11.0,watches_gifts
1a73ae8aa2b02829f07c8d5ec7bbd659,1.0,500.0,17.0,15.0,15.0,watches_gifts
b84520a57891e7a8ae2c68741dcc7146,3.0,250.0,16.0,2.0,20.0,watches_gifts
e108e472a045d8c76c43ba7f2cf4958a,3.0,500.0,16.0,11.0,11.0,watches_gifts
b05e16a39e3c4fc195893fd921779363,4.0,250.0,16.0,16.0,11.0,watches_gifts
0f3de29f8370072525a20385ebbe889a,1.0,425.0,18.0,11.0,11.0,watches_gifts
4060f51503152bf2d7592cec5b03fc4f,2.0,300.0,16.0,11.0,20.0,watches_gifts
b67841db204fe56a1b7d0b4d7c6fca8b,2.0,250.0,18.0,12.0,17.0,watches_gifts
8a494aeffa13ead64254d18d66189a22,1.0,300.0,16.0,10.0,11.0,watches_gifts
27d38e5f89c1f61814444a5ac135b5a9,1.0,617.0,26.0,14.0,18.0,watches_gifts
1600dcf1cea8c0c83702e07b577ab231,4.0,250.0,16.0,2.0,20.0,watches_gifts
a290d14df28cfebaa8e74935525de682,2.0,400.0,16.0,11.0,11.0,watches_gifts
6f053a0a4d934dfde147e71bcedc99e8,2.0,450.0,16.0,19.0,14.0,watches_gifts
f6d6246239cec75f604b82f359cdf148,2.0,350.0,16.0,10.0,11.0,watches_gifts
02090f97a28b3d10d19a09f045f6df34,1.0,375.0,18.0,12.0,12.0,watches_gifts
072346978ec57ef87579ba2cea7c7030,3.0,275.0,15.0,19.0,16.0,watches_gifts
aa8d88eb4b9cb38894e33fa624c4287f,4.0,250.0,16.0,2.0,11.0,watches_gifts
b2e22c958b453a43a650a579dcac2e43,1.0,438.0,18.0,10.0,14.0,watches_gifts
0c1d4f1cb61aefcfa34ff848581eebcd,5.0,500.0,16.0,11.0,17.0,watches_gifts
461f43be3bdf8844e65b62d9ac2c7a5a,3.0,444.0,20.0,14.0,16.0,watches_gifts
d3a82491c369d2be35eccefe6ae8306e,4.0,300.0,20.0,15.0,20.0,watches_gifts
df676834e2a38e1bf267bd85a2dc8e3a,1.0,550.0,17.0,14.0,15.0,watches_gifts
27d089865ecb267c190122ec1feddb8a,9.0,250.0,16.0,2.0,11.0,watches_gifts
8b5a201cdb79e1962baa08534f71d382,2.0,250.0,16.0,11.0,11.0,watches_gifts
045c0f3faa3d81ff1af071e0811b2711,2.0,200.0,16.0,11.0,12.0,watches_gifts
c093ba6c37ca8fed7c9149c5b87cf405,7.0,600.0,19.0,8.0,14.0,watches_gifts
39b5afc4814b4e72b2bfe4f4806aac25,2.0,600.0,16.0,11.0,11.0,watches_gifts
86ba3443f971ab0ff1381a973274f2a5,1.0,300.0,18.0,13.0,16.0,watches_gifts
ffd2365fb8224dc66883df9351d65deb,2.0,333.0,16.0,12.0,13.0,watches_gifts
4509f2dcb7651bc7c7fab76f3a87e700,2.0,900.0,30.0,10.0,30.0,watches_gifts
9c7ce59c96e74dfdfc51f13a4a6c3869,2.0,250.0,16.0,2.0,20.0,watches_gifts
a38b238734207eeb0388676235cf56ec,2.0,3200.0,16.0,2.0,11.0,watches_gifts
1fa0405a3e10af836278d7667629623e,1.0,650.0,16.0,11.0,11.0,watches_gifts
24aaea2bb541cc5d78141f2bc053cd37,1.0,500.0,21.0,14.0,14.0,watches_gifts
74f5b185b9ae404c59b0dfca346379c9,2.0,400.0,21.0,14.0,14.0,watches_gifts
d01c8040e9da57814b24757884d840db,1.0,600.0,18.0,12.0,13.0,watches_gifts
741ab0ea9712d54a420f0a347ce71613,1.0,200.0,18.0,14.0,17.0,watches_gifts
b35d60271c8d79aaf431cc378fbf92c3,1.0,600.0,16.0,11.0,11.0,watches_gifts
0a9c1531aa7c17c8c64157b634fa9ba9,2.0,700.0,30.0,15.0,30.0,watches_gifts
5a115520de38809b60a0dc27539a874f,2.0,450.0,19.0,13.0,13.0,watches_gifts
8afd2ec5bf821e4d1a061e7ca31cac24,4.0,300.0,16.0,2.0,11.0,watches_gifts
115f1b22fcff1674f62e4e4dea4aea1a,3.0,300.0,16.0,11.0,12.0,watches_gifts
efa1b15e58071189595afce796e08bdd,1.0,540.0,16.0,11.0,11.0,watches_gifts
f6d9b167294712de476f696ad722ae73,1.0,550.0,16.0,2.0,11.0,watches_gifts
a4cb01ef37cd2734263f1ea9f1f8e7e4,1.0,100.0,20.0,7.0,15.0,watches_gifts
0dce093fc7ec4dec214256df878e3c08,3.0,200.0,16.0,6.0,11.0,watches_gifts
62f9a2fb6e52ef49cef0254cecab4ba7,1.0,190.0,23.0,16.0,18.0,watches_gifts
fd15dec337d57a332d25ec667eb5e859,2.0,725.0,26.0,6.0,27.0,watches_gifts
040f34fe061b6024771f641fe922e782,2.0,750.0,18.0,10.0,15.0,watches_gifts
0e0872c9ae03640015df6e5b9e746a77,2.0,900.0,30.0,10.0,25.0,watches_gifts
2f317a0a64c7ddcf9677e60016354d0c,4.0,150.0,16.0,2.0,11.0,watches_gifts
f684be31b76bed019a2871f30ee1b6b3,1.0,317.0,17.0,8.0,14.0,watches_gifts
a6b7073cf928329df156bb534b95b2cc,2.0,450.0,23.0,16.0,21.0,watches_gifts
d129a973e3b21bd2f01b9c25d930d2e8,1.0,250.0,16.0,11.0,11.0,watches_gifts
48b412d7a87b3279a7dda5f00e23ca91,4.0,400.0,16.0,13.0,13.0,watches_gifts
3f935f9cacf1ef3e12e51f49fe7b62c3,1.0,17175.0,23.0,13.0,12.0,watches_gifts
54716da70a63aba6d2edb21f14d75e31,3.0,250.0,16.0,2.0,11.0,watches_gifts
6e2d41323c4b6d240b530b9e68e83de1,1.0,400.0,23.0,15.0,19.0,watches_gifts
108fa3ef6742ead062d9ad59b471ce26,2.0,400.0,16.0,11.0,12.0,watches_gifts
b5adf7b72a7eb667aafd446581c35f3f,1.0,483.0,17.0,11.0,13.0,watches_gifts
802bc2a46b2276fc7488df8aac5c8971,1.0,200.0,20.0,7.0,15.0,watches_gifts
d69f444e73428ff2177e524685c16d26,1.0,500.0,16.0,11.0,11.0,watches_gifts
e51071c4622d7a15494656e912c8d55b,1.0,500.0,20.0,12.0,15.0,watches_gifts
a92930c327948861c015c919a0bcb4a8,4.0,250.0,16.0,2.0,20.0,watches_gifts
425a12d4dd8e5e7ba3be5c4157f1fafc,2.0,246.0,18.0,11.0,13.0,watches_gifts
d689403366ea94295d3c38f630928568,1.0,115.0,17.0,9.0,11.0,watches_gifts
dfbeadbb1840417400f0c7683889a585,4.0,300.0,19.0,13.0,20.0,watches_gifts
a69f15dfb803d485e8933e80b9742c1c,6.0,150.0,11.0,16.0,6.0,watches_gifts
55b8fd61c5b3198e5801450b75a656e7,4.0,1000.0,20.0,20.0,20.0,watches_gifts
86c43103446290e7efacad3701cd654d,6.0,250.0,16.0,2.0,20.0,watches_gifts
1b80b0a1f4aad5d1a1cff676b76e9eec,1.0,500.0,20.0,10.0,17.0,watches_gifts
c39610045a59ffcd596a9e9ce4341921,1.0,300.0,16.0,2.0,11.0,watches_gifts
cad39e71c0fe2f6ce875040d4ac43a4b,1.0,642.0,20.0,13.0,16.0,watches_gifts
efaee69dc1718675b7e89a537cd0ad89,2.0,1725.0,21.0,4.0,27.0,watches_gifts
fb92dc4602bd9224e0e267496748afc5,1.0,475.0,21.0,14.0,19.0,watches_gifts
5b3ab91e567b3e46074a3507b06c9ad8,1.0,300.0,16.0,11.0,20.0,watches_gifts
1d54b96972338247c7341a2069e2bd96,1.0,150.0,16.0,2.0,20.0,watches_gifts
14ed7526330bb083481b32c7ab26f179,1.0,500.0,20.0,12.0,15.0,watches_gifts
44cd26d414fd350a49f984a61cca443d,2.0,400.0,16.0,11.0,11.0,watches_gifts
ca00817d14c90f75f3695ef75030c907,1.0,1200.0,31.0,5.0,31.0,watches_gifts
beb8e018882d56635b77f4a73233c847,1.0,213.0,14.0,9.0,13.0,watches_gifts
a7d5ec84c402730a9bf43d5c88f67b59,6.0,300.0,16.0,16.0,16.0,watches_gifts
7b8d080a490c554b9dfde7ee11cd0957,2.0,450.0,16.0,16.0,16.0,watches_gifts
4c048153f092e7d523dae06bc7f6becd,3.0,445.0,18.0,23.0,18.0,watches_gifts
b866fe084d7e99808baee58e21015c31,2.0,250.0,16.0,11.0,11.0,watches_gifts
96d82426db67af33a8c1dead73fdabc7,4.0,225.0,19.0,8.0,12.0,watches_gifts
7d935f57cbfeccf7e6952dd286c3eba6,1.0,300.0,16.0,11.0,11.0,watches_gifts
5a2182c5020049f6d25eb1bd9af58a1c,3.0,900.0,48.0,16.0,35.0,watches_gifts
fbc4b7ed41d3f3152bbe55826d9fec73,2.0,530.0,20.0,13.0,16.0,watches_gifts
f62ddccde7e84ddb39d2df03e228e044,1.0,300.0,16.0,11.0,11.0,watches_gifts
cbc5b9bf8ef22d5d2fdc8aab94b47212,2.0,500.0,18.0,14.0,17.0,watches_gifts
c80c377f9c43421aa6ed91b1259c0bf3,2.0,338.0,14.0,9.0,13.0,watches_gifts
10396249c30f74b20403120c8c3a49c9,2.0,279.0,16.0,12.0,13.0,watches_gifts
d63cafc542dd1b06a7c0965231ff940e,1.0,450.0,23.0,12.0,20.0,watches_gifts
4e5e41fb7d296a6f776c63fee5cb9fac,1.0,485.0,18.0,12.0,15.0,watches_gifts
3de4498dcdded5abe7349bd43c401c1f,9.0,300.0,16.0,2.0,11.0,watches_gifts
d881c75404b591b0912840f5401ae57a,2.0,220.0,16.0,11.0,12.0,watches_gifts
2516615ef3ab70913809f9d5fc363740,2.0,375.0,18.0,8.0,13.0,watches_gifts
99827f2c0b207eb18cf3d5f57a1390f6,1.0,567.0,17.0,9.0,13.0,watches_gifts
7672caf32ffe6d56dfe58faf64a17c45,3.0,500.0,23.0,15.0,19.0,watches_gifts
8b52ce7d34b48cfa97fc4219b3fa4e39,1.0,300.0,19.0,9.0,15.0,watches_gifts
dc48030c42aec9ae7ec9757387ba4250,2.0,300.0,16.0,11.0,11.0,watches_gifts
0b035ff3ab8827ae8c56022c16712e9c,1.0,600.0,16.0,2.0,11.0,watches_gifts
108e21a48f54c559e2186db8a4bec9f9,1.0,1113.0,30.0,7.0,28.0,watches_gifts
af5da61d100eab89aeb416514f688161,2.0,300.0,16.0,11.0,20.0,watches_gifts
6cb9998e3edb71cca1e7bcb4c59c3c79,2.0,800.0,18.0,18.0,18.0,watches_gifts
369440882015b4d57e6f077771c3411e,2.0,300.0,16.0,11.0,11.0,watches_gifts
31b8c37adb9572ed34757d9368d987ac,5.0,250.0,16.0,2.0,20.0,watches_gifts
9e0a9b3ad116b6cb174065c2807897f9,1.0,185.0,16.0,7.0,12.0,watches_gifts
e2033444b9e15775ad3817491401084e,3.0,500.0,20.0,10.0,17.0,watches_gifts
15557c53492889a2b63e65df34a738ab,1.0,200.0,16.0,2.0,11.0,watches_gifts
81ec4d50fe7f99859b537436b6dae701,2.0,200.0,20.0,12.0,14.0,watches_gifts
8f87e8e0a393ebf8373a52dc1b27c5fc,3.0,300.0,22.0,7.0,14.0,watches_gifts
e89428b51b3909340163d4185dae3610,3.0,600.0,16.0,11.0,12.0,watches_gifts
bbe8590c1225fbb6a477018283da0677,6.0,450.0,20.0,20.0,20.0,watches_gifts
9e1a035b7f489ddeb062d776a37e470f,3.0,200.0,16.0,2.0,11.0,watches_gifts
e812fc7aef7bb52779e06df484b57ec1,1.0,350.0,20.0,12.0,14.0,watches_gifts
a7c87b1bbdd51e0d68b0307cffd03d47,3.0,700.0,19.0,9.0,15.0,watches_gifts
54c966eff52b73559d5677724b47849b,2.0,350.0,16.0,11.0,11.0,watches_gifts
2c9729f1ad01461013c463866b72509a,3.0,400.0,16.0,11.0,12.0,watches_gifts
9865c67a74684715521d1e70226cce0b,1.0,290.0,19.0,13.0,13.0,watches_gifts
c041a3fe1e9cf85721c1d1d054210279,2.0,300.0,16.0,11.0,12.0,watches_gifts
88fb259945a739dec6cdd001e2cbad55,3.0,850.0,35.0,17.0,17.0,watches_gifts
108b4577021cb9224b64dd2d3d24646a,1.0,350.0,17.0,12.0,12.0,watches_gifts
a5b40bfd9d0d065c0e89d203f90fca25,3.0,675.0,16.0,11.0,11.0,watches_gifts
eef7436637ac87cad6bf5108284c3413,1.0,342.0,18.0,12.0,16.0,watches_gifts
db553c9b5cb2f9b4c3f2f7b32a237ec2,1.0,275.0,16.0,11.0,11.0,watches_gifts
9b5a5d9bb3fee413357c176ff3817567,2.0,300.0,16.0,11.0,11.0,watches_gifts
12667a519a4a3094eab02f5841b07409,6.0,200.0,16.0,2.0,11.0,watches_gifts
4517644aee6e81ff19f0a2887eb553d1,2.0,300.0,16.0,11.0,11.0,watches_gifts
bd79b734ad695c83ed119d4bb3e7e5c5,4.0,5700.0,50.0,5.0,20.0,watches_gifts
73bec5d175955a5bfe85c10e9431dc46,1.0,350.0,22.0,14.0,27.0,watches_gifts
24ddf42338b6b04dd8de20c2cbb7f78e,1.0,550.0,18.0,14.0,15.0,watches_gifts
f41b320ee2aceb9f8aed915e294e6b4c,2.0,132.0,17.0,10.0,13.0,watches_gifts
854289563c41e83bc59072f5b61fdece,1.0,300.0,19.0,10.0,15.0,watches_gifts
9ce4c5138d5ce3953e04730a3791b41c,1.0,2400.0,22.0,18.0,22.0,watches_gifts
3a07f82957867a5eb477dc7f2f60c2aa,4.0,250.0,16.0,2.0,11.0,watches_gifts
c10d7c70907ad6d09ada0581ef6bf839,3.0,2050.0,50.0,5.0,20.0,watches_gifts
92d5ae8e42c4599266f210bf0469ae9b,2.0,439.0,18.0,11.0,13.0,watches_gifts
14ba2925721da57b9f9edeff3d3c2d16,1.0,350.0,21.0,12.0,15.0,watches_gifts
3a48c5b0b294fbbc416b0939e69f6f09,2.0,350.0,16.0,11.0,11.0,watches_gifts
0b6a32b32a7dc68b12e8a0e0805c44d5,1.0,190.0,16.0,11.0,12.0,watches_gifts
c0332d0c0813a4e26badf2e7f0b348cf,2.0,322.0,16.0,11.0,15.0,watches_gifts
8006cc1b6dee0d91ffe9cf906016dac7,2.0,521.0,18.0,12.0,14.0,watches_gifts
3dbb89b55f4afdbd3e4230295a4cdfd1,3.0,550.0,20.0,12.0,15.0,watches_gifts
140048a7ca8c50c44a58532471837660,5.0,350.0,16.0,2.0,20.0,watches_gifts
e0369ffbb4168116f9e8f207420a4718,3.0,650.0,16.0,11.0,12.0,watches_gifts
3c7426b4df1386b6b355a5fa6bf85873,1.0,400.0,18.0,12.0,12.0,watches_gifts
f9122c4086dee1508186c3ccd738dfe3,1.0,200.0,28.0,10.0,18.0,watches_gifts
16bf176650a888512655cc94f61860e3,4.0,200.0,16.0,2.0,11.0,watches_gifts
b1517c1b95640f9c8faf6f049fc751ee,2.0,400.0,16.0,13.0,13.0,watches_gifts
353356a910b2a42aa75a888a5d348997,1.0,550.0,19.0,13.0,19.0,watches_gifts
52d163dd9192d5a70afc33cd8c60131e,7.0,150.0,16.0,2.0,11.0,watches_gifts
486a70e221cccfbe8225ee9dd580abcb,2.0,300.0,19.0,9.0,15.0,watches_gifts
2e8034c11f2a68aa16e0411d016b9a28,2.0,300.0,16.0,11.0,11.0,watches_gifts
34860130f02b097552587ed3af6fe8e9,2.0,700.0,20.0,12.0,15.0,watches_gifts
04caadc7ea07eadcaa8513b4f6ecd8ec,1.0,300.0,20.0,13.0,13.0,watches_gifts
c3ba4e8d3cb30049213b682e751e9d00,3.0,350.0,16.0,2.0,20.0,watches_gifts
a6d11caea18ae416c4861a5a9f9711de,4.0,433.0,22.0,24.0,19.0,watches_gifts
2454302057bca58015b4674cc2a6d9a4,2.0,600.0,19.0,14.0,15.0,watches_gifts
f43650d60d36b1668f6e5dd41e27f2f6,2.0,350.0,16.0,2.0,11.0,watches_gifts
b5720c9a8470f38c0dfc96aaa5d14208,2.0,700.0,30.0,30.0,30.0,watches_gifts
a396c58c1c3c3bc927aa57ed987a75ec,2.0,270.0,18.0,13.0,16.0,watches_gifts
73824b1ce8126cd05ce6e1a0aedb4797,1.0,650.0,18.0,10.0,16.0,watches_gifts
1ba045cf3a974c9b36bd1f6f0383ac8d,2.0,200.0,16.0,11.0,11.0,watches_gifts
d0573117d52fbdf0f51b575d408668cd,3.0,300.0,16.0,7.0,11.0,watches_gifts
6adb884908249193959d741606300ab0,2.0,350.0,18.0,13.0,13.0,watches_gifts
cf51b185defdb6170bd8deb64707e906,1.0,300.0,16.0,12.0,12.0,watches_gifts
1ff1090afbb3b1a09f61f5e49f0a6cce,1.0,293.0,18.0,11.0,16.0,watches_gifts
704e67b8c7ce855d8760c074b4530fb5,3.0,500.0,23.0,15.0,19.0,watches_gifts
3877375bc8e2856da0375e2295d32360,8.0,1000.0,20.0,20.0,20.0,watches_gifts
77b5008f271c9f74447191efb065bc28,2.0,60.0,23.0,15.0,19.0,watches_gifts
40c7fdb4c192c7df52431d1b079f9026,5.0,150.0,16.0,2.0,20.0,watches_gifts
63c6d5d1d4b7b62eeac562b995ce4bbb,1.0,325.0,19.0,15.0,17.0,watches_gifts
2ae49b2b174231324f42d783f93d0edc,2.0,258.0,18.0,10.0,17.0,watches_gifts
305a8467a383809ecce974a852d55ae3,3.0,400.0,16.0,11.0,12.0,watches_gifts
ca0ebb053b17d7de027780de787ed000,1.0,200.0,16.0,2.0,11.0,watches_gifts
4c7d44dccef81ce2476b4bd0716d34e9,3.0,500.0,16.0,11.0,12.0,watches_gifts
a87ee1e0d2b6d025ecfb1b8322659853,1.0,750.0,15.0,4.0,19.0,watches_gifts
da4f53408569b5cb23244539d68cb552,1.0,800.0,40.0,8.0,28.0,watches_gifts
04c4a4b9c924494fcf82e0fba966f955,1.0,567.0,26.0,12.0,26.0,watches_gifts
2b28903240e8ae0f0c45a14e769d9431,3.0,400.0,16.0,11.0,12.0,watches_gifts
ddea12cd17c60cff8865c207cf696cf7,1.0,425.0,18.0,8.0,12.0,watches_gifts
049e64366e5301baa9060eef6b10f217,1.0,400.0,20.0,13.0,13.0,watches_gifts
e5cac955339b48ea3b9773f034623e29,1.0,282.0,17.0,11.0,14.0,watches_gifts
5faf912b4044bad95a8c882863473ba5,2.0,400.0,16.0,11.0,11.0,watches_gifts
13c9de60531ce1458551f0632a6c6d56,3.0,400.0,19.0,9.0,15.0,watches_gifts
1fa0faff5eafb13003f9559ebe6becb3,1.0,200.0,16.0,2.0,20.0,watches_gifts
6cf22bb1523c34ad8da500d1084155a5,4.0,267.0,17.0,12.0,14.0,watches_gifts
0141f5b2fc5389a8b247ae23b58482ef,6.0,240.0,16.0,11.0,12.0,watches_gifts
2a61ae7c276ed675a0289aee54e2c9b0,5.0,231.0,16.0,11.0,12.0,watches_gifts
4f094d03e0acd9b1259fc846321e85b7,5.0,900.0,48.0,16.0,25.0,watches_gifts
3c504ffcb9f8ff101de420123932279f,1.0,375.0,18.0,12.0,13.0,watches_gifts
66a9f2ae5f95525f72f964819b0ea84c,3.0,500.0,16.0,11.0,12.0,watches_gifts
8a1583ef3ffc9f4b5bfb7b78e74f4c9d,1.0,667.0,17.0,11.0,14.0,watches_gifts
3f492185923b69e5e936c2d988dca905,2.0,250.0,16.0,11.0,11.0,watches_gifts
e70f7c188cd2c0f01a1f6b35411cc481,3.0,250.0,16.0,2.0,11.0,watches_gifts
c18ac1d6cc053c0ec7296b994ae6ffeb,1.0,550.0,16.0,2.0,11.0,watches_gifts
f5f0b722d7662e8939727fb49e45d046,3.0,563.0,16.0,16.0,14.0,watches_gifts
58242a22820af7b54962e08f75d2cacf,1.0,500.0,16.0,13.0,13.0,watches_gifts
37bb05868e497e0d9356d850c3d3bab4,1.0,300.0,18.0,11.0,13.0,watches_gifts
ee918a5c4e95f273708c2582a5314325,2.0,267.0,18.0,9.0,17.0,watches_gifts
63b2c54ffb7ded0576c3bd1346a53d1c,1.0,320.0,18.0,10.0,13.0,watches_gifts
3820a5a6c03c2c5c4bb17716840dc328,2.0,175.0,21.0,6.0,13.0,watches_gifts
045da764883d50dc071cc70c81226cbc,1.0,213.0,18.0,10.0,19.0,watches_gifts
83fc9abe24667777b997571da7b6052a,1.0,350.0,16.0,13.0,11.0,watches_gifts
8370300e444c4394d3c3f878606a9601,2.0,250.0,16.0,9.0,12.0,watches_gifts
8af78635010ca0b1366e5a2b17f52b59,4.0,333.0,18.0,11.0,13.0,watches_gifts
e57eb018e37376580079825eb29a3419,1.0,300.0,16.0,14.0,11.0,watches_gifts
daa4eea91573400bba053e0b711ff8e9,2.0,500.0,18.0,11.0,14.0,watches_gifts
eb0e8515502d5d125d0d9c6ad4b49a60,1.0,950.0,44.0,12.0,36.0,watches_gifts
e8c6039a25765995ac7c1ec2cbef5765,2.0,250.0,40.0,10.0,25.0,watches_gifts
fd12e3863702114b037de431a73ed139,3.0,200.0,16.0,2.0,11.0,watches_gifts
7bc1718ece4c3bbedfc272ebb0c3114a,2.0,250.0,16.0,11.0,11.0,watches_gifts
374fb6698c278b6af1c7b7c8fb95585e,2.0,350.0,16.0,2.0,11.0,watches_gifts
c0b318d62dadfce564faab54fd7cc953,1.0,199.0,17.0,6.0,13.0,watches_gifts
1e28482c87af71997ffdfe62d8f5b993,1.0,275.0,21.0,13.0,14.0,watches_gifts
333f47c19a1c3870d1ce94cfc51a4f5e,2.0,300.0,16.0,11.0,11.0,watches_gifts
ed042312ea8ad0a470e9891ac4e7201e,2.0,350.0,16.0,13.0,13.0,watches_gifts
25115416bba55bd33ecccbc480ec7a81,3.0,300.0,16.0,8.0,11.0,watches_gifts
cae7248e9bdfda82584faea19dbf793f,3.0,300.0,16.0,2.0,11.0,watches_gifts
a6fe71f0756d773ce5cbb7564f049939,4.0,300.0,16.0,2.0,11.0,watches_gifts
b77dac30490dcfa827c2060a7a3a2a0d,2.0,500.0,23.0,15.0,19.0,watches_gifts
2e0e1e610098039f2eee73b65de098b4,3.0,429.0,18.0,12.0,12.0,watches_gifts
2ae327a1dadf4e4dfe0bea38c423e3b7,1.0,650.0,16.0,6.0,11.0,watches_gifts
b71a01ab82c040ea808839190ff8786d,1.0,200.0,16.0,10.0,20.0,watches_gifts
5a883fb296ab66ac6a1e68e6ba2175c3,2.0,300.0,40.0,10.0,25.0,watches_gifts
bce474cc95b6e77657e10939b0b4248c,1.0,310.0,16.0,10.0,12.0,watches_gifts
d285360f29ac7fd97640bf0baef03de0,4.0,363.0,18.0,13.0,13.0,watches_gifts
20fe497c2f839ab186f043e9f5a78b2e,1.0,300.0,20.0,18.0,20.0,watches_gifts
9a6c2e91127b124802b1c0474cd6a6ad,1.0,500.0,21.0,14.0,14.0,watches_gifts
dda373e611cb942842a1c248b163c3aa,1.0,180.0,16.0,7.0,12.0,watches_gifts
cdc4af478fef19f03f1d0353c00271cd,1.0,250.0,40.0,10.0,25.0,watches_gifts
048dc5e495c6f5e54f22fa6cd23c3e5f,1.0,450.0,22.0,14.0,17.0,watches_gifts
56fa78f2a0c7d428e8aaa226dac0fbfb,1.0,400.0,23.0,7.0,17.0,watches_gifts
18dacb31f154c3607af782584f59b3c9,2.0,225.0,16.0,7.0,11.0,watches_gifts
7192c6fea73bae6687d1b584a551376f,2.0,175.0,19.0,7.0,11.0,watches_gifts
d1cf12507d5190de68d2269e8f935dd6,2.0,350.0,16.0,11.0,11.0,watches_gifts
af0d0d1521e30e05b1cfc77192c685b6,5.0,100.0,16.0,17.0,12.0,watches_gifts
202bd859659a841de892b00c341300ff,8.0,200.0,16.0,2.0,11.0,watches_gifts
1e41618bcaf005d9f4cba13fb70915bf,4.0,1017.0,23.0,16.0,18.0,watches_gifts
06fb87866499b0e65992b2d88aca8282,2.0,700.0,17.0,13.0,13.0,watches_gifts
746789f724254a8b473de5a83f4e2a92,1.0,362.0,19.0,11.0,15.0,watches_gifts
4775a411941138402e6de133a0245dad,1.0,250.0,16.0,16.0,16.0,watches_gifts
44a879f6d43c4750534a30dea1f6d804,2.0,5867.0,43.0,19.0,30.0,watches_gifts
a2c499ca39527cc328317e93c302112e,2.0,275.0,19.0,13.0,19.0,watches_gifts
a4e0070054ddd4bf93795b80668c6ea5,8.0,250.0,31.0,4.0,15.0,watches_gifts
f819f0c84a64f02d3a5606ca95edd272,1.0,710.0,19.0,13.0,14.0,watches_gifts
b7082b40a807413582afbfac88facc4b,1.0,500.0,16.0,11.0,11.0,watches_gifts
dabe0ebb4c28b903d35030ba1b6c8797,1.0,400.0,17.0,11.0,12.0,watches_gifts
69ff1e4ad10ccba4d0e1ffc0aa771380,5.0,150.0,16.0,16.0,16.0,watches_gifts
c0eeedfd383f32ae9524a15a8898b129,1.0,425.0,16.0,12.0,13.0,watches_gifts
6ba807133a1b2747a01375d7417614e9,3.0,400.0,23.0,15.0,19.0,watches_gifts
d1133fab4bf2da55f3ebdd4de51d8587,2.0,600.0,25.0,6.0,24.0,watches_gifts
1d7f26f5a811fa26335fcf8ba11b9f77,1.0,300.0,28.0,10.0,18.0,watches_gifts
5cd47d379b62715339c690e8ffe65df4,2.0,400.0,16.0,11.0,12.0,watches_gifts
81ffa58b323a87cc1fe4a7cc9b6f5f98,2.0,400.0,16.0,11.0,11.0,watches_gifts
284ef4c556d79d838fd1970e26d14173,1.0,1700.0,42.0,10.0,42.0,watches_gifts
be70253973dbb353054c814633a5d4e4,1.0,400.0,18.0,12.0,12.0,watches_gifts
8ea2105f9dac119565ef0138ad05f6fb,3.0,500.0,20.0,12.0,15.0,watches_gifts
b7d3e30e28d937c46e0a72024c6cdc67,3.0,550.0,38.0,12.0,38.0,watches_gifts
2ce3fdcd111447e6190399ff4b7eb499,1.0,150.0,19.0,14.0,17.0,watches_gifts
5237739bb5fee495dbd337755a138660,3.0,645.0,19.0,16.0,18.0,watches_gifts
2d478f93299ce7b39c010314f6ea8dbe,3.0,302.0,16.0,7.0,12.0,watches_gifts
7fd93eccaf2d461cb6bc4bbd1aa91f1a,2.0,600.0,21.0,16.0,20.0,watches_gifts
ce098d2a36ef6a9b6658f0ffd3e37ae4,3.0,200.0,16.0,2.0,11.0,watches_gifts
679c97b6819e657c506237438cacf60f,2.0,250.0,16.0,11.0,11.0,watches_gifts
2f70195374f6c3d3c6542edf5bd17c8c,3.0,250.0,16.0,2.0,11.0,watches_gifts
68fcd6e074680a12b9fa38a42bbfec1c,1.0,300.0,16.0,11.0,20.0,watches_gifts
59d9245beb10febb688aa778cecf1bc7,1.0,375.0,25.0,12.0,16.0,watches_gifts
c2849941c090e1ee1732b25aaf01b397,1.0,250.0,16.0,9.0,12.0,watches_gifts
6f3b5b605d91b7439c5e3f5a8dffeea7,1.0,335.0,17.0,11.0,16.0,watches_gifts
843a502670c17eb4f8e7898bc2969be3,2.0,500.0,20.0,12.0,15.0,watches_gifts
77d9c106d2e0bc6122c9f7b991f795b4,1.0,290.0,18.0,9.0,13.0,watches_gifts
6a3de1215846cd955a86490be42953d6,1.0,450.0,16.0,10.0,11.0,watches_gifts
dbf4588317c84ec9cde32b033de522e4,7.0,500.0,19.0,19.0,19.0,watches_gifts
481aad97c80d6786a7c6096991003274,3.0,450.0,16.0,17.0,13.0,watches_gifts
1e2e095149b3e9ca487d9c2d8c20378b,1.0,600.0,17.0,13.0,14.0,watches_gifts
6bc9ae87edf6ad4063076624b8ad0268,3.0,700.0,23.0,15.0,19.0,watches_gifts
e187f69b85487c86a0da79e18ee51982,2.0,333.0,18.0,12.0,17.0,watches_gifts
274c0bd39936b237bdb8cee38abf94f5,1.0,250.0,28.0,10.0,18.0,watches_gifts
bfc0d01be79d9038c7720f983bf954e0,2.0,950.0,40.0,20.0,12.0,watches_gifts
1f6152747a58175ea9be895d066a0429,1.0,400.0,18.0,12.0,12.0,watches_gifts
1b5978db99f7114b364fa0a0123eda05,3.0,4100.0,19.0,10.0,15.0,watches_gifts
5b5485de978301834d9e5f3943ade7da,1.0,750.0,19.0,16.0,17.0,watches_gifts
04df667e73ca2fab4b9a97c86466b699,1.0,404.0,22.0,14.0,17.0,watches_gifts
1e60f484bfeb1c1eadf273f6318738c0,2.0,475.0,23.0,20.0,20.0,watches_gifts
83b6f73c0ad25d9b469deacf8da19d80,4.0,200.0,16.0,2.0,11.0,watches_gifts
219afb1f0e44578d70b027c74e50ce74,1.0,625.0,16.0,11.0,11.0,watches_gifts
0eb794467bd4768dfbf07bc52a122baa,1.0,550.0,16.0,12.0,11.0,watches_gifts
fb4363c293445382596484ff01de78bc,1.0,430.0,21.0,14.0,16.0,watches_gifts
0900e9b18da6627157a7e47a8ac8fc08,3.0,200.0,16.0,2.0,20.0,watches_gifts
465af64ab23573e4e48c31bcc099b801,2.0,300.0,16.0,13.0,13.0,watches_gifts
499bf152a2df4c2caa45d1c34342ddec,5.0,200.0,16.0,2.0,20.0,watches_gifts
26a2fb5942decfca6995cab323903413,1.0,500.0,23.0,15.0,19.0,watches_gifts
7f1c32fb404e8cd4b901a3347a96f66e,3.0,700.0,23.0,15.0,19.0,watches_gifts
553db989ee7f8afb98f8fb680d30050c,2.0,350.0,16.0,11.0,11.0,watches_gifts
6b8ad86f112aca07559fb0a4b03835e4,3.0,450.0,16.0,12.0,12.0,watches_gifts
10c406279c428b45c54cc17645cca63d,5.0,300.0,16.0,2.0,11.0,watches_gifts
bc4c74766d34e4f4f9b803e75d1e689d,1.0,320.0,17.0,10.0,12.0,watches_gifts
c74a37316ea4fc5a410fc4ff2429a048,2.0,450.0,16.0,11.0,12.0,watches_gifts
6f58bad9504178efd4b89d4cd920672a,1.0,350.0,20.0,11.0,17.0,watches_gifts
e68953b4a25cddae1b8ead360800fffc,1.0,750.0,16.0,6.0,11.0,watches_gifts
671e7e145b2a32685e1429498fe906bb,2.0,200.0,16.0,2.0,11.0,watches_gifts
c8149e3fab6a8301cf95e285e2c5bbaf,1.0,717.0,18.0,11.0,13.0,watches_gifts
f2dd3514de2473108a6e631aa3f87905,2.0,500.0,16.0,16.0,16.0,watches_gifts
f890ca4c2a406d04b85f3e33c425213d,1.0,575.0,16.0,14.0,14.0,watches_gifts
0bdd9a52d192d64770e33ae559512478,5.0,250.0,16.0,2.0,20.0,watches_gifts
203270865d37baf60cc079edfa4fb6c6,1.0,450.0,17.0,11.0,12.0,watches_gifts
bb6b6e173472747c5b94c0b72c4fe56c,2.0,250.0,16.0,11.0,11.0,watches_gifts
ac9fba4745c7352cc4038631be412f70,1.0,425.0,24.0,5.0,22.0,watches_gifts
7d4e1dfb0aeab74c695bcb6ca09c3338,5.0,200.0,16.0,2.0,11.0,watches_gifts
5ebd7b81dfb60b5f6d3dde3327fa7115,2.0,550.0,20.0,20.0,20.0,watches_gifts
93ad397044e27dfead96813e2f895acd,3.0,400.0,16.0,10.0,17.0,watches_gifts
b584631619ac89eaee030b2be33f5b6d,1.0,477.0,16.0,11.0,13.0,watches_gifts
d2d39433df84064b1556612cc52cefca,5.0,250.0,16.0,2.0,20.0,watches_gifts
0a997c3c894c98d4e3def0e83124c9ba,3.0,350.0,16.0,12.0,20.0,watches_gifts
5d3353870f99e3666b0bf5aed7caba8b,1.0,300.0,19.0,9.0,15.0,watches_gifts
3d6c312fc91b957f0515be3afd19f439,1.0,725.0,17.0,14.0,15.0,watches_gifts
8924b7a8cf460f276c5fc77859b97539,2.0,375.0,18.0,11.0,14.0,watches_gifts
ce99c3515272dee739f2d3eddae0f2cf,2.0,575.0,37.0,9.0,11.0,watches_gifts
2b4280ae2d10eefdff9b5e1b1a9ebf53,2.0,150.0,16.0,2.0,11.0,watches_gifts
79fb349afbae7595d2bc47368a7e4558,2.0,299.0,19.0,15.0,17.0,watches_gifts
e2bb00220a167d9e60b6776ac33717bc,1.0,300.0,16.0,2.0,20.0,watches_gifts
adcbd0e9edf8b57778ef2a2aea870185,2.0,275.0,17.0,8.0,12.0,watches_gifts
e5841e5f87a255ec40d170b4177d03ce,1.0,3711.0,17.0,12.0,15.0,watches_gifts
f77f34a4f2b8f31e2bcc50a478888064,2.0,250.0,16.0,11.0,11.0,watches_gifts
8d70502661e6c3f5012407bff1c36a5d,1.0,275.0,18.0,11.0,13.0,watches_gifts
9d49ed52b4ab22845825384114799748,2.0,225.0,16.0,11.0,11.0,watches_gifts
d6c17244033c5af6859b05cc925c8478,1.0,500.0,18.0,9.0,15.0,watches_gifts
09cd1c07b1920158011ed5247fa5a65b,3.0,500.0,19.0,9.0,15.0,watches_gifts
96ff741d2c7879406ec3054d6b2a11c8,6.0,200.0,16.0,2.0,11.0,watches_gifts
66ba269ae7ed286b181ebfb76d1d989e,4.0,400.0,16.0,16.0,11.0,watches_gifts
bc7952b8b83834a52bc73204ea2576f2,2.0,300.0,40.0,10.0,25.0,watches_gifts
c1116dd3986bccfc56e1573680b2af20,2.0,200.0,17.0,12.0,14.0,watches_gifts
0c679141ff7ee4350d8eb892ff475ba6,2.0,120.0,16.0,13.0,13.0,watches_gifts
d032d8b0107424eff267d0d1de3b6a80,1.0,400.0,18.0,11.0,14.0,watches_gifts
d322eb25f02924adba73e58dbc36b29c,1.0,300.0,18.0,9.0,14.0,watches_gifts
52cd5817c291740688bad8a1972bb019,5.0,550.0,25.0,25.0,25.0,watches_gifts
e06f99e79036d681effa3de75989bf22,5.0,200.0,16.0,2.0,20.0,watches_gifts
d7cdea99e6f50310c242d02f16f1f63c,4.0,450.0,23.0,23.0,20.0,watches_gifts
b273b6db0baa191909f11d3bc4d44144,1.0,340.0,18.0,9.0,13.0,watches_gifts
0a57f7d2c983bcf8188589a5fea4a8da,1.0,396.0,18.0,11.0,14.0,watches_gifts
4927206e432eb9e2cb9f4d182a16c7d5,2.0,367.0,18.0,8.0,12.0,watches_gifts
1224503f1f9b9e8ead31a3d32220ebba,1.0,400.0,22.0,14.0,27.0,watches_gifts
5ede6e418a361cb82ecd118bfe83ca2d,4.0,350.0,16.0,12.0,12.0,watches_gifts
1f112631857414c63be3c00b6d8bf45f,1.0,467.0,19.0,13.0,20.0,watches_gifts
ea260f972b87224bc68cc0c605e915fc,2.0,343.0,19.0,22.0,20.0,watches_gifts
4b6b3a7072d549354c3743dedbf4170a,3.0,350.0,16.0,2.0,20.0,watches_gifts
c989db5e9fa3ee241a62cf92a4a27a4b,2.0,200.0,20.0,7.0,15.0,watches_gifts
4bc3ab2ff016887e619e587a993af3bf,1.0,500.0,20.0,11.0,15.0,watches_gifts
11f97b0fc032508935ea374eadece168,1.0,350.0,28.0,10.0,18.0,watches_gifts
d5a4980e7e4a143e8d1bff13df09aefa,1.0,370.0,18.0,11.0,13.0,watches_gifts
3d5100aa426e420a80a8fab06e9d198c,3.0,200.0,20.0,8.0,20.0,watches_gifts
9ffe607c48a0473e200e4035bf97de49,1.0,200.0,16.0,18.0,16.0,watches_gifts
c2a5a6287738cda59406d1f595207d7b,2.0,225.0,16.0,16.0,14.0,watches_gifts
cb5c020ae387a4159ee7bf98cf0c69ed,1.0,450.0,20.0,12.0,15.0,watches_gifts
7ed65dda1415f5c4a2849860030daa78,2.0,300.0,16.0,11.0,11.0,watches_gifts
fd8a5b9a8a79d7ba0739d69be5dc5aa1,3.0,850.0,17.0,13.0,15.0,watches_gifts
be4c9d0368829d208573322be600c95c,2.0,200.0,16.0,11.0,11.0,watches_gifts
17ad136b7421ea8690fded631b651158,2.0,250.0,16.0,2.0,20.0,watches_gifts
40502372bedb2460eeac40ba20739e9e,2.0,350.0,16.0,11.0,11.0,watches_gifts
d1a1d4253ec00fc08a3ae1c4125cb31d,2.0,300.0,16.0,11.0,20.0,watches_gifts
af7b22a93b178246a22608e61284ebb5,2.0,300.0,16.0,11.0,11.0,watches_gifts
6026308f343d15d492324e7e35ba5685,3.0,542.0,20.0,15.0,17.0,watches_gifts
62b07aff118f62756ee579afeedc3eb0,2.0,400.0,16.0,12.0,15.0,watches_gifts
afbb03a707e22e86468c550a1666def3,1.0,450.0,20.0,12.0,14.0,watches_gifts
e68ede48908dfec1ba4abbcdb86b420f,2.0,300.0,16.0,11.0,11.0,watches_gifts
431772d0bf9d5e9a46fc78cb834a28ee,5.0,250.0,16.0,2.0,11.0,watches_gifts
000d9be29b5207b54e86aa1b1ac54872,4.0,250.0,22.0,11.0,15.0,watches_gifts
ac6d5ee8041a6228a27fcf80a063b7f8,1.0,3200.0,40.0,10.0,40.0,watches_gifts
c1e8014cae93306629b1de89dfa5a1bb,3.0,886.0,19.0,15.0,17.0,watches_gifts
bb37569636d7c7aa19026a419e36bb2a,4.0,600.0,16.0,11.0,17.0,watches_gifts
c6e5e65a8d521761e0d1a4f6812fc2ea,5.0,900.0,20.0,20.0,15.0,watches_gifts
e9d4cb776e7adcac31397e6e1778e532,1.0,50.0,16.0,2.0,11.0,watches_gifts
b29c1183f3b20aa09c3c13ce0bf9996c,1.0,150.0,20.0,5.0,15.0,watches_gifts
b40bd352960044e281fa405937aac605,1.0,350.0,22.0,14.0,27.0,watches_gifts
165d14e4b5729a3abf7ea2a5062dd118,2.0,350.0,16.0,11.0,11.0,watches_gifts
6b3de4cb14325f3a0dafa939520f514e,4.0,250.0,16.0,2.0,11.0,watches_gifts
5f90a946d1d1d997e9f4f85cdf90ecfd,2.0,167.0,16.0,10.0,17.0,watches_gifts
fff515ea94dbf35d54d256b3e39f0fea,1.0,450.0,28.0,10.0,18.0,watches_gifts
e7dffcd8a3257cf9f6644b7d30eaf727,5.0,500.0,18.0,11.0,14.0,watches_gifts
9598f6cd8a6b8adbb542aca0635794f9,2.0,400.0,16.0,11.0,11.0,watches_gifts
f6085e99db2df10f9829b6193314615e,1.0,430.0,17.0,9.0,11.0,watches_gifts
335869ee35680c410f30db87ecdc83a3,2.0,291.0,16.0,11.0,12.0,watches_gifts
8904945d082f72652bf4a89f155c83bb,2.0,250.0,16.0,11.0,11.0,watches_gifts
1d6c23a5f953103a8870695fab4db4a9,4.0,500.0,20.0,13.0,13.0,watches_gifts
1a613b1a2e7f278c6343b763fd880186,3.0,400.0,23.0,15.0,19.0,watches_gifts
a8366756c95286fc31f1eb653c12ce3a,1.0,200.0,16.0,16.0,20.0,watches_gifts
ff5d87897ed26d564711df324b98ebee,2.0,350.0,19.0,13.0,19.0,watches_gifts
e63ee311838859f93a10a95efaa79f2c,1.0,350.0,16.0,11.0,11.0,watches_gifts
545085671b9f2d7d2e1a9110b15d838c,2.0,413.0,19.0,12.0,15.0,watches_gifts
8e601ab9bb87f5970ac09492a4ed1c9a,2.0,625.0,16.0,14.0,14.0,watches_gifts
177f62b739076126a879238444ccbf02,3.0,240.0,13.0,12.0,14.0,watches_gifts
cc73dc77ba952afd7940214d39d23865,3.0,1000.0,20.0,30.0,20.0,watches_gifts
e5e8d1321d9ce88718c1ab0c7308931b,1.0,300.0,19.0,9.0,15.0,watches_gifts
a84d0660dbffebf352aefbf1a6b18d00,3.0,250.0,16.0,2.0,20.0,watches_gifts
d7718dae97c4e5cbbfbfc528873b43db,1.0,400.0,16.0,12.0,16.0,watches_gifts
509fefd029493821b4be744a1b333694,1.0,350.0,19.0,13.0,13.0,watches_gifts
04120fb9b3f90600e5ae1f2a2cde53e3,1.0,500.0,23.0,13.0,16.0,watches_gifts
931bb2a750c49badcd543774fd227364,2.0,275.0,19.0,13.0,13.0,watches_gifts
d1aa53582c132a7a0ba01cc331ab573f,3.0,925.0,24.0,12.0,22.0,watches_gifts
7b975b7dc4f3286d95d68fd499f20cae,2.0,600.0,16.0,12.0,11.0,watches_gifts
5ef9e1c3025c9f6e28f8c3406de6a456,2.0,350.0,16.0,2.0,11.0,watches_gifts
42567bcc01d5c14969a24618af7a5f3d,3.0,500.0,23.0,15.0,19.0,watches_gifts
4de0f4caa802cd42528a25232c915283,2.0,450.0,18.0,12.0,15.0,watches_gifts
ce84a60ee2c2020911c94b091bd14819,1.0,300.0,16.0,11.0,11.0,watches_gifts
427773a5ce823492c383adfec35dff62,3.0,250.0,16.0,2.0,11.0,watches_gifts
ff7b4560eaf93a8848cd5fde641f39c6,2.0,250.0,16.0,11.0,12.0,watches_gifts
df4495e4ea59aae2f22d349cf4b9ab19,5.0,250.0,16.0,2.0,11.0,watches_gifts
124a1ea6bfa9ccc5f53e067ff9b2ef25,2.0,833.0,17.0,16.0,16.0,watches_gifts
509ef11938539320065e8967391eee54,1.0,400.0,28.0,10.0,18.0,watches_gifts
4579e87cfe02f4b4eaabb298a254a5b9,1.0,250.0,16.0,11.0,20.0,watches_gifts
04d5a0ec1f6db00db01676199151df4c,1.0,425.0,16.0,10.0,11.0,watches_gifts
cad5ce42d21fcca572842bd63d5f1552,1.0,600.0,23.0,21.0,21.0,watches_gifts
20126b44913d3e4d5102e915f2558a7d,1.0,500.0,33.0,5.0,33.0,watches_gifts
cc4c16052222d5347726b1af1bfe7462,2.0,133.0,17.0,11.0,13.0,watches_gifts
e7890707ac0e4e190a74aa46c92e2c94,6.0,250.0,16.0,2.0,20.0,watches_gifts
e07510e0b85899f2e922f28bfc0643c2,4.0,325.0,19.0,8.0,12.0,watches_gifts
6023859c9a1cfdb91a9d035c7b2a8121,2.0,200.0,16.0,11.0,11.0,watches_gifts
61f1894bca50fa7898bae067ef40bfb7,7.0,200.0,16.0,2.0,11.0,watches_gifts
466fa2297e694a5cd3b603c1430201a0,5.0,400.0,30.0,10.0,30.0,watches_gifts
bd8c0934082247e8c53c9b8fe35a4dad,1.0,483.0,16.0,11.0,16.0,watches_gifts
31c47aaa5775c3b8eed73650e59586a6,1.0,300.0,16.0,2.0,20.0,watches_gifts
1953c4e517bc25739bc4223ede2ff5bc,1.0,800.0,25.0,14.0,16.0,watches_gifts
09b590ada623ecf66329917ea4731957,2.0,214.0,17.0,11.0,13.0,watches_gifts
3879913e3a462abe3be99c14310898b5,4.0,250.0,105.0,13.0,13.0,watches_gifts
819984117b8e0888730aa66265e56fc9,2.0,300.0,16.0,11.0,11.0,watches_gifts
91c82ace62e0ca1b69b1a45bcc214b45,1.0,308.0,16.0,11.0,12.0,watches_gifts
12384cc446601c16ff6d05077ad6e92d,4.0,600.0,25.0,25.0,25.0,watches_gifts
9b1de4de04403b36408237b1cb77efbb,2.0,250.0,16.0,11.0,11.0,watches_gifts
1f624c9baa5906ea6b9ff4ccfbb4d6c0,3.0,358.0,19.0,12.0,15.0,watches_gifts
a62e25e09e05e6faf31d90c6ec1aa3d1,2.0,1000.0,53.0,8.0,18.0,watches_gifts
6dcacaf3d7706d2cfcf7798fdf52901c,1.0,7200.0,32.0,30.0,13.0,watches_gifts
f484aa505452986f295eb1205a44debd,3.0,700.0,19.0,9.0,15.0,watches_gifts
7cc67695a7648efc5e7a755603402b49,3.0,500.0,16.0,17.0,13.0,watches_gifts
cdef49b7bb863e9db298e7868ddf93e3,5.0,250.0,16.0,2.0,20.0,watches_gifts
79312078abfa6604747217cd3cf9e6f9,1.0,400.0,20.0,13.0,13.0,watches_gifts
c04b6b2045c90dd226493e0413796f85,1.0,450.0,17.0,12.0,12.0,watches_gifts
633ab0ec23c18ed1b64356a25ea7b5bd,3.0,150.0,16.0,17.0,14.0,watches_gifts
982cc4c1cdb785c9cb1f2e48c1e4f903,3.0,700.0,24.0,12.0,16.0,watches_gifts
24e8c79f39c68fbdbd57a5813ae72b94,1.0,225.0,19.0,12.0,15.0,watches_gifts
f883c296edea388761ae3de2bc4870f3,2.0,200.0,16.0,2.0,20.0,watches_gifts
0fb6b59dfdb5d97bed3bef40ffe49885,1.0,300.0,28.0,10.0,18.0,watches_gifts
59916437bc3183cc1d0e7150d8532bfd,5.0,250.0,16.0,2.0,20.0,watches_gifts
0e50d32982ca62c8fdbda9eb2df5e65f,1.0,250.0,16.0,11.0,12.0,watches_gifts
ef79ec374ba852bbced7662285946619,7.0,350.0,16.0,2.0,20.0,watches_gifts
29313c7daada9c7f09bed37fda499026,2.0,300.0,16.0,13.0,13.0,watches_gifts
2f045a2d0457b68c32cf190eb0f4429f,3.0,120.0,16.0,11.0,11.0,watches_gifts
e6fc61fe224249bd106fec6e1751a586,2.0,300.0,16.0,11.0,11.0,watches_gifts
dee98cc0394b12aefccbad334b415c10,3.0,300.0,22.0,7.0,14.0,watches_gifts
2a66698f3c9f8708a0505b5ab2cb380d,1.0,90.0,19.0,10.0,15.0,watches_gifts
1468c44dd6c3ecaa8e9b12a8a2a7ed0c,2.0,300.0,16.0,9.0,17.0,watches_gifts
08d207a2357381d924df9b7cffbf2d22,1.0,300.0,28.0,10.0,18.0,watches_gifts
b7edca604f2668c0f41fc7731fe640ba,1.0,300.0,16.0,11.0,20.0,watches_gifts
feeed1b9f26cce6eb3cb81af65eddd9e,1.0,700.0,18.0,12.0,16.0,watches_gifts
1be9a7b25f7ddfe1dfda88b9b64f595c,2.0,200.0,16.0,11.0,11.0,watches_gifts
a5260e6fb64e23948b99be5aa3ecc996,2.0,287.0,17.0,12.0,12.0,watches_gifts
14bc0f89b7126bb00dfa6432d85340de,1.0,550.0,20.0,10.0,16.0,watches_gifts
4d99fe6463cbc101057f59a2380bf2ba,5.0,375.0,14.0,8.0,13.0,watches_gifts
7e23aeb084e4f123bb9127b00c20e47e,2.0,200.0,20.0,7.0,15.0,watches_gifts
619ed4783d277b83ffa8666749d8eb4b,2.0,350.0,16.0,12.0,12.0,watches_gifts
7787f84dcc43ef95552cd95d2c86f418,1.0,200.0,16.0,2.0,11.0,watches_gifts
eacd30c806e0bade06019cf94b657d0d,1.0,150.0,20.0,5.0,15.0,watches_gifts
286ae430a4ebbf9a6048a42f362fa322,1.0,750.0,23.0,2.0,20.0,watches_gifts
eb05c950151de27dafff354e4a7fcc9b,5.0,400.0,16.0,2.0,20.0,watches_gifts
c6563a7dfeba47f77da75352afb49d64,2.0,300.0,16.0,11.0,11.0,watches_gifts
b1f57443c02747ba20ece8cdf8f4a0ae,3.0,600.0,16.0,11.0,12.0,watches_gifts
30360c8b0b2ac6918f53ab66bc3c306f,1.0,350.0,21.0,12.0,14.0,watches_gifts
2cfd372900c7c65e4c4ed2ccf7a1cfd4,1.0,550.0,18.0,12.0,13.0,watches_gifts
0f18dd94b11fed8cecd947decde9d3b1,1.0,300.0,19.0,9.0,15.0,watches_gifts
53d8ee87caa1a2320c66074ff9c99e61,5.0,500.0,20.0,19.0,17.0,watches_gifts
9b12973a6fe0b5a803acfe1cbb7dd425,5.0,200.0,16.0,5.0,11.0,watches_gifts
7d7e7f5c80b1d85e3d7054c3dfeee632,2.0,300.0,16.0,11.0,11.0,watches_gifts
52f8fc75f52850fdf63257f0dd79a9dc,4.0,150.0,16.0,2.0,11.0,watches_gifts
396fb20791c69a78b3ec80ccc7e9edad,2.0,300.0,16.0,13.0,13.0,watches_gifts
8effae0c3be3eab7870860070ca5e51a,1.0,300.0,19.0,10.0,15.0,watches_gifts
05c24fd82c39e05337fcc418f0a61e54,1.0,80.0,16.0,11.0,11.0,watches_gifts
a3b358d577875a8515f6d868c5a2662d,2.0,500.0,20.0,12.0,15.0,watches_gifts
4a2a8940c899ed2b924c82f8a553e47d,2.0,200.0,16.0,16.0,16.0,watches_gifts
51e8cb2e53573210345e6b2f0168206c,4.0,200.0,20.0,15.0,20.0,watches_gifts
d16481328e66930682fcb7f8f50894f8,3.0,925.0,22.0,14.0,20.0,watches_gifts
2f4a64fe9c6430a9626b4745227cd0e8,9.0,650.0,30.0,15.0,15.0,watches_gifts
ce045b0fd0fb3300b45effc7fb45012d,4.0,800.0,20.0,20.0,20.0,watches_gifts
308f901f3cbc9dd383146e97562ef8ed,1.0,200.0,17.0,13.0,13.0,watches_gifts
5c37d8495c720b3a04f9790d56d0471c,1.0,650.0,16.0,2.0,11.0,watches_gifts
d7ae861cd4272698b4ae0c9f9c44a095,4.0,200.0,16.0,2.0,11.0,watches_gifts
5b3929b3916f45b3e9c016807f0756c4,4.0,200.0,16.0,2.0,11.0,watches_gifts
b21edc5440d0a05522fa8d1bc1a4a26d,1.0,325.0,16.0,12.0,12.0,watches_gifts
cca44f5c2c4c50a416b7ee155a58b2ba,3.0,550.0,21.0,13.0,16.0,watches_gifts
53ea9da485f6aed8a6f03a85831fe021,1.0,346.0,18.0,10.0,13.0,watches_gifts
0b886cf92902bb5607b317a270f4dd4d,1.0,550.0,20.0,12.0,15.0,watches_gifts
992d4afe3fb8536bd1d71e3f1087b004,1.0,425.0,18.0,12.0,14.0,watches_gifts
18c0b4a4150176a977ab587d549575e9,2.0,258.0,19.0,9.0,12.0,watches_gifts
a84a9e06ec9e2e2a520aa8c5b6d11150,1.0,544.0,16.0,8.0,12.0,watches_gifts
a8064cfa6c30d7e838f80ecc9e5e5abf,1.0,350.0,21.0,14.0,14.0,watches_gifts
fb10e89a4e9198e408db587983f3eb9e,1.0,350.0,17.0,14.0,15.0,watches_gifts
a5dd94755306eb7c9b5b66d371a09144,1.0,510.0,19.0,11.0,15.0,watches_gifts
30ab498424a05754d445336acbcf05d5,4.0,350.0,16.0,2.0,11.0,watches_gifts
26fc231be6849fcec97af7afec0bb083,1.0,317.0,18.0,11.0,14.0,watches_gifts
bb5719addb75c18148e1b6aa91e3793f,2.0,567.0,16.0,12.0,12.0,watches_gifts
442484911e00b4bff85ece3e10c1dc1f,2.0,750.0,16.0,2.0,11.0,watches_gifts
78f154cb6a25aea77b9d98ce9ad93be4,2.0,250.0,16.0,11.0,11.0,watches_gifts
1b01cabd433131aec917576c347f0dbd,1.0,550.0,20.0,12.0,15.0,watches_gifts
7021736b31103885bfc8269887f01659,1.0,250.0,16.0,2.0,11.0,watches_gifts
d9c32c8680c2426cade754f10d61e5d8,1.0,325.0,19.0,13.0,19.0,watches_gifts
ae615b6d90889dda51e5a2e821d23b22,4.0,358.0,21.0,10.0,18.0,watches_gifts
77f70ac9f5426624db4fb65c4f1195b8,2.0,300.0,16.0,13.0,13.0,watches_gifts
8e206e69d390e5a1076e0baeb446b0a0,1.0,1200.0,19.0,10.0,15.0,watches_gifts
77f896a49e4b52c7886411acf219f98f,1.0,500.0,22.0,11.0,11.0,watches_gifts
623fb8cc5f36842aa32650e2208a08c8,3.0,200.0,18.0,8.0,13.0,watches_gifts
8f6e596987a0b45c0c2b2e938aa89a96,1.0,650.0,21.0,4.0,19.0,watches_gifts
aa20709d44e96059764f1b0386d3bcfa,2.0,550.0,16.0,11.0,11.0,watches_gifts
4df83a41105e00e0845b9d12b5fe601c,1.0,536.0,20.0,13.0,18.0,watches_gifts
2e19ac96fc0b777c7e0c821618eaf98a,1.0,300.0,23.0,15.0,19.0,watches_gifts
7d160da04c3ede2fe9404d3524acf72b,4.0,1150.0,46.0,10.0,34.0,watches_gifts
41b14d5cecdea3f0e8debd1d0bd155c5,1.0,175.0,22.0,11.0,15.0,watches_gifts
ad5cd855e1bda6a67dfa8f3366ea6481,1.0,325.0,18.0,12.0,14.0,watches_gifts
cd4b1bc1c7c94fdcd94b2a7a87eeb050,1.0,400.0,16.0,2.0,11.0,watches_gifts
bdf752aa5ccd0dfb9e9ed401b672f133,1.0,150.0,20.0,5.0,15.0,watches_gifts
218f1b2280dec0aeadd2878022fb1e0d,1.0,375.0,17.0,17.0,14.0,watches_gifts
5377c9bcdd1b59acf85881d95184f57e,1.0,500.0,20.0,11.0,13.0,watches_gifts
207cdca64408b55cde28bfa9e62bced9,1.0,500.0,22.0,8.0,20.0,watches_gifts
97170c28efde1b426f1c52348fe1c086,5.0,200.0,16.0,2.0,20.0,watches_gifts
5b9a2774e9da2ae3ba355e6c3a2bf37c,3.0,400.0,16.0,16.0,11.0,watches_gifts
1ea2fc5b9d57d4a38537bc42da63952f,4.0,500.0,19.0,8.0,12.0,watches_gifts
739ec9878497e19f019f5967fda86c9f,1.0,300.0,18.0,12.0,18.0,watches_gifts
44523a5e61f0a718c2231922b8856ad7,2.0,286.0,18.0,11.0,14.0,watches_gifts
93a5fdb44a53e09f4a7d659420947201,1.0,250.0,16.0,16.0,16.0,watches_gifts
186667995393fd686a25866399b41e68,2.0,400.0,16.0,11.0,11.0,watches_gifts
228f57b1acb5bdce9401c58653c8cc14,1.0,433.0,21.0,12.0,16.0,watches_gifts
69d980b4120a76616d7b237d731d6156,3.0,600.0,16.0,11.0,12.0,watches_gifts
7daeca72c6dc366e43753e5f9a9b1438,1.0,225.0,17.0,13.0,13.0,watches_gifts
cff80bb3d5c12a024ae5860a6475c472,1.0,278.0,14.0,9.0,18.0,watches_gifts
5c688aca24c45ff04fe5b6d6ee438e60,1.0,300.0,19.0,10.0,15.0,watches_gifts
82caf2c378df511bd246f66917199274,1.0,225.0,25.0,12.0,16.0,watches_gifts
24820a1196d38b337b214cbe699410ed,1.0,250.0,16.0,2.0,11.0,watches_gifts
155663cd6bc8d7e90375c19f73136bab,1.0,250.0,20.0,11.0,17.0,watches_gifts
8f52a2593c7e26a2dae1cd79a60a5beb,3.0,400.0,16.0,16.0,11.0,watches_gifts
139a8ba50a931c4055ff072ef1817b06,1.0,700.0,20.0,12.0,15.0,watches_gifts
85bb2ec914e43df39983d98c9156ce59,1.0,300.0,22.0,6.0,11.0,watches_gifts
da1415c61b55b4e9ea8cb19521c857df,1.0,308.0,17.0,12.0,13.0,watches_gifts
a140e83c184347be1aa71694fe525537,1.0,400.0,40.0,10.0,25.0,watches_gifts
0f67b4ef3dcb82c257f9f14b6f694ccd,1.0,600.0,18.0,18.0,18.0,watches_gifts
1b5da3da62c9390a62e96e29cca9e734,3.0,450.0,20.0,10.0,16.0,watches_gifts
9d84673a79168892ae69a81b75356962,1.0,300.0,17.0,11.0,13.0,watches_gifts
e4275bac744c33641e2a795d01e8e32b,1.0,575.0,29.0,15.0,29.0,watches_gifts
6baa004ae73ded1fcdf0e1f153bddf20,7.0,150.0,16.0,2.0,11.0,watches_gifts
694e3712264584430a0d19e1a1942dbe,3.0,600.0,16.0,11.0,12.0,watches_gifts
cdd0b7472213e44df3b48e96f8deee74,2.0,150.0,16.0,2.0,11.0,watches_gifts
ae07626dfa269bbe4dc753edc3ce83b3,1.0,290.0,15.0,13.0,13.0,watches_gifts
405ddf5d2dcf01d473da98a6ab097020,2.0,350.0,16.0,11.0,11.0,watches_gifts
bac7424a0fcd4e9803853a39685555ec,4.0,180.0,18.0,11.0,13.0,watches_gifts
18c95832cb8d17378929494e3c588354,9.0,547.0,21.0,18.0,19.0,watches_gifts
6dbfe807ef0967e3a7136dee5bbe90ed,1.0,350.0,28.0,10.0,18.0,watches_gifts
82b7108de9ec01ec6d7f4b01d72e4d3c,2.0,550.0,16.0,11.0,11.0,watches_gifts
20566af10fda4783935b8cef249fa4c3,1.0,500.0,22.0,14.0,21.0,watches_gifts
85a53ff2878f9c7acfcccc794b79cc66,2.0,400.0,16.0,11.0,20.0,watches_gifts
67aff847e5cccbb062dde92b68122879,2.0,375.0,16.0,12.0,16.0,watches_gifts
a33100df83e04b43a9b42f973e3a429a,3.0,200.0,16.0,2.0,11.0,watches_gifts
dc60806ac9bd914a0eb467e756c0ff3d,1.0,350.0,20.0,13.0,13.0,watches_gifts
6c58b4fa44aeffc444c5f0f178029cc6,2.0,300.0,16.0,11.0,11.0,watches_gifts
da83f50064bb1755c5a15ecd22773671,2.0,567.0,16.0,8.0,11.0,watches_gifts
308e13b4417e92c76b823160001ad012,2.0,300.0,16.0,11.0,11.0,watches_gifts
e4b933cd90f8a7e6443558790a2c9339,2.0,290.0,19.0,13.0,19.0,watches_gifts
5de25300e7c1e5952be9f6504da7d4f9,6.0,400.0,16.0,2.0,11.0,watches_gifts
9a2bdd5682cbf94cb13e0d1f852c759b,1.0,300.0,19.0,9.0,15.0,watches_gifts
6f0f907c9cf458139bac7f01777b9bbf,6.0,300.0,16.0,2.0,11.0,watches_gifts
e779bacfeb19183e094113948eae40e5,1.0,400.0,22.0,20.0,22.0,watches_gifts
d0fea7fdcd875b2e2bec5d2359d28dda,1.0,350.0,21.0,14.0,14.0,watches_gifts
21a6e49e01d1ee93aadbd8cdf776308f,1.0,338.0,18.0,11.0,13.0,watches_gifts
8da584c8aff7ec074bbc0c8d68713bc9,1.0,387.0,17.0,12.0,12.0,watches_gifts
5693b23d56b6c0708f4094e3d323de28,1.0,325.0,18.0,14.0,13.0,watches_gifts
af940e731a7251787895cdd64cfc3f21,2.0,350.0,16.0,11.0,11.0,watches_gifts
4bc67f0e0c4badffd66ddb6641122a33,2.0,200.0,16.0,2.0,11.0,watches_gifts
9dae52e79d63184a0b32da87c5aabecf,1.0,450.0,22.0,14.0,27.0,watches_gifts
2295c573e69974c45434ba00300189f4,3.0,150.0,16.0,2.0,20.0,watches_gifts
a4385c12734e0937f4514a3cde277925,2.0,467.0,17.0,10.0,12.0,watches_gifts
de1573cfa183a3b9ef746bc24261a497,1.0,700.0,20.0,13.0,13.0,watches_gifts
126abb319a746b23254ef06ddf10181d,5.0,450.0,16.0,2.0,11.0,watches_gifts
4c9c5d9cbd2475b109784b48a70a5c70,1.0,350.0,18.0,14.0,18.0,watches_gifts
6016ec35b91d455a84929e2066601c01,1.0,325.0,19.0,10.0,15.0,watches_gifts
073ed404e3aec5b0a486334c05ee2fe9,1.0,458.0,18.0,11.0,14.0,watches_gifts
7d23cee1130604fd310cd483d918540f,1.0,550.0,37.0,8.0,38.0,watches_gifts
268ea464cc693d6d2e5f79ac2d6778fb,5.0,400.0,16.0,2.0,11.0,watches_gifts
adc8132abcc96431b15f204ddeef5c5f,2.0,467.0,16.0,17.0,13.0,watches_gifts
3e6d2bde9274ac275013aa90d7e2bf16,2.0,250.0,16.0,11.0,11.0,watches_gifts
1cf2ac38c34884acf7e61b5a66d4987c,2.0,300.0,20.0,12.0,15.0,watches_gifts
556702ebb73d3786a852ad3d5a8ad268,1.0,4800.0,25.0,8.0,25.0,construction_tools_construction
43724b27731595d954e911f443fb1cc4,1.0,2200.0,16.0,2.0,11.0,construction_tools_construction
f777c903946dd86fd00cd5b32ec3e907,4.0,21400.0,20.0,20.0,20.0,construction_tools_construction
fe9184887637170f6da65623475d6a66,1.0,600.0,26.0,17.0,17.0,construction_tools_construction
477e9dd0ec1da08376e3e29bf434add9,6.0,1250.0,30.0,10.0,20.0,construction_tools_construction
f911903162e5c7cfa48e5b803068b091,2.0,400.0,20.0,5.0,20.0,construction_tools_construction
ef1c1ac9af94321c7af51e984279cb6b,6.0,14900.0,48.0,30.0,48.0,construction_tools_construction
d48782d1a53a65a84d63efd6aabd4f03,2.0,8817.0,43.0,24.0,47.0,construction_tools_construction
29ea1bc54f78267f6e85b9c99c93e12a,1.0,7100.0,29.0,8.0,29.0,construction_tools_construction
13191128a8f50089d2ed9b7a25dc21df,4.0,6250.0,55.0,14.0,44.0,construction_tools_construction
155eae0f604655ce68005b34cb88b7c9,3.0,2700.0,16.0,11.0,11.0,construction_tools_construction
c7b17e51e4a7c527e89a7d5cf6f2415a,1.0,4200.0,30.0,20.0,20.0,construction_tools_construction
dfb6e01f3415c48d80b21a9c1dd97697,1.0,150.0,24.0,13.0,13.0,construction_tools_construction
344cf40b4cf885e32de129b0917e4a33,1.0,750.0,16.0,11.0,11.0,construction_tools_construction
42283300f3811baee739f5f6edc6feee,3.0,450.0,16.0,14.0,11.0,construction_tools_construction
18fa9cc25ea8b54f32d029f261673c0f,1.0,2900.0,23.0,8.0,23.0,construction_tools_construction
1a77eed8713a452e3cbcb548cccdb96a,2.0,6397.0,50.0,24.0,48.0,construction_tools_construction
363a9f5b97bf194da23858be722a7aa5,6.0,30000.0,100.0,50.0,50.0,construction_tools_construction
22b01577238399e86ecd3a882617f88d,7.0,7300.0,35.0,14.0,35.0,construction_tools_construction
819386cf1eea26ae023a2895cd2f73d1,1.0,2100.0,54.0,10.0,11.0,construction_tools_construction
1d9311c8ab3fedab5eb4df1277b84bfe,1.0,1550.0,54.0,10.0,11.0,construction_tools_construction
9b08a09bf2fd9731cfca8cb3db24457c,3.0,150.0,16.0,10.0,12.0,construction_tools_construction
1cf22c0593f2ba8ecf404d0945a2036a,1.0,5500.0,16.0,45.0,15.0,construction_tools_construction
f020db7bfbac6214f8dc51b753800c5e,1.0,3250.0,19.0,19.0,19.0,construction_tools_construction
d0be993a2140a8cfe0a106b6c2d974b6,9.0,200.0,40.0,4.0,30.0,construction_tools_construction
5dae498eff2d80057f56122235a36aff,1.0,2700.0,24.0,7.0,24.0,construction_tools_construction
bd0ced5367f8750ffbeaa23d1d2ddf33,4.0,800.0,25.0,21.0,25.0,construction_tools_construction
c8a148c82c4a80df54e7ceea266f9fb5,3.0,6900.0,45.0,19.0,45.0,construction_tools_construction
a88124e0b1d42ca7b0813a78ff630437,1.0,2600.0,23.0,8.0,23.0,construction_tools_construction
8c4e5e50a08a443b7fbad34ad7587625,2.0,1300.0,20.0,20.0,20.0,construction_tools_construction
eb6511e81e85ff51547765cbc892f094,1.0,233.0,17.0,9.0,14.0,construction_tools_construction
9503faef00966962beacdb4916272305,1.0,1900.0,35.0,30.0,25.0,construction_tools_construction
381db5acd0b7163fc12b8efc2fda6e9e,6.0,350.0,33.0,11.0,11.0,construction_tools_construction
0dadef6ed70b861b14eddb3a3ca6b73e,4.0,300.0,16.0,16.0,16.0,construction_tools_construction
7edbd4d0335cf6faf31669f33312d142,1.0,100.0,20.0,3.0,20.0,construction_tools_construction
4d483bc32420eaa4119978b42a7544d0,7.0,850.0,18.0,7.0,16.0,construction_tools_construction
ceea7d6ebaeb5a3620c2b43ff85dc13f,2.0,550.0,35.0,8.0,30.0,construction_tools_construction
b40fe421bacf70aea142a25d3ac7737b,6.0,1150.0,25.0,25.0,25.0,construction_tools_construction
bec00ee6877f9d594709ce242ee4d0ec,1.0,200.0,16.0,10.0,11.0,construction_tools_construction
a8626e1c9d4273aa4bb5065747148d30,7.0,9500.0,44.0,15.0,33.0,construction_tools_construction
5b917c70d9b106d8056bdde61c9850e7,3.0,150.0,16.0,6.0,11.0,construction_tools_construction
3aa038240692a414f33eaf1d12a44ed1,1.0,3050.0,16.0,16.0,16.0,construction_tools_construction
afc0353fe79b04ccc1c58929acbbe62a,6.0,2100.0,34.0,18.0,18.0,construction_tools_construction
badbf5d003888b6338ea8774b4ac9717,1.0,2750.0,16.0,2.0,11.0,construction_tools_construction
563e96ec3515e6a7048ebcebffcaf1ba,6.0,10100.0,60.0,20.0,40.0,construction_tools_construction
e1ed9c25b42fc1afbc7459cc821a9d44,1.0,7700.0,50.0,20.0,50.0,construction_tools_construction
e54f264ebcdf353273544c6cc18de83f,1.0,5400.0,40.0,26.0,25.0,construction_tools_construction
c9edf439fd16e320a394e3e998138ff5,4.0,2200.0,60.0,30.0,15.0,construction_tools_construction
7b5889ae43453cce7e93e2e32f97afc6,2.0,6350.0,28.0,32.0,24.0,construction_tools_construction
410f854e2b9c85fc6295ab19b1a2ef2d,6.0,9900.0,54.0,20.0,40.0,construction_tools_construction
4f4524396824b581a27a7dcebb2938b5,3.0,3000.0,25.0,20.0,25.0,construction_tools_construction
dbaee28f4ee64465838a229582d77520,2.0,418.0,19.0,6.0,13.0,construction_tools_construction
08f457ff8eec8dfffecc0489179e7db5,2.0,2300.0,16.0,11.0,11.0,construction_tools_construction
596e3ace8e8329beb05bb40700a659f7,1.0,450.0,16.0,10.0,11.0,construction_tools_construction
db7d6b1e3bbc3a8afae8fdee3cca3ee5,2.0,4400.0,17.0,11.0,14.0,construction_tools_construction
85079e05da087cff3c178a21a5de1015,1.0,250.0,19.0,5.0,13.0,construction_tools_construction
968811b51a38b97a73d9fdf59face469,1.0,920.0,35.0,28.0,22.0,construction_tools_construction
7509198b81c7761e30fc8845ccf330b0,1.0,250.0,20.0,10.0,11.0,construction_tools_construction
2722b86640ddc24e1374c2df1ac2a230,3.0,1700.0,26.0,9.0,20.0,construction_tools_construction
f8e75ec247fd97a5e1abcaa48e9e971d,1.0,370.0,44.0,21.0,12.0,construction_tools_construction
426c58d69aa402e5397c4b6471420fbe,1.0,3550.0,16.0,105.0,11.0,construction_tools_construction
4e546c5a63b11188196b092a6fda2b71,3.0,250.0,16.0,12.0,13.0,construction_tools_construction
f4c3e41f8c0ac64d1be09e1b92327ac0,1.0,8525.0,29.0,9.0,29.0,construction_tools_construction
4ecb94d07e0dc53677b5227fea02cd5b,2.0,6700.0,30.0,10.0,30.0,construction_tools_construction
d881b7a2ce3e484f379f751df4c709ce,1.0,200.0,16.0,5.0,11.0,construction_tools_construction
f107bcdf49e25fab8c0b66fbabb97fc1,2.0,400.0,34.0,4.0,16.0,construction_tools_construction
af407c297ba8ec15891e2d95193203c2,1.0,2008.0,45.0,23.0,21.0,construction_tools_construction
7564c1759c04fc0a38f2aa84f7a370ee,3.0,1200.0,16.0,11.0,11.0,construction_tools_construction
309dd69eb83cea38c51709d62befe1a4,1.0,2150.0,20.0,8.0,20.0,construction_tools_construction
67434db9e83b58ef317f4a902807b82e,2.0,60.0,20.0,5.0,20.0,construction_tools_construction
678c229b41c0e497d35a25a8be1cc631,1.0,3100.0,24.0,7.0,24.0,construction_tools_construction
e6ebef1aa6feb022f534f7c73de98b01,1.0,600.0,16.0,11.0,11.0,construction_tools_construction
d8c199ae0fce3ce0ba91596db04910be,1.0,1800.0,20.0,6.0,20.0,construction_tools_construction
04f6c1fd057cc96a63e1f9579ddb942b,1.0,100.0,20.0,4.0,25.0,construction_tools_construction
d0f60a1e9932071f2a2baa5fc50f0a19,4.0,6143.0,24.0,13.0,14.0,construction_tools_construction
6609812b9088e8333b95e443fef708bd,1.0,6267.0,30.0,27.0,24.0,construction_tools_construction
c5de3a869922e74a2bf19a543f4ac55b,1.0,2220.0,54.0,10.0,11.0,construction_tools_construction
dd0c92095e24c0592ff858d2c4837a78,2.0,1000.0,60.0,30.0,15.0,construction_tools_construction
3db53484d668b78b3bbefe2f430df477,1.0,775.0,27.0,24.0,12.0,construction_tools_construction
8f8c372264024a67ef0c7b449241e65f,1.0,1833.0,20.0,18.0,22.0,construction_tools_construction
91025258cde9e3ab5c55b59dbc77cde2,1.0,333.0,25.0,11.0,19.0,construction_tools_construction
b49315bbc5fe119fafd17c53f573bfae,1.0,150.0,19.0,5.0,25.0,construction_tools_construction
304fad8dc4d2012dc4062839972f2d96,2.0,1700.0,16.0,11.0,11.0,construction_tools_construction
d9e77a9aeffd10aa1a6f2d0ad00608ac,1.0,29500.0,43.0,13.0,43.0,construction_tools_construction
67aa395a5cc2e28207a6227ed48749d7,3.0,850.0,24.0,7.0,24.0,construction_tools_construction
f7566c7c51e266442be8db4b8797ee1f,1.0,11550.0,33.0,12.0,33.0,construction_tools_construction
56d41ba4e2811d7bfca68aadf164b32b,1.0,150.0,20.0,3.0,20.0,construction_tools_construction
6e4ad99aef917394f064496022476d0c,6.0,1150.0,46.0,12.0,24.0,construction_tools_construction
1a0bba83632b7dc923d939a7fa2c4530,1.0,410.0,31.0,8.0,14.0,construction_tools_construction
b0528299d65ab35e3ed853f6a853b8b8,1.0,3400.0,16.0,27.0,35.0,construction_tools_construction
917f6830695aa0ef49bbba69315a4b5d,1.0,4050.0,19.0,19.0,19.0,construction_tools_construction
bb58bcac750d6060319c4e89b560f7f1,2.0,900.0,26.0,23.0,26.0,construction_tools_construction
8f6387569fb290305759ad8221abc957,2.0,400.0,27.0,5.0,16.0,construction_tools_construction
2c3dfe5b09e660349378f30d628d70bb,1.0,650.0,16.0,11.0,11.0,construction_tools_construction
2c3f424b5643b03663e0f5861dde2bfe,1.0,8725.0,29.0,9.0,29.0,construction_tools_construction
9e19e45edbe26eb0f394152ec76da4fa,1.0,2200.0,47.0,13.0,36.0,construction_tools_construction
aeb767ca82c5a6cca8bbac33c4e21579,1.0,1425.0,35.0,13.0,20.0,construction_tools_construction
49ae25c5f82cd4bc8057d0b16d45af3a,1.0,1050.0,34.0,7.0,21.0,construction_tools_construction
8a3254bee785a526d548a81a9bc3c9be,5.0,200.0,16.0,4.0,11.0,construction_tools_construction
0cf2faf9749f53924cea652a09d8e327,1.0,1200.0,20.0,8.0,20.0,construction_tools_construction
831bc6df8c644f854affd8515771a3e6,2.0,100.0,20.0,3.0,25.0,construction_tools_construction
205f96ff730dd709636da2c7b9cb7ca9,1.0,1100.0,54.0,10.0,11.0,construction_tools_construction
29d5c2519a3dc99ad17aa6217b812335,2.0,2033.0,27.0,24.0,26.0,construction_tools_construction
86b22a03cb72239dd53996a67df35c63,2.0,7650.0,44.0,15.0,34.0,construction_tools_construction
ae52b85c8712696950e9287398316251,2.0,1175.0,28.0,28.0,28.0,construction_tools_construction
9e982c02ee2aca70d2bcd8799a2487d2,1.0,10100.0,48.0,34.0,37.0,construction_tools_construction
b5a4e805e99d591325383971318613cd,1.0,150.0,20.0,4.0,20.0,construction_tools_construction
56ed53afb0d6ef2c843df74a4c1b573e,2.0,5850.0,21.0,14.0,18.0,construction_tools_construction
f5badee8a0e679f057ec0ca4f0f32dcb,8.0,450.0,20.0,10.0,15.0,construction_tools_construction
7d88b5bdd4a526aef4368cc593209f42,1.0,617.0,21.0,10.0,21.0,construction_tools_construction
4d7fee7877228c1497477ae53d97c214,1.0,8650.0,44.0,14.0,40.0,construction_tools_construction
bdc1cae635cc5a6a09d9481495b890c6,3.0,350.0,18.0,23.0,18.0,construction_tools_construction
638a9114d65182d28b1cf8a99e72d90e,1.0,2450.0,35.0,27.0,29.0,construction_tools_construction
b41170a9996e74afc789cb4e75ad205a,3.0,800.0,25.0,16.0,16.0,construction_tools_construction
624dfd4e171c102a6b6f50a83e522019,1.0,1050.0,35.0,30.0,21.0,construction_tools_construction
de20d07a4cb6565ed32339ba6a9ea541,1.0,1100.0,40.0,37.0,35.0,construction_tools_construction
d6fa8b99ed80bff9dcddd3fdefa6e68d,1.0,2050.0,23.0,8.0,23.0,construction_tools_construction
148c9e8af97e807544e4487f137ad65e,1.0,2200.0,30.0,20.0,25.0,construction_tools_construction
612333e41128203342c1dc089808f3ad,1.0,3550.0,16.0,30.0,15.0,construction_tools_construction
91e27b33eee803b0d1f97e4d3910b75d,1.0,800.0,20.0,40.0,20.0,construction_tools_construction
3aa87a3dccf8203120b151e48699ba03,5.0,1650.0,29.0,10.0,22.0,construction_tools_construction
b3675eb635fd8e9a7528f1e347b4690f,1.0,2150.0,60.0,15.0,30.0,construction_tools_construction
21b524c4c060169fa75ccf08c7da4627,1.0,3350.0,21.0,8.0,21.0,construction_tools_construction
5eda4e0f860531d5ba1fe2b23d468cab,6.0,4950.0,20.0,24.0,21.0,construction_tools_construction
e7d74ac41522f4ecd8782803fafc8aca,1.0,4650.0,45.0,22.0,45.0,construction_tools_construction
0043d1a25ef08fb6f41b8fa6f91742ab,1.0,20400.0,30.0,30.0,30.0,construction_tools_construction
501c8cd285f4f2ed96efffbb3c697d0b,1.0,450.0,19.0,5.0,13.0,construction_tools_construction
b0e3993f15923db74f7aea09b8043717,10.0,16400.0,52.0,53.0,35.0,construction_tools_construction
2d9034164be45fea72a91641a3874c33,5.0,10500.0,60.0,20.0,40.0,construction_tools_construction
d77a8e6d209905ea7a93e4f38a0b8a18,3.0,3500.0,19.0,89.0,36.0,construction_tools_construction
d3c3a9ea27f69d8137ff129a53ec4740,1.0,1450.0,20.0,8.0,20.0,construction_tools_construction
e025f288e09da35a510433c3180b10f1,1.0,470.0,21.0,14.0,18.0,construction_tools_construction
f626e57d2526d92edf8379a00670f11e,1.0,250.0,38.0,10.0,38.0,construction_tools_construction
596b0cef604a108a6ccf68e439d39fbb,1.0,550.0,26.0,17.0,17.0,construction_tools_construction
7b8d9c8c0d923944798fd521f6d0a1af,2.0,1250.0,47.0,11.0,25.0,construction_tools_construction
043424c9047266b778d9f440c63dc349,1.0,9075.0,34.0,12.0,34.0,construction_tools_construction
1caf2267e1334b93a9220b1a26db262d,1.0,650.0,26.0,17.0,17.0,construction_tools_construction
f90781e8e990b7e051be89afa85ee625,6.0,11100.0,44.0,35.0,33.0,construction_tools_construction
c7eeed24894444cf7553d212de7a3290,1.0,200.0,20.0,5.0,20.0,construction_tools_construction
48e169d7e70bdfd06b008415e0f072e3,1.0,250.0,25.0,15.0,23.0,construction_tools_construction
591f4f7c62c8baf1117e1cedbbe77f0e,2.0,400.0,31.0,5.0,16.0,construction_tools_construction
90e7f883fbd53dbb43ea8c32eb63ebe9,3.0,4250.0,16.0,13.0,12.0,construction_tools_construction
a6a89796253a9c3777bf7ed7ebb5d9d4,2.0,200.0,16.0,11.0,11.0,construction_tools_construction
64ebd99011a464d8ad8c12e9587038f6,3.0,500.0,31.0,4.0,16.0,construction_tools_construction
452f66a0f164cac57802e2cea93188ac,4.0,350.0,16.0,61.0,16.0,construction_tools_construction
7931c305032ec48bb0ed7bd63539aeec,4.0,5200.0,49.0,13.0,39.0,construction_tools_construction
17455fdde89549b744a53cffa8eb67f9,1.0,50.0,75.0,11.0,11.0,construction_tools_construction
4c809e61a89993ebeb2ad634b8af3c15,3.0,650.0,16.0,20.0,11.0,construction_tools_construction
b3af6df8f36460eadc69ee2310a440d0,1.0,22350.0,41.0,13.0,41.0,construction_tools_construction
efe51826ab4363ada69569a61c5a23b1,2.0,150.0,20.0,4.0,20.0,construction_tools_construction
d32f22e03fb01595aa10383f4364d303,4.0,8650.0,43.0,13.0,40.0,construction_tools_construction
2e77d6fda1a0aabe317689c9f6c74266,2.0,500.0,30.0,30.0,30.0,construction_tools_construction
6bb54c0a1ddf991dc06cc7cb5a13bab7,2.0,200.0,20.0,4.0,20.0,construction_tools_construction
4128a326a8aa3eb532eb2c120520663a,1.0,150.0,20.0,3.0,25.0,construction_tools_construction
5c04d019c44f9f7da2d2b9508871a243,6.0,16400.0,50.0,38.0,50.0,construction_tools_construction
c88f6f752875535d69510094205bab77,3.0,1600.0,26.0,9.0,20.0,construction_tools_construction
86dad5d04b5dff7634aa79ca9d0324a7,2.0,150.0,18.0,10.0,12.0,construction_tools_construction
5d4259625c11acce3dcc39c169037a9a,1.0,958.0,29.0,18.0,25.0,construction_tools_construction
0ad6795586afdad1281b3884f2611ca6,1.0,250.0,60.0,60.0,11.0,construction_tools_construction
c39f112a4f0d855bd197c065cb42eba9,6.0,20200.0,54.0,20.0,40.0,construction_tools_construction
37244e10d8b612acfba950f0ef0be093,5.0,30000.0,43.0,72.0,43.0,construction_tools_construction
6944df4c64619e41fa9701a7c168cc84,1.0,600.0,16.0,10.0,11.0,construction_tools_construction
2d7b32f14206000e07fcb6e05bcb8bfc,2.0,7775.0,60.0,24.0,42.0,construction_tools_construction
eabe034f4937c45aac341f1dc8fe1454,1.0,200.0,19.0,7.0,15.0,construction_tools_construction
98aaaedf37ab737ac27a285b011f42cb,1.0,7125.0,27.0,7.0,27.0,construction_tools_construction
09b4afd6ff5a26a1e7538df4bd04a8d2,7.0,8250.0,35.0,14.0,35.0,construction_tools_construction
ac4d8b40fc57f2366c3df122fbc2d353,3.0,400.0,27.0,11.0,16.0,construction_tools_construction
5197d46c6bc54f44ffacac72c9864161,5.0,8600.0,60.0,20.0,40.0,construction_tools_construction
a8c826857439e8ab8f66884dbb015915,1.0,300.0,16.0,9.0,11.0,construction_tools_construction
a56b51724402d77b13ba844e67130c4a,1.0,367.0,38.0,21.0,23.0,construction_tools_construction
9b462e55a70e01cfd3f9686d12e11f09,2.0,200.0,17.0,12.0,20.0,construction_tools_construction
3777da5a4d01cc856906b449ddb7ffd3,8.0,7300.0,35.0,14.0,35.0,construction_tools_construction
7e503dc4ddcb4b145a8bb4c00a7c3249,1.0,1000.0,60.0,15.0,30.0,construction_tools_construction
086d5564c102e81c6f215639d9d1e09e,1.0,150.0,20.0,3.0,20.0,construction_tools_construction
08ef610bbd6b290c3811f95c354779a6,1.0,13600.0,36.0,8.0,36.0,construction_tools_construction
c9e3b986ab953f3b1f4028bee505deea,1.0,2550.0,29.0,31.0,30.0,construction_tools_construction
26ce5e30e831d1c1e9ac3eeb3a876935,1.0,16750.0,35.0,35.0,101.0,construction_tools_construction
177c3ebabe9adfcda1308c5dea939f6a,6.0,10150.0,48.0,23.0,48.0,construction_tools_construction
e2055b97e82d54729173aebed46123a6,5.0,6400.0,48.0,16.0,38.0,construction_tools_construction
e2de41d7036bd95cd37a7a9f4949024f,2.0,350.0,16.0,7.0,11.0,construction_tools_construction
fa2de9e6a52f697fbd74ddbc2c15b16c,1.0,971.0,36.0,26.0,24.0,construction_tools_construction
433c39faf9824a0bb3d61565a3517486,4.0,6650.0,45.0,19.0,45.0,construction_tools_construction
63f916d8413bc439687d549e937d5b67,2.0,250.0,19.0,12.0,15.0,construction_tools_construction
95d5de1e8f30491ef346be257d7889a5,4.0,300.0,30.0,4.0,30.0,construction_tools_construction
134529314360d3cb9e5e052b0b7b4b39,1.0,100.0,20.0,4.0,20.0,construction_tools_construction
4c6826f47a7d1a0e3f48b885170f4fc3,6.0,6900.0,60.0,20.0,40.0,construction_tools_construction
bdeeb5acd16db2efd16239bc6c0f01cb,1.0,500.0,26.0,17.0,17.0,construction_tools_construction
33c99a74eb3e4e67bb70dca408c352d2,7.0,4850.0,20.0,24.0,21.0,construction_tools_construction
18670ef035870b452690c54a57e13009,1.0,10050.0,60.0,20.0,50.0,construction_tools_construction
77d58496dfa2a355c62351dd1d3982bd,2.0,1050.0,18.0,10.0,15.0,construction_tools_construction
10eca571d1658f6a268a7bd6055a4a9c,1.0,1350.0,16.0,20.0,16.0,construction_tools_construction
1279fba7025d91dadde108559a8d0485,1.0,1834.0,32.0,26.0,35.0,construction_tools_construction
cdad9f8ea258557cae046590bd2ba19c,1.0,200.0,16.0,11.0,11.0,construction_tools_construction
7d939f237f8e9c3892bbb1ee73cd1434,5.0,9650.0,44.0,20.0,33.0,construction_tools_construction
a31e2b31d699c94831605bd8c9f1b36e,5.0,6600.0,37.0,15.0,44.0,construction_tools_construction
b7a5b8352bda2cdda6964296e859f637,5.0,13700.0,60.0,20.0,40.0,construction_tools_construction
508f0e9cc116910a45a3d133491a929d,2.0,600.0,16.0,5.0,13.0,construction_tools_construction
ebcb541a782d81080d82782ab65cc98a,3.0,1550.0,25.0,17.0,25.0,construction_tools_construction
7e144b70c4543f5ea3b8d687435eff6c,5.0,550.0,30.0,30.0,30.0,construction_tools_construction
507914b4af243e0589c389ac50545ef6,1.0,1900.0,21.0,8.0,21.0,construction_tools_construction
b84186a036c7f3b9c2e4701800a02e45,1.0,5250.0,16.0,16.0,16.0,construction_tools_construction
242e43e16717ea0a751d98a83b773d4e,2.0,283.0,17.0,10.0,15.0,construction_tools_construction
97d94ffa4936cbc2555e83aefc1f427b,1.0,3000.0,25.0,6.0,25.0,construction_tools_construction
3af5874bd2429ed183a5445d1432fcde,2.0,100.0,17.0,5.0,13.0,construction_tools_construction
08a5cbbd7adc85e1074b03fceaca34ee,5.0,250.0,20.0,10.0,15.0,construction_tools_construction
6164a01ab8ccd7fd2c68f5316aa8bec6,1.0,1150.0,26.0,42.0,26.0,construction_tools_construction
6c1d133db7e26f35b03876c7f4c0177b,2.0,1010.0,38.0,33.0,28.0,construction_tools_construction
627025506c84c8b1d34791a89aa3a8dd,4.0,500.0,20.0,30.0,15.0,construction_tools_construction
41f9d5d764dc0fa4928c9177275e5763,1.0,400.0,16.0,16.0,16.0,construction_tools_construction
cff0f92f00bc55eda3414e941101ccb9,6.0,10200.0,44.0,15.0,33.0,construction_tools_construction
bcf23a98430ab0bd4ee446c36b596c25,1.0,450.0,19.0,6.0,30.0,construction_tools_construction
4a5c3967bfd3629fe07ef4d0cc8c3818,1.0,2750.0,25.0,8.0,25.0,construction_tools_construction
6aafd3c0f3c474278b14545ef46bb99b,6.0,17800.0,48.0,23.0,48.0,construction_tools_construction
23182071dae29b744722e647c64e8fe2,1.0,100.0,20.0,4.0,20.0,construction_tools_construction
779dd392d4fbe5ca656bf3ceabecbf0b,1.0,5450.0,23.0,24.0,23.0,construction_tools_construction
308e5ad92ea784e15a8f632465837c4b,1.0,600.0,16.0,12.0,16.0,construction_tools_construction
3bad4452b9bf0554748e82f3a4a5673c,1.0,750.0,18.0,30.0,11.0,construction_tools_construction
4cd531c7f4447ebff6dd6bd12993fab8,1.0,21400.0,33.0,36.0,33.0,construction_tools_construction
aa8cf1d1d094ac7ca06ad3df6d87633a,1.0,894.0,26.0,19.0,24.0,construction_tools_construction
cecbcf63df5c478acc233d45ee32122a,6.0,2750.0,64.0,10.0,40.0,construction_tools_construction
d89b65ae21c1eed8128aafb8c3c553fe,3.0,1400.0,16.0,16.0,53.0,construction_tools_construction
aa050bcc1f43af01b044c36285bbb87c,2.0,450.0,28.0,4.0,13.0,construction_tools_construction
4f74d757aae5755017f9afc37c65afa6,2.0,2300.0,37.0,15.0,37.0,construction_tools_construction
a5f25345083fc9e537fe69c874886fe7,3.0,23300.0,65.0,58.0,37.0,construction_tools_construction
c3da6347b3df112e52de0d6f9443158b,3.0,2900.0,43.0,14.0,17.0,construction_tools_construction
26facbccf840188b92bcc8cb89fe1f64,1.0,2050.0,21.0,8.0,21.0,construction_tools_construction
876a957a8b27aa25e5d201128eccf205,1.0,100.0,20.0,3.0,20.0,construction_tools_construction
3a5bfc952a6ad85598f16e431eb7622b,3.0,2530.0,19.0,17.0,17.0,construction_tools_construction
85c35088e92ac74354061edbe3de0b74,2.0,350.0,16.0,9.0,12.0,construction_tools_construction
366980848ec5025f19199579ff57bd6d,1.0,3800.0,27.0,7.0,27.0,construction_tools_construction
4c8fae70c244a7ff63b9c1f73fb0a987,1.0,2750.0,23.0,8.0,23.0,construction_tools_construction
0cb255418b89587f063171ca707b85e7,1.0,750.0,16.0,12.0,11.0,construction_tools_construction
e8a1dffbef0392ef084cca41655a13d1,2.0,500.0,30.0,30.0,30.0,construction_tools_construction
5096e827f6152df3974343e735a52dc9,1.0,2800.0,16.0,2.0,11.0,construction_tools_construction
f940327804bdcb40342a12c93de069b8,1.0,450.0,38.0,12.0,14.0,construction_tools_construction
38db388d2fc1b20662fcfd3f38b0be28,3.0,1700.0,16.0,32.0,34.0,construction_tools_construction
9a19dd63632e958f42a66a46afc0f05d,1.0,150.0,22.0,10.0,15.0,construction_tools_construction
421890faa615c929339e62ace8ef69c7,6.0,9700.0,44.0,15.0,33.0,construction_tools_construction
ff7263dfb3cfff5421ada48c3899c313,1.0,1100.0,20.0,20.0,20.0,construction_tools_construction
99f83ce7f14247f186cb52d73bdd6e79,1.0,100.0,16.0,7.0,12.0,construction_tools_construction
0bec8ea972e7cf7bf6e81cf9c99c725b,6.0,11850.0,50.0,38.0,50.0,construction_tools_construction
c63f9ad806cc588df99a5f29323335b0,1.0,433.0,22.0,22.0,17.0,construction_tools_construction
75a1a92a08e3830c261d5a45750e183f,1.0,550.0,25.0,15.0,25.0,construction_tools_construction
71f2ce4ae5dfdd3b55a51c7a2d3c4da8,3.0,3750.0,40.0,16.0,25.0,construction_tools_construction
76603a4bccfedb23ac477d3cf1f69ce1,4.0,900.0,20.0,20.0,20.0,construction_tools_construction
915ff35b0555b98fe64bc60674da4c43,4.0,13350.0,30.0,29.0,34.0,construction_tools_construction
40876e499870e34fccde7cfb266a987d,1.0,6250.0,16.0,2.0,11.0,construction_tools_construction
7b3baec97c107a6869809313ee7262ac,6.0,11400.0,50.0,15.0,40.0,construction_tools_construction
ee339563912cfcc8a006239baba4d8f3,3.0,1000.0,27.0,7.0,12.0,construction_tools_construction
83d2d8172add3b895700b35351e7f05c,1.0,700.0,17.0,11.0,11.0,construction_tools_construction
d266bd54e60e0bc9c54c61541078cadc,4.0,4800.0,38.0,12.0,26.0,construction_tools_construction
cb495e3212140c3d8b02a78038e20994,2.0,1700.0,16.0,11.0,11.0,construction_tools_construction
b463e2b659b92c4daa531d0d8768b8be,1.0,2700.0,16.0,2.0,11.0,construction_tools_construction
118c36d1c7ee6e3261fe81d58986a0a3,2.0,200.0,20.0,6.0,20.0,construction_tools_construction
b4d5c697ff3cbb690703c8d117f95abf,4.0,7400.0,38.0,16.0,38.0,construction_tools_construction
20d7a48524eae8d2694bd40031fe12b2,1.0,100.0,20.0,5.0,20.0,construction_tools_construction
83cf2637b3c035693ee58369b791d966,1.0,7850.0,50.0,3.0,50.0,construction_tools_construction
491efdd8025d870ef06034b0bc39c3b7,1.0,4000.0,24.0,8.0,24.0,construction_tools_construction
f5e48ba4fcfdf3920b7a857b261a3ef3,1.0,200.0,21.0,7.0,14.0,construction_tools_construction
23ca4b39422a8ce105ac4848d5d9cad0,1.0,750.0,16.0,27.0,35.0,construction_tools_construction
1de85e3b5a43099a57d10a7d3dedf97e,1.0,680.0,20.0,12.0,15.0,construction_tools_construction
66389c9df136a25c8f131757ce3a6967,3.0,175.0,35.0,14.0,16.0,construction_tools_construction
e0b5cfe78d53b28a2f5e9c2145bfd30e,2.0,530.0,16.0,7.0,18.0,construction_tools_construction
5275ff6b5e1629977be145d9a55d2d83,1.0,550.0,25.0,15.0,15.0,construction_tools_construction
7a90cd69f849bc237ef1f4f9e1796cfa,1.0,275.0,21.0,12.0,17.0,construction_tools_construction
d287f2c7cdde1081203fb2413e9f8005,1.0,29600.0,46.0,13.0,46.0,construction_tools_construction
4f00a5557f84aad1f45c6f70e3efc353,4.0,450.0,25.0,10.0,20.0,construction_tools_construction
76f4ae2b91f4c543cb215e778747a63c,2.0,6375.0,38.0,27.0,41.0,construction_tools_construction
bf1a9a02e2160143755052e6bf59740f,1.0,3000.0,23.0,8.0,23.0,construction_tools_construction
0ea04fc101523a27bb53845d14d7d809,1.0,100.0,16.0,35.0,11.0,construction_tools_construction
430e5eb549078d5eec4e5d1ec529c622,1.0,1630.0,18.0,15.0,14.0,construction_tools_construction
f07602cce8d54d74a2f2c4a1115c7aad,1.0,400.0,19.0,6.0,30.0,construction_tools_construction
6d15a14a5c04e3ef315ab136bd824d72,3.0,8900.0,43.0,13.0,39.0,construction_tools_construction
0abbc7837b3659615530515c12091add,3.0,200.0,19.0,8.0,13.0,construction_tools_construction
486e577f635477c920c95e95dc243bc8,1.0,2250.0,16.0,19.0,24.0,construction_tools_construction
f64673cee0ed4c2b137d08a3dc4e855d,1.0,2250.0,20.0,20.0,20.0,construction_tools_construction
51b24bbd390b66c9f67579153fe7ec5f,2.0,100.0,17.0,7.0,11.0,construction_tools_construction
e708a48b26e6681db248ca125459d365,1.0,100.0,30.0,30.0,30.0,construction_tools_construction
5479f02af4cde2ebe8801cf2b05cd49b,1.0,4700.0,25.0,8.0,25.0,construction_tools_construction
a9e135d6755b84c05fbb49529501142a,4.0,3200.0,20.0,20.0,20.0,construction_tools_construction
9205b5d133187385ee26d75b2d1d3bc6,5.0,9700.0,60.0,20.0,40.0,construction_tools_construction
3b25a71267a8d5926e53ad9b88b97326,6.0,7500.0,54.0,20.0,40.0,construction_tools_construction
fda6e6a7a94613adeb9bc945a6dbcc10,4.0,4100.0,35.0,14.0,35.0,construction_tools_construction
cd00226b5a6c74c899d42c8a1114d7ff,4.0,600.0,62.0,12.0,12.0,construction_tools_construction
6e110609c2314bbd56666eb2cdb464b3,1.0,3750.0,20.0,20.0,20.0,construction_tools_construction
0de59eddc63167215c972b0d785ffa7b,1.0,4100.0,26.0,8.0,26.0,construction_tools_construction
481a7cf644601696cd8f12e1efaf8547,6.0,1300.0,25.0,10.0,20.0,construction_tools_construction
d457916b4fdc60154ed93b5dd3e6fd69,1.0,10000.0,30.0,20.0,30.0,construction_tools_construction
143bd097a677b205de2380a93b1f1a99,5.0,8600.0,60.0,20.0,40.0,construction_tools_construction
1d1e5ff7c1fe84990f92d41f7425b789,3.0,2650.0,16.0,11.0,11.0,construction_tools_construction
8093c8511b079b39f83ad0d34e731f34,2.0,566.0,16.0,15.0,14.0,construction_tools_construction
638bbb2a5e4f360b71f332ddfebfd672,2.0,20850.0,100.0,25.0,50.0,construction_tools_construction
ba5707ce3b56a880b7eb7bc826132db2,5.0,1100.0,42.0,12.0,42.0,construction_tools_construction
c85ef665dddff9ed38e6545814f24a0d,2.0,1250.0,32.0,14.0,17.0,construction_tools_construction
782d995a1fa812332e893151d983f902,1.0,4950.0,27.0,7.0,27.0,construction_tools_construction
addc5c8bbd255c685d87235db4c4579d,4.0,2550.0,20.0,55.0,40.0,construction_tools_construction
e6b1fb4c720a25db36b934075d87b42a,6.0,7900.0,60.0,20.0,40.0,construction_tools_construction
ad47aff134f11264c92d7ff1299163b1,5.0,4400.0,19.0,23.0,19.0,construction_tools_construction
3fca280b9c1738d8d7996c7373d3ecee,4.0,600.0,30.0,12.0,20.0,construction_tools_construction
543cc037b05f74eeacee9b376522b9d5,3.0,3050.0,30.0,10.0,30.0,construction_tools_construction
111e742af54b3ee11099c8b396e1eece,2.0,1500.0,54.0,10.0,11.0,construction_tools_construction
de305190ccd7a8cc302a6ee42eb059a1,2.0,250.0,20.0,5.0,20.0,construction_tools_construction
8ab78b6f871fd72d1ef38097498b70b7,1.0,1650.0,16.0,11.0,11.0,construction_tools_construction
cb0c5efccd7813081ac13792fcaeb07a,2.0,6050.0,54.0,18.0,35.0,construction_tools_construction
5dd661de5faff6a71b571602a8090e93,2.0,400.0,37.0,4.0,16.0,construction_tools_construction
b883409932bf862f43008f116a06cda5,1.0,15650.0,32.0,34.0,32.0,construction_tools_construction
efc92e405d7cee7066082c5c623a9f1e,1.0,350.0,44.0,17.0,13.0,construction_tools_construction
0b1b954cb171434674907a8da1778e11,5.0,7400.0,60.0,20.0,40.0,construction_tools_construction
b07d64d413a7a5f5dac72fc60b3b14ca,1.0,50.0,52.0,5.0,52.0,construction_tools_construction
515848373adcbd9d2fae893d43fb772e,1.0,700.0,46.0,7.0,24.0,construction_tools_construction
90887320b08d184abea26df9426a01e9,1.0,1450.0,20.0,8.0,20.0,construction_tools_construction
c28d0e4df4c6507137950f31b9bed1dd,3.0,8250.0,48.0,14.0,47.0,construction_tools_construction
67eadd97b6db18d9681c7939c91c98e3,2.0,950.0,16.0,16.0,11.0,construction_tools_construction
a319b66ab6cabbb2810942860c1c8a3c,1.0,2300.0,16.0,19.0,24.0,construction_tools_construction
bbde277e9acc929e96d1ecb114f3342c,2.0,200.0,20.0,5.0,20.0,construction_tools_construction
82dbd25ac3df812e3a143613760229b9,6.0,13300.0,48.0,23.0,48.0,construction_tools_construction
4a5088fa8aec7bc653cb9cd2c30039ae,3.0,3350.0,16.0,7.0,18.0,construction_tools_construction
5454dc9ccaeb25fdcae1291a91d8db73,1.0,703.0,22.0,22.0,16.0,construction_tools_construction
d9738cad7de68bf1b899b443be57dc76,6.0,18200.0,54.0,20.0,40.0,construction_tools_construction
5b1f3328a2c6f837ecce21bca1489939,1.0,2850.0,21.0,8.0,21.0,construction_tools_construction
970e1ebb22b5c4e942ef9f57bbc3e416,1.0,725.0,18.0,35.0,16.0,construction_tools_construction
0da9ffd92214425d880de3f94e74ce39,3.0,10900.0,39.0,12.0,42.0,construction_tools_construction
f82bac7fa1858189c4bd90c9c208d6db,4.0,150.0,16.0,6.0,12.0,construction_tools_construction
1a96bfd3ef9221f2775d1eccd98a7f17,4.0,200.0,42.0,12.0,12.0,construction_tools_construction
94cff684a6f115a32507988ff6541801,1.0,300.0,20.0,12.0,25.0,construction_tools_construction
62c3fd5a2232fc1adb5a4f7fb863341c,1.0,1125.0,38.0,35.0,38.0,construction_tools_construction
7045eb759d502f9bc2976ae5389a4ddc,4.0,7150.0,58.0,14.0,43.0,construction_tools_construction
78f29023586e374cdc3773ce0af6bd2c,1.0,2100.0,16.0,29.0,36.0,construction_tools_construction
67210f2751a0c0aa78d46d9513abc836,1.0,2050.0,20.0,8.0,20.0,construction_tools_construction
ac25e2fbad9f60979fc3bfeda708178b,1.0,114.0,16.0,12.0,17.0,construction_tools_construction
9a694e995885a3cc32d450605a1e5abd,6.0,8000.0,54.0,20.0,40.0,construction_tools_construction
a11b92613ac1f37b3617b440c7b9e6b3,2.0,713.0,24.0,20.0,21.0,construction_tools_construction
1f833cc7a418205cf50f5e834c6a2134,2.0,300.0,20.0,5.0,20.0,construction_tools_construction
e35e57ac692a504d2fbb8f30e188c693,1.0,400.0,16.0,20.0,16.0,construction_tools_construction
703be08855ce485a358cc217d93a05d4,1.0,5250.0,55.0,18.0,45.0,construction_tools_construction
ee4329a32508827791e17cd8daeadb6b,2.0,650.0,16.0,11.0,11.0,construction_tools_construction
cd360a9f341f57c25699dbac377f5efd,1.0,550.0,30.0,30.0,30.0,construction_tools_construction
c92af8ae65f217933c222f02ab10e73b,1.0,3950.0,25.0,7.0,25.0,construction_tools_construction
416753943bbda356a28be0f3ba476632,2.0,160.0,16.0,10.0,11.0,construction_tools_construction
09c7dc149e2a06a6fe9f873343f240e1,1.0,50.0,29.0,9.0,21.0,construction_tools_construction
e48406fb377b0bf86170bc8cf1631ee6,1.0,100.0,26.0,3.0,22.0,construction_tools_construction
49dde78184b81926a3e31f6d7083ada4,1.0,931.0,24.0,19.0,23.0,construction_tools_construction
5292d2a10d727811b78d5b7dfb6c96b3,3.0,550.0,30.0,30.0,18.0,construction_tools_construction
39b146e69c32ffe0a469e95a71585843,1.0,2400.0,22.0,8.0,22.0,construction_tools_construction
431fd984f18cf930e301e4815be65ca4,1.0,2450.0,22.0,8.0,22.0,construction_tools_construction
b92fd399c5f0b0737841b04471a7e677,3.0,200.0,52.0,12.0,12.0,construction_tools_construction
ce7757befc6e69c9a3c2d7551ea423ce,1.0,2144.0,19.0,19.0,23.0,construction_tools_construction
f86b655d8f6be5feaaff2da2190e8c4b,1.0,2450.0,16.0,20.0,15.0,construction_tools_construction
186b6a12d98fb8471271f204a82a7937,1.0,100.0,20.0,20.0,20.0,construction_tools_construction
1ca1d7d7a101a1d1f2ca213994fd8596,2.0,1400.0,20.0,42.0,20.0,construction_tools_construction
adc32eb18332c495cdfdd97d01520d80,3.0,667.0,20.0,8.0,21.0,construction_tools_construction
2cb44978a2f8ca4e770be12e5491ac32,1.0,950.0,22.0,22.0,16.0,construction_tools_construction
ffb530bd30bcc1bd903e4da723faa5e6,2.0,1800.0,16.0,11.0,11.0,construction_tools_construction
e6fd836ffd3fc4276f6f3f2c7d8cfde0,5.0,1100.0,20.0,10.0,20.0,construction_tools_construction
4cc10c744962c909b9612c462b3f5c7c,3.0,150.0,16.0,8.0,11.0,construction_tools_construction
0b98b002389531232d83d333e3883dd0,8.0,1450.0,30.0,10.0,20.0,construction_tools_construction
bfd0c7371a844fb057a67f00d67b4a66,6.0,500.0,40.0,11.0,11.0,construction_tools_construction
ad4d0d4117b535484bf7e32089e5b1a5,4.0,2500.0,40.0,10.0,26.0,construction_tools_construction
fe286f0c486e06abe661c94f8e1554c5,3.0,2350.0,16.0,11.0,11.0,construction_tools_construction
b99a3303b1ac44f41d753c36cb68b5b3,1.0,1633.0,32.0,18.0,26.0,construction_tools_construction
4b54b3c4276e14492c3b466f49583f72,4.0,1850.0,55.0,16.0,16.0,construction_tools_construction
603e77844ae424a4842e8cb31309cffe,4.0,450.0,34.0,4.0,16.0,construction_tools_construction
4255ef536732efe235477ace2dccd393,1.0,1400.0,20.0,8.0,20.0,construction_tools_construction
4e2957100efdd750873fdbf003ef30c9,2.0,150.0,20.0,5.0,20.0,construction_tools_construction
8a12c0e223d9dbd49ccfcd2ad25d1b30,1.0,2490.0,16.0,19.0,24.0,construction_tools_construction
845f006b4e362c371735a9a64f6a52b8,6.0,11400.0,44.0,38.0,44.0,construction_tools_construction
8b8981e920b8a923f6b066fefade1925,1.0,850.0,30.0,25.0,30.0,construction_tools_construction
a1ba3cfb1b59331aeefe47e5fdfe65e9,1.0,6250.0,33.0,7.0,33.0,construction_tools_construction
930f6ddc396b23f823b6b520fbd528e0,2.0,600.0,20.0,20.0,20.0,construction_tools_construction
acdf5c2a687407b37b00081300de0bdc,1.0,200.0,19.0,19.0,19.0,construction_tools_construction
11b01f1cecc2e56f57fa038e87fe6684,1.0,200.0,16.0,5.0,20.0,construction_tools_construction
c46a1855dd52a09f34d29d939a1fd975,1.0,1367.0,19.0,19.0,22.0,construction_tools_construction
207053c7b5b4e03d5e96c0cc64e1aac2,4.0,700.0,21.0,6.0,24.0,construction_tools_construction
4cce3fa9fee9eb2361e0b9bd32516958,1.0,1900.0,16.0,19.0,24.0,construction_tools_construction
53fdf3db66e7448326f18bea615f440f,6.0,4300.0,20.0,24.0,21.0,construction_tools_construction
d4bac0bfef9cb063e55c79bb8cdc9034,3.0,500.0,28.0,9.0,18.0,construction_tools_construction
ea8961270de20e665fcbb36044d6580f,1.0,100.0,25.0,3.0,20.0,construction_tools_construction
de36d205f68196c28c2575937b9e737e,3.0,2000.0,48.0,25.0,48.0,construction_tools_construction
33102eb20d41ceb406b2083a3fde8d29,6.0,1550.0,37.0,7.0,24.0,construction_tools_construction
290bd89e961af9ea5a733bc477c50355,1.0,641.0,21.0,12.0,17.0,construction_tools_construction
3116933c5301f90d4446f1ac5912edae,1.0,2800.0,22.0,19.0,22.0,construction_tools_construction
766a6a4c51c63991e78e192d802787a9,5.0,14050.0,54.0,20.0,40.0,construction_tools_construction
0233382eae30811d6dfffbbfb5de36d8,8.0,10750.0,54.0,18.0,35.0,construction_tools_construction
36a4730522f6c06d61028293616a9ec5,4.0,4650.0,54.0,18.0,35.0,construction_tools_construction
1065e0ebef073787a7bf691924c60eeb,1.0,4300.0,29.0,7.0,29.0,construction_tools_construction
34eb6a7adb729aa877c2eeccf886f09f,2.0,5600.0,46.0,15.0,39.0,construction_tools_construction
7fb06133a9a56c3d8a2819e9f4d45422,1.0,1050.0,16.0,8.0,90.0,construction_tools_construction
e3e6b07f8e08fc8862ab0fcaf76dbde4,2.0,150.0,20.0,6.0,20.0,construction_tools_construction
fad6e383a24adeb5feea3cffb9d89661,2.0,300.0,30.0,4.0,30.0,construction_tools_construction
db63fab600827fdc6ef686c30f5ccb42,1.0,550.0,20.0,5.0,25.0,construction_tools_construction
dd4e0af4984c994583afeb8ac4ae7eb3,1.0,200.0,16.0,16.0,16.0,construction_tools_construction
4651cbf18222b853f46619003d9861f3,7.0,400.0,19.0,11.0,11.0,construction_tools_construction
d753d967faa594c1c4014dc58966e8e1,1.0,21900.0,41.0,12.0,41.0,construction_tools_construction
5938705c2fd05674b76e26fd47b7eab4,1.0,550.0,30.0,8.0,11.0,construction_tools_construction
f29f1a6b117a13d500cedb9798790dd0,1.0,4900.0,19.0,19.0,17.0,construction_tools_construction
b6c9dea1728535dbfc20e94efe4656ee,1.0,923.0,17.0,8.0,21.0,construction_tools_construction
73f1f4a973ffb99bb0157e38ab33f989,1.0,1500.0,21.0,19.0,22.0,construction_tools_construction
dee46ab618429cbd3cdf24b2eb4c7f34,1.0,1700.0,20.0,8.0,20.0,construction_tools_construction
ed00a8453145186b3f071f1e3edef33d,1.0,225.0,16.0,3.0,13.0,construction_tools_construction
e13e355c4fb4736afe0e3ea38fce8558,1.0,1650.0,60.0,15.0,30.0,construction_tools_construction
a3a03c131926ec14d4c9f3ef03016b24,1.0,700.0,40.0,20.0,20.0,pet_shop
b6f3b8136ba8302906df7e11ff908751,1.0,1350.0,23.0,7.0,30.0,pet_shop
1b37262ebd1307a6c9aab9aca8584e76,3.0,1300.0,30.0,10.0,18.0,pet_shop
c615805546392ec3b8a20c6590c4d400,6.0,2000.0,30.0,34.0,17.0,pet_shop
2de8789bf8abcd2f6c7866f9429b1986,1.0,1900.0,50.0,13.0,70.0,pet_shop
acfc0fd945c522a0d2266d45bcdd91c6,2.0,625.0,21.0,16.0,17.0,pet_shop
7130a7cfbe3bb2f11f6524e0cec6eafe,1.0,300.0,16.0,16.0,16.0,pet_shop
f3dadecca4b876a315481c79b8adcf16,3.0,300.0,24.0,12.0,12.0,pet_shop
49c8221f68acec04f84cc22c58be6c5a,4.0,700.0,36.0,12.0,30.0,pet_shop
d8160f4d642dacdcdb00f26b434a6033,4.0,4050.0,30.0,53.0,30.0,pet_shop
e13cf83849f5e6cf2b946de4ca48bf2c,1.0,500.0,25.0,15.0,20.0,pet_shop
b7f70c625521ad94f77e9aa1218fd9fa,1.0,2900.0,83.0,82.0,12.0,pet_shop
66b5f91356d928ae807ab4ee547f5e3e,6.0,500.0,20.0,20.0,20.0,pet_shop
1e56c680b07833e85fec6904b2c7e4b8,4.0,200.0,27.0,9.0,26.0,pet_shop
87aa68bb4f8c5d53b7a6a496ce10d86c,1.0,1500.0,50.0,30.0,33.0,pet_shop
ffa5d8273d8e03363bb4014de3f89dce,5.0,1150.0,40.0,20.0,30.0,pet_shop
4e9e7d1bed5934971a6ac480a0f5069f,2.0,1500.0,40.0,45.0,30.0,pet_shop
eb6913790ee61d3d4d8dffcbbedea827,2.0,102.0,20.0,6.0,13.0,pet_shop
8bc6752b88d4909a129ee0abfd76875b,1.0,300.0,16.0,4.0,11.0,pet_shop
f9aa001a859b11fd798bb386f3d07eb0,17.0,9000.0,33.0,30.0,44.0,pet_shop
04b2173a311a1fe1a8c90a59c0a0f474,2.0,700.0,16.0,35.0,25.0,pet_shop
98bf9f3941be6afbca9ea37f8eb0c466,6.0,1400.0,20.0,16.0,22.0,pet_shop
ede2db86fe8aefa5df3788e970819229,4.0,950.0,50.0,20.0,20.0,pet_shop
39af1cd37608a2db10b81fd2350ce047,1.0,533.0,24.0,15.0,16.0,pet_shop
612f9101c59a6a365b661f2546fdceda,1.0,500.0,25.0,20.0,20.0,pet_shop
f8f1404df05c9e68c0f11fe76b338921,1.0,300.0,20.0,10.0,15.0,pet_shop
5c0df984f68150bd43a1a59aaa83c13f,1.0,150.0,30.0,20.0,20.0,pet_shop
69d4040bce5f682537d8e124d1cbc2eb,3.0,150.0,26.0,6.0,19.0,pet_shop
57414a165829139b9b534f0b4a794fe0,1.0,14725.0,54.0,25.0,37.0,pet_shop
2ef440beadfeaa9ac762aaf8fead2836,2.0,150.0,16.0,12.0,15.0,pet_shop
cc59cf334461196527f790e5c9191ece,1.0,140.0,19.0,12.0,15.0,pet_shop
c76a2c67b75f1bf675d2c86157537910,1.0,900.0,30.0,30.0,30.0,pet_shop
88de5a4c9a8190df7f9b4a5b4f3f68cd,2.0,200.0,16.0,7.0,11.0,pet_shop
1c57458e824ca3d974ec1831a1a55e72,3.0,30000.0,79.0,2.0,63.0,pet_shop
1a70473adb9873f9068e80f2fcb78824,1.0,190.0,17.0,22.0,17.0,pet_shop
2b733cf37ff9af2258751a5a508d3e69,1.0,27400.0,40.0,30.0,40.0,pet_shop
0a8bc1a07183eceacf95ae5cb4cbd076,1.0,165.0,16.0,10.0,11.0,pet_shop
c8b96022819f31119f1404ad2c3c1059,2.0,5450.0,30.0,30.0,30.0,pet_shop
6aa7792ae76dad7d68331915fb2602c7,4.0,900.0,30.0,12.0,30.0,pet_shop
0eb5e2c967974b4a88f060ae6610788e,15.0,1600.0,33.0,30.0,44.0,pet_shop
3470ec574925a96bb8480140fddb1050,1.0,300.0,16.0,16.0,16.0,pet_shop
26f4f1d683f32cfce93292cc626d5eea,17.0,1150.0,21.0,17.0,30.0,pet_shop
3a53c1796dd7e4050fdfd2f5d4c90f70,6.0,6350.0,56.0,20.0,34.0,pet_shop
7f38cf4e517ec6bb1d31c4e6b6df18ef,17.0,2000.0,33.0,30.0,44.0,pet_shop
b816ff414e308c71a09f04b4d0845c44,2.0,1400.0,50.0,20.0,40.0,pet_shop
6f2af80a4dddb41170c1afe551f88765,3.0,150.0,26.0,6.0,19.0,pet_shop
56a59e73563d9b8d536af8b0dc9e0995,2.0,200.0,20.0,7.0,14.0,pet_shop
4e5dc46fe4e31dd605f374ee43f0268e,3.0,400.0,30.0,20.0,20.0,pet_shop
d862ce2954329a2af9498e8568ee9b1c,4.0,250.0,27.0,9.0,27.0,pet_shop
aee3f592b58fb4d19977aac4159cd4b1,1.0,200.0,20.0,7.0,14.0,pet_shop
9522c1e219a651952a29e5f3a65e880c,2.0,850.0,24.0,20.0,24.0,pet_shop
36b8b14d0662ef735c8ef4856f4dde58,1.0,88.0,16.0,7.0,14.0,pet_shop
0bde5c9ff4a756aed7fe09a8a3bb0dfd,1.0,12450.0,69.0,36.0,30.0,pet_shop
3168b2696b15ca440b92afa9e011a084,1.0,3200.0,52.0,25.0,29.0,pet_shop
6ca32b4631431cb1fe976880797a0f5c,6.0,5350.0,50.0,30.0,40.0,pet_shop
d5cf2d1224d6d3a279dc2593f5a824fa,3.0,500.0,35.0,22.0,28.0,pet_shop
d3060c543b1b88a647cc284ed7a9dd4a,4.0,6200.0,69.0,10.0,49.0,pet_shop
ee7ddd73a334c7e3d03131492419d68c,3.0,3650.0,36.0,16.0,26.0,pet_shop
f1bc55c22d7212dbec2c6d63e38f577e,1.0,450.0,20.0,20.0,17.0,pet_shop
64436613065a92eedd50d29d4ec0cd43,2.0,6700.0,50.0,20.0,40.0,pet_shop
bed95d69e90e758da84f50f57dc0e31b,3.0,3000.0,105.0,16.0,16.0,pet_shop
9e261f5543c32312afa68843fabcc119,1.0,4600.0,46.0,27.0,28.0,pet_shop
5e7cc48697a854bbc6724010b0ef229a,1.0,163.0,18.0,9.0,14.0,pet_shop
09c2dde20d43a2b79ec17fa25a5ad6b6,1.0,1500.0,50.0,30.0,33.0,pet_shop
fbbccb1d65066d96ce4cc9edef2f5a0a,1.0,2500.0,65.0,50.0,45.0,pet_shop
4ef60b1f697ffec7b21fb506866496f6,1.0,11350.0,80.0,26.0,26.0,pet_shop
3f2c4414409c0a99c34cc0a7753e37d3,2.0,200.0,20.0,20.0,20.0,pet_shop
d86408ff5f272d41f18d18f8cbefa1a3,1.0,5300.0,30.0,30.0,35.0,pet_shop
555605f730aad3262ccaeec528f65766,1.0,217.0,17.0,11.0,13.0,pet_shop
0366dd798c6de7ec8d16c23de6a82cfd,15.0,3500.0,39.0,20.0,46.0,pet_shop
bd41529f5f1face3f1d0d72ae81188a6,1.0,450.0,23.0,4.0,21.0,pet_shop
0aa63972ae4967bb6874df796163549d,3.0,5000.0,40.0,20.0,50.0,pet_shop
20fbf8f8316bd76f105599ecc7e485f7,6.0,1450.0,40.0,20.0,30.0,pet_shop
a2f28e3d47bd6d7d334089ebebdd55e2,1.0,4417.0,27.0,27.0,13.0,pet_shop
efcef300fe9b2c558a8ea258127f6e6f,1.0,7300.0,25.0,25.0,25.0,pet_shop
f92ece990baf778926b7349c309b55f7,12.0,7300.0,49.0,29.0,34.0,pet_shop
d1c11e104455ab36d3e5b7458a9189d2,1.0,417.0,19.0,17.0,16.0,pet_shop
0414ce6ba3643b59fd1e5c8e146c1d8d,2.0,2700.0,43.0,39.0,20.0,pet_shop
3f246bac2dc05206d0d5b6c637c7008f,1.0,26700.0,80.0,41.0,46.0,pet_shop
b4f435100a515fb999f800065c3424a2,14.0,7300.0,33.0,30.0,44.0,pet_shop
c028e45b1d245ae576fcf069f68265ed,1.0,11100.0,52.0,52.0,36.0,pet_shop
527921e5d38d82e839ef2195d6455fc6,9.0,20700.0,60.0,40.0,40.0,pet_shop
61928d5aa0738540798d3a57a38717f2,1.0,250.0,16.0,16.0,16.0,pet_shop
75d7ef43c821730d335b779416ef824e,3.0,800.0,50.0,5.0,50.0,pet_shop
674882c56b0e1ef7ce973f10a6c02b1b,5.0,1500.0,60.0,16.0,26.0,pet_shop
77cad52aa444e612b99517bebbb4abb2,2.0,1250.0,35.0,20.0,45.0,pet_shop
096d687ce8c7ae68039cce3f229b1d4c,2.0,665.0,9.0,9.0,8.0,pet_shop
7d5d1204ad4036e30b0d4afce077f396,2.0,200.0,20.0,10.0,20.0,pet_shop
f6dc856631040b5a7843b14a94b09b96,1.0,15550.0,47.0,32.0,62.0,pet_shop
3a2df6d2493defbb3b0f25c4f359423f,3.0,1100.0,20.0,25.0,20.0,pet_shop
45ba26803dbbdb26ec5757546929ac89,2.0,400.0,16.0,16.0,16.0,pet_shop
e4643202d9053d132303d7927dc71f8e,1.0,2200.0,18.0,20.0,22.0,pet_shop
bf66f5d110af02b50af37038afe90bd9,3.0,400.0,20.0,20.0,20.0,pet_shop
7798ddd884068c64f261fa5d6a7f6cd9,1.0,8050.0,57.0,21.0,37.0,pet_shop
ccec880520770d791d004c9a1ae8b0aa,3.0,150.0,25.0,10.0,15.0,pet_shop
2b9de6c892dd8bfb80322b1650d9904e,6.0,19000.0,30.0,42.0,90.0,pet_shop
d540d228abea2bb0713acb40e4f3d341,6.0,2350.0,42.0,22.0,32.0,pet_shop
3bfd406881ee395530b18ca51670161e,4.0,1000.0,16.0,35.0,20.0,pet_shop
89fe9f3c22efcfa4bd05c0cf71c70a18,2.0,200.0,18.0,9.0,14.0,pet_shop
2ef3cc0d3f3adddc0ef8ecf48989bba2,1.0,3875.0,30.0,25.0,25.0,pet_shop
a996a150a7fd0eba6a177ec84b939b51,2.0,5300.0,30.0,30.0,30.0,pet_shop
c795f412e17c825c7765adfdb4ecdc56,2.0,300.0,30.0,10.0,17.0,pet_shop
5083416598756311d4bb4ddabd661e25,1.0,9100.0,37.0,30.0,39.0,pet_shop
41ddd4c8779d0943ee7706c384eeee8f,2.0,700.0,24.0,20.0,24.0,pet_shop
515ba7ccc6abbd1c0f5016704a0184e2,4.0,1400.0,40.0,20.0,30.0,pet_shop
e3dd5a5b73bfbb610ada4ed74a6612b6,1.0,138.0,17.0,13.0,14.0,pet_shop
37bfa14183ddce17983a1980a3337042,1.0,2500.0,23.0,11.0,19.0,pet_shop
de15917c5525c593f2a9747a5c943ee7,3.0,150.0,25.0,25.0,25.0,pet_shop
e785fc8bd8514e440e2d11f014c68c67,5.0,1800.0,30.0,30.0,30.0,pet_shop
df581a0b9a4bf71da645a0a3d5d2b4fe,4.0,3000.0,41.0,16.0,27.0,pet_shop
be359e4dfd741cfa415d9965fe0c417f,1.0,13800.0,75.0,20.0,55.0,pet_shop
b73a2c0ec9eb8d2badfbc9d8d27f3ad6,1.0,18050.0,70.0,40.0,37.0,pet_shop
0ddf5b8a3a2a417e9ec403ddd8a59446,5.0,250.0,18.0,9.0,14.0,pet_shop
9bb2d066e4b33b624cbdfec7d50b3dcb,2.0,900.0,26.0,19.0,23.0,pet_shop
6841fe26a65cdc7dad114a453ce638b3,2.0,150.0,27.0,9.0,26.0,pet_shop
1d52c0fd7c289b6b7e0dc022067d33e8,1.0,111.0,17.0,10.0,12.0,pet_shop
bf937a731d01528bc2c8b11863de7586,2.0,1185.0,30.0,10.0,21.0,pet_shop
955d13d7e0c184665441e35897a4f3c3,10.0,6100.0,48.0,28.0,31.0,pet_shop
3dd3a67f72798f25cdd5d98553553d85,8.0,16850.0,60.0,40.0,42.0,pet_shop
c03500a4a72be532834b3d947821d519,10.0,200.0,18.0,9.0,14.0,pet_shop
798e4e153e7141eb95d330765208c63b,2.0,650.0,21.0,12.0,52.0,pet_shop
ca3fd09ef832923ccad790506d6e0385,3.0,5500.0,26.0,47.0,27.0,pet_shop
73353895a654703808e8ac484d6abe20,2.0,1700.0,50.0,20.0,40.0,pet_shop
a2f0a41fa03da98fd19e20d996462cc8,2.0,300.0,17.0,12.0,14.0,pet_shop
274221dea414cc167dce4f2716b1315a,2.0,300.0,20.0,30.0,20.0,pet_shop
32808768776c3aa459e4a6e143644cd6,2.0,1250.0,30.0,15.0,30.0,pet_shop
78d7edf3fda961dc8ac6999761ba5b05,3.0,1400.0,50.0,20.0,40.0,pet_shop
b917d488bd4ad4225f8d046a32e2d122,2.0,200.0,20.0,10.0,20.0,pet_shop
cd3be6f2b54a7e252f5283ad7c26970d,1.0,700.0,20.0,11.0,13.0,pet_shop
0fed0bae4b5a992499e06472a0344d8d,1.0,6372.0,64.0,17.0,52.0,pet_shop
492bfd5c7a82cfd6dddccdec443b2ca4,1.0,8500.0,16.0,15.0,25.0,pet_shop
08a20557431a9fcad3a08aed08811e14,2.0,750.0,30.0,15.0,15.0,pet_shop
63dee6756e0e8bbf04e52803409d4673,2.0,4900.0,50.0,20.0,50.0,pet_shop
a2a9d440312eaf280738605b3c440f29,1.0,6050.0,50.0,10.0,36.0,pet_shop
217cb0f28c6def3c3be057a952d78189,2.0,650.0,20.0,18.0,20.0,pet_shop
4c1e109ecdf58453de365d217cefa64c,2.0,974.0,26.0,30.0,28.0,pet_shop
874337e889ebccdaf2ac1f132818ccdf,1.0,550.0,20.0,50.0,20.0,pet_shop
2fb02cd08d14624e7ed0d6c6e3c093c8,3.0,900.0,35.0,20.0,45.0,pet_shop
a8624848cc85066425b656121d3da966,1.0,300.0,16.0,16.0,16.0,pet_shop
1f15aad258a1559be6c62fe1a774daa7,3.0,700.0,20.0,20.0,20.0,pet_shop
939ca4eeb18f951c099e1178bc50772c,5.0,1500.0,22.0,19.0,22.0,pet_shop
3b88c6a09d4f61f0566c39ed139fb5e2,2.0,300.0,20.0,20.0,20.0,pet_shop
762e9c384b4752bbcbea568e3d89856f,2.0,200.0,21.0,16.0,17.0,pet_shop
249de764c23f381ef073c7520e0ab799,1.0,175.0,20.0,5.0,13.0,pet_shop
86742dc5c815f1c8c04c6e323e3c1865,10.0,6950.0,48.0,28.0,31.0,pet_shop
905434463b9e660873f4c2833b75ae07,1.0,11450.0,42.0,65.0,55.0,pet_shop
c8dc26795ea2ee96f3fa57453cd7667e,1.0,300.0,30.0,30.0,30.0,pet_shop
6adc261becb6dfbd0fec7c705521f76b,2.0,675.0,20.0,18.0,17.0,pet_shop
aefd95d8fa48ead0bcdec7fb758daea0,1.0,200.0,23.0,8.0,15.0,pet_shop
1395c0f64373a0771d89b9f16f185dc6,4.0,650.0,25.0,30.0,20.0,pet_shop
a6b56b20f93907299eef6ea711338269,2.0,10150.0,50.0,5.0,45.0,pet_shop
6b6b162b177d0f36987993aecbe1c65f,1.0,20450.0,35.0,35.0,35.0,pet_shop
ca5c923962558430573f83661dbe36d6,2.0,1250.0,40.0,20.0,30.0,pet_shop
0eb5d1d033dcdd7b9b11658ce84ee8e9,1.0,350.0,16.0,4.0,11.0,pet_shop
ec43500eb99241b5278775e78a38dcea,6.0,18150.0,56.0,45.0,51.0,pet_shop
356260965b761056864ff939baeb4b22,4.0,9150.0,49.0,32.0,35.0,pet_shop
4f90c408cc89d73465ffd286ac21ae4b,2.0,3000.0,45.0,47.0,20.0,pet_shop
740adb81f19fb346d1ce72237211ba51,2.0,682.0,25.0,35.0,27.0,pet_shop
3a77cc438baf789ed16b12b553ce504a,1.0,600.0,25.0,40.0,25.0,pet_shop
3e34352aa9c04170d941a9a8c6a895bb,1.0,125.0,18.0,10.0,14.0,pet_shop
90871024847effc9791a5051a4d4160d,1.0,350.0,25.0,10.0,18.0,pet_shop
59dbefe045e850ce6df6b1fd5dce14ba,4.0,11900.0,50.0,37.0,37.0,pet_shop
4150111276cd3b62fcaeb7814cca0e08,2.0,440.0,16.0,35.0,12.0,pet_shop
c3504adf8e5bbfd1978d29a00c2075c5,5.0,1650.0,68.0,4.0,48.0,pet_shop
ec74982f2c5381621923b6b704605624,3.0,700.0,36.0,17.0,11.0,pet_shop
06f442515f5159d999a684dfdb881917,6.0,10900.0,50.0,30.0,40.0,pet_shop
a7c6305655921ed7f446b060ca89e2e7,4.0,800.0,20.0,25.0,16.0,pet_shop
0519a542f6238651af817ddc6fcbbcf4,3.0,400.0,18.0,12.0,15.0,pet_shop
750d224957fab8388b6b2c7432c00e35,3.0,250.0,30.0,10.0,15.0,pet_shop
7ac0d3f8ac5b60c13d74b02b8cbb4623,6.0,1050.0,20.0,17.0,25.0,pet_shop
6ae4d45dedc378571b9c404275008674,2.0,500.0,20.0,18.0,20.0,pet_shop
2ef3d8599453e1d96a0adc55fa90ba91,2.0,1600.0,50.0,20.0,40.0,pet_shop
48a78d3787292116ba0de72570514978,3.0,500.0,35.0,22.0,28.0,pet_shop
25d035762df754b895cf8e847168409a,1.0,1167.0,24.0,28.0,20.0,pet_shop
4bd3f968f30558ee2b17168cd3930fff,1.0,400.0,16.0,20.0,16.0,pet_shop
64367bed3ed96fd9381676fbe33b6443,2.0,5750.0,30.0,30.0,30.0,pet_shop
afd34b33969fc993e14ae949c140d527,6.0,1350.0,40.0,20.0,30.0,pet_shop
8b92139f9270553dc3fefeac3ef69034,12.0,4200.0,49.0,29.0,34.0,pet_shop
43fe236fd16fba129a5498ba4b1b47fe,1.0,17150.0,55.0,40.0,45.0,pet_shop
65a4190fb90003ec977a0b0db2a8db70,1.0,15150.0,92.0,12.0,62.0,pet_shop
13e290d958dc257f594b962ab8c131b0,1.0,1050.0,49.0,15.0,33.0,pet_shop
4d506f00f028642b159fe0be712d8041,1.0,1300.0,21.0,6.0,26.0,pet_shop
8d2741c514abfc9654c7dabdd71fc07e,3.0,700.0,30.0,30.0,30.0,pet_shop
ffd9ac56db9194a413298faaa03cd176,1.0,600.0,17.0,16.0,17.0,pet_shop
44efeca9e2a12a4e5af1940d1d5d7c18,5.0,500.0,47.0,6.0,36.0,pet_shop
57b5726e43d656e99611c432b3a7b1ea,3.0,19100.0,27.0,65.0,50.0,pet_shop
14132fa6062431ce5af633fd3368f0ee,1.0,833.0,60.0,8.0,49.0,pet_shop
c7b500a3f1823e03cce648e94bf9acc6,1.0,158.0,21.0,8.0,16.0,pet_shop
23b943460884877c44de1ed05d357d83,1.0,600.0,16.0,11.0,16.0,pet_shop
15d8ac236009f0d5e74a5033a53ba460,3.0,7150.0,35.0,35.0,35.0,pet_shop
c82e581a3ec7e992cd06723b0caae96f,1.0,500.0,30.0,30.0,30.0,pet_shop
56c495ddc51801f9e2d32eae8ef252e8,1.0,200.0,16.0,16.0,16.0,pet_shop
dbaeb92cf0908499e8a6f00a9964a6a6,2.0,250.0,16.0,12.0,14.0,pet_shop
fe40f7377a50aba380fb2fca57cf730c,6.0,1650.0,42.0,22.0,32.0,pet_shop
eac79e5169f7190fc60b25f3e9bf21d7,3.0,6000.0,51.0,26.0,26.0,pet_shop
0d0813646803c7ceca65852df0fd59f6,1.0,300.0,16.0,5.0,11.0,pet_shop
ad242deeefcc0d81a0f001a0fb9b585e,2.0,900.0,16.0,18.0,14.0,pet_shop
53524b8441311984f975500f1e8f1702,2.0,1200.0,69.0,3.0,43.0,pet_shop
618a3fd33448d434c96fd55360397e25,2.0,500.0,20.0,20.0,20.0,pet_shop
664e36c9f1780f33973e063ae2cdcc66,2.0,7300.0,45.0,28.0,45.0,pet_shop
6ebb5635bf6deefd63f997cd3e898766,2.0,300.0,28.0,17.0,21.0,pet_shop
36876fa11e21f66fcbe91abde34210c5,1.0,5500.0,57.0,21.0,37.0,pet_shop
2367a519f69c9163cb6261bd2ce42ad4,1.0,275.0,29.0,10.0,34.0,pet_shop
abff09d5c554ab5e3c1180a55635dca3,1.0,900.0,30.0,33.0,30.0,pet_shop
5028e33329174553ee04adc728f3e918,1.0,19800.0,74.0,40.0,40.0,pet_shop
74fc0f00f12925f590846cc41144df80,1.0,150.0,20.0,10.0,11.0,pet_shop
fd7d446e2582c5bbc8be63f9179e98ac,1.0,150.0,23.0,23.0,23.0,pet_shop
5ccdfc35d9cff8db4fa46b83d5712899,1.0,15700.0,81.0,19.0,60.0,pet_shop
c0747e098550ba48a597e31baf37f519,1.0,500.0,16.0,5.0,11.0,pet_shop
bf730d49d016a80c9c66b4c1768a7933,3.0,4300.0,53.0,20.0,33.0,pet_shop
e23ad0cd69c2d088fce8285de421f61d,1.0,500.0,16.0,15.0,15.0,pet_shop
7612378170dc7f2a3f9c0e3f57676e89,7.0,5400.0,55.0,25.0,16.0,pet_shop
13e144085fe0add29464aa5571df855d,3.0,1050.0,25.0,20.0,20.0,pet_shop
cea2c8d87c3a6672684f57374dfc5703,2.0,200.0,16.0,2.0,11.0,pet_shop
e0c91d6c8ebefa095d644e26877e6121,7.0,1250.0,40.0,20.0,30.0,pet_shop
66921e471530ee0d23a53ad72f49887f,6.0,13700.0,35.0,40.0,60.0,pet_shop
98ad6d0d02b4ee890e2a5e322ae6b028,2.0,200.0,20.0,18.0,18.0,pet_shop
561e48cdfacd14e7cfe67aa4ebd0caea,2.0,650.0,21.0,18.0,20.0,pet_shop
01545847403c0f1e69d76654d66be35c,4.0,450.0,38.0,4.0,38.0,pet_shop
83ee05fd05be4375384ffcdeffcc138f,3.0,19300.0,45.0,30.0,45.0,pet_shop
9ad35a49eb5a417d1554e1c23f8200e4,1.0,250.0,25.0,20.0,20.0,pet_shop
d9cc920d093a854a2fe69ab26df8f992,1.0,600.0,16.0,16.0,11.0,pet_shop
561b72208efb5be7e6834dc471aca43f,1.0,6350.0,50.0,30.0,30.0,pet_shop
0f66dd888ff5af9eba17aa59be9870d1,1.0,6300.0,60.0,25.0,25.0,pet_shop
652b2c3cfb3ca763c54795335a22f1ad,1.0,200.0,16.0,8.0,15.0,pet_shop
cf5407ad3a5c603fa46d5c2613661a09,2.0,8750.0,45.0,28.0,45.0,pet_shop
a5cc78a32cddc1ec920b5546f188cc3e,2.0,200.0,20.0,7.0,14.0,pet_shop
2cc294be30478c5b330a17360b597951,1.0,450.0,20.0,50.0,20.0,pet_shop
28763a4fd1b597a9c4f31a9579e7d1b4,17.0,1150.0,21.0,17.0,30.0,pet_shop
6cf95bd30a9628ca0c9911e43d7956a3,1.0,1500.0,50.0,30.0,33.0,pet_shop
8f5501bc2a52a32cb42e220c855cd589,6.0,2350.0,42.0,22.0,32.0,pet_shop
f1c4f26f118642564253b47188f05ccc,2.0,150.0,16.0,20.0,16.0,pet_shop
4874eb71b65dc197fb705bc999eb41bb,4.0,2000.0,28.0,20.0,20.0,pet_shop
72456858d4955f13f90c494ceba52999,4.0,1600.0,30.0,20.0,20.0,pet_shop
459c346252ef503ee7b5d4d6e886a4e2,5.0,650.0,16.0,54.0,15.0,pet_shop
d23750d75ff07de540c45749fbd8de45,2.0,500.0,20.0,18.0,20.0,pet_shop
7e07a8d0f0ea4d119dae448cf1b595ec,2.0,300.0,17.0,12.0,14.0,pet_shop
4eb3e07a4b54437a7f63eeb577ebf73a,2.0,850.0,19.0,15.0,18.0,pet_shop
0c8b321d3fd08377fe038cc6257d64e9,3.0,1025.0,19.0,15.0,16.0,pet_shop
f8337291f99ac7dfa9937942984d653d,3.0,200.0,27.0,9.0,27.0,pet_shop
d538285bd15e067ff40beb6f988b794d,3.0,500.0,13.0,10.0,10.0,pet_shop
256711bf66dcd14111581476d6cca1aa,3.0,1150.0,33.0,4.0,28.0,pet_shop
7c09ac0ca5900bf6f957121ebfc338e3,1.0,107.0,17.0,9.0,14.0,pet_shop
a4b4c6dda9b745b87b23da10dd2af1b7,2.0,250.0,16.0,7.0,11.0,pet_shop
4e5a27d8bad6e3f21c8b1ce4c8269885,1.0,3400.0,44.0,15.0,27.0,pet_shop
47fafa6908e75ae62b8a36a9eb3b9234,2.0,1650.0,48.0,31.0,26.0,pet_shop
baf6f4106306b138b83c32152d1e03de,1.0,200.0,20.0,20.0,20.0,pet_shop
2293f7375b46e963e55be5b56d3b77b0,3.0,950.0,30.0,20.0,40.0,pet_shop
9a32fb6f525729129e08953ed6cfd069,1.0,500.0,26.0,10.0,13.0,pet_shop
02ca56d6ca8d517a067869b6b6543ded,1.0,7300.0,20.0,40.0,60.0,pet_shop
4dcb49b9ca7e48d2f108d40caa77caa2,2.0,850.0,24.0,20.0,24.0,pet_shop
809cefda77a61d43df3d1b32f6ecfd92,1.0,6500.0,60.0,11.0,34.0,pet_shop
953107f6a9859bfebd242f5f03fe1585,3.0,15200.0,52.0,53.0,38.0,pet_shop
a05b734b423527efdc1917e441f19234,2.0,1750.0,41.0,26.0,22.0,pet_shop
a671b5c0b737258c5a3262826e3dd9c5,3.0,925.0,40.0,20.0,40.0,pet_shop
3a63f38267d980e6107579e72c2f1c51,2.0,850.0,16.0,16.0,16.0,pet_shop
a6883f92891e256b926bf8b9c40fbe9f,1.0,129.0,18.0,11.0,14.0,pet_shop
33716d3b89a37449be72f5e5180caa00,1.0,250.0,20.0,16.0,16.0,pet_shop
53466539c80d0960583e3d74d250ae38,1.0,250.0,23.0,13.0,21.0,pet_shop
4dba4de4cd67ba2191c34468ac2ca841,6.0,13250.0,55.0,36.0,40.0,pet_shop
804f35d5834309996feeeb8a7ac361cd,1.0,1000.0,60.0,11.0,50.0,pet_shop
13f1ff85fb63cd1bcbf6ef78959328e9,1.0,1700.0,50.0,30.0,33.0,pet_shop
6f544a62e85efa4d7a5e135482b31d79,1.0,3300.0,72.0,12.0,55.0,pet_shop
715de93e3ca2fa3b11430ae2914d2203,1.0,1125.0,25.0,15.0,18.0,pet_shop
f70a5d9b1b6d4fac3e2b7da556700b33,2.0,7700.0,50.0,20.0,40.0,pet_shop
643f86cfb81c8ef89293524c5cd78435,2.0,600.0,36.0,6.0,25.0,pet_shop
bcf64c2356ded745b81b4348a8a763e1,1.0,1000.0,19.0,15.0,18.0,pet_shop
83ad269665a5be4f1e69a2f13ab39553,2.0,900.0,31.0,19.0,22.0,pet_shop
6e5505d60c1782977e099a8c0339a7b5,1.0,1200.0,20.0,15.0,15.0,pet_shop
33d572fab2a1a7c217d8831ade7d9357,3.0,25950.0,60.0,36.0,42.0,pet_shop
987a74846f2e12df204ceae9e59953fc,1.0,8675.0,50.0,29.0,51.0,pet_shop
61d4de5bc97fe391e6a42d7520a3551f,1.0,300.0,19.0,19.0,19.0,pet_shop
40263263ca0cba325e7d97ada30b8dc6,3.0,150.0,16.0,20.0,20.0,pet_shop
75d1ab6d99d81ab64103dcd85552dd28,4.0,6700.0,30.0,20.0,40.0,pet_shop
7b7827f65a44cb0a2a5a1021757fd119,1.0,50.0,18.0,14.0,14.0,pet_shop
4f0b70b7cd4e112df87e7ebaeaefc66b,1.0,425.0,16.0,18.0,18.0,pet_shop
46292acbc08d49b95138891146f7287b,1.0,158.0,18.0,6.0,13.0,pet_shop
085860688be9891f26e36a6ebc27cf6d,5.0,1400.0,50.0,30.0,40.0,pet_shop
b3da35152fd4ba6d1e3a536235e7a494,1.0,1200.0,23.0,21.0,12.0,pet_shop
9b887ea9c5de0f08367e5bd0e48a4c0f,1.0,680.0,32.0,29.0,22.0,pet_shop
72bc7a3072eb84fd69d8e220fb7dbfaf,4.0,500.0,27.0,9.0,27.0,pet_shop
0dfb3f08547a24999bb7ec4d025b7d7d,1.0,200.0,20.0,15.0,15.0,pet_shop
e2c843e2762213223f21e0206e3b9d9d,3.0,8450.0,53.0,20.0,33.0,pet_shop
19783777e6d4d97635348cf8d7caedc5,3.0,4800.0,31.0,16.0,26.0,pet_shop
da31a8967c1dd9649b9e034eaa588783,7.0,2450.0,50.0,30.0,40.0,pet_shop
784c94d1803e49492d2758907914b26c,1.0,20800.0,40.0,40.0,45.0,pet_shop
a1349515a6b4241f2e09a28b5cd2c453,1.0,8017.0,51.0,28.0,39.0,pet_shop
61fd556e5319f0e1dfed3ecb8d3bb778,1.0,400.0,20.0,19.0,19.0,pet_shop
11d0c969546d6f21d23188084e25cf81,6.0,2250.0,30.0,30.0,30.0,pet_shop
605d46a84a57229d7380e9e6a45fe180,3.0,700.0,76.0,8.0,11.0,pet_shop
735ddb7e24835030772ab80675939cf9,1.0,5250.0,45.0,15.0,30.0,pet_shop
9b125b82780e1bbb7716c906ff46f89b,1.0,800.0,38.0,4.0,19.0,pet_shop
44a6af14e39124bee07dc2eb2df39a54,4.0,150.0,27.0,9.0,26.0,pet_shop
dd4bb630f241ce3910d9595b395efeb5,1.0,160.0,16.0,11.0,11.0,pet_shop
b2b938c46aafdbf702d73e7edb9cb263,3.0,800.0,24.0,12.0,12.0,pet_shop
4c8c1d73644dce680ac36856d70c1f9d,1.0,8600.0,37.0,30.0,39.0,pet_shop
ed7a2d60973a0c44c806f2ab9ea28b94,2.0,5153.0,47.0,25.0,34.0,pet_shop
e070a61270050c4b1b704300f331cca6,1.0,850.0,30.0,20.0,30.0,pet_shop
535a23504a92e3e42a5cd54256c75b17,1.0,900.0,25.0,25.0,35.0,pet_shop
9be9fe1899a02ec308ce97368cf4ef9f,1.0,300.0,30.0,15.0,30.0,pet_shop
740281a23898e6af55b5aad34a41f0ad,1.0,10100.0,72.0,12.0,52.0,pet_shop
b0075cdedc8e455d734e6b1875336ca1,4.0,150.0,16.0,9.0,11.0,pet_shop
6b9a34521d342194ebd09b68b363b028,3.0,600.0,20.0,6.0,16.0,pet_shop
f35692adbe05fa7ed058875df5ea9f99,2.0,2950.0,24.0,31.0,25.0,pet_shop
7fee0b6e534e2e94cc13f0b94b3cfde7,3.0,600.0,16.0,20.0,20.0,pet_shop
7926af7d3e25dce27c3eee0279afb530,7.0,600.0,20.0,20.0,20.0,pet_shop
349d0a827503fa3358eed780058ceca8,7.0,5700.0,52.0,23.0,42.0,pet_shop
52bfe70377e3296d08b76c72f622e257,1.0,125.0,19.0,10.0,13.0,pet_shop
f6eda47c88d786adf6f3e3f016833927,2.0,748.0,26.0,19.0,23.0,pet_shop
397192d59d6294262d63b01e93b3d4dd,2.0,1050.0,20.0,20.0,20.0,pet_shop
fb3c5fa9f6bc0732298e9a5108984d81,2.0,150.0,16.0,16.0,15.0,pet_shop
aea06073397f809424f946979354c9f0,1.0,300.0,16.0,16.0,16.0,pet_shop
278348d4c3a557e1eb4d99983f9edba8,1.0,3550.0,34.0,11.0,30.0,pet_shop
064767e05dd710b14c4bf5f2d50c89b8,6.0,1000.0,20.0,25.0,16.0,pet_shop
e64e4ef7b809314306d9c09635d8cd30,1.0,600.0,20.0,20.0,20.0,pet_shop
c31ab3cbecdabf9d526d56d47a26c21a,1.0,6950.0,50.0,19.0,42.0,pet_shop
3c3d244942b424b931c33f1ddc122b80,1.0,122.0,17.0,10.0,14.0,pet_shop
def59eb2e17b32b980b5341984f6b500,3.0,300.0,24.0,12.0,12.0,pet_shop
15994dc9c5505e5feb9780945ed1cc8a,5.0,9850.0,16.0,72.0,92.0,pet_shop
2be252f11ad496bf9d981165c040af65,1.0,1500.0,20.0,30.0,30.0,pet_shop
adc73ebfe461a4ec51e1b5b3338eca22,1.0,900.0,40.0,30.0,20.0,pet_shop
2e5bddcf20a946aad0394cf0a62743f4,1.0,1100.0,30.0,9.0,20.0,pet_shop
45cfee87da128a8f939226bedd92a72d,1.0,1500.0,50.0,30.0,33.0,pet_shop
26053aaf5e00b608f4c23cb924a284c9,2.0,10450.0,47.0,47.0,27.0,pet_shop
ac32162917f9c1842336f4018493fb1d,3.0,300.0,16.0,11.0,16.0,pet_shop
ba3c7887791624fd8c3fee460dcda417,3.0,500.0,24.0,11.0,24.0,pet_shop
7946cc9288ba7328ba3f7ef55c146d70,5.0,500.0,20.0,10.0,20.0,pet_shop
589d0ec4c794dd688991c0f539f9e015,2.0,200.0,20.0,10.0,20.0,pet_shop
a4c1d75f5db22319df894cf3f4609b81,5.0,450.0,40.0,20.0,30.0,pet_shop
267916420e3477d543e8db15decad252,1.0,1150.0,20.0,90.0,20.0,pet_shop
809e226beeb0526cf321f6e5664a8b68,3.0,750.0,20.0,20.0,30.0,pet_shop
6a767a963418d92134920e184e918517,4.0,1350.0,40.0,20.0,30.0,pet_shop
171b509779ad4fe0cbed2a3d95d10c68,1.0,400.0,16.0,16.0,16.0,pet_shop
801f0a5ea1ac28df44d65195cf4e2620,17.0,7300.0,33.0,30.0,44.0,pet_shop
7bc637a5504e0cfdf08490124d681fd3,2.0,300.0,18.0,9.0,13.0,pet_shop
e1bf2f209fd2b08e1af3ed71732d9008,1.0,127.0,18.0,10.0,14.0,pet_shop
53e2768ef7659279bf2ae3c2526b7b86,1.0,350.0,20.0,20.0,20.0,pet_shop
37b56eb8cc2988e0d7b5cfd7858d67b3,1.0,2700.0,40.0,12.0,40.0,pet_shop
97c1215186cdbed36fc3bc4bb0ba938c,1.0,1500.0,35.0,20.0,25.0,pet_shop
562889377528e3e535225d9df0e6883d,5.0,100.0,27.0,9.0,26.0,pet_shop
4bf1085a4e87e45ed67e38cb78186634,3.0,150.0,16.0,50.0,16.0,pet_shop
f6c8384f424cad1a22fd89bbc62ff7ae,3.0,300.0,27.0,9.0,27.0,pet_shop
a65c5262711fe967432f3b523ae049a9,2.0,6700.0,50.0,20.0,40.0,pet_shop
d05bb6074b45c20f7a516c239c0a1c43,2.0,250.0,25.0,16.0,16.0,pet_shop
7f97636768f5bb7b8f2843974b48a1e8,3.0,4000.0,48.0,19.0,31.0,pet_shop
806cdc4d643d6c7b64d05bf4dfadf1c7,3.0,300.0,24.0,12.0,12.0,pet_shop
5272e05bd7d0632939de11f3ff61c28e,1.0,700.0,16.0,27.0,16.0,pet_shop
907c84d5b8961d53ba1b803638fffcad,4.0,620.0,14.0,8.0,12.0,pet_shop
e4411c56bcacca2700d5bdb004eecd63,1.0,125.0,23.0,13.0,21.0,pet_shop
9b4ebcd616b0a2f755a3f61f63cac3c7,2.0,1500.0,50.0,20.0,40.0,pet_shop
0e0656cd8f9bf2dfad875866965389c7,1.0,485.0,19.0,22.0,19.0,pet_shop
c34eca608b9ad78334018f7690b48912,1.0,300.0,23.0,19.0,18.0,pet_shop
9324d11d98d73e980e13fbd30569e9e4,2.0,875.0,26.0,19.0,23.0,pet_shop
723e69796165c9cde80c4f791593df74,1.0,200.0,16.0,16.0,12.0,pet_shop
e2392cbe0b76da9c4e7271a3a71f5d3e,1.0,350.0,23.0,20.0,20.0,pet_shop
14227590bd7dbecb72b7b37fc74a8065,1.0,150.0,16.0,3.0,16.0,pet_shop
49af4c64c7a13a102a10c4c2d6cd4d91,2.0,550.0,20.0,18.0,20.0,pet_shop
39d4f8671e6c7b08d7d0036f4f46390f,1.0,6600.0,45.0,35.0,25.0,pet_shop
44c7b1d3b75cc4a14d4eba0f83f19e77,1.0,850.0,35.0,25.0,35.0,pet_shop
1a8727b2a106ac22bb93db98d9d56bd0,1.0,7400.0,60.0,18.0,40.0,pet_shop
c3602326cc2e91dc18ad2ae9a575b5e7,1.0,317.0,19.0,15.0,17.0,pet_shop
41170f223fcfb9220a82df1a646d5c43,3.0,17500.0,74.0,32.0,40.0,pet_shop
c0d4027067afcf9c1697cce981b8fed6,1.0,200.0,16.0,2.0,11.0,pet_shop
635c8b84adb4d0849874331d19fa25de,5.0,900.0,20.0,20.0,20.0,pet_shop
7ee8a1b1807716291e12649b1d617896,3.0,800.0,25.0,25.0,30.0,pet_shop
17764de01dd9ad50ae317792ad2e2868,1.0,750.0,40.0,20.0,20.0,pet_shop
c31795158ba761acc612817d1c5760a6,4.0,150.0,18.0,9.0,14.0,pet_shop
3181a2cda00b1579d8ac2519f8820139,2.0,1850.0,26.0,15.0,15.0,pet_shop
cc81f952b83d2bdcfbd980e2a7249adf,2.0,300.0,30.0,30.0,30.0,pet_shop
8f6c8ef57595ed8bc0a6d716e38dff95,1.0,1100.0,20.0,20.0,20.0,pet_shop
80a28a92c0530e6838d3f35cae419d34,1.0,21750.0,74.0,39.0,40.0,pet_shop
3454a52c75a86e23aa6c2c2bfc330dc6,3.0,200.0,30.0,10.0,17.0,pet_shop
8d62812b76d023d4b1cb939ad2b5bd83,4.0,1775.0,49.0,23.0,40.0,pet_shop
dc0b50beb0d276fb3eb4c7a5cb177f46,3.0,1150.0,40.0,32.0,20.0,pet_shop
4b13aefdb8d42b55a96d9985fa5da023,5.0,400.0,16.0,16.0,16.0,pet_shop
7c77aa8ae608782aac8e7728acff92fb,1.0,1100.0,45.0,15.0,30.0,pet_shop
b795524e6ddbae40e910d169242dbcd7,1.0,513.0,23.0,27.0,21.0,pet_shop
f97f76f99938e39b50564219a24365e7,1.0,700.0,23.0,29.0,11.0,pet_shop
8aaeae26573fd33a2512d3fb0d8bea6f,1.0,3900.0,40.0,35.0,40.0,pet_shop
b94608e1d6f0360030e816bf676af2a1,4.0,5300.0,49.0,32.0,35.0,pet_shop
607e65dd8675090ad3f4b936fe6866f6,3.0,14400.0,30.0,50.0,32.0,pet_shop
ede477387992b401ee287cea9d913e3b,1.0,1200.0,50.0,18.0,50.0,pet_shop
fb979d44fd4269b2ea30e300b66c89f3,2.0,1250.0,50.0,4.0,26.0,pet_shop
e9880042522806f124fdd4f8c8514d0d,18.0,2600.0,33.0,30.0,44.0,pet_shop
e1da6ab77f4859eb17950e5df1c0f815,2.0,7050.0,50.0,21.0,21.0,pet_shop
24619f43ab25b60db576926fd78edd39,5.0,18800.0,55.0,45.0,35.0,pet_shop
6461432b8ed2a147857b1405b71e4dc0,2.0,300.0,16.0,3.0,11.0,pet_shop
baddee1245c9736a49167f66e0912b0d,2.0,200.0,16.0,2.0,11.0,pet_shop
3f40e0e434d939f380a29f5e863cfb9f,2.0,1650.0,45.0,8.0,40.0,pet_shop
0ec26c826d2fb3863640b6a8cfdc42c1,2.0,22600.0,93.0,81.0,18.0,pet_shop
2eb6e8f39feaf75fc5163f774d38f0f1,2.0,467.0,19.0,15.0,18.0,pet_shop
e83ffc00431d0012a217cd47b42c78f1,2.0,250.0,27.0,9.0,26.0,pet_shop
159e7e73295b609960c0797eb64b3d39,1.0,467.0,22.0,34.0,21.0,pet_shop
0294e314a033317e28ecc40aee9025e8,2.0,400.0,35.0,15.0,25.0,pet_shop
59d8034bb2a82cd5092e78d42148fa44,2.0,250.0,16.0,4.0,11.0,pet_shop
2a4d7470cdcf5e02f7ad83e56971bb80,3.0,12800.0,45.0,50.0,34.0,pet_shop
ba80c9f47a84d1e08465f72e22930c83,1.0,150.0,19.0,10.0,15.0,pet_shop
ea70c7ac7beedf6663e1ddbde272384a,2.0,550.0,24.0,30.0,16.0,pet_shop
49a4868ed73389c051a0da7af4bd7a2e,1.0,9550.0,60.0,20.0,46.0,pet_shop
6733b00d25e0fc17a8e8d97ce792c078,1.0,1900.0,50.0,30.0,33.0,pet_shop
83fa3277de5135b715fb7ba8a357b19b,3.0,550.0,25.0,25.0,25.0,pet_shop
4397fe12c3beea290f2022592b0afb09,1.0,1150.0,22.0,25.0,22.0,pet_shop
1ccb5f6ac19a5ab7b66d96ca902b41dd,3.0,400.0,35.0,22.0,28.0,pet_shop
e0bdfa15e49283425504297eb6f95928,1.0,1250.0,69.0,3.0,45.0,pet_shop
3bbacbe586e957acbf26c63b3ed532a3,2.0,8750.0,50.0,8.0,45.0,pet_shop
d200fc8d5203c55e6779ccd6253a799f,1.0,1300.0,25.0,25.0,35.0,pet_shop
217069e9233500f56584e23e8fb5489f,1.0,167.0,25.0,8.0,13.0,pet_shop
6af5ae31a7d598601b840d205e11eb9c,4.0,350.0,16.0,7.0,16.0,pet_shop
8f9eb414b31a9433e8c89178813a2072,1.0,400.0,20.0,20.0,20.0,pet_shop
ff4c1a248a5110d784de5c67a9106d67,3.0,1150.0,20.0,35.0,30.0,pet_shop
0f56d67a1f266a9cf5af6ffd7895bed6,2.0,600.0,21.0,18.0,20.0,pet_shop
021c41b063949bf529b79289c58e0a8b,1.0,550.0,20.0,40.0,20.0,pet_shop
9644a7af60743efbb41bd30c624799c5,1.0,2192.0,38.0,21.0,24.0,pet_shop
6d2cb25a03acb6dd4e83969a770e772d,3.0,200.0,16.0,70.0,16.0,pet_shop
dc751b73cf0f6958dc9c7cabb1a38902,5.0,1700.0,57.0,22.0,47.0,pet_shop
332ada06f1c62d8a675e44330d53f785,1.0,500.0,20.0,40.0,12.0,pet_shop
8c90d88939a7bce735c315d9d8cd5274,2.0,200.0,20.0,7.0,14.0,pet_shop
349dcde76e42ad7a08253c7e825af897,1.0,700.0,30.0,10.0,20.0,pet_shop
65f037a133d9ffc71164a5d69dee187e,2.0,2000.0,50.0,20.0,40.0,pet_shop
74f6667fd85d8261aef8e980f235a38b,2.0,150.0,27.0,9.0,27.0,pet_shop
d42869d5edf603eb87c4b4cb40d11ca1,1.0,9200.0,37.0,30.0,39.0,pet_shop
e94df75b2e9a8b056be0c144a731f55c,2.0,625.0,23.0,17.0,19.0,pet_shop
fe5554d1ac1a1d70c97854dca21facb0,6.0,850.0,40.0,20.0,30.0,pet_shop
833d58e31839b5a0787025d59a21b79b,3.0,900.0,46.0,8.0,11.0,pet_shop
b1e1af0d92d503c0ad5bc5546c16ba43,2.0,1900.0,30.0,20.0,40.0,pet_shop
a2fce4213a6ac271129618259a334261,1.0,200.0,40.0,7.0,32.0,pet_shop
f00cc56c5df0c63515f85365d418e199,2.0,300.0,16.0,16.0,16.0,pet_shop
d000acae704b825c2cbf14a022afaf05,1.0,5350.0,49.0,18.0,34.0,pet_shop
2431772a8c7ddb73d24a2ed6d0913f73,1.0,1000.0,30.0,15.0,20.0,pet_shop
a8d30122a99d04c7437d4e7b022a7231,1.0,138.0,21.0,10.0,16.0,pet_shop
a87595e0311a6cb55db1cef3c1c0e7a0,3.0,1250.0,30.0,10.0,18.0,pet_shop
58528e42f4843601d879c7d3687800bc,1.0,5775.0,25.0,25.0,25.0,pet_shop
a24f6d0afc1fcbb52c93dd5be7cc15c8,1.0,100.0,16.0,16.0,16.0,pet_shop
1c99e26fcd1d46507751938718e31f87,1.0,550.0,20.0,40.0,20.0,pet_shop
1364bd15aa3e46ec4f3795a7aaf39e99,1.0,150.0,16.0,17.0,17.0,pet_shop
bdf3cfe384f8cd382e163ab1a5569232,2.0,300.0,20.0,20.0,20.0,pet_shop
13e15cb0da5286aed1a2c24bbba2a281,4.0,600.0,25.0,20.0,20.0,pet_shop
c266cebdbbb7e17e23ffce382a4e3c3d,2.0,250.0,16.0,20.0,16.0,pet_shop
edf219cab1d0e435e3e499287dca9a03,1.0,200.0,16.0,16.0,16.0,pet_shop
accb153aa91b42b1411c3b764f83385d,3.0,600.0,35.0,22.0,28.0,pet_shop
6cd57d91d76b7cb14085f9655d5e2ebb,2.0,300.0,25.0,6.0,20.0,pet_shop
021426c19c264227de3c34e3f5e2f4ee,1.0,1750.0,40.0,16.0,30.0,pet_shop
bfeb1a1c9d786c80550462f2895a13a4,2.0,5550.0,30.0,30.0,30.0,pet_shop
ca9bcd697674a4d0eeb84be9c533b9d2,1.0,3800.0,45.0,30.0,35.0,pet_shop
24ca97c9bbba92771baa2989300b2c50,4.0,200.0,16.0,26.0,11.0,pet_shop
2797d3826d386bfda4f347a378b89f4d,1.0,200.0,16.0,2.0,11.0,pet_shop
f63e5eb82736ac58d9d286f64fe5c44f,1.0,100.0,30.0,30.0,20.0,pet_shop
1514ddb0f4a5afc8d24104e89c714403,1.0,200.0,16.0,2.0,11.0,pet_shop
f8bf29282300f0f7c655e3caf53f17ce,1.0,12150.0,52.0,32.0,36.0,pet_shop
52164cc55c69ad6677851b42f5a58396,1.0,500.0,21.0,35.0,13.0,pet_shop
31f064f4591849f05239aa2b228b50ee,3.0,650.0,30.0,20.0,30.0,pet_shop
12cc2ed46e4c9ea184a622881afc1de9,1.0,165.0,16.0,11.0,12.0,pet_shop
8c43f35d57e033ca588137603db17d80,3.0,350.0,27.0,9.0,26.0,pet_shop
3a156bd35ef75525c9b43dbed71a9734,4.0,200.0,27.0,9.0,26.0,pet_shop
a8cd4add5d395661e5b5f4130530e5cc,3.0,3650.0,36.0,16.0,26.0,pet_shop
54f8f27ac6543c074ae5c4e7759b054a,1.0,200.0,16.0,7.0,11.0,pet_shop
f6ff247282ebbf95cd41fa3610565efe,3.0,1500.0,50.0,20.0,40.0,pet_shop
c3ee182803f3eddeda33f9b821bf9e21,2.0,500.0,20.0,35.0,20.0,pet_shop
a4e80cf9e254dc776a1d57e42a81dbe2,1.0,75.0,23.0,8.0,15.0,pet_shop
99f8a7e47970133c14b3d79c27d921c8,1.0,1600.0,50.0,30.0,33.0,pet_shop
ce9c3ceb822eff6638b2bf974da84b3b,2.0,300.0,20.0,10.0,20.0,pet_shop
2e02dacfa32dc9484bed86c4740170c7,3.0,150.0,26.0,6.0,19.0,pet_shop
8a5c39b8efa20b3f51b2b9d943ff1780,5.0,6950.0,44.0,27.0,35.0,pet_shop
bcbf749a515215e85058c000f6375084,1.0,150.0,16.0,16.0,16.0,pet_shop
5948868c402a614a2dd3b90ebb06a253,17.0,1100.0,21.0,17.0,30.0,pet_shop
4c692d2f14f767ecfe67b427fe305e3d,1.0,450.0,30.0,20.0,30.0,pet_shop
925b2ad4b07578f0ea488ec9b0cb3e8b,2.0,500.0,21.0,18.0,20.0,pet_shop
0ef8c1b31d81d6b4453f70a61321f73e,3.0,8350.0,50.0,20.0,40.0,pet_shop
451a6cded8e41ab174218cf60b53dd2e,2.0,7450.0,65.0,17.0,38.0,pet_shop
5999995b8f64d769dbc6f592b86d6f8a,5.0,1200.0,55.0,3.0,42.0,pet_shop
f2a64c6a5b830ad7b9f8dbce8a12bae8,2.0,900.0,24.0,20.0,24.0,pet_shop
87d0c9b6b7e52840a7f3d9aa0efb0003,1.0,200.0,30.0,30.0,20.0,pet_shop
61ea2822df120991dbcf5814a5e8c675,1.0,150.0,16.0,16.0,11.0,pet_shop
19c1803db50dac42632a5ba9dd89bdd6,2.0,650.0,25.0,25.0,25.0,pet_shop
d4566d732d7cd4770e835f275a5aaa64,2.0,1808.0,24.0,31.0,25.0,pet_shop
80067e2f48621e2fbcc21fced631156e,2.0,250.0,17.0,12.0,14.0,pet_shop
dc6f5d71f6ed6ad53834d131b19e0693,1.0,350.0,22.0,4.0,20.0,pet_shop
c99de6a72a7765566eea2a3a6b3e9525,2.0,800.0,35.0,12.0,22.0,pet_shop
2792565eed39d1c173416884d384df6b,6.0,550.0,30.0,30.0,11.0,pet_shop
31bc2d2aa25cbb35531317216563b516,2.0,850.0,24.0,20.0,24.0,pet_shop
002d4ea7c04739c130bb74d7e7cd1694,1.0,200.0,20.0,11.0,11.0,pet_shop
c307a1d1c7d01a99a5a2838efce96202,1.0,300.0,20.0,10.0,11.0,pet_shop
137b399a767859264d48a03aed54440d,1.0,119.0,18.0,12.0,14.0,pet_shop
348407526b313324614286eabdc21bb6,1.0,250.0,18.0,18.0,16.0,pet_shop
73633011389f961c581431b839cfe9e9,2.0,1600.0,50.0,20.0,40.0,pet_shop
1e2841e311d4b0bb5cd837dca5ada1c7,2.0,200.0,20.0,8.0,16.0,pet_shop
d7ca73b6844890e4ec8c2f02967dd45e,1.0,150.0,16.0,16.0,11.0,pet_shop
d4e9d0634c70e3f0be7440253184625f,1.0,250.0,16.0,10.0,11.0,pet_shop
96e46c5d63399f513d292cdb8033cd02,1.0,600.0,18.0,25.0,18.0,pet_shop
2cbef7c427c1cd8909ff84e3bdc02ae3,1.0,750.0,55.0,20.0,25.0,pet_shop
c8467740c17bad8744006eb0e041f142,2.0,200.0,20.0,7.0,14.0,pet_shop
9437cbf921b0bd3177d8b03ed2783cda,3.0,650.0,20.0,20.0,20.0,pet_shop
0fa476a9aacb3891e183154dc8d3ddbd,1.0,5025.0,55.0,15.0,40.0,pet_shop
ae16b1d896c15ed60614a0d88c4abf03,2.0,180.0,19.0,12.0,14.0,pet_shop
c9e5a053551073d27ded320bd05971b4,1.0,450.0,16.0,16.0,16.0,pet_shop
0e8850427b0f558b79bc35c9800b6e73,3.0,500.0,32.0,32.0,47.0,pet_shop
15b1da0aa0ff79960dd5ee9cd1ab17d3,1.0,5500.0,25.0,40.0,25.0,pet_shop
8c1a826d71a778dd432e35d77a6faf03,1.0,11125.0,52.0,54.0,55.0,pet_shop
587a77412dc2fc06488034be2a56f10c,2.0,1800.0,71.0,2.0,23.0,pet_shop
8e7ec8bbc0989d1ccbe6971f239eae9a,1.0,128.0,17.0,9.0,13.0,pet_shop
a48a82499de633cdd782856d69789b62,1.0,5575.0,16.0,18.0,16.0,pet_shop
f66b96cde4302b883004de82e17734b0,3.0,1800.0,68.0,3.0,45.0,pet_shop
680cc8535be7cc69544238c1d6a83fe8,1.0,200.0,16.0,2.0,11.0,pet_shop
7166b2d3c09b93e04279029b28c498e4,2.0,850.0,24.0,20.0,24.0,pet_shop
f83f6ed380fa37da66fe8acd4593cc69,3.0,900.0,42.0,3.0,35.0,pet_shop
257b784332308b51af0d6c72ef30fda8,2.0,6700.0,40.0,20.0,50.0,pet_shop
cef6b1cb351ebdaec947e31ad360f5db,2.0,850.0,24.0,20.0,24.0,pet_shop
56d3607592dec4aae037173a6cfd02f0,3.0,300.0,30.0,10.0,15.0,pet_shop
85f709dd4e8f207aecdfaeba8581c1f0,3.0,5900.0,81.0,81.0,11.0,pet_shop
cee13c9267bd4ee40fed850b5a4ecfa6,3.0,100.0,27.0,9.0,26.0,pet_shop
54e91dfb43a03717aeede4a714f301a2,2.0,6700.0,50.0,20.0,40.0,pet_shop
c20d93bddf6dbfdaffdfda9e9a2e0d7b,2.0,1100.0,30.0,20.0,20.0,pet_shop
f8b49b0f49ab5467c1d3685cba5d9190,1.0,500.0,30.0,30.0,20.0,pet_shop
10698a66d71ebd12be9e8c39302c74b3,2.0,150.0,16.0,11.0,11.0,pet_shop
8d619bd7604fa12d9153644097c3cf8e,1.0,500.0,16.0,25.0,16.0,pet_shop
683958673970508a3486126e91125b56,1.0,500.0,30.0,16.0,18.0,pet_shop
a8949536a84721e346d7814fd81aafbe,2.0,2200.0,50.0,8.0,45.0,pet_shop
2e0954ad7b4cc60c7ffc31da777ca215,2.0,2150.0,40.0,12.0,30.0,pet_shop
e04dcf463871a7c73df38d4bcc245686,1.0,700.0,36.0,6.0,25.0,pet_shop
1dd284c37ca97cbb86c029c65fb9a494,1.0,30000.0,70.0,50.0,50.0,pet_shop
216d7596db68f81bfea69726dd1e5545,4.0,850.0,24.0,20.0,24.0,pet_shop
e9697352e29a4997ca3675f10dd95740,1.0,150.0,16.0,14.0,16.0,pet_shop
0e314819204e6e8c5f4481cf5e8367a4,2.0,250.0,32.0,5.0,17.0,pet_shop
463eeb3db6fefe01fc8f4d3bb00bc018,3.0,300.0,32.0,7.0,17.0,pet_shop
b085d8c8840e8dd3d6ccdf3d86c6145e,17.0,1050.0,21.0,17.0,30.0,pet_shop
94ad63831117fac82c6054d2056ed118,6.0,600.0,20.0,19.0,20.0,pet_shop
88edbcd7253153fe0b9b64c8e643ec00,5.0,300.0,27.0,9.0,27.0,pet_shop
fc2a6f1929e34e5d997d26683b6c0bd9,2.0,600.0,27.0,9.0,26.0,pet_shop
2772d1e494d431a05b7bcc95b02163b6,4.0,1550.0,40.0,32.0,20.0,pet_shop
88e40881adf08ea3b87cb1d65c8c1d83,3.0,300.0,20.0,7.0,17.0,pet_shop
c64704f589ce59df6b4514543e21ccd7,2.0,150.0,27.0,9.0,27.0,pet_shop
fab8297a9d2e7e1e756998675831f7e9,3.0,6700.0,40.0,20.0,50.0,pet_shop
443686a203341f24c2cead2297359568,5.0,1100.0,20.0,20.0,25.0,pet_shop
77b1cb0e43513cea3c9f7546cbc78cba,1.0,500.0,20.0,50.0,20.0,pet_shop
3ef69437b2ca2234de7ad9165bebfe43,6.0,250.0,13.0,16.0,16.0,pet_shop
4898021db93ae39fbea80a9b2bda3b4c,1.0,1400.0,60.0,15.0,15.0,pet_shop
a4aa7c1427c31344e5f7cc3d839fe562,8.0,2200.0,50.0,20.0,40.0,pet_shop
44f33e4105880d97c9db2506954dbfa3,1.0,600.0,18.0,15.0,18.0,pet_shop
fcf6ad274391aea29f5d6e5ef9da5050,2.0,513.0,19.0,15.0,18.0,pet_shop
cc28e7bdcc3ea1721d32acf3724d99d0,1.0,10500.0,63.0,13.0,62.0,pet_shop
9f404f5737d7df22b5dc718b6d73a7fb,1.0,12800.0,74.0,20.0,50.0,pet_shop
10876ffa7227a74d878729d3f6bea35d,10.0,2500.0,45.0,15.0,28.0,pet_shop
3b68252831a799e9e109e44967b61422,1.0,300.0,18.0,18.0,15.0,pet_shop
b0a8a49ada74c34192709d0c9490d915,1.0,1200.0,40.0,4.0,40.0,pet_shop
5ff441e1a42b8812f2bd9467947a2f00,4.0,100.0,17.0,5.0,19.0,pet_shop
4ddcf7d53dbb3e87d1893112d1154e10,4.0,250.0,27.0,9.0,26.0,pet_shop
4aa52adb5489aa151e17023d4e153297,4.0,8200.0,45.0,65.0,45.0,pet_shop
1aafc94a341ff202817c81cd5e66e522,4.0,500.0,27.0,9.0,26.0,pet_shop
0cb4e1aa97c8535093fc677376536b4c,3.0,700.0,55.0,7.0,39.0,pet_shop
68935616eb789144ba60861fa5a60e3e,1.0,17700.0,50.0,30.0,40.0,pet_shop
1ba7af3234371545d85021375fbe3739,1.0,125.0,16.0,11.0,16.0,pet_shop
66f8d8bf340c88f30f30b10a7bd2bd15,4.0,300.0,27.0,9.0,26.0,pet_shop
0135900191d4383219257d6fde585ccf,1.0,14475.0,70.0,28.0,48.0,pet_shop
30c01cc81c9eb80469371743813789cc,4.0,300.0,16.0,16.0,16.0,pet_shop
c5d12f312c344b2c60aad2155a3e6890,3.0,1750.0,31.0,16.0,26.0,pet_shop
f051c57c7f088f7698700e4347549025,2.0,250.0,30.0,10.0,17.0,pet_shop
6ad7c7ba5dd9225f5551c6157e54e8b6,2.0,1200.0,55.0,2.0,40.0,pet_shop
c6e474e4e7e08a02bd7153cfe6d68dfc,2.0,850.0,24.0,20.0,24.0,pet_shop
77ccbcf251886c8b83676fc918e7336c,4.0,200.0,27.0,9.0,26.0,pet_shop
93a768547d47e73c2706e76cad0d87fb,15.0,6000.0,39.0,20.0,46.0,pet_shop
51751d81ddd01c1328af143d17d7d945,1.0,8350.0,55.0,13.0,49.0,pet_shop
672a21bf17c63f71edbe01ecb9b14814,1.0,6800.0,45.0,20.0,45.0,pet_shop
80f258d43a984e2e7af7f1e1163e4018,1.0,1100.0,20.0,15.0,15.0,pet_shop
f9f8bd8b40b145240563d5e05ac4c75d,1.0,60.0,20.0,10.0,15.0,pet_shop
4372c58b785f6a6e66899e62099b6ef2,3.0,900.0,20.0,20.0,20.0,pet_shop
f0b23cf62b44c4cbd631ee45ccb8fc60,1.0,1700.0,50.0,30.0,33.0,pet_shop
208c1210f363c82510f5609d5feb0341,2.0,450.0,27.0,9.0,26.0,pet_shop
b0ee5b44e0d84e8112aba1492bab0a60,1.0,520.0,16.0,11.0,11.0,pet_shop
9a858b9c47bfc94a3b1548364f9324ac,1.0,200.0,16.0,7.0,11.0,pet_shop
468a4d241243dd96169888c0ad022086,3.0,1150.0,30.0,30.0,30.0,pet_shop
4a1975e051dd609815e4ddbab2fd8c57,1.0,9075.0,66.0,11.0,48.0,pet_shop
a177ae30ef17394975b58f6d5883a56f,6.0,14150.0,45.0,20.0,35.0,pet_shop
cd3835370fe681dd37af664b5f84d88e,2.0,650.0,45.0,10.0,25.0,pet_shop
ca165220cdeb3367ea870193baf4a7cd,5.0,1600.0,40.0,17.0,40.0,pet_shop
5b99889bdbfc34220f194bf33f4e94bc,2.0,250.0,16.0,4.0,11.0,pet_shop
3350d0f553c213f918a89ce65d269417,3.0,850.0,50.0,5.0,50.0,pet_shop
bf3a3366c9e0b1f5e8de3447d79c19dd,4.0,1250.0,30.0,10.0,18.0,pet_shop
a85151563aa02b1def83c9ac2f17e439,2.0,6700.0,50.0,20.0,40.0,pet_shop
11932ee7ef31a4bb2bb4ea148568e7fa,2.0,650.0,31.0,19.0,22.0,pet_shop
acd9158ab2b1e11e035c8a40115dcf0f,2.0,2300.0,40.0,12.0,45.0,pet_shop
67d1a56495104e195338ec9007fcf758,1.0,275.0,8.0,13.0,8.0,pet_shop
4501cf8b9a1915bbfb91d227cd2f1c7e,4.0,1200.0,41.0,16.0,27.0,pet_shop
7dfb24c54964f42db9b9789bdae92cc0,1.0,160.0,20.0,10.0,14.0,pet_shop
15c507fd1d486501a97bd53f82445f1e,2.0,250.0,20.0,20.0,20.0,pet_shop
0ef32bf6866d39b5b0ae604798ecdae4,1.0,100.0,27.0,9.0,26.0,pet_shop
3976c6466748442470251341eb6f92a3,6.0,19150.0,28.0,90.0,42.0,pet_shop
8daaaa541e5e7170db4188f93911ab3a,1.0,250.0,16.0,20.0,11.0,pet_shop
4b5d91666a29ed91f1ced25011e07985,1.0,30000.0,60.0,30.0,50.0,pet_shop
c4ab5e7b0c00f3b99fc11847a619b88e,1.0,50.0,20.0,11.0,16.0,pet_shop
20c3404e9bea9621d876e152794ba2d1,1.0,150.0,40.0,15.0,40.0,pet_shop
e7f7fb397625c18bb0f39cfaf88168ed,2.0,500.0,71.0,2.0,13.0,pet_shop
32d2110b4347d621efeef1269d734fb8,6.0,600.0,26.0,7.0,24.0,pet_shop
c0cbe1b0637052611e4f42f47343b6b3,3.0,350.0,26.0,8.0,15.0,pet_shop
c2d28f0e9e7925b59ea575da70e8f884,2.0,450.0,18.0,25.0,18.0,pet_shop
24e648f338846ab5a977cbe3e0638b19,1.0,250.0,16.0,4.0,11.0,pet_shop
bffdb7d6bdb994823039ac983d6d30ec,1.0,144.0,18.0,12.0,16.0,pet_shop
34157b9ee376927e58c66e9a69cc8704,3.0,850.0,45.0,30.0,30.0,pet_shop
e5f2d52b802189ee658865ca93d83a8f,2.0,30000.0,50.0,30.0,40.0,pet_shop
c53feca3e876804031ed4a4b48ac8f1e,4.0,20550.0,69.0,28.0,56.0,pet_shop
192a8231d086772443a86cb5e2746017,1.0,9167.0,58.0,47.0,60.0,pet_shop
0c71252f37443403376d2008034a7240,1.0,156.0,18.0,10.0,14.0,pet_shop
9dfba8dfc02d7b0a915625e28ca316ba,4.0,1200.0,24.0,24.0,24.0,pet_shop
46cf6ca1bc419149e40e461be15b92c9,2.0,7150.0,35.0,35.0,35.0,pet_shop
0b230f10ac2cfc4c831b825bf31a5de2,3.0,1500.0,50.0,20.0,40.0,pet_shop
84a50fe2bfa89ba995511bed352e4f69,2.0,1400.0,50.0,20.0,40.0,pet_shop
c15938b697d036fe677bb560a598fcfc,1.0,1200.0,16.0,20.0,20.0,pet_shop
3cfffc4b061b3de0d9e375ed02e4124d,2.0,9400.0,47.0,15.0,34.0,pet_shop
73a41d74cd46a1c78fe0a50d09920f3a,3.0,450.0,35.0,22.0,28.0,pet_shop
3c0c25556095f68ed9d05df570c9c587,5.0,1620.0,40.0,30.0,30.0,pet_shop
8733e369905b1de9a955ced731e9717a,5.0,1000.0,20.0,20.0,20.0,pet_shop
c323aa503973c298f05ba6787af50384,2.0,19200.0,85.0,10.0,72.0,pet_shop
6d88fb20983e211be9168534b580c833,2.0,600.0,36.0,7.0,25.0,pet_shop
5e23d50ce089e56d8e74f935f5afb167,1.0,800.0,20.0,70.0,20.0,pet_shop
d533392198bde2027db30239ed5f4b8c,2.0,1100.0,25.0,25.0,15.0,pet_shop
041bf61cdb6e9b519aa70a4eed0bd4ce,2.0,700.0,71.0,2.0,18.0,pet_shop
11828bf6a0621fec5b783ddb0da1a766,1.0,350.0,20.0,20.0,20.0,pet_shop
8c7919d7fc63673f2f77a11774044ca1,2.0,700.0,23.0,21.0,21.0,pet_shop
b659034bc6cfc3d9baeda101c0c281fe,18.0,9500.0,33.0,30.0,44.0,pet_shop
8681797ff43c49b49ee1690deee3f95f,2.0,400.0,20.0,35.0,20.0,pet_shop
b27ff4b438c93e0dbc08bf543dbe31ed,2.0,850.0,24.0,20.0,24.0,pet_shop
1a657b37e6e9a1ad8dfc98c1820a3fef,2.0,700.0,20.0,20.0,20.0,pet_shop
a5ae8400fc9fcacd4af585a57bbf264a,2.0,1150.0,40.0,20.0,30.0,pet_shop
45823c2a94ab8eb5c273ab64bcb05e01,2.0,850.0,24.0,20.0,24.0,pet_shop
9e3cd8c8eaad7f37cfcb439d309ec905,4.0,12050.0,60.0,30.0,40.0,pet_shop
6e4abd8bd0f6bb6b4eadd011199af836,8.0,4000.0,35.0,30.0,20.0,pet_shop
e966b10d5690d77bfc03cef8f9a26d57,1.0,150.0,18.0,18.0,15.0,pet_shop
4e2fa5131fc9956bb6a6b9e84b39e798,6.0,2200.0,42.0,22.0,32.0,pet_shop
8418c7eadd4164f7b60fa91f6a5c3461,1.0,700.0,16.0,16.0,16.0,pet_shop
85d61a3f77ccf65416956689668d4bba,1.0,200.0,16.0,20.0,11.0,pet_shop
ac00a8b91ef562f9c4216e203f1bd093,5.0,200.0,16.0,25.0,11.0,pet_shop
42bcfb513ed8c673eb7ddb4ddfaf9347,2.0,900.0,24.0,20.0,24.0,pet_shop
dd25a93b2ad2d8eec7fbd5c144eba30e,2.0,263.0,26.0,19.0,20.0,pet_shop
5a2473372f18cead9ae7a84a593a0842,3.0,1300.0,68.0,3.0,45.0,pet_shop
42ca857208d059f51c317b503000c385,1.0,350.0,27.0,9.0,27.0,pet_shop
5384f1f55242e82373db2fb7db6047d8,3.0,4050.0,30.0,20.0,40.0,pet_shop
55fbae3af83de21b8678e2ce2ec895fe,2.0,21700.0,50.0,60.0,60.0,pet_shop
6f017eebbb9e5ada63645df57ea44699,2.0,50.0,16.0,16.0,16.0,pet_shop
7bf86b4bc4b643b992d0eeb1514831e7,2.0,8400.0,85.0,10.0,60.0,pet_shop
9b00d5e140d71a265c6be7d132b32cd2,3.0,400.0,35.0,22.0,28.0,pet_shop
bc14c71396065a78e05dcdfdfd4cecfb,1.0,400.0,30.0,21.0,26.0,pet_shop
49ab1f06065d165f7e90fc9761901893,1.0,400.0,16.0,16.0,16.0,pet_shop
61e9110d123ee94fcee4f409df7f4ec8,2.0,850.0,24.0,20.0,24.0,pet_shop
7f448bfa91ff73554408e716ec1368db,1.0,3550.0,48.0,12.0,24.0,pet_shop
9738ecc3ec052b1a9186e591184dcdab,1.0,6500.0,59.0,10.0,35.0,pet_shop
78afca59cc52394bc61491aa56f77d6e,3.0,250.0,16.0,6.0,11.0,pet_shop
f89ebafd68e36c290966602cfaabb585,1.0,100.0,16.0,16.0,11.0,pet_shop
5cc3b3b52374e67281fd366c03b57ff5,2.0,850.0,24.0,20.0,24.0,pet_shop
8d4ff8de5e399964646ef5f4ee698076,1.0,100.0,20.0,20.0,20.0,pet_shop
7bbf8eb1681f6f8ec4b6f0c1c6934718,2.0,800.0,35.0,8.0,35.0,pet_shop
2a08020aeef8daf72e270b53c860cb71,1.0,475.0,29.0,27.0,32.0,pet_shop
532d726c377c52885f53e10de9741d76,1.0,11450.0,79.0,26.0,26.0,pet_shop
eb6663ccd7aa2159c1f15e557cff4a3a,3.0,3250.0,35.0,20.0,45.0,pet_shop
ae2f987a774d66463c1bfcc0a82c3456,1.0,200.0,16.0,14.0,11.0,pet_shop
b296b1ee06b6739f8bc6b1d41d06dbe0,2.0,553.0,23.0,17.0,19.0,pet_shop
abcfceb4d3a690bb6b3887235e2854bd,2.0,4800.0,82.0,8.0,39.0,pet_shop
76175ac01298ca4e3db29f07a0a33978,7.0,65.0,65.0,5.0,50.0,pet_shop
d0b61bfb1de832b15ba9d266ca96e5b0,3.0,450.0,30.0,10.0,20.0,pet_shop
7b371f0aeffcb6d62f97ffebe79c4e59,1.0,7750.0,40.0,15.0,63.0,pet_shop
fec094ad5af771b21cf38c6c9e946f19,1.0,5700.0,54.0,27.0,36.0,pet_shop
b7dd82f73b490f8251576c96c4a5bed5,1.0,1100.0,54.0,27.0,36.0,pet_shop
2255cd8a319ac848b0e25c6702f2a139,5.0,6150.0,30.0,30.0,30.0,pet_shop
efeaa7462b9fac16b6684016efd28fd2,4.0,1075.0,25.0,16.0,20.0,pet_shop
67018a848d35beb71cec955dad27f7d8,2.0,13100.0,42.0,45.0,30.0,pet_shop
6adab229374835b551f6402e0dc53267,4.0,1250.0,35.0,7.0,48.0,pet_shop
4f3ebc5a8926a6b87d0dec6a564225f9,3.0,1250.0,68.0,3.0,45.0,pet_shop
ff39fa912acf02a733de1b0cf84e779e,1.0,5850.0,46.0,13.0,43.0,pet_shop
7c700504b3029faf7052e5f8e2c83b04,4.0,300.0,30.0,3.0,30.0,pet_shop
8ab5f8c45e722c22351580a4b0fcc8ad,1.0,400.0,21.0,21.0,18.0,pet_shop
cbf065c6b1569d0a2f384856d3f27dc5,1.0,3875.0,33.0,33.0,33.0,pet_shop
4231002e80d2a25aed31d65b4b91f479,4.0,800.0,50.0,5.0,50.0,pet_shop
c30c7fa239be1f5dc272ebd5345a91ea,3.0,700.0,25.0,15.0,18.0,pet_shop
39a39074c35b5b8a466c85cf1d5b3387,1.0,500.0,50.0,20.0,50.0,pet_shop
6b0510f16f7767cece59352e08e5432b,2.0,1200.0,50.0,20.0,40.0,pet_shop
4764e50d72a62e4dc00e4c7692a58624,6.0,6250.0,56.0,20.0,34.0,pet_shop
6d5623c4f3def09d2f42d84c232641d2,2.0,7450.0,65.0,17.0,38.0,pet_shop
630c84b1ce83ae0e9ddc05a1410391e9,2.0,2400.0,40.0,30.0,30.0,pet_shop
e579c56ed22a86edeb6e142d180972c0,3.0,7050.0,40.0,20.0,50.0,pet_shop
e5003c1b4fe2885d8bce3da615a8e6f2,5.0,7050.0,51.0,22.0,42.0,pet_shop
04abe952a7292c9914a0ddade6371114,5.0,25000.0,70.0,69.0,56.0,pet_shop
636d2453c7fc23e23b0e356f1dc20793,8.0,18800.0,60.0,40.0,42.0,pet_shop
7d9504e234d43cbe15b6c18624fe5609,4.0,4975.0,59.0,30.0,47.0,pet_shop
422b2bcfce6061515c2aec9ef1d2a16b,2.0,1100.0,20.0,20.0,16.0,pet_shop
2c24af25c0e5c677e7a345751b325bc7,1.0,550.0,17.0,35.0,35.0,pet_shop
fcebf00185e30ec68a53482496656b25,1.0,2300.0,40.0,15.0,30.0,pet_shop
ff4c53f24709771879d01232ae305cac,2.0,5750.0,18.0,20.0,20.0,pet_shop
c5d4809ae828efd361dea89a7def31db,1.0,200.0,16.0,4.0,19.0,pet_shop
caa526308abc9a77d0c56869139dbae9,1.0,350.0,17.0,14.0,13.0,pet_shop
9cbc5b5d801f57920de0de5ba58328b1,1.0,450.0,20.0,40.0,20.0,pet_shop
6d034a9fd26095b72dd2c2060af17d5b,1.0,5000.0,40.0,35.0,35.0,pet_shop
d7f8eef8e05a45371252e633bb4f570c,4.0,2950.0,20.0,20.0,30.0,pet_shop
a063b454bac19ab435a4594bab9b9eed,8.0,20900.0,60.0,40.0,40.0,pet_shop
d2922b1fb6b42799b0ce075cb0acc26b,1.0,1200.0,69.0,3.0,44.0,pet_shop
6d779dde21981220a9ea25b508015461,1.0,15800.0,74.0,32.0,40.0,pet_shop
373735f3dfdb3b3efac836ca54c2480f,1.0,8600.0,60.0,25.0,40.0,pet_shop
f128effc5b8e4d1f23069c06f855643a,1.0,110.0,40.0,40.0,40.0,pet_shop
c3c075d20bbf03a458eb5c4458d82380,1.0,20450.0,35.0,35.0,35.0,pet_shop
70d581e7cfecc88d345ee9c197d1fbc8,1.0,700.0,16.0,20.0,11.0,pet_shop
30f902329cc4fd7dba514f7a5b629b2d,2.0,16150.0,16.0,2.0,11.0,pet_shop
0885f25e5b69df855382efbb7308b8d2,3.0,750.0,20.0,6.0,15.0,pet_shop
2c11cd2167ee0eaaeb45e1f5bf2862d2,2.0,700.0,16.0,20.0,16.0,pet_shop
6c7e28016af5eda3ec8765073e907d3e,1.0,500.0,22.0,14.0,27.0,pet_shop
7c6473a2c5d2f22701b1a4340f1b6066,1.0,4300.0,21.0,14.0,15.0,pet_shop
e9d5fa0019ee061fa8d3ce374a848ea1,1.0,450.0,16.0,6.0,11.0,pet_shop
860f7a159db32408ea4bad60965e9a3a,7.0,900.0,20.0,25.0,16.0,pet_shop
7167da6310e9d767a909d5fc6490daa9,1.0,16750.0,37.0,30.0,39.0,pet_shop
619215fa0c29f244c5aa21084cf8d957,1.0,825.0,16.0,14.0,21.0,pet_shop
9d51d323e75d867b50aa566d782024a5,1.0,400.0,30.0,30.0,20.0,pet_shop
c46b2401e3ccd4e4f779b93093a97e29,1.0,750.0,20.0,12.0,13.0,pet_shop
5ad76c6eb8365ae960c67efe0292cf85,1.0,350.0,16.0,16.0,16.0,pet_shop
494509de79a69ffbc694af3e4b1bd929,1.0,300.0,20.0,25.0,20.0,pet_shop
2c2f3f30558d17cb6427b4b1991cb2a7,1.0,8300.0,30.0,55.0,30.0,pet_shop
af026a1d23fa6bede158c62c22ca135c,6.0,9000.0,16.0,16.0,16.0,pet_shop
d254a74f52754b787c8c54f0e76d6214,3.0,4900.0,40.0,20.0,50.0,pet_shop
585fba465552491690a4d0ebc78ef585,1.0,200.0,16.0,11.0,11.0,pet_shop
f471a2281d25a1dbf3193dd5e969aa0f,4.0,400.0,20.0,4.0,12.0,pet_shop
be588e939ab09c7ca4d4046266619de5,2.0,11750.0,82.0,7.0,72.0,pet_shop
6c023c34df3208adde426d9009a72c06,3.0,908.0,16.0,16.0,14.0,pet_shop
ddc81cd8c7351f13c000bd8294c3201b,1.0,200.0,20.0,16.0,16.0,pet_shop
c1079a63b2984263e9942c44c7ab2da4,2.0,800.0,30.0,12.0,22.0,pet_shop
278b3c6462e86b4556b99989513ddf73,3.0,350.0,20.0,20.0,20.0,small_appliances
e8fd6f481db77b847e7ab93fa1510e7e,4.0,2700.0,20.0,26.0,32.0,small_appliances
e05646078b508ff048d63d3af7775ca1,1.0,1300.0,20.0,16.0,20.0,small_appliances
2043cae78c8b731c405c7329a05154b2,3.0,750.0,30.0,30.0,30.0,small_appliances
d400b62525c30cb8ec0786613bb0d93f,1.0,650.0,16.0,10.0,16.0,small_appliances
1ee079ac734051dc6b17c085dc203b0c,1.0,550.0,20.0,13.0,21.0,small_appliances
bd9fca6bf4bdcbf4094d7bc11415dfe5,6.0,4683.0,45.0,29.0,22.0,small_appliances
dbbd95b8c1dfccf8bd20dff9b52688a9,1.0,2500.0,25.0,23.0,32.0,small_appliances
a4975ec11326ed8c6c875ca0f56a2814,1.0,200.0,20.0,10.0,15.0,small_appliances
e91955df14147b502c6737d45dd0bdcc,2.0,1000.0,28.0,20.0,28.0,small_appliances
15d5088ad671c687e6ee89b9ba4e0766,1.0,17325.0,35.0,40.0,40.0,small_appliances
a1ce5cd7cb7370b16b898d24dd384c65,1.0,300.0,16.0,35.0,25.0,small_appliances
c61cd4826ecfb4760797ad42c92ff8b1,1.0,3700.0,28.0,39.0,39.0,small_appliances
45bb83550ff78aa259858ff41921129a,1.0,3525.0,33.0,35.0,34.0,small_appliances
4cd8cb56dc105468771e4fc4a815dfd3,3.0,2007.0,30.0,25.0,31.0,small_appliances
626a944b34a60ab69c2fcf2827163c84,1.0,600.0,16.0,4.0,13.0,small_appliances
b6f7a80ce020adcd7918fca6246bf96a,1.0,4450.0,48.0,34.0,33.0,small_appliances
5c0826f946c32406d5baa79544668b4c,2.0,1200.0,20.0,15.0,25.0,small_appliances
d34e60a899ba1091792aa4bbac4cc1df,1.0,2175.0,17.0,17.0,50.0,small_appliances
6c34d241bbd85d693f1fee6a4b8a8e2b,2.0,7350.0,35.0,35.0,40.0,small_appliances
3e80acb0c96aaa71dfc8a128d3ba1eff,1.0,750.0,16.0,35.0,25.0,small_appliances
6392b413939939ce321eed54003573d6,1.0,350.0,16.0,16.0,11.0,small_appliances
51f3e4065d72846204cb4f46d8d241cf,1.0,4925.0,35.0,45.0,34.0,small_appliances
9d703ce870d13f6fca072b0fca977fc1,2.0,350.0,27.0,5.0,12.0,small_appliances
3117617b81eeaddd6d5a788a3d4230f1,1.0,100.0,30.0,5.0,11.0,small_appliances
e6a1b235646d1c1004b38e39f7796c2f,5.0,3900.0,43.0,43.0,20.0,small_appliances
705affd495e328b5af6d73bc403c6bcf,4.0,13700.0,40.0,30.0,40.0,small_appliances
820f00b477e89a3bccfeb1e994a4a663,1.0,7500.0,41.0,26.0,27.0,small_appliances
a2ff5a97bf95719e38ea2e3b4105bce8,2.0,11800.0,40.0,43.0,36.0,small_appliances
16042ffa9e13c9207641ee169b044346,2.0,2167.0,19.0,20.0,18.0,small_appliances
ad4f8de0139c69d7b3efb5ee2efb77f7,1.0,3600.0,35.0,40.0,34.0,small_appliances
d2a2228b3f520f0af299b43ae00c698e,1.0,500.0,29.0,10.0,16.0,small_appliances
10a6596b3224c408ee46c8aaaa2977cd,1.0,450.0,30.0,20.0,16.0,small_appliances
b7d35019c9f8e0eeff52b36a59eec8e8,4.0,14600.0,35.0,30.0,34.0,small_appliances
5cc37c2c2b8ea0c98010d1ee6028e45b,4.0,8700.0,40.0,16.0,40.0,small_appliances
e855d18497949fc298407b39639ee1cc,3.0,2825.0,36.0,25.0,26.0,small_appliances
54df09a5996302d51d8c0d81cbcdce39,3.0,6950.0,31.0,32.0,43.0,small_appliances
1501b0033c68a37fa9560033a440e529,6.0,410.0,24.0,22.0,17.0,small_appliances
e8bf29c4bfb2d46faeba76ed3db7f44f,3.0,9300.0,33.0,29.0,41.0,small_appliances
f1a48f0ff1d54ce67d50bebc7e47ca96,1.0,800.0,50.0,10.0,18.0,small_appliances
e666620bf34e8a108d43851b6b7543fb,1.0,2300.0,45.0,30.0,30.0,small_appliances
6ddb759e33850bceb1b22a91e79fa995,4.0,2400.0,32.0,21.0,24.0,small_appliances
53b9d074ec70abc101321e360f438cf1,2.0,4000.0,19.0,60.0,30.0,small_appliances
26e5b7d049012785d88313194cd576d2,1.0,1050.0,20.0,20.0,20.0,small_appliances
6fd771d57c8870a7affe71227bea0d5c,4.0,575.0,20.0,11.0,17.0,small_appliances
f6ce2f79a280fa3c1ddc114d34ab273d,1.0,1150.0,16.0,16.0,16.0,small_appliances
d3a1e0ce5009f1a816a6ba558908fdf0,1.0,400.0,16.0,35.0,25.0,small_appliances
4ca7b91a31637bd24fb8e559d5e015e4,5.0,20500.0,39.0,39.0,58.0,small_appliances
c67b3dcc9c4490a8f7e41abd65cf9eab,1.0,250.0,16.0,35.0,25.0,small_appliances
3e0bc37e01b5c85e125dbaef7cc3f0ad,3.0,3150.0,37.0,30.0,21.0,small_appliances
801a8823d2fb3157110897e1af035a5d,6.0,1250.0,24.0,20.0,25.0,small_appliances
5e8aecf4f90080173b0afd1bea6c129f,3.0,200.0,24.0,13.0,13.0,small_appliances
27415b11da7e8c4e6f14892108bdf02a,2.0,200.0,28.0,9.0,18.0,small_appliances
a2fc36d2592ba9adb49ad73dd039e434,14.0,1500.0,24.0,8.0,24.0,small_appliances
66484d3ad6c8fcd55265bfdb060fc8cc,5.0,1500.0,22.0,29.0,13.0,small_appliances
de92134fd940e9302d27c31af4581fbd,1.0,438.0,25.0,12.0,15.0,small_appliances
e5d446c4355d56bf6c3b7be469a66a42,1.0,11833.0,46.0,53.0,37.0,small_appliances
7368c0d612a177b6cb085f56b823dc08,1.0,500.0,30.0,10.0,11.0,small_appliances
417d9668b1146c16947abb8c344996e8,2.0,800.0,21.0,17.0,18.0,small_appliances
3fa7fe855040269e26ef452c5679234e,3.0,1025.0,37.0,26.0,29.0,small_appliances
7bbe91ccbf899dc40a38d012a4dc411f,1.0,2900.0,16.0,34.0,32.0,small_appliances
1718ba9459e147186a7475f116526c99,2.0,7900.0,22.0,36.0,48.0,small_appliances
04f92f94955d380b722ed941f2e6e51c,4.0,3125.0,18.0,30.0,38.0,small_appliances
c760b9447b368feb545ae8c568e4c94f,2.0,1950.0,26.0,30.0,25.0,small_appliances
cc2232dbef2c9fca23f4c7f6a19a42e3,3.0,300.0,21.0,11.0,17.0,small_appliances
e14158cd492e57786ac19f9032be3607,4.0,200.0,16.0,12.0,15.0,small_appliances
ecd5590150f090ae992fb88204802235,3.0,100.0,21.0,6.0,14.0,small_appliances
c3ed642d592594bb648ff4a04cee2747,2.0,30000.0,50.0,49.0,50.0,small_appliances
9db568ce8bf5e2e652d9f70edd5a0712,2.0,13300.0,60.0,40.0,40.0,small_appliances
cc3361c59c7af3bd862f41df044549e0,1.0,6600.0,41.0,38.0,28.0,small_appliances
3940247162a820eff119efe47b02182f,1.0,518.0,29.0,19.0,23.0,small_appliances
6d1552d60826f1b026c844b0501c2058,3.0,6200.0,30.0,22.0,62.0,small_appliances
1594082822fb91eb12404f8e79b59e47,1.0,14700.0,37.0,60.0,37.0,small_appliances
f4f8823fb84272f90fd1311532effb71,2.0,150.0,16.0,12.0,16.0,small_appliances
cef211702e18d39ca1a4b6d2d6580c0d,1.0,1200.0,35.0,35.0,35.0,small_appliances
ca83ea24493d1cdaa236098ae779b175,7.0,3567.0,35.0,9.0,27.0,small_appliances
f2c2428aeb3fd0a6327905225c1c2444,1.0,17800.0,40.0,68.0,40.0,small_appliances
6f5b86fea3f029028ff6b3a88248be45,1.0,4700.0,28.0,27.0,31.0,small_appliances
cba349479be1ad9d22de887037ac57ca,1.0,800.0,16.0,45.0,35.0,small_appliances
a336b0ac7335c30f4117c4b824332a7e,1.0,650.0,19.0,23.0,20.0,small_appliances
aaf4f2ad395544757d78d885c303085b,1.0,450.0,16.0,35.0,25.0,small_appliances
218bdd5d01fa000018c777fcc2bbfebd,2.0,14850.0,34.0,57.0,53.0,small_appliances
7a34f99ab879393a03b9541739cf50cd,2.0,488.0,22.0,21.0,15.0,small_appliances
4c84f53b7bc2ec06da784fda591018b4,2.0,2500.0,15.0,29.0,30.0,small_appliances
d883ab699ca4e0634bb63174ec2cfdea,3.0,400.0,17.0,10.0,11.0,small_appliances
1f4a5027e72750aea66afd594f9dc10b,1.0,13800.0,50.0,37.0,37.0,small_appliances
1349d35861565f14ad2d162ef37ddc34,1.0,5800.0,26.0,30.0,32.0,small_appliances
9f1330d9d3ea820ad8e4d0d58b7f08cd,2.0,50.0,16.0,8.0,11.0,small_appliances
b7d8ee5cdbf5e7844a13e8e93ba81195,1.0,700.0,16.0,35.0,25.0,small_appliances
81d879a43537a2803762ce12282ccbc9,1.0,200.0,16.0,35.0,25.0,small_appliances
e6326d48c2537adda078aedd30909982,1.0,150.0,21.0,9.0,14.0,small_appliances
c5e9693041e519fd6e2ebde0d76cc1ad,2.0,14800.0,60.0,40.0,40.0,small_appliances
a5e537da8376b8623758e0186bfa400f,3.0,895.0,24.0,14.0,15.0,small_appliances
dbb30c7e02f55cd884ff1b7c3be53d83,1.0,3900.0,32.0,37.0,22.0,small_appliances
8a4c5d65d3fa7a37204ea7f8538f91bd,3.0,200.0,30.0,16.0,20.0,small_appliances
4bcc3b7b59ca9c77769108c845f4e4d9,2.0,3450.0,53.0,16.0,35.0,small_appliances
dfa595aa098b1c2b6d2af8f1e08ade44,1.0,650.0,16.0,45.0,35.0,small_appliances
096793eddadb8067748a5a0ff98ac8fb,2.0,2900.0,30.0,30.0,30.0,small_appliances
5f1d10ccc8198967ca0278fdfd474a51,4.0,5150.0,28.0,50.0,28.0,small_appliances
0ac4f23a50ad9369ab5d78b1f068f6d3,4.0,11250.0,40.0,40.0,40.0,small_appliances
f2260011ffd0ed4238e48fc8dc2319de,5.0,17600.0,28.0,35.0,50.0,small_appliances
9a99bb9931fce41bda596488d0653c39,3.0,2050.0,29.0,22.0,24.0,small_appliances
9824c8a777b0a6ec687de43501ba3aba,1.0,1850.0,16.0,33.0,38.0,small_appliances
dfeb944b00d6cf42f80ee3b42d831ab8,1.0,750.0,20.0,15.0,15.0,small_appliances
be79ae7ea3c476c7edad883622b9664d,5.0,2550.0,23.0,39.0,23.0,small_appliances
98712b7f46e0fe4f4da2f7df1b9231a7,1.0,350.0,16.0,16.0,28.0,small_appliances
f6c72bd6698b579815c80bc85ab5ae14,1.0,5150.0,41.0,26.0,37.0,small_appliances
5c92f9ec6027c92a5293a46e9175e817,1.0,600.0,28.0,21.0,22.0,small_appliances
47680bbc62e3aed9ad9333456c7caa32,1.0,400.0,27.0,13.0,17.0,small_appliances
79366d6a24de9351b7ca6e3cf75a68ec,1.0,1100.0,34.0,11.0,25.0,small_appliances
d177efa9bee6dfa421c10f7b1bcf51c7,1.0,450.0,22.0,10.0,13.0,small_appliances
533c4025819ed8277dcade79756ad4df,1.0,1700.0,20.0,16.0,20.0,small_appliances
ffa0824a2b01e5ce24d6883413b72f14,1.0,500.0,26.0,25.0,35.0,small_appliances
304104a478e3a605db6072a22e4ee228,5.0,2600.0,36.0,13.0,36.0,small_appliances
1e9f407b0d5f8f439956c66df050c107,1.0,450.0,20.0,20.0,25.0,small_appliances
61ba71a0b111e24da5c8fd2f0e61b0c1,2.0,4900.0,32.0,39.0,41.0,small_appliances
fb88d2e62a0840f63430f91b75730e35,5.0,1250.0,35.0,15.0,16.0,small_appliances
fa6eebf61147fc40bc2b49765f5b877f,1.0,2500.0,30.0,50.0,30.0,small_appliances
7912d0573817374a39cce127b79c4863,2.0,200.0,16.0,16.0,14.0,small_appliances
9cb211b1d12a3222bdf0d49b1c3cbc24,1.0,3350.0,30.0,61.0,59.0,small_appliances
7c990692b2074020d8c023a6d695480e,2.0,5347.0,30.0,32.0,29.0,small_appliances
ad02436dd1e1332d5f75dced36e0a73e,3.0,1000.0,23.0,12.0,18.0,small_appliances
606a5b6dec14661643801e2cbf308b04,1.0,600.0,16.0,35.0,25.0,small_appliances
de617af7dcabcd4b1eb8855381250940,2.0,350.0,30.0,12.0,12.0,small_appliances
9434f2004187b3e71abdb691ce47e552,1.0,1800.0,30.0,15.0,15.0,small_appliances
98030fe87f5a7493a33f427054966596,4.0,2300.0,25.0,7.0,60.0,small_appliances
42b3cf00e662d57725bd2425b106563f,1.0,1300.0,33.0,24.0,24.0,small_appliances
84ef572c9b97343b83ab437a3ad75461,1.0,650.0,16.0,35.0,25.0,small_appliances
2de2a40099e05d5f0e47d69623a3c178,4.0,1800.0,46.0,15.0,13.0,small_appliances
ab2d32e4d6a79780270601c807f391d9,2.0,7650.0,40.0,25.0,40.0,small_appliances
9523bf75c55cbbd31a79ea86a9157a39,4.0,11500.0,77.0,25.0,33.0,small_appliances
4a211fb7f2b6822d48f63629207a9f7e,1.0,250.0,26.0,15.0,35.0,small_appliances
ec599713785663cb46e6cb801f28e5f8,1.0,300.0,35.0,10.0,20.0,small_appliances
725a6c1520c48838212406e45e2ce4bb,1.0,340.0,28.0,11.0,15.0,small_appliances
d6b4d1a0d7b4224aa86e3ceff1d78217,2.0,8050.0,35.0,46.0,35.0,small_appliances
937ac3a2f4aec64b560e6423fb50aee9,1.0,275.0,23.0,18.0,28.0,small_appliances
fa64259a73edf6f724b7ddf23aac1bb0,2.0,350.0,16.0,35.0,25.0,small_appliances
9e91c1a0603362cd90caa2e9f6580bb7,1.0,2150.0,20.0,25.0,32.0,small_appliances
1c955eb7c06e7330695a99212a99c0c8,1.0,1200.0,16.0,16.0,16.0,small_appliances
72cc36db9008f414bea55e8d38d38049,3.0,500.0,29.0,10.0,16.0,small_appliances
0e20a07ca1714df21f9b07ca3bf7c682,2.0,20800.0,75.0,40.0,40.0,small_appliances
b11b6e603959e09bb5b90095db226602,4.0,1950.0,31.0,23.0,23.0,small_appliances
10558db20f88e2b71f8dff4614f9e3bf,2.0,12100.0,35.0,45.0,35.0,small_appliances
424471a68d6b1ae4a53d39723e6981d3,7.0,3767.0,34.0,36.0,28.0,small_appliances
5f348c2c79eb5d1eea867e7903fce1ee,6.0,2900.0,67.0,14.0,28.0,small_appliances
381f27465b52fd5f9fe3b668e53c1eb7,1.0,700.0,16.0,35.0,25.0,small_appliances
a6492cc69376c469ab6f61d8f44de961,2.0,22600.0,55.0,40.0,40.0,small_appliances
5a0783457f0264ade6beeac64ba145f4,1.0,400.0,20.0,11.0,12.0,small_appliances
5ca5d42f98d39aa421923c2fde2c1558,4.0,6950.0,40.0,30.0,40.0,small_appliances
4bb12ab0fcba9b632bcf4a2f2b5430a7,3.0,300.0,20.0,10.0,20.0,small_appliances
a272b490eba6b022384f14ecb9afc7a9,1.0,525.0,32.0,18.0,17.0,small_appliances
717c660fd7ed52fdaa650d509dda7912,1.0,463.0,23.0,18.0,16.0,small_appliances
82c51ba64f7f73653ca5f5d2947d0464,1.0,400.0,16.0,35.0,25.0,small_appliances
0a9b9a871ffaec6c0198334558a6c6a1,6.0,12600.0,28.0,35.0,50.0,small_appliances
eb122b90105653349d119d8307ef5f22,1.0,550.0,46.0,3.0,21.0,small_appliances
f74353ffeaa55836a3cf603a2dcd855e,4.0,5908.0,35.0,46.0,35.0,small_appliances
16644bd7e1afa400c4039ea1be1b974c,1.0,450.0,22.0,16.0,16.0,small_appliances
ddb6b29657e50476a9698d4606bb6471,3.0,12500.0,35.0,30.0,30.0,small_appliances
3b66a296f7f9d4a5aa79ca89f460af73,1.0,350.0,16.0,35.0,25.0,small_appliances
9a93cf80200ed48a8c1ef4757ca1b92b,3.0,800.0,30.0,25.0,30.0,small_appliances
7402c8cf69df715729b26da0ac2cc721,2.0,441.0,24.0,20.0,17.0,small_appliances
731637d822dc03cdbd74407e66c1c443,2.0,1325.0,48.0,21.0,29.0,small_appliances
d06a11f0dc564e8f89ca5593252679b7,4.0,7100.0,50.0,33.0,31.0,small_appliances
c396b0ef5d5f699bd4a5a13e2878b7f8,3.0,1710.0,28.0,30.0,23.0,small_appliances
20ce586ed16cb9fb534673dfd97c2bd3,2.0,500.0,20.0,20.0,20.0,small_appliances
53f94c255b909ffb24a4047e0c255b91,2.0,405.0,18.0,13.0,13.0,small_appliances
96f7628c09cd807b68989261da8ba07c,1.0,3925.0,39.0,32.0,25.0,small_appliances
e34c56a36fdb6854b10410b776c39442,2.0,3525.0,39.0,36.0,24.0,small_appliances
1b42d5d23103d5b706f8107ce7549920,1.0,1075.0,20.0,20.0,20.0,small_appliances
a4feaaaf220690fe86cad96217774d0e,4.0,1375.0,36.0,23.0,14.0,small_appliances
c4101d1b4e0fabda6c62a8074e92cbbc,2.0,250.0,16.0,35.0,25.0,small_appliances
4ba9263261711e19aa09a61e3ab72316,2.0,750.0,25.0,10.0,18.0,small_appliances
02706657691ad03bacea6d0d0d69d13d,2.0,4550.0,23.0,54.0,25.0,small_appliances
aa6746e94490239d3d9ee6ab89779aba,1.0,500.0,16.0,35.0,25.0,small_appliances
61d98ab649b0e6e5ac66ded3d2d38fa0,1.0,600.0,16.0,35.0,25.0,small_appliances
24dd446745b812ef3347d7ae00f5541f,1.0,1750.0,20.0,16.0,20.0,small_appliances
6603a1f90a028304a932b64612e2a39b,5.0,16200.0,28.0,35.0,50.0,small_appliances
03ccf3bdaa33497fa04d1e2f746a4555,2.0,800.0,30.0,21.0,30.0,small_appliances
6eda94acf0ad08a1bb12f10aef74767d,1.0,1625.0,17.0,39.0,18.0,small_appliances
10853770629fe365086f9522cb540549,2.0,13300.0,70.0,40.0,40.0,small_appliances
c6aab69ca5c62eb16eafaddf36c38ccd,1.0,10350.0,30.0,42.0,52.0,small_appliances
41b9fdf240b6c703cecd3d4e40f8c0e7,2.0,7600.0,35.0,35.0,40.0,small_appliances
1a26d40bdbef9cbc3e56226cb622f65e,3.0,4683.0,30.0,40.0,31.0,small_appliances
529deff9c151e0db37c88a43952868bb,3.0,3100.0,35.0,35.0,16.0,small_appliances
5fe23e6307c231e287f13c0a4be06c88,1.0,1350.0,52.0,25.0,29.0,small_appliances
5dc0a51cc6ee5656da48ae091e9ffdc7,1.0,250.0,16.0,35.0,25.0,small_appliances
0768c4dc73c777a620b38c1da390ae8e,1.0,2800.0,26.0,25.0,35.0,small_appliances
cb1cbe2b417948bd4a3e3419ca360d47,2.0,200.0,16.0,35.0,25.0,small_appliances
c387662938a589c2bd8d0128c6ce404a,3.0,450.0,35.0,33.0,33.0,small_appliances
49bfa76ac7062b8b5a0bf9601623d612,1.0,450.0,27.0,11.0,15.0,small_appliances
61a4100ccd6d9c4c808a1fd954ddb8ad,4.0,1450.0,24.0,24.0,24.0,small_appliances
e71db199b371c8d7d4ae89cf8b7675c7,3.0,2850.0,27.0,26.0,35.0,small_appliances
a203dd46978039dcbd6329a71112f09a,1.0,17200.0,37.0,70.0,37.0,small_appliances
7039b86e688d15677bdccc14562801dc,3.0,3167.0,18.0,25.0,22.0,small_appliances
65e6eb6259c9963d133eae35ca1ee2cd,1.0,350.0,20.0,11.0,11.0,small_appliances
b76364870c38ddd7dcc9dd9ab5abeeb4,2.0,1200.0,25.0,20.0,20.0,small_appliances
67d81560abfd28c61d461cae585f0fe2,3.0,1575.0,27.0,13.0,27.0,small_appliances
857be5cab7b9c69b973ce723ca69c9f7,1.0,475.0,28.0,16.0,16.0,small_appliances
4636c8e02578902bfff42ab00f84fbd6,5.0,5900.0,94.0,7.0,45.0,small_appliances
d2bea3c01e172037caa99b2d138f39d0,1.0,350.0,16.0,35.0,25.0,small_appliances
346a9c7bdc6236d95d5efa3ddf0866ef,1.0,4000.0,40.0,20.0,25.0,small_appliances
2ca431a4c4a04c65e66c345e282d0a54,3.0,18700.0,75.0,40.0,40.0,small_appliances
db25a58a5da5dfe2fd19f2604491bd27,1.0,900.0,16.0,10.0,16.0,small_appliances
2befa4541c8bf3f4c76ebbed873f628f,1.0,8100.0,39.0,31.0,33.0,small_appliances
a5f4a44a6b2871128407dc666bfff66b,3.0,600.0,17.0,17.0,20.0,small_appliances
e297f32e51682c1c7d6195d58a86d92b,2.0,11700.0,60.0,40.0,40.0,small_appliances
4177b72d13340189543215377d48f3c3,1.0,3350.0,25.0,20.0,20.0,small_appliances
42ed7ff87eec051d7f9364afbf091dd3,1.0,15200.0,37.0,55.0,37.0,small_appliances
63d6e7ab30f482382c9dfbbccae7da54,6.0,625.0,21.0,19.0,16.0,small_appliances
07b11fd090e8a63b2dcbb19a21d11323,2.0,250.0,20.0,20.0,20.0,small_appliances
44fc450365728c413fefc547592626be,1.0,1833.0,21.0,19.0,22.0,small_appliances
1cc786f2fc3932c7a07346cf556c28bf,1.0,467.0,27.0,17.0,18.0,small_appliances
f69581741831e1dcd24e28e299ad36ff,4.0,12950.0,40.0,30.0,40.0,small_appliances
c5e19a898511a0e8b60bd98fbc1d72eb,4.0,2150.0,15.0,38.0,15.0,small_appliances
8016b7670842c9e99086f95ca96d7356,1.0,1900.0,20.0,35.0,30.0,small_appliances
aef978b83a4d0a2b9bffcd8444b681bd,4.0,6750.0,26.0,55.0,26.0,small_appliances
b15b0f14796af4af048f9d043465a255,1.0,13100.0,37.0,50.0,37.0,small_appliances
111110604c6d3718f07e26dbff3d46bc,1.0,800.0,16.0,35.0,25.0,small_appliances
a5d22340ec8e3ee661b5f00e64bd3ee7,1.0,1500.0,20.0,20.0,20.0,small_appliances
a3807506fd9df35137f1b81a4e0d429a,6.0,20450.0,40.0,68.0,45.0,small_appliances
927ee5ecddd59672ed4e40f96df68238,5.0,7050.0,38.0,33.0,34.0,small_appliances
6b80b94c131c21e8a80f8139fa458329,1.0,16900.0,37.0,65.0,37.0,small_appliances
ffc48c754b5bd736e2887e279d1dec72,1.0,11050.0,30.0,43.0,53.0,small_appliances
6fe2e0bce49965a508008e08ee9f575e,1.0,13250.0,40.0,40.0,60.0,small_appliances
417c36fe8603e10f20aba1359eb8e2f4,1.0,500.0,30.0,19.0,17.0,small_appliances
6371d60c329c7474f4190b077378660e,3.0,2500.0,31.0,28.0,25.0,small_appliances
a5b3765e039c488320f7a082460b1894,1.0,100.0,16.0,10.0,16.0,small_appliances
3ecf69ee1fe21cfd40b30cbea549e563,1.0,6300.0,35.0,35.0,30.0,small_appliances
5531ef4e7630d5f76247ac19fe92a94c,3.0,402.0,24.0,14.0,13.0,small_appliances
2d4500a3d35334916c955b3c365dbefe,3.0,3950.0,43.0,15.0,32.0,small_appliances
a0ed74d31fcb470d85786e7f17794599,1.0,1800.0,21.0,38.0,21.0,small_appliances
07f01b6fcacc1b187a71e5074199db2d,1.0,16400.0,63.0,66.0,56.0,agro_industry_and_commerce
613d093272cb8f74f25a01e430155a6a,1.0,1050.0,38.0,41.0,39.0,agro_industry_and_commerce
980ecbcc15fe174ec1e5757c4d75b1bf,1.0,250.0,17.0,3.0,10.0,agro_industry_and_commerce
ba1d7e7ee1f055d252a2faa8ea3cea9b,6.0,1900.0,45.0,15.0,40.0,agro_industry_and_commerce
137ace556a03792cdc43f91ec621426d,1.0,550.0,16.0,19.0,11.0,agro_industry_and_commerce
eb1e85561435be5d1760939dac8c881c,4.0,400.0,30.0,20.0,11.0,agro_industry_and_commerce
b5015f9057f27b5bdefde4ca99368b54,3.0,250.0,18.0,8.0,12.0,agro_industry_and_commerce
51d1db0b0ed8fee9994a5bae549a6160,1.0,5047.0,58.0,44.0,28.0,agro_industry_and_commerce
0b2a1288e8ba64c797e7586c8df75602,1.0,3450.0,33.0,36.0,33.0,agro_industry_and_commerce
3e3f442db862cb6fe99389a41b7acb84,6.0,12800.0,67.0,57.0,30.0,agro_industry_and_commerce
423a6644f0aa529e8828ff1f91003690,3.0,5800.0,30.0,30.0,20.0,agro_industry_and_commerce
a2f25a7e9c4eea1e3c2949d03c688048,1.0,10650.0,26.0,80.0,26.0,agro_industry_and_commerce
4796ab0f0b86b1d3aeea60f77a0ad991,1.0,300.0,20.0,20.0,20.0,agro_industry_and_commerce
49b6d7e8192cd04ef8f69b1bf00b7eb1,6.0,1700.0,80.0,22.0,11.0,agro_industry_and_commerce
cd2f5c10e4e8dbc701f0bb68a09fdfe8,7.0,16100.0,40.0,42.0,36.0,agro_industry_and_commerce
1db1301d6b2401401a26dd1aabcb809e,1.0,4600.0,22.0,22.0,22.0,agro_industry_and_commerce
163a503e8aa4c48bfd077f416e4341d4,1.0,2650.0,52.0,13.0,32.0,agro_industry_and_commerce
be55ae76be8824525f40695d49a5a7b5,2.0,2350.0,18.0,36.0,18.0,agro_industry_and_commerce
137f49a66ce117db74acbaf30c047701,2.0,7050.0,99.0,5.0,80.0,agro_industry_and_commerce
a0fe1efb855f3e786f0650268cd77f44,1.0,125.0,20.0,4.0,13.0,agro_industry_and_commerce
24fee4a800146a47846fa0e345b6d6ed,1.0,800.0,20.0,20.0,20.0,agro_industry_and_commerce
1f541a93f4fa4b8d15c7d5ed83836484,1.0,12850.0,41.0,42.0,47.0,agro_industry_and_commerce
cf4f52b8f3c906f11d98e8866614f140,2.0,600.0,30.0,15.0,15.0,agro_industry_and_commerce
c89226b8a795ae3d6bca9d90b20dbf04,2.0,400.0,17.0,8.0,12.0,agro_industry_and_commerce
018ca97302e4293050cc41413194bb19,1.0,2467.0,28.0,26.0,24.0,agro_industry_and_commerce
672e757f331900b9deea127a2a7b79fd,1.0,2650.0,30.0,30.0,20.0,agro_industry_and_commerce
b5aebb467d9a92162173cbd234e00d99,3.0,550.0,16.0,16.0,16.0,agro_industry_and_commerce
db96ef2aef93a5a96d1e3296a32648e5,1.0,12400.0,55.0,32.0,32.0,agro_industry_and_commerce
18ea29d5e42eea2c720cafb650f572f3,3.0,50.0,16.0,6.0,13.0,agro_industry_and_commerce
d5dbb4d9ecbbf2e312169e4c8f1b57f0,1.0,5350.0,30.0,30.0,20.0,agro_industry_and_commerce
4ea69fe7483b9c2a54bd05c2c2b02c93,1.0,2663.0,30.0,27.0,25.0,agro_industry_and_commerce
52510930c23a1b9c337a0a9306a3645c,4.0,3000.0,50.0,20.0,30.0,agro_industry_and_commerce
f72b26eeffe2345b486cfeb723305bac,2.0,13150.0,35.0,63.0,40.0,agro_industry_and_commerce
0a27862bbf658a5b8cf655761bc5c72d,1.0,2000.0,65.0,22.0,38.0,agro_industry_and_commerce
16d096faa27582985f849f08370cf1ed,1.0,4050.0,11.0,18.0,10.0,agro_industry_and_commerce
b8faf829f47ba1f35f169da4acbdb88d,6.0,6950.0,36.0,30.0,33.0,agro_industry_and_commerce
5f0a49e6e539d4e186eeddfd69db9863,1.0,200.0,24.0,13.0,13.0,agro_industry_and_commerce
674005996f7500049a539559eeec5b76,4.0,650.0,46.0,4.0,15.0,agro_industry_and_commerce
1ff03883acc92ad1f4eb8ed40ad25bf9,3.0,900.0,20.0,5.0,11.0,agro_industry_and_commerce
0a0adf0de1769b2970f3096d0b5abfb7,1.0,13325.0,41.0,42.0,47.0,agro_industry_and_commerce
c1b1fa3428453960653af124b17ab165,3.0,1000.0,28.0,9.0,26.0,agro_industry_and_commerce
a79e27ad902bfc67386ea63ed1ef7a08,1.0,100.0,16.0,5.0,11.0,agro_industry_and_commerce
a95e101cee281e7cd36dfef5f80fabfe,6.0,9700.0,47.0,70.0,27.0,agro_industry_and_commerce
f72144308168311d3ca5926e40e784e5,6.0,10200.0,48.0,73.0,27.0,agro_industry_and_commerce
3bebad3cf2c8d1a8d3ce97174643e054,8.0,500.0,17.0,11.0,11.0,agro_industry_and_commerce
f075897551d47345068c1d90ed454fe1,1.0,6820.0,54.0,54.0,35.0,agro_industry_and_commerce
b7a60a397d4efd05c1b5d398fb9f9097,6.0,22050.0,40.0,42.0,36.0,agro_industry_and_commerce
ea1d59339533cb7f68f0319501d8e4d4,2.0,9900.0,29.0,49.0,36.0,agro_industry_and_commerce
a6bfd5412c292e6ab465ba7d7f794727,2.0,200.0,16.0,2.0,20.0,agro_industry_and_commerce
ac4bd2aec3f990363aa853e4f17709d3,1.0,150.0,18.0,8.0,13.0,agro_industry_and_commerce
ffd63ee42a5c8cc5a15a1c8e2aa50011,1.0,5200.0,99.0,10.0,50.0,agro_industry_and_commerce
adbcdfcfd5b8479f90579e4dd02df2aa,1.0,2700.0,20.0,13.0,25.0,agro_industry_and_commerce
66e94c5c07d64d44c16cd6903a79a453,1.0,12700.0,56.0,32.0,32.0,agro_industry_and_commerce
2b69866f22de8dad69c976771daba91c,1.0,30000.0,40.0,105.0,40.0,agro_industry_and_commerce
f320d436d02e0ada8609c458037f61ea,5.0,5000.0,35.0,20.0,17.0,agro_industry_and_commerce
10e33205ed375c8e4dc957633ae2ed83,2.0,6650.0,46.0,76.0,46.0,agro_industry_and_commerce
6ff1fc9209c7854704a4f75c9fac41b4,2.0,233.0,16.0,5.0,13.0,agro_industry_and_commerce
11250b0d4b709fee92441c5f34122aed,2.0,3000.0,30.0,30.0,20.0,agro_industry_and_commerce
026f43af35e7951067097527d5c31bcc,1.0,10317.0,52.0,33.0,43.0,agro_industry_and_commerce
3a2b04bd67f105099d662e522bec56e9,1.0,3275.0,35.0,37.0,19.0,agro_industry_and_commerce
c183fd5d2abf05873fa6e1014ed9e06c,1.0,1500.0,22.0,16.0,24.0,agro_industry_and_commerce
eddb814fb553b6951f51b34c5f578ba0,1.0,16700.0,50.0,50.0,40.0,agro_industry_and_commerce
e1834e5158e392bab21d691ac7b4eccd,1.0,12050.0,56.0,32.0,32.0,agro_industry_and_commerce
155222243017ed8a8a43eabf5b04144c,1.0,1950.0,19.0,44.0,11.0,agro_industry_and_commerce
f3c179e260e0eeffbe02340259404cb1,1.0,1200.0,25.0,10.0,16.0,agro_industry_and_commerce
5b951e54437768080925aabe01e24348,1.0,380.0,22.0,11.0,14.0,agro_industry_and_commerce
fbec390384fbb8d53d97c29a5bbb26ae,1.0,1640.0,37.0,34.0,31.0,agro_industry_and_commerce
1df0508de978ce519aa5533ae04154c7,5.0,1900.0,40.0,15.0,20.0,agro_industry_and_commerce
1df1a2df8ad2b9d3aa49fd851e3145ad,4.0,8650.0,39.0,45.0,23.0,agro_industry_and_commerce
8a67e4e6cc6f2abf65fe2164ea51b219,1.0,250.0,25.0,10.0,15.0,agro_industry_and_commerce
c75a6578b6475cf760d40cb340b3971c,3.0,9950.0,65.0,26.0,26.0,agro_industry_and_commerce
5fb0955cb683eb6f65a1f613e502eef5,1.0,4000.0,50.0,30.0,40.0,agro_industry_and_commerce
cd5df6a3db7a3d064a55afd08289d762,1.0,2150.0,30.0,25.0,15.0,agro_industry_and_commerce
e38487b365f562f0f5f6d8362cd36593,6.0,9050.0,48.0,58.0,27.0,agro_industry_and_commerce
e8e86cbab028363545a5bf0ca5e226ee,2.0,6050.0,55.0,10.0,46.0,furniture_living_room
003938452c98ff9ab28e9e7b4bfe97ab,2.0,5050.0,50.0,8.0,50.0,furniture_living_room
dd2ca29c9d0f93d3b1d28d7d7ee3025c,2.0,7750.0,33.0,25.0,33.0,furniture_living_room
446e83f3f31931e9eda31363bde07293,1.0,5600.0,20.0,5.0,60.0,furniture_living_room
e2acf075e3634e6f0c26e4e88c1bf9d7,1.0,6750.0,54.0,18.0,53.0,furniture_living_room
cfabf9d1f7c14b709f2982f83c8f9538,2.0,9750.0,27.0,15.0,92.0,furniture_living_room
34282a40b7d2b7aae8762762cb6ebcad,2.0,4350.0,58.0,16.0,53.0,furniture_living_room
4e5696c21b0c174738e7929b147b7126,2.0,3500.0,100.0,5.0,23.0,furniture_living_room
653db51f38df09a30a8f25e7933050fc,2.0,1350.0,44.0,14.0,34.0,furniture_living_room
e27c4dd075a521097a085bced0631ce7,2.0,9750.0,27.0,15.0,92.0,furniture_living_room
acd8d7f70cb01e9251e4da67e8813ffd,1.0,12200.0,33.0,10.0,93.0,furniture_living_room
d8e8c5f6ab9f4c0214127182ca234525,2.0,4550.0,50.0,10.0,50.0,furniture_living_room
efbb1aa8004b5afbe175d7d6ce557342,2.0,6050.0,55.0,14.0,47.0,furniture_living_room
09e5556011177a1f20244a4fcdde2752,3.0,6100.0,50.0,50.0,11.0,furniture_living_room
c4a4f6326493ee449e618f0143d290fd,1.0,23100.0,50.0,60.0,50.0,furniture_living_room
26782e17e3df2c4b6142ac9ddc0af5d4,1.0,8225.0,55.0,73.0,18.0,furniture_living_room
18962ffc781d31e8d995293458954e91,1.0,3350.0,33.0,13.0,33.0,furniture_living_room
80d3aeff2ab6c9d795010c029dbd5ddd,1.0,4350.0,58.0,15.0,53.0,furniture_living_room
f94d494034180bcbeb9c56cae79f6168,3.0,4650.0,31.0,17.0,31.0,furniture_living_room
8466762a9393a2b2b1de73f3cf6081a3,2.0,2700.0,47.0,6.0,47.0,furniture_living_room
c6fdec160d0f8f488d9041316c85051d,1.0,30000.0,80.0,60.0,60.0,furniture_living_room
23318fc7dadffdde2b4ebf8dadefcf68,5.0,3300.0,46.0,9.0,56.0,furniture_living_room
e5f8f7fec18736ea009f2f7334543497,2.0,925.0,22.0,10.0,17.0,furniture_living_room
5c37fc5cf2955deea60c262cc60a51e1,1.0,12075.0,56.0,17.0,56.0,furniture_living_room
c2e2f746cdd48da2d45b17f3fcc4575b,3.0,2350.0,62.0,16.0,14.0,furniture_living_room
3730ebdd8d5df28fa300574307887fd9,2.0,2000.0,21.0,8.0,17.0,furniture_living_room
96ac5914ae8307995bed8c15fc1bcebb,4.0,1250.0,52.0,8.0,13.0,furniture_living_room
4d817c0fe79db81f4f99f840cadbde0e,1.0,15150.0,38.0,48.0,38.0,furniture_living_room
0141015d2469c1c5f9d7d377d1cdb44a,2.0,17800.0,70.0,15.0,24.0,furniture_living_room
69fb24f0cd077f460768e66b89c3565e,1.0,3400.0,33.0,13.0,33.0,furniture_living_room
c0d8d4693da67263b21c9b485cd02898,2.0,12400.0,72.0,25.0,22.0,furniture_living_room
76914818a87f9b6b320e136e17e6ae06,1.0,13800.0,59.0,17.0,58.0,furniture_living_room
b51119656391080bf4b0c2bb98b0f704,2.0,14500.0,49.0,39.0,17.0,furniture_living_room
361009da0572b0d1d961d347f10e09b1,2.0,5000.0,45.0,66.0,14.0,furniture_living_room
db624f08f4e059241d3842eb750ecd7b,1.0,1450.0,61.0,2.0,21.0,furniture_living_room
eebf4e6c00fe7a6ce21a0a693f02e49f,1.0,13700.0,58.0,40.0,25.0,furniture_living_room
8d6f2c3454002d3f5aa7479a7fad7794,1.0,30000.0,80.0,60.0,60.0,furniture_living_room
181abab3cccc131f868d3bc7a5b97fd0,1.0,1100.0,31.0,5.0,31.0,furniture_living_room
4d882bfbe6d83c0671d5b2776d46c248,1.0,28100.0,97.0,9.0,75.0,furniture_living_room
4f9a85a01a3a49b2760aed83cf3d78e1,1.0,4400.0,58.0,15.0,53.0,furniture_living_room
15d165bec0a8ecf3a213dfb0b891e715,2.0,4050.0,50.0,10.0,50.0,furniture_living_room
6a57e06a7c336f433090a6eeacafdb45,3.0,6650.0,55.0,11.0,35.0,furniture_living_room
11edd101079c39b8f444dfd7bab5c9f1,4.0,1350.0,64.0,13.0,18.0,furniture_living_room
94252831daf1ef36429398257ea0450c,1.0,1375.0,63.0,11.0,16.0,furniture_living_room
a1ef17282b89f4c1a3efa6a6a9dbba24,4.0,8800.0,71.0,18.0,53.0,furniture_living_room
bf6d369fda3cc67f960c9290d3e91158,2.0,4950.0,50.0,10.0,50.0,furniture_living_room
d076ce587de2ab3cb36f6c34f5ec1c8c,1.0,6100.0,55.0,13.0,51.0,furniture_living_room
4ba4b0ac2133ce048ceedc2355bec253,2.0,10550.0,60.0,15.0,45.0,furniture_living_room
d23f2f3a0d52d3cb9effc0e11bae4bff,4.0,18700.0,50.0,65.0,50.0,furniture_living_room
2d1a8b45479472a709ff5e6be0f1341f,3.0,29600.0,50.0,60.0,65.0,furniture_living_room
f72c56e46adf2ef4cf84a708f8644f89,5.0,9150.0,87.0,10.0,56.0,furniture_living_room
12e6d0f655986ceff00c74658dec97b1,1.0,7875.0,60.0,25.0,25.0,furniture_living_room
77c85114b82935ec7619f75cdf072a48,1.0,5050.0,64.0,13.0,63.0,furniture_living_room
21edbdf0b0622b2ed89051c88ae8d43c,5.0,1500.0,74.0,13.0,18.0,furniture_living_room
39ed944861999a8283f213a8c0ee366f,1.0,4700.0,32.0,32.0,17.0,furniture_living_room
f1136b963c743b647b6c0b3d86effe08,1.0,5500.0,62.0,17.0,27.0,furniture_living_room
d363e421b1d15376b299089946fed127,3.0,3200.0,30.0,11.0,30.0,furniture_living_room
1033f9821d88262baf13892e285de798,4.0,950.0,61.0,13.0,25.0,furniture_living_room
cfc8387fba4e6ae4b53d099e98fc095a,2.0,4450.0,30.0,16.0,30.0,furniture_living_room
f227e2d44f10f7dad30fb4dfa839e7a2,1.0,30000.0,70.0,60.0,70.0,furniture_living_room
dc405c97a6bb6f7d86222f2160540b02,1.0,2500.0,31.0,11.0,20.0,furniture_living_room
451482edc91f59c001a5a3a0e4d594bf,1.0,16400.0,105.0,15.0,43.0,furniture_living_room
fc956e40e1a0ca9889d2e182aa6fddd3,2.0,5050.0,62.0,6.0,55.0,furniture_living_room
a47b91f0ff85b3a24108985252501e12,1.0,8900.0,56.0,57.0,22.0,furniture_living_room
71e8e7b22adb117478bdbcd1c2b0c325,1.0,1500.0,31.0,9.0,22.0,furniture_living_room
d13816a79f03bf978283d80fbeae06f8,1.0,15900.0,67.0,66.0,61.0,furniture_living_room
591c08a1d9290193bd96d8c9e6e607ac,2.0,9750.0,27.0,15.0,92.0,furniture_living_room
d1f8238b6028d483af2329cb63cc9bfd,3.0,6300.0,50.0,10.0,50.0,furniture_living_room
eefb750a45a4ba505ffd4813ecaf2b18,2.0,2000.0,26.0,10.0,19.0,furniture_living_room
223f6bc365de199df4fbd5db2ca6ec1d,2.0,12800.0,63.0,13.0,63.0,furniture_living_room
80193ccd40cf27a70af5f819fdfafe84,1.0,4900.0,60.0,27.0,20.0,furniture_living_room
05af73bb3143cbc5233c1cdff4a767b5,2.0,2700.0,47.0,6.0,47.0,furniture_living_room
0db04bfc9ca0d0dc2c530e7f2d023160,2.0,3325.0,30.0,11.0,30.0,furniture_living_room
15c078f58e790a7618352d6cc1571025,1.0,11300.0,50.0,20.0,50.0,furniture_living_room
53c2dce98e95822ca42cb5cac7352d8c,3.0,1925.0,40.0,35.0,19.0,furniture_living_room
daf84c8f6a77308759733b317cf20666,1.0,7760.0,54.0,52.0,34.0,furniture_living_room
8c71c9f045a49434865c087cff7bfe02,1.0,4325.0,55.0,17.0,54.0,furniture_living_room
a069fc741ff92fd8af8270a66f35fcbd,3.0,4025.0,51.0,14.0,52.0,furniture_living_room
62ca5c25d64eb6e83232fdb4203df305,2.0,7475.0,54.0,16.0,53.0,furniture_living_room
99ff40856c47a638df807c0a144470cc,2.0,30000.0,80.0,60.0,60.0,furniture_living_room
b76e88f2da688761c6f9ad9bb4f9513f,2.0,5700.0,62.0,5.0,45.0,furniture_living_room
2ff995aead9c63a1f37a07b3664ead37,1.0,7500.0,61.0,11.0,46.0,furniture_living_room
2bdba1ee1237d3a5287425749f71b2b9,1.0,17175.0,63.0,22.0,60.0,furniture_living_room
81f3957aedf469500e43f81e25519600,1.0,4200.0,32.0,32.0,12.0,furniture_living_room
e85cdca8790ea0026ddf7316f469608a,2.0,4600.0,30.0,16.0,30.0,furniture_living_room
3eb14e65e4208c6d94b7a32e41add538,3.0,30000.0,70.0,60.0,70.0,furniture_living_room
84c4e13ecfbf13c8e4039927f887154b,4.0,1100.0,54.0,11.0,11.0,furniture_living_room
1893eeba0f624153fe2b3f0711e4a554,3.0,9850.0,47.0,26.0,46.0,furniture_living_room
bdeaa675b32e0db47bbb9d469cae4b25,1.0,7833.0,41.0,52.0,29.0,furniture_living_room
2a0d1fb3e64019c7cf0e75d1cf336277,3.0,8700.0,80.0,13.0,50.0,furniture_living_room
957192c198a5b58aa452ca6b1d04d837,2.0,2800.0,83.0,5.0,23.0,furniture_living_room
feb4ade62e32b8d74c6f69f635057964,1.0,12325.0,54.0,64.0,18.0,furniture_living_room
49234079fb9aa607c3cddd19e1032c31,2.0,5900.0,50.0,36.0,20.0,furniture_living_room
62487ad072596c457fd65db240a755b8,1.0,4725.0,58.0,15.0,53.0,furniture_living_room
18be199494e360c90f302b3ef82ceb43,1.0,8400.0,74.0,5.0,46.0,furniture_living_room
fe5915b903037937488e868f2dde0ff3,5.0,30000.0,50.0,60.0,65.0,furniture_living_room
b7ad178ccbed2224215575de21bc1416,1.0,6850.0,61.0,11.0,46.0,furniture_living_room
6d6a3d7c546173af704995f09e1edc58,1.0,4700.0,20.0,4.0,60.0,furniture_living_room
1585efae0c3719cefae4c6b411f07fb6,1.0,400.0,32.0,29.0,15.0,furniture_living_room
b61876c706bbc5039b24a479eb415d62,3.0,7100.0,36.0,18.0,20.0,furniture_living_room
c42a54d639771f80d5ea22dd39a0d845,1.0,10800.0,56.0,16.0,55.0,furniture_living_room
8bc9663f392c9296600c684c5736a674,1.0,4300.0,50.0,15.0,46.0,furniture_living_room
1c55a8be0613dd888ed9c039cea3d660,2.0,3100.0,30.0,11.0,30.0,furniture_living_room
9849ba603e33119ef0dcbdba63338aa2,1.0,24400.0,50.0,50.0,45.0,furniture_living_room
4b72033d6547d584a65c309c78552e24,2.0,4950.0,47.0,12.0,45.0,furniture_living_room
21d2fdced5c69bfc6539b67908a4ad28,1.0,6450.0,55.0,15.0,46.0,furniture_living_room
84f47b7ffbd21c845d197cc0a7bc479a,2.0,950.0,21.0,8.0,12.0,furniture_living_room
d1ca56960d19af6d4eccf7fa11ec6fca,2.0,3973.0,61.0,28.0,61.0,furniture_living_room
58efb9b638561ce132216a9a612513e2,2.0,9700.0,27.0,15.0,92.0,furniture_living_room
872db866d615db59612ac933f43d6b22,2.0,9700.0,27.0,15.0,92.0,furniture_living_room
5b7266a9c1cfa2df264b8d703258fc38,1.0,8425.0,70.0,20.0,68.0,furniture_living_room
3c0c5eee30aef7a844410f1d1397b620,2.0,9700.0,27.0,15.0,92.0,furniture_living_room
115bc2b948bfb128b7aaf878e50a9b5a,3.0,800.0,16.0,5.0,20.0,furniture_living_room
597d26435e8ef77bb0fcd26f6c07d486,1.0,13725.0,54.0,22.0,53.0,furniture_living_room
42025f5a5a9be121b14cc11611331b20,3.0,8850.0,37.0,14.0,61.0,furniture_living_room
e5431fe7b289028ba2b453fafd45f0f8,3.0,1350.0,50.0,11.0,40.0,furniture_living_room
9e870305de6fa07292921450d5aac9a7,1.0,13150.0,74.0,7.0,90.0,furniture_living_room
c457d4bdf5645f666bdd00678e2fb286,6.0,2500.0,64.0,16.0,36.0,furniture_living_room
f3dc2177cd7a26726dd80204c34dbb48,2.0,5150.0,46.0,12.0,45.0,furniture_living_room
d5e157caef73dc3e8b4ab5c7e6b9aa67,1.0,7900.0,39.0,13.0,70.0,furniture_living_room
fdbcb10ffeacc2c174245c6d2c4c05ce,2.0,3400.0,45.0,11.0,47.0,furniture_living_room
572ce8c246c9eb25f976d31f29278d09,2.0,1750.0,26.0,8.0,17.0,furniture_living_room
6f3871fea8efb6b35523237acd177012,5.0,16600.0,35.0,65.0,45.0,furniture_living_room
579beb8c0b718599ffc6f1479c836353,1.0,8100.0,56.0,17.0,56.0,furniture_living_room
5d030df086e7b38e143350d4c99db48d,3.0,30000.0,60.0,50.0,70.0,furniture_living_room
c1e0531cb1864fd3a0cae57dca55ca80,1.0,30000.0,70.0,60.0,70.0,furniture_living_room
b6106bf3d09b8fdd33c3a9559da43145,1.0,30000.0,48.0,52.0,75.0,furniture_living_room
4fc5968ccd1881352d73d321e174df9a,2.0,10850.0,73.0,34.0,22.0,furniture_living_room
464a2bd11ce5cf1fcfb4f609dedcf914,3.0,3525.0,30.0,11.0,30.0,furniture_living_room
0ffd7e5d9372f67eb4346205f0cbcb2a,1.0,12375.0,56.0,70.0,18.0,furniture_living_room
c94d19d021d4a8fbae5a45f904aeea90,4.0,9750.0,27.0,15.0,92.0,furniture_living_room
1b8ee158f59c098470fad33f39660964,2.0,6200.0,55.0,14.0,47.0,furniture_living_room
caf9add3dcd98d688be0064d9faf65b1,2.0,3200.0,30.0,11.0,30.0,furniture_living_room
766a5c8a2e6f4ea78ab342f00614f61f,2.0,3300.0,30.0,11.0,30.0,furniture_living_room
0e9dfb804bafa3d68ef3ee7a621abfb2,3.0,30000.0,68.0,55.0,77.0,furniture_living_room
f54c9c33102c5745b6abafb44465918d,2.0,19250.0,33.0,28.0,16.0,furniture_living_room
2f79f1782a0ab54f3a912a844b00ca66,2.0,5050.0,50.0,10.0,55.0,furniture_living_room
a7742a00e1d286b7f7d4d81e90d8acc9,4.0,5500.0,60.0,10.0,40.0,furniture_living_room
2c0722227025e08e761c39159ef0d701,5.0,3350.0,46.0,9.0,56.0,furniture_living_room
705b4a0072a3ecf575b497f895234364,4.0,14950.0,60.0,2.0,20.0,furniture_living_room
5cc6fefdce664959965aacfa90f03163,1.0,15150.0,43.0,38.0,43.0,furniture_living_room
79fc4c7da6812091c88d89e02e02887c,1.0,3550.0,62.0,27.0,17.0,furniture_living_room
58337836aef181d35991ca9a8394f11d,1.0,5550.0,50.0,10.0,50.0,furniture_living_room
cb3268665690f13e15913631c0ccc4a2,2.0,400.0,25.0,20.0,25.0,furniture_living_room
bd6b7d96a03cd99ba1f00650cc8a72e8,2.0,850.0,29.0,39.0,25.0,furniture_living_room
0db01fdc451cdba4ee06ff86de2885a7,1.0,30000.0,47.0,42.0,74.0,furniture_living_room
d54a454ab7bb07b89d29f0b9714c9d2c,1.0,4475.0,55.0,13.0,51.0,furniture_living_room
f8fd8cb547c24b155448d09bfc478059,2.0,6950.0,61.0,11.0,46.0,furniture_living_room
f8ec436ec93f73848b48b8e0e5fcd335,1.0,6970.0,65.0,15.0,65.0,furniture_living_room
796ac02e3e74205c11a2c4846a8af878,2.0,8850.0,74.0,7.0,90.0,furniture_living_room
196616257eff8bc851dc4fc041cbbbe9,2.0,9750.0,27.0,15.0,92.0,furniture_living_room
a5eb994011cc41631b483ed58190bc61,2.0,2700.0,47.0,6.0,47.0,furniture_living_room
a0727420c4f72aa6600840eb1da0d3d1,1.0,9850.0,61.0,16.0,46.0,furniture_living_room
02cd4165b1e6a3782def2e4e851ae884,4.0,3100.0,30.0,11.0,30.0,furniture_living_room
90c1b4e040d1d1c45897ec2dad4a809d,2.0,30000.0,63.0,63.0,74.0,furniture_living_room
180fbb426ea5ab0708d43ad3f3839bb9,3.0,7600.0,61.0,11.0,46.0,furniture_living_room
c5fb7fbe39f4e09e048ffbc5b28db49a,1.0,450.0,16.0,5.0,16.0,signaling_and_security
52a646aa308987e28c375b41081de428,1.0,325.0,17.0,17.0,17.0,signaling_and_security
b7c082547bcb8ee0d7537b17668bc108,1.0,233.0,22.0,17.0,15.0,signaling_and_security
cec51758e9839eb5414b214934430da6,1.0,450.0,16.0,11.0,16.0,signaling_and_security
729dfb36954326a8b9ad0a5602571943,3.0,200.0,19.0,12.0,12.0,signaling_and_security
f60e19fc3b0ee38735e6a6fefe937bdf,2.0,150.0,20.0,2.0,28.0,signaling_and_security
3324465da0373199261538db9d035411,2.0,1250.0,34.0,16.0,27.0,signaling_and_security
bdbcda578f0215903f8bcd77ca591e0c,1.0,200.0,26.0,5.0,12.0,signaling_and_security
177ccb9eb4263c7f82f6c3b98980d26d,2.0,575.0,19.0,16.0,18.0,signaling_and_security
546c7560260f60e3e086d0d106ced4e5,5.0,975.0,30.0,16.0,17.0,signaling_and_security
87689c3ea34514e449355126a5fc299e,3.0,350.0,23.0,4.0,20.0,signaling_and_security
49c668b9d350a5836df4594378b09f0f,1.0,150.0,23.0,8.0,16.0,signaling_and_security
30699bee01692428398004b3308133e4,1.0,2775.0,49.0,50.0,30.0,signaling_and_security
e2e2c6003104c5c3b265e60c980904d9,3.0,14650.0,65.0,65.0,13.0,signaling_and_security
3bba0b38a9ccc67ee4f46b92530f186a,6.0,2725.0,33.0,22.0,16.0,signaling_and_security
8c4254fc0b9043ade973297a789b042d,4.0,400.0,19.0,11.0,14.0,signaling_and_security
107bf5aa8cee35a9fec5e0bf1fd5e1cd,1.0,150.0,31.0,12.0,21.0,signaling_and_security
177994f6e693b14491067ba7cd5e5127,1.0,150.0,16.0,9.0,11.0,signaling_and_security
dff96addbfdf534a44ed5094b8c6765d,2.0,800.0,47.0,8.0,12.0,signaling_and_security
95f944fda0e692848a5033c279938390,5.0,550.0,28.0,12.0,22.0,signaling_and_security
19d3bf0c73434c2f0518c526f0b4e5c2,2.0,300.0,19.0,13.0,13.0,signaling_and_security
aed4b8c10ee4d129b9db14174ca6f4d9,5.0,1350.0,33.0,13.0,20.0,signaling_and_security
e7ab5dc415d1ef9ab700f49ce67adbdb,1.0,300.0,20.0,11.0,15.0,signaling_and_security
0c8b6b6e4f9ee5fe2c48d6cee4c69bc8,2.0,9350.0,55.0,55.0,22.0,signaling_and_security
e85fbac9d80b832ba812bc5d7ffe236d,1.0,2350.0,21.0,35.0,21.0,signaling_and_security
04ca6bf4b3d9aa78046f0973efe2f4b1,8.0,750.0,16.0,20.0,16.0,signaling_and_security
2e104fe380a40d60654e7b36c7cf0fbf,1.0,250.0,20.0,11.0,15.0,signaling_and_security
f0ddc72a650a80a9e065bef851f4f832,1.0,1600.0,33.0,13.0,20.0,signaling_and_security
99e57d3d6efd7ba6f8eaf59bf456179e,1.0,900.0,26.0,21.0,21.0,signaling_and_security
85d5af91e054ec47edef6f1f7c3a38ea,7.0,850.0,17.0,27.0,17.0,signaling_and_security
b12dffc208d142a320e92d660485d82f,7.0,750.0,16.0,20.0,16.0,signaling_and_security
d428453f5428574ccf030518d30d13cd,7.0,300.0,34.0,4.0,21.0,signaling_and_security
ba461a0fdc83975aeb97c66b1dea2802,1.0,425.0,45.0,21.0,23.0,signaling_and_security
8339aa8a9674a681e4b0fcdb98f586ad,9.0,1050.0,16.0,20.0,16.0,signaling_and_security
755073cc68bc18919f48e8544dcd73d7,1.0,1250.0,17.0,32.0,29.0,signaling_and_security
4d78abeaa9c097b5d6ee602bd5986128,3.0,290.0,18.0,12.0,15.0,signaling_and_security
1ea233affdd668b45c809f65711ccd37,4.0,200.0,26.0,4.0,19.0,signaling_and_security
7d00a7c029fe3cf2bddc1e8e0484c2c1,1.0,450.0,16.0,11.0,16.0,signaling_and_security
fd40f3ef9c7fb9c550619a88af47a5de,2.0,22550.0,85.0,85.0,26.0,signaling_and_security
5f141d2c6058727659960a250aa940f6,8.0,1100.0,33.0,13.0,20.0,signaling_and_security
12b2d0d0afbc40130f01e2f2f591444c,7.0,750.0,16.0,20.0,16.0,signaling_and_security
cd88e612d88f1722039806fd13844ffb,2.0,325.0,22.0,11.0,22.0,signaling_and_security
e6a516eb66cb5fa9e8854ed738bea934,1.0,400.0,25.0,20.0,15.0,signaling_and_security
0e122649ef24efa2051127c4018b13e5,2.0,10200.0,16.0,45.0,53.0,signaling_and_security
52e07ce385c39e2c591f040dea409c23,3.0,5000.0,50.0,50.0,30.0,signaling_and_security
7d6f35ea77f93f45e3de5311bc95d46e,2.0,250.0,16.0,7.0,11.0,signaling_and_security
cd69bc556c1071e2dbd17d21a0dc4d1a,3.0,400.0,20.0,10.0,15.0,signaling_and_security
d05812cb900f3aac945fbb2298d07637,3.0,1650.0,30.0,20.0,30.0,signaling_and_security
f9417fcaab540423270d3f693b9944c2,1.0,23950.0,38.0,100.0,38.0,signaling_and_security
3a361fad1e42318dd4a6fe415363067f,1.0,1850.0,21.0,35.0,21.0,signaling_and_security
668c66401c7341a09fbde2bcf15c1d55,2.0,11100.0,100.0,73.0,13.0,signaling_and_security
b74dc0cea31c255d5208d2a80c10ae19,2.0,1800.0,18.0,25.0,19.0,signaling_and_security
3991c74594bbda8156ecfbe9e8b7cbe9,4.0,408.0,23.0,4.0,20.0,signaling_and_security
161c9558fccfbf0a9ed72b42285635ec,2.0,450.0,60.0,30.0,22.0,signaling_and_security
5900bded018b6ea12771f169967122d2,1.0,27100.0,38.0,100.0,38.0,signaling_and_security
e564a5055dc25c8f77b59bc847898184,1.0,300.0,31.0,4.0,15.0,signaling_and_security
eb883e95b710f252cb15d0fb41d8bbe9,1.0,3000.0,30.0,30.0,30.0,signaling_and_security
49e038a7b8ba2e18d9a7a26c1f238544,3.0,13750.0,65.0,65.0,22.0,signaling_and_security
54405df05005a5933a1a2851d1c69c86,2.0,750.0,27.0,8.0,22.0,signaling_and_security
914323edd50192310dd03435b0e6ad65,5.0,200.0,18.0,15.0,15.0,signaling_and_security
06d7bbea1c245835d64a183587a3775c,1.0,1000.0,66.0,5.0,30.0,signaling_and_security
bc3c6d2a621414f2e1df7a8a32a2828e,3.0,18700.0,36.0,105.0,36.0,signaling_and_security
f41b27c06a91e6f554c113a7e702ee7a,2.0,2750.0,60.0,10.0,16.0,signaling_and_security
b8b7f10b147bfcbdc69c03701866ef4e,3.0,1200.0,30.0,30.0,12.0,signaling_and_security
299a30066c04cbcaa68a1c4271c87aaf,1.0,26950.0,38.0,100.0,38.0,signaling_and_security
8905f9f6b310467a4fdd08ea4c4903aa,3.0,10150.0,45.0,30.0,45.0,signaling_and_security
5d3b065e160c51e883cd7ef509a54176,2.0,100.0,20.0,15.0,15.0,signaling_and_security
32e202f81d83d895e4c8847003bfa07e,2.0,250.0,29.0,37.0,21.0,signaling_and_security
7b8137babf4b7482802f8fe62e7ccf99,1.0,200.0,23.0,13.0,18.0,signaling_and_security
794d58cf31d570f4b7640c7a2085042d,5.0,912.0,32.0,12.0,24.0,signaling_and_security
ef752dd2f6410ce702377d573caf5e65,4.0,200.0,25.0,25.0,15.0,signaling_and_security
0d2f3592e105a90c5a25c71efe56ff39,1.0,400.0,16.0,4.0,16.0,signaling_and_security
0af2b3833420630d9d1eacc2daf2bdf9,3.0,1900.0,30.0,21.0,21.0,signaling_and_security
154f1553226255086ce3e22b1b013415,1.0,950.0,21.0,35.0,21.0,signaling_and_security
7d8e924f1da646ec896e1c0a80ef2f99,1.0,400.0,60.0,25.0,25.0,signaling_and_security
150c699262a053229e89213dc9c358d2,1.0,300.0,16.0,14.0,15.0,signaling_and_security
de9e51e0f1279f42d5b0a82642bfa78a,3.0,1550.0,26.0,27.0,21.0,signaling_and_security
3eab174ff708dddf896f165e766d1b54,4.0,1200.0,33.0,13.0,20.0,signaling_and_security
c81d18e1f6666e31149aa948d0d0d050,1.0,200.0,26.0,5.0,12.0,signaling_and_security
2ea6c18e8b58c184e41ce11fd5dddb4c,3.0,22650.0,85.0,85.0,15.0,signaling_and_security
af5606ac1cb97d0519a67bd7d9af79b6,1.0,750.0,45.0,21.0,23.0,signaling_and_security
d4591f790b3b30ebc3cc132764e86741,2.0,450.0,20.0,13.0,33.0,signaling_and_security
54b5d1594234247b378817e2f67a49aa,1.0,575.0,17.0,15.0,50.0,signaling_and_security
a86859b91d632c991b914aead6ec8ad4,1.0,450.0,16.0,5.0,16.0,signaling_and_security
d057ce621bd15258809e3c0768badd1c,2.0,575.0,45.0,21.0,23.0,signaling_and_security
6c303fe9c97ae8c712b2a23cfbcdcbe5,1.0,400.0,29.0,3.0,24.0,signaling_and_security
46e1b7a766d5cefa31a93f6c91831d7f,1.0,375.0,23.0,9.0,20.0,signaling_and_security
d2a05d5e096038f24a2944fe6ddebd29,1.0,1175.0,45.0,38.0,25.0,signaling_and_security
fe0c30fb2df4e35bc7319b277ddbdaa5,2.0,850.0,19.0,23.0,13.0,signaling_and_security
3fc5135bc733379e511defc64c61738d,4.0,250.0,17.0,7.0,11.0,signaling_and_security
cc6f171f96afa1c94b8ec19c80c717dd,2.0,200.0,21.0,7.0,14.0,signaling_and_security
fcb224113ca69bc837459203e6eeea29,1.0,450.0,16.0,5.0,16.0,signaling_and_security
b655ebf10fa7727c97d82cffcfe96ab9,1.0,225.0,24.0,13.0,31.0,signaling_and_security
f17b05cc8a7651896df8c30884200e9a,1.0,2000.0,32.0,51.0,16.0,air_conditioning
4a96de21ccfb22ebe1c56992acbbd7fc,5.0,1300.0,30.0,10.0,30.0,air_conditioning
185013b2b9237c14bd26a394d9fda023,1.0,150.0,20.0,8.0,13.0,air_conditioning
f2a1b32f85cad59ff2a8444154ac25f0,4.0,7800.0,105.0,10.0,40.0,air_conditioning
919f371545037a68a1585ef9f0b9494a,1.0,10050.0,51.0,49.0,24.0,air_conditioning
27c63413ca2806bcab40a31d0f862a59,1.0,4550.0,40.0,21.0,32.0,air_conditioning
24e19cb0f9da4394876ff32b7a43b99d,2.0,200.0,21.0,8.0,17.0,air_conditioning
5c821d665e58b08092e830f81c12cc37,3.0,300.0,21.0,8.0,17.0,air_conditioning
b252c77ac54ea46b4b2b884b8fba074d,1.0,2700.0,32.0,32.0,16.0,air_conditioning
49b59dec916cd9070cf9fb07dee32976,1.0,16550.0,27.0,36.0,54.0,air_conditioning
733ea58d772bede3f0bba1d816efd8e9,2.0,350.0,20.0,15.0,15.0,air_conditioning
a448325c57fbf792a2f6ac7d1b730917,3.0,4800.0,72.0,5.0,11.0,air_conditioning
468a848eeaf1472183a23c05e53ac177,4.0,10175.0,44.0,44.0,38.0,air_conditioning
ccb162ed569f47d83f62aebd5700d7ad,4.0,8750.0,25.0,25.0,25.0,air_conditioning
ac81bacb0ef8c88048ad83765dfeefc1,5.0,4500.0,55.0,16.0,26.0,air_conditioning
503a2b62d0d1faa8d1950c483231aeaa,1.0,375.0,24.0,12.0,17.0,air_conditioning
b702f87f77d8feeade7ecf7598730aea,1.0,150.0,20.0,8.0,13.0,air_conditioning
67fa36df2c5e624059dda016bfd72e15,1.0,150.0,20.0,8.0,13.0,air_conditioning
2b5c35cbb60bd98cf07a4cd51e95783e,1.0,500.0,19.0,16.0,16.0,air_conditioning
c114a4721cfa58d98265d2074e53de44,2.0,600.0,27.0,13.0,17.0,air_conditioning
27051f70cfcbd63fec388f34e1f0d2a2,1.0,5524.0,42.0,37.0,28.0,air_conditioning
525f8fbde09c9bf777025c3141fbbc6e,3.0,250.0,22.0,11.0,16.0,air_conditioning
bc0f31b5e89dfeba8169ad1123d44d2b,1.0,350.0,18.0,5.0,14.0,air_conditioning
d7cdcdb31629bb225ebedc727c780d9f,6.0,23300.0,36.0,30.0,45.0,air_conditioning
79afa72908a4818cf6fda742a5dc4afd,3.0,5350.0,18.0,58.0,34.0,air_conditioning
46e331e83e48420b6f7a8404cf204e0b,6.0,10050.0,35.0,28.0,16.0,air_conditioning
ab507d0f8d9ac91607f9cff20a8c5684,1.0,4800.0,58.0,59.0,25.0,air_conditioning
1ceecf723e6b304ffe1822e9f375fbf1,2.0,150.0,25.0,25.0,20.0,air_conditioning
db62a9ee3303c7cbc05a3990eb359ed5,4.0,4853.0,37.0,53.0,39.0,air_conditioning
a3c485c1ba93a314a9606492aeb0072c,1.0,5075.0,51.0,43.0,46.0,air_conditioning
62fbbb0a6ac63ddc705968f95f5fb788,5.0,5800.0,55.0,16.0,26.0,air_conditioning
fd68051e3deccde23af3d77152129c5a,1.0,2800.0,16.0,2.0,11.0,air_conditioning
977e5f8adaa0cd1dac4f4b1969ec598b,5.0,300.0,16.0,10.0,11.0,air_conditioning
171787b81fa784a521d7ba199e6e9fa6,1.0,1900.0,21.0,31.0,25.0,air_conditioning
d9c379ab5377be590da568f41cd3c49d,1.0,9200.0,20.0,8.0,15.0,air_conditioning
8dfb2df51786c583001deb21b4a94080,1.0,5300.0,51.0,22.0,34.0,air_conditioning
f0fd7f1ed92a4c17fd392ba0a5001278,1.0,200.0,20.0,8.0,13.0,air_conditioning
2d8f2be4f08788ee3bf5356af2b2ee6c,4.0,100.0,27.0,13.0,17.0,air_conditioning
35d56b64516746f2046a4dd2b16f9027,1.0,4583.0,41.0,47.0,33.0,air_conditioning
6253337f05bc888dc4b35d45d1ec3a64,1.0,1875.0,27.0,17.0,27.0,air_conditioning
2c19582c3eea7a6f53a30dbe0a8ffa7e,4.0,6300.0,90.0,10.0,40.0,air_conditioning
98e91d0f32954dcd8505875bb2b42cdb,1.0,1132.0,33.0,39.0,20.0,air_conditioning
067a7177d086c25f597516184a07f05a,1.0,3800.0,53.0,21.0,36.0,air_conditioning
1ea0352ad33ece4164c6f98f2c25bc6f,2.0,800.0,40.0,5.0,20.0,air_conditioning
7deb3aeb864ba8e77c6db5baac8dae5f,3.0,275.0,18.0,14.0,18.0,air_conditioning
4c36e30350c41feb82b1a47b0712c9b3,1.0,2150.0,45.0,20.0,21.0,air_conditioning
a142a106133a43bc55573a6a77be9d57,1.0,300.0,20.0,5.0,16.0,air_conditioning
2f07e976774b91520e17dd3b2dba73c3,2.0,6750.0,59.0,17.0,37.0,air_conditioning
8852d1878bd27d8e1fe4e403c2a0100d,1.0,6867.0,39.0,48.0,42.0,air_conditioning
b92ae71eeca0ece0cd18e4b0939bcaad,1.0,16000.0,45.0,32.0,23.0,air_conditioning
47fb043ed62be785ecb7a5e30c7787d4,2.0,200.0,21.0,8.0,17.0,air_conditioning
525ed7c8184ab92cf223f5cf3aa85bf3,1.0,3450.0,40.0,13.0,15.0,air_conditioning
45d7d0595f83b5260d6b0328393c1686,2.0,12200.0,65.0,65.0,18.0,air_conditioning
ed6905f4a4a9728bc20da105c7099120,3.0,5100.0,26.0,26.0,46.0,air_conditioning
ee5f76ffc21d34eee5edae9c8408082a,1.0,3200.0,40.0,15.0,20.0,air_conditioning
12485f9cdebb6ca179826ede539554ad,4.0,7300.0,26.0,26.0,56.0,air_conditioning
46d66b9ad911a2cea5e3c9127aa7fac5,2.0,3342.0,39.0,26.0,21.0,air_conditioning
aef09d3b8be874a0a8b1706573a6c9b0,2.0,167.0,20.0,9.0,15.0,air_conditioning
3be495aa2bea5ca3041d723c2db13209,1.0,200.0,24.0,8.0,17.0,air_conditioning
59089e1668cc247d055ca3f9149093fc,1.0,2950.0,53.0,21.0,36.0,air_conditioning
3922a12e2b50a07d347a397fa634f504,5.0,18438.0,47.0,59.0,39.0,air_conditioning
f77e97047148a84a38320c4a7583a594,1.0,1750.0,20.0,30.0,20.0,air_conditioning
3fc00af0f0a8d4ac2933d3900416c977,5.0,2000.0,20.0,10.0,20.0,air_conditioning
8cf897d3f22f0f721c4c5ba6d5708684,2.0,7550.0,45.0,50.0,20.0,air_conditioning
ee300c0281d54f57ed53d622f7e8dbff,1.0,1000.0,53.0,16.0,11.0,air_conditioning
bcbeea161819eed81ab43bc9751e012c,1.0,250.0,16.0,8.0,16.0,air_conditioning
6eac5126193b222ff1b41cf0fbac878f,1.0,10500.0,53.0,21.0,36.0,air_conditioning
caacfe6fb59d88b766dda4c46f8be6be,1.0,3575.0,39.0,33.0,29.0,air_conditioning
1fad46b84ac1748ff47bf2d703565a7a,1.0,9300.0,38.0,36.0,35.0,air_conditioning
1490307eb0bc9c499936ad716b79ca45,1.0,4975.0,45.0,51.0,35.0,air_conditioning
cdc731da6af5a302388654c1b8e74c11,1.0,450.0,27.0,13.0,17.0,air_conditioning
8aa2eacfedd0c7a0c34febc7480708a7,2.0,6170.0,36.0,49.0,37.0,air_conditioning
6c78dae2a9cfc8e02ee9cc39af4be3ca,1.0,4800.0,53.0,21.0,36.0,air_conditioning
ff0303657c756073d669ed516070eb3e,4.0,150.0,22.0,14.0,31.0,air_conditioning
1ff07d822435ad0061151419f62e51aa,1.0,7333.0,51.0,46.0,31.0,air_conditioning
98a5e061c4731a1d4eba3e6f4b6d9b93,1.0,5700.0,55.0,16.0,26.0,air_conditioning
13600956946060355717f613fc076a67,5.0,550.0,18.0,11.0,18.0,air_conditioning
28fd1639ff52d870a3d2c38090d2d902,1.0,3573.0,50.0,58.0,32.0,air_conditioning
38ca370eb78337543f61175cf96964c0,1.0,4100.0,53.0,21.0,36.0,air_conditioning
c998385f80d7e14537b9290617470bfb,1.0,15200.0,53.0,44.0,14.0,air_conditioning
a0ab96e461d74537772b84950f26a257,1.0,1050.0,18.0,7.0,8.0,air_conditioning
269616df4c79febdae020f2d978594ed,4.0,2400.0,16.0,40.0,15.0,air_conditioning
d42f88e62ec14a8a5465cef3841919fc,1.0,100.0,20.0,10.0,12.0,air_conditioning
f0f2af23f970208fe4132a77aca3c63f,2.0,6400.0,34.0,22.0,50.0,air_conditioning
c3e94fdf206628685c30b680cf222ca7,5.0,7250.0,66.0,14.0,48.0,air_conditioning
d4f03ebb492cf8136ab51422b4df8561,1.0,350.0,16.0,11.0,16.0,air_conditioning
87064fd995f81ddb8e735902047fe007,1.0,1670.0,33.0,27.0,19.0,air_conditioning
0e8d8404861cea31d9b2010514fc53ad,2.0,350.0,29.0,5.0,16.0,air_conditioning
c57bafab28dd10e1d95c06ec176e7441,4.0,2550.0,18.0,37.0,36.0,air_conditioning
a47674ec5bdc46617bc532a9839390db,5.0,1300.0,32.0,16.0,22.0,air_conditioning
c52388efdb1ce49ebe3fc96cbad34d95,1.0,250.0,20.0,6.0,16.0,air_conditioning
287d083ef43e221d8558ac223556de34,3.0,510.0,21.0,22.0,20.0,air_conditioning
549356446db225e7f67b22ceaf66d159,1.0,6250.0,53.0,21.0,36.0,air_conditioning
a6dc9ab5ad94c307903acdc50a106a5c,5.0,2800.0,30.0,10.0,30.0,air_conditioning
a1d54bd2293d947527d70e04dbe2a93e,1.0,19275.0,85.0,42.0,40.0,air_conditioning
7ad1818fa5f8a28faf8844aec3b3f540,1.0,20650.0,53.0,44.0,14.0,air_conditioning
a3f986f6c4400aa6545d224be435f812,1.0,1655.0,30.0,30.0,20.0,air_conditioning
e932008cf0ea7c93a077dd8d7e5f49eb,4.0,7350.0,105.0,10.0,40.0,air_conditioning
cf492edce9b45b948fae7ca5cfb4c24c,1.0,200.0,20.0,11.0,11.0,air_conditioning
9cb406e79e6c2918987297be991b3aec,2.0,200.0,20.0,15.0,15.0,air_conditioning
4e9c78909e68601b5bf58e5797a789c7,4.0,9150.0,105.0,10.0,40.0,air_conditioning
691c322c9ee65a95651ef57d6b0875ad,1.0,3400.0,16.0,2.0,11.0,air_conditioning
8068fc569a07dc765b9620783787233c,2.0,1800.0,30.0,15.0,30.0,air_conditioning
5910243c1624994e66138f05c7f4a275,4.0,8160.0,31.0,65.0,34.0,air_conditioning
83ca77d87b187321faaee535adbce26c,5.0,5300.0,26.0,26.0,56.0,air_conditioning
de170bfa7e0f492c75a0f270fc44f629,2.0,9100.0,59.0,17.0,37.0,air_conditioning
c653e7a97b25d05bbe5df45bd142ed5f,1.0,250.0,35.0,20.0,25.0,air_conditioning
3a64d31450c3b7d6451627e5fad88d77,1.0,200.0,21.0,8.0,17.0,air_conditioning
c54fe6aa647b1835911c540439f62300,4.0,5150.0,36.0,47.0,46.0,air_conditioning
5691a536d459e5cb326b7bedce928067,4.0,8600.0,29.0,50.0,25.0,air_conditioning
1bdf131c83d68a290b1abe6b43f3c324,5.0,5000.0,55.0,19.0,46.0,air_conditioning
0e34187d4312b97b5e698836d28ed040,2.0,525.0,16.0,17.0,12.0,air_conditioning
03bca689857bd64cc5c022221113db7e,1.0,2000.0,22.0,38.0,37.0,air_conditioning
e60baffb5636b104f06ecd9aa28e139f,2.0,5000.0,50.0,20.0,20.0,air_conditioning
b31fe7683526f7b942c8de2796f2e72d,1.0,400.0,20.0,6.0,15.0,air_conditioning
20082386a501cbd8c41765656a115a2f,1.0,6100.0,42.0,42.0,35.0,air_conditioning
6a709b701952f3257fb1bebb4388dcc3,1.0,150.0,22.0,8.0,16.0,air_conditioning
f96af21b8cf0b09ce2aed5462e40671a,1.0,6400.0,56.0,18.0,36.0,air_conditioning
b9b44a9826ac288d8d3caf327f709007,7.0,1600.0,30.0,15.0,30.0,air_conditioning
25a1ad831f1181c48d8e3014510026b6,1.0,200.0,20.0,8.0,13.0,air_conditioning
b6568b6f6f28973098d2856afb8832cb,4.0,4900.0,26.0,26.0,56.0,air_conditioning
cfd43c5e600d45ac029357406b05dd82,1.0,5333.0,38.0,38.0,27.0,air_conditioning
bbc7e843b8e76cabfe107ad624cb2e7a,1.0,8800.0,56.0,18.0,33.0,air_conditioning
efd9689d6ae4ee9111b9b9f8b0f87f12,1.0,15400.0,31.0,76.0,36.0,air_conditioning
51fed4afb1b41d00ad9d25a73b7fbbc7,3.0,250.0,21.0,7.0,15.0,consoles_games
70d1bd3a042448105a71d0b41ecbc96b,1.0,100.0,16.0,3.0,11.0,consoles_games
2bfb0bdbcea77da2879f0ef3be9a219e,5.0,900.0,22.0,7.0,18.0,consoles_games
7207700449f2433076d70a5b1c004eb4,1.0,706.0,32.0,8.0,38.0,consoles_games
3519403062e217f433e0bbdc52e0b19f,1.0,200.0,16.0,2.0,16.0,consoles_games
4bae12e58c9b828e1302a2cad437b80a,3.0,450.0,17.0,7.0,17.0,consoles_games
e71ba6dc5ef4b3bada7ee8d17304d31e,4.0,1850.0,28.0,14.0,19.0,consoles_games
c4344f6de69a96da8febce3f885171f0,1.0,150.0,19.0,11.0,11.0,consoles_games
4c7d111494b1116a2bec5e2d940e3439,4.0,300.0,23.0,3.0,11.0,consoles_games
f102842fbe436027eeeb7fc76d3063aa,3.0,350.0,20.0,20.0,20.0,consoles_games
464383c22e65860826cf78650fe0f4e4,5.0,200.0,16.0,16.0,16.0,consoles_games
aff4c4ee166f76b66595e0bcfb983d5b,1.0,700.0,20.0,15.0,20.0,consoles_games
75f3ef6a5cb0f2d5aeef15925f0ccf69,4.0,530.0,18.0,24.0,18.0,consoles_games
c2df3d01bc5d236c85400b0d432bf97b,1.0,110.0,17.0,2.0,14.0,consoles_games
c828d9e817355cc55ab8a449b2299f25,2.0,317.0,20.0,7.0,16.0,consoles_games
be19e1611a6015a66266d199ff3ccce0,1.0,150.0,29.0,2.0,16.0,consoles_games
0c5bb07e9638a9c1f2616db08eb0318f,1.0,200.0,24.0,3.0,19.0,consoles_games
794c86fac605d182da0e2e7965c047f6,1.0,200.0,21.0,5.0,14.0,consoles_games
3bb8427f7700385308f42cfcf4c8d10d,2.0,700.0,25.0,25.0,16.0,consoles_games
431dc11c26a67c6a49e81cee84f35b28,2.0,600.0,18.0,12.0,18.0,consoles_games
74abe2be0a975b4af328f6e69f8a5ea1,3.0,550.0,34.0,7.0,19.0,consoles_games
eee9f2330ff9789be1480d98f060a7ae,1.0,200.0,25.0,20.0,15.0,consoles_games
10b930e4c15b5f8e6b7c8c7e17ac776b,2.0,450.0,19.0,15.0,15.0,consoles_games
7a3d2e33323f0341eaecc6154c003ac0,1.0,325.0,17.0,11.0,14.0,consoles_games
efcb9126521b2cad4902c2346168c65b,1.0,525.0,43.0,11.0,17.0,consoles_games
46670e03948d0e1c2273c88899f27cc7,2.0,615.0,19.0,12.0,18.0,consoles_games
ac3bf6e6f3fc94d003fe0eaa8de7738d,1.0,50.0,16.0,39.0,11.0,consoles_games
48ce12dd2efb6bb7f38a34eb4723c10e,2.0,610.0,18.0,12.0,18.0,consoles_games
fe09eb5f7bfcb79d05df7c4e83ec204e,1.0,200.0,16.0,2.0,11.0,consoles_games
e48cff5b3591c9466cd84fcea1f1b3e4,2.0,200.0,16.0,2.0,11.0,consoles_games
bf96d813545699d736e9ce85dafe03f5,3.0,150.0,17.0,2.0,14.0,consoles_games
86b4986bc313d65b0b5e46f5be8d11ce,5.0,1000.0,18.0,4.0,15.0,consoles_games
0a70bfd7366ebae1c146277751691546,1.0,200.0,19.0,13.0,17.0,consoles_games
8bf396e81a19dffbbae80100aa14aa0c,3.0,193.0,18.0,13.0,16.0,consoles_games
94a6c010ef78e62cab34c6caf0a69b5f,1.0,100.0,20.0,3.0,15.0,consoles_games
d966205671b5b10dd91ce7a8abde38af,1.0,300.0,16.0,2.0,12.0,consoles_games
d1ca3c14afb720b5b5c29b3853ea91d6,2.0,346.0,18.0,8.0,15.0,consoles_games
f15c46e2da924b1fc76fe638911262bc,1.0,650.0,16.0,16.0,16.0,consoles_games
b84c03edd6414193f906d543a479a0e6,3.0,400.0,20.0,30.0,20.0,consoles_games
6edc9b56c4c39bdb01f497fa86554003,1.0,150.0,22.0,26.0,25.0,consoles_games
72a137b85d5a1d82cde242493f118f43,3.0,600.0,24.0,20.0,27.0,consoles_games
322c315bc0661c64fdcab7a70dbc0354,4.0,1000.0,20.0,30.0,20.0,consoles_games
46ae1c0789fb281be43fdb50797c9f2e,1.0,400.0,30.0,7.0,25.0,consoles_games
19a6ffd4e245a92747a693805163a60f,3.0,150.0,23.0,3.0,18.0,consoles_games
cc137d09f2cf12a1a498c9775c966a09,5.0,250.0,20.0,3.0,16.0,consoles_games
d8fc369e0b2d17b856119ff03276f198,1.0,600.0,22.0,9.0,12.0,consoles_games
353453049f39e1273c7e57d80bd4d55b,4.0,183.0,20.0,8.0,16.0,consoles_games
76d58c2f53f7d340cb9fe2d8514e38ae,2.0,300.0,25.0,11.0,18.0,consoles_games
9f14f401fce2d9ddd450e7ce60cb7f5f,1.0,100.0,20.0,3.0,15.0,consoles_games
7f2e92915d542ef574c7327977959a14,1.0,400.0,18.0,7.0,14.0,consoles_games
2b921487aa886033e98b636be91f01bb,1.0,200.0,20.0,3.0,18.0,consoles_games
2e8fa5067f8b1912bd84598e3bb668a0,1.0,1000.0,20.0,30.0,20.0,consoles_games
cb3837fe99e4b92c4082faf8fb6f75ba,4.0,367.0,16.0,16.0,16.0,consoles_games
dd3575a8c5e2139f680a9816a15c8f2a,3.0,700.0,19.0,6.0,15.0,consoles_games
f6496641c1737293bf3afc7732942d06,3.0,200.0,16.0,8.0,11.0,consoles_games
fe31b2791161c24e921f90788d443e1c,5.0,1100.0,22.0,13.0,18.0,consoles_games
0a790f2710eab03be4f7793583779874,2.0,500.0,20.0,15.0,20.0,consoles_games
d581c7d5e149f946aa7e05b8e13e6efb,3.0,200.0,16.0,20.0,15.0,consoles_games
4afc77312aa956b54d72a22c7170157e,1.0,1000.0,20.0,30.0,20.0,consoles_games
a18c130946b89ab774bc5948fe71e2a5,6.0,300.0,20.0,5.0,15.0,consoles_games
1b3c5b1455f3e42d831fb778055c9e45,5.0,900.0,20.0,20.0,16.0,consoles_games
6211cde2a8e52071bbb756f59569701b,3.0,800.0,20.0,20.0,20.0,consoles_games
7151ca87e2fbec19cf45133a12e818c4,2.0,275.0,17.0,6.0,12.0,consoles_games
ac11beeebaf7911a13f63d7d6cb89d46,1.0,150.0,20.0,13.0,15.0,consoles_games
52f5d8b502df3f20b2aa6370d2cedd52,5.0,1000.0,20.0,30.0,20.0,consoles_games
99c803fd17abc7a255efe370d53744e3,1.0,900.0,17.0,16.0,13.0,consoles_games
9fcc521cfe8074cbd26206bcb2e92f55,4.0,400.0,20.0,10.0,25.0,consoles_games
0c3256090b6cc52703b152c874827cd7,4.0,200.0,21.0,7.0,16.0,consoles_games
00d363b8c14bb9a6c73febc4c42acf47,2.0,200.0,16.0,16.0,11.0,consoles_games
e306ca54c91b21392317d5b4632c9fe3,1.0,700.0,26.0,12.0,18.0,consoles_games
444ab88b25c5d6d2310be80ab1d60fad,2.0,550.0,17.0,8.0,17.0,consoles_games
aeae6a46f42d7755930f30825f5a4c5b,3.0,300.0,16.0,16.0,14.0,consoles_games
b93f2b23015548acbb6f8ee47a1fafa7,1.0,200.0,23.0,15.0,19.0,consoles_games
01fd8a430d3bea327b7c71e651391001,1.0,100.0,26.0,3.0,14.0,consoles_games
3bec03860f3782ef8993056e01b8229a,1.0,400.0,16.0,2.0,11.0,consoles_games
06f89d2b2a8b4994e56366402feacba9,4.0,750.0,16.0,8.0,11.0,consoles_games
f495f61bdd34742ab23c7fabab99323a,6.0,300.0,21.0,7.0,16.0,consoles_games
22321b01eaba7d5cbf0978523f20fa06,2.0,317.0,30.0,23.0,15.0,consoles_games
22a8168cf1f1c6347da8d29863b7f75e,4.0,155.0,16.0,7.0,14.0,consoles_games
ea67eaa58dd8d9cbed64f9ab00b224a6,4.0,500.0,20.0,15.0,20.0,consoles_games
a72df9d6b4412dbd03d886846a438a3c,5.0,250.0,19.0,2.0,14.0,consoles_games
945657481c47ca039e25c6b061eb9744,1.0,150.0,19.0,4.0,11.0,consoles_games
d00bce745bd975885049ee1b125ce4ea,3.0,175.0,19.0,12.0,17.0,consoles_games
e5b1f66dbce509c58fa37ff08428f91d,4.0,665.0,16.0,17.0,16.0,consoles_games
ada1a8827eb941c40a281fc1be034949,2.0,350.0,16.0,13.0,16.0,consoles_games
dea59da50d67605ee4505aade2fcfee7,1.0,556.0,30.0,12.0,15.0,consoles_games
9ea3e671b22bfe796818b4fac0d6b974,1.0,305.0,20.0,12.0,19.0,consoles_games
5842161e65d7898eb4aab799289a137e,2.0,500.0,18.0,12.0,18.0,consoles_games
f9a508234fed38c95437c5a16b847774,2.0,250.0,16.0,7.0,15.0,consoles_games
1e96e085361f3bf21a06c876982b64f2,3.0,300.0,25.0,11.0,18.0,consoles_games
cc30e5a54e83c955899121be1223104e,3.0,150.0,20.0,2.0,15.0,consoles_games
f053dea99f0b1bda091c0441b4104cbe,1.0,350.0,16.0,10.0,11.0,consoles_games
3904e66405ea8ec8d104534682a38c6d,4.0,200.0,20.0,30.0,20.0,consoles_games
6822a8b4d3a03eb8cc23f296bda7525f,1.0,300.0,20.0,20.0,20.0,consoles_games
086eff5dac22ac2fe1fed28bba4fa646,3.0,1000.0,20.0,30.0,20.0,consoles_games
1583253d78b23f7808214770298e0118,1.0,250.0,17.0,2.0,14.0,consoles_games
d92cda0cc0ce2758750a52b1a1dad05d,2.0,1000.0,20.0,30.0,20.0,consoles_games
5496bb97a69c689317d895c265f13a6a,4.0,800.0,23.0,8.0,17.0,consoles_games
2b6f9eb2e0273b74678d183b325c122b,1.0,320.0,38.0,14.0,18.0,consoles_games
4ae6163553190ab2897ecd7683eaafe2,1.0,350.0,20.0,10.0,20.0,consoles_games
75e229131273655c63aa4ab2fd457c0d,4.0,700.0,27.0,15.0,22.0,consoles_games
6a87e794e29b73452703d95253a29c88,1.0,150.0,20.0,3.0,18.0,consoles_games
cc52718406f03a562ccf2bf14f584887,9.0,1150.0,46.0,7.0,33.0,consoles_games
3f27ac8e699df3d300ec4a5d8c5cf0b2,2.0,200.0,16.0,5.0,12.0,consoles_games
f5068d43799fc3243cf62b290d885d3e,5.0,400.0,16.0,6.0,21.0,consoles_games
89b94b15a3c25df736daa9e61539ada9,5.0,200.0,17.0,4.0,13.0,consoles_games
757e8df3e7c5c52482db573f5f368e1d,1.0,400.0,21.0,10.0,13.0,consoles_games
04dc26a02c448f6f2b914f01c2902ebd,1.0,483.0,24.0,17.0,23.0,consoles_games
0ad0b4d6bac55daa9cd221ea08ccbfac,3.0,1000.0,20.0,30.0,20.0,consoles_games
ffce5ed9e0bcc2e46796b988cdac733b,4.0,600.0,20.0,15.0,20.0,consoles_games
8dad29b3b6c42d0b966e5ea7b5498132,5.0,1325.0,26.0,8.0,14.0,consoles_games
06c76e2e852ec1ce0e14ca8f221f361f,1.0,100.0,20.0,3.0,15.0,consoles_games
8d117b157de0b1a41b75de2833fd4f6e,1.0,625.0,21.0,13.0,13.0,consoles_games
862112f0c6327bdb9d1c52176ce1d482,1.0,200.0,19.0,4.0,11.0,consoles_games
4deb009c36a910076a023947a7929201,2.0,157.0,17.0,8.0,13.0,consoles_games
6deaf130a6ca84c4f96de7804880660b,2.0,1000.0,20.0,30.0,20.0,consoles_games
be93f4f9930c70a83456e2c9cb408a85,2.0,200.0,17.0,2.0,12.0,consoles_games
69594b9c8acebfbd1bbc19f782680d4c,4.0,600.0,30.0,20.0,30.0,consoles_games
5cbd94dfca12072c25768e0885740408,1.0,225.0,16.0,6.0,11.0,consoles_games
7104eafd29c0b00fe99250034af0d978,3.0,998.0,27.0,13.0,24.0,consoles_games
32b2a45c7698faf599ad250c65f6f633,1.0,300.0,20.0,30.0,20.0,consoles_games
9b5ac73a8525e3eb6e33e1272d62bea2,3.0,422.0,21.0,7.0,15.0,consoles_games
9388fcd19f74f595e79b1a302b930bf7,1.0,600.0,20.0,15.0,20.0,consoles_games
0c174d2242336a2b7d7ccbacfea4ba2a,1.0,200.0,20.0,3.0,18.0,consoles_games
c509d9cdf78468c910d844f16b29fc7f,1.0,150.0,20.0,3.0,18.0,consoles_games
ebee6703e867082f455a058a8bd04092,2.0,200.0,25.0,5.0,15.0,consoles_games
0129d1e9b29d3fe6833cc922374cd252,1.0,100.0,20.0,3.0,15.0,consoles_games
01948c8dbac93beb665f136bccd530d8,1.0,550.0,20.0,30.0,20.0,consoles_games
4757a525c7f6a182f4c63e23686a092d,4.0,900.0,30.0,15.0,22.0,consoles_games
2190082493d586e315bfbb93762ab3e3,1.0,140.0,19.0,10.0,16.0,consoles_games
e0f30020e1d9b677c57f5e0b797b9f29,2.0,700.0,18.0,12.0,18.0,consoles_games
fb01a5fc09b9b9563c2ee41a22f07d54,2.0,1500.0,33.0,25.0,11.0,consoles_games
dac2eb7c1ddae28171b16e13c80a9730,4.0,580.0,20.0,9.0,19.0,consoles_games
c05aabbc0dbb2f3569cb54fe92fee96d,4.0,400.0,20.0,30.0,20.0,consoles_games
081088b5ca67de215fa103434690cedc,1.0,300.0,18.0,4.0,13.0,consoles_games
cac8035fdb858496d8e1b60ba8907d24,2.0,4700.0,40.0,30.0,30.0,consoles_games
72031b4bf33aa4f09c67e884dea3873c,3.0,800.0,26.0,17.0,26.0,consoles_games
24c9d329963373e2fccaa3f3204db19e,2.0,100.0,21.0,24.0,23.0,consoles_games
baa06ab558aa0e88f3cb7bc0bf263c7a,4.0,500.0,20.0,12.0,16.0,consoles_games
e7e03e8b1be7be77130e8f6e719fae5f,1.0,500.0,30.0,7.0,25.0,consoles_games
c6f208a57dcc1f0a7bd262cd2e604194,3.0,600.0,33.0,28.0,41.0,consoles_games
c9fa6a0dbc5b979d8c99f38c3c9c912f,4.0,100.0,16.0,3.0,13.0,consoles_games
237d6339b1e2d4dbc411287b5178a27d,2.0,200.0,17.0,2.0,12.0,consoles_games
bee114927325f4d47e180a4a6ca7c214,2.0,600.0,20.0,15.0,20.0,consoles_games
06ead9c0b05b368667d858c09148af03,1.0,467.0,23.0,11.0,18.0,consoles_games
ed9d81a5043f74cbe0e3db315770af45,2.0,1300.0,30.0,13.0,20.0,consoles_games
d45ce2e6ad33390b80c9be599c02ae05,1.0,200.0,25.0,5.0,15.0,consoles_games
e4c814546f8a6ca2ff74d7a7bf8896de,1.0,350.0,21.0,11.0,13.0,consoles_games
baf7a75881d1a6704d6341161009a0cd,2.0,600.0,20.0,15.0,20.0,consoles_games
177793be904f7c1a1ca04c64ce05a68a,5.0,300.0,20.0,2.0,14.0,consoles_games
2022aa748485ad1226fc9519906cfcf1,2.0,355.0,18.0,17.0,14.0,consoles_games
7bd42138fcc3aec6e8a0494f5a34bd25,1.0,300.0,20.0,10.0,13.0,consoles_games
0aabfb375647d9738ad0f7b4ea3653b1,4.0,150.0,16.0,12.0,12.0,consoles_games
85337022853da10b8f5fd7d1ef180421,1.0,200.0,25.0,5.0,15.0,consoles_games
a8ff25458ebfd0278f8ad25199450fed,3.0,313.0,17.0,12.0,15.0,consoles_games
b8d682ed9fe73be0d13a38e716573f79,2.0,1200.0,50.0,11.0,40.0,consoles_games
4fcc9ea45483a04bc0b5d63622108272,6.0,5483.0,33.0,31.0,40.0,consoles_games
d6f3bd7b1fc04fb1a2effb51ae44ab17,4.0,400.0,19.0,7.0,17.0,consoles_games
f39235c3486cd7ead746fc048475495c,5.0,400.0,22.0,10.0,16.0,consoles_games
08667ce2730ce3fb20f04fe7bff92c0b,4.0,225.0,17.0,6.0,15.0,consoles_games
7d21a88f26eb0766b0b555f71a16750f,3.0,300.0,18.0,6.0,15.0,consoles_games
cca8e09ba6f2d35e44f05b3c936d644e,1.0,150.0,20.0,3.0,18.0,consoles_games
94fb2ab4419d523ecce8e5d56676788d,1.0,400.0,17.0,7.0,16.0,consoles_games
781de17434dbb8244fd1d0e3ef55d3bb,1.0,500.0,16.0,13.0,21.0,consoles_games
5bfcd193eb29c1c8332e2d4ca804d54f,1.0,340.0,17.0,7.0,16.0,consoles_games
001795ec6f1b187d37335e1c4704762e,1.0,600.0,30.0,20.0,20.0,consoles_games
c791b04d3b13eee774519d5b854ac38a,2.0,450.0,20.0,45.0,30.0,consoles_games
65735dc44187883022fa8d0d78c807bc,2.0,200.0,20.0,3.0,18.0,consoles_games
45d4196235c1b60079661a91a68361e8,1.0,250.0,23.0,17.0,23.0,consoles_games
0a27cbaaeacef635e4aa37885a1e5e93,1.0,525.0,19.0,19.0,19.0,consoles_games
59f17be62604541797d4df87ae80cf73,2.0,550.0,17.0,18.0,17.0,consoles_games
5dc5964f616fba91121740eb42a02845,1.0,200.0,19.0,2.0,14.0,consoles_games
d061d81f407dcbadbe325a56a93d80a3,1.0,110.0,20.0,3.0,18.0,consoles_games
3c5559ffe829dd89665484c98f0c4e18,1.0,683.0,20.0,14.0,17.0,consoles_games
6f131ac9054143dd944b2d037fd0a36b,4.0,617.0,21.0,12.0,17.0,consoles_games
1837cb3869c5eca2fd665cffd1ec1854,2.0,400.0,20.0,30.0,20.0,consoles_games
c7c57beb314dfd634634c758da3eba64,3.0,650.0,20.0,30.0,25.0,consoles_games
29e12e9986898ede7b446f39cdaaa6de,1.0,1750.0,29.0,3.0,21.0,consoles_games
4fee671ea459ebc96546523917e254a5,7.0,4700.0,35.0,22.0,32.0,consoles_games
17c9711cb08dc4757841afc6d4a239d4,2.0,530.0,18.0,8.0,14.0,consoles_games
4be81859195b7736f5e52c039d072782,2.0,600.0,20.0,15.0,20.0,consoles_games
2b5fddc2b543ee8d6699fb8687fac6bb,2.0,300.0,20.0,10.0,13.0,consoles_games
a0de6ed943a47ab1ea06555cb9fddbab,2.0,700.0,18.0,12.0,18.0,consoles_games
cce3ce6484896041ae3dafdd4308a39c,2.0,4350.0,18.0,33.0,39.0,consoles_games
f7d67abec0a2ed71d5125e6eecbd8db9,1.0,400.0,19.0,9.0,17.0,consoles_games
99797fec32d275aa8d943b11bd6dd11a,1.0,600.0,20.0,20.0,20.0,consoles_games
b5af7ee335cbfa18d8e9b3d66e6a8938,1.0,300.0,19.0,2.0,16.0,consoles_games
a028a0cb37c1e9693e906ad948031da3,1.0,100.0,18.0,7.0,17.0,consoles_games
f6e3aeb40c00aec24ade8333c2ac1b20,3.0,150.0,24.0,5.0,24.0,consoles_games
1a46dafd2935eadb540039ce3e8a3d29,2.0,350.0,17.0,16.0,20.0,consoles_games
22500b6336f180e88d85ec61888a1f1a,1.0,50.0,16.0,2.0,13.0,consoles_games
90d11936871062d5cb6d23175734ea91,1.0,283.0,20.0,10.0,16.0,consoles_games
c7dc39bcc7f9bf8a9b253b8727a0cde5,4.0,150.0,26.0,5.0,24.0,consoles_games
3d98ab25b3b0c893c78f2ce1dc31e1c4,1.0,389.0,20.0,16.0,16.0,consoles_games
a3cdb889819a08cb9f6a68de568329e5,9.0,1000.0,20.0,30.0,20.0,consoles_games
385387db655fd8b33789a0cd6e8a0b6f,1.0,300.0,17.0,2.0,14.0,consoles_games
45e67c8e544137e6c9dc0b1786f005c1,1.0,200.0,25.0,9.0,21.0,consoles_games
8fcc1d90544dc9032e38da313cd5d278,1.0,180.0,21.0,6.0,17.0,consoles_games
2abe5f959812799488689885a0fa4cbd,1.0,100.0,17.0,18.0,15.0,consoles_games
6c3effec7c8ddba466d4f03f982c7aa3,3.0,100.0,16.0,12.0,12.0,consoles_games
9a31d1755410172ded96acb8fd59ba02,1.0,150.0,20.0,3.0,18.0,consoles_games
a9abe602de6316ec55cb409407d23be6,3.0,225.0,16.0,9.0,12.0,consoles_games
7f1e346754bd4283e2261b71bc4bf4b0,3.0,150.0,21.0,3.0,18.0,consoles_games
40a031e5449e42ea991c4ebd5d8639ce,1.0,200.0,26.0,7.0,16.0,consoles_games
cb8c44cb7a6b9152db1dbb0f0342ce29,1.0,130.0,18.0,3.0,15.0,consoles_games
6224528686b1996df2916984f548d310,8.0,1000.0,20.0,30.0,20.0,consoles_games
be40e17908725e5bb30888064ff7e839,4.0,11200.0,40.0,40.0,40.0,consoles_games
0a74b9407eaec9d6c760a1e92c10d96c,1.0,675.0,25.0,14.0,25.0,consoles_games
6e6752783a53e4832b969f1417ca34cf,5.0,600.0,17.0,5.0,14.0,consoles_games
6c218bf529c9e530688aa90a12f76c92,1.0,200.0,20.0,5.0,20.0,consoles_games
0418d6ca9336c4a7ef9667aac0be1976,2.0,260.0,18.0,12.0,18.0,consoles_games
41587317a0dfddc726a29e86b9527f48,1.0,600.0,20.0,11.0,17.0,consoles_games
618c8ad142ed5727e5381181fda0d7c9,2.0,800.0,20.0,20.0,20.0,consoles_games
839e7452bfc0760da3a1b10477c43172,3.0,400.0,20.0,30.0,20.0,consoles_games
c13c5440806b11208f75186e47cc8013,2.0,300.0,20.0,20.0,19.0,consoles_games
d2d6efda8da17405c017f910e61d8bbe,5.0,1225.0,26.0,8.0,14.0,consoles_games
29f21b78dda7fd755d89ed7cb57ca813,1.0,400.0,26.0,15.0,35.0,consoles_games
b236c1de644bb816707f6b60164701c7,1.0,150.0,25.0,2.0,17.0,consoles_games
baabdb73922a661d11692c638598d54c,1.0,100.0,40.0,2.0,24.0,consoles_games
19f0917ba5781b978298ffcd9ae225c1,1.0,150.0,20.0,3.0,18.0,consoles_games
83e5adb51c0d54eff80057f064f808d2,2.0,817.0,22.0,22.0,25.0,consoles_games
9e0abf2fbcf4445cb287fbf474dcd8ed,2.0,400.0,16.0,21.0,14.0,consoles_games
23429572ca0a6901f36825829cec09b1,3.0,600.0,33.0,28.0,41.0,consoles_games
552a2a10932c4abaff715fe6a4d61280,1.0,400.0,20.0,7.0,17.0,consoles_games
ed5f0d58e27cf65a07283c251747936f,6.0,350.0,18.0,18.0,21.0,consoles_games
2d4a0901f4f1829bd4f4affbb142ce4b,2.0,700.0,20.0,15.0,20.0,consoles_games
ddc46156c31a0339508eecfab975f4f6,1.0,500.0,30.0,7.0,25.0,consoles_games
8b21724e123534e3d718d53ae35684e7,2.0,1000.0,20.0,30.0,20.0,consoles_games
8aea198b4506fe321e998a858a2e39c1,1.0,150.0,20.0,3.0,18.0,consoles_games
6d2928252aa5ba6a5fc439571dd0d748,2.0,1200.0,25.0,18.0,18.0,consoles_games
5c2ff601f8b9eab50e5d9938b41ff01a,1.0,300.0,18.0,2.0,12.0,consoles_games
c6ab3d8f4227913c4fa99e94ef84aa70,2.0,456.0,23.0,15.0,18.0,consoles_games
f5156ca9a225d3e26c8fa66210808c37,1.0,250.0,19.0,3.0,16.0,consoles_games
f1ca789b4694dd683c4cb0c2ed74768e,3.0,500.0,17.0,25.0,17.0,consoles_games
f3c62fde9d2e2acf6c7c46648571c070,1.0,150.0,18.0,20.0,11.0,consoles_games
9a9524293520e3c3f20be70334f63525,3.0,150.0,17.0,4.0,14.0,consoles_games
bf16de726d9f702aee68610fe171d70e,4.0,175.0,25.0,3.0,19.0,consoles_games
c600ab476bb91f71d1f7fd85fd81a00f,5.0,200.0,20.0,2.0,15.0,consoles_games
f2b525fa6f0346d64e4efcf1b2302d31,1.0,300.0,19.0,10.0,14.0,consoles_games
679664744a47ea9e8a269daf22eece1d,4.0,200.0,21.0,7.0,14.0,consoles_games
c76c5091f2e4b72771beb812a07ef131,2.0,300.0,18.0,7.0,20.0,consoles_games
619d2ba7f3d5ad00cbd93ecd49789a44,4.0,400.0,28.0,4.0,18.0,consoles_games
a09c10c28ec008276d7a308ec5c2cb39,7.0,950.0,31.0,10.0,31.0,consoles_games
f03859e4cc21018569f5ae7a03897ff4,2.0,150.0,18.0,2.0,16.0,consoles_games
d41dc2f2979f52d75d78714b378d4068,1.0,450.0,30.0,7.0,25.0,consoles_games
a2991de6738f2d54f64c929b3a648435,1.0,150.0,17.0,2.0,14.0,consoles_games
c8d4b2652543be14a917376a17f426c2,1.0,30000.0,65.0,65.0,65.0,consoles_games
d7423500e1911ba5972c229b2fb974ca,1.0,175.0,20.0,2.0,15.0,consoles_games
2ce9227f31dd89541bd4b89d835e9056,1.0,150.0,18.0,2.0,14.0,consoles_games
eb54d6afabdf1f96c248b81dec8f180f,1.0,175.0,24.0,3.0,17.0,consoles_games
373a617610cfa1c7e1998fb1bfcdd51b,3.0,155.0,60.0,16.0,11.0,consoles_games
0be79cf589781c512bd91976eadeeff0,1.0,200.0,25.0,5.0,15.0,consoles_games
7d33844ffd50c5fb265a1e0ba03d9470,2.0,150.0,24.0,5.0,24.0,consoles_games
4ea49b3aa2f6935d765edbb113932311,2.0,100.0,18.0,16.0,16.0,consoles_games
1eb85357e22bf0c8c2a6f10eafad8423,2.0,700.0,17.0,7.0,17.0,consoles_games
246bb3747799aedac65feef38ac9e734,2.0,600.0,18.0,12.0,18.0,consoles_games
c0ac4a89376955451270b960e02209cd,1.0,150.0,16.0,5.0,11.0,consoles_games
cd87373ff7bdd923cfdff3893c9dea64,1.0,460.0,19.0,19.0,17.0,consoles_games
ebd511983fe912346e316667a05c5cf9,1.0,200.0,20.0,11.0,16.0,consoles_games
3fe46d73f7527ad59e36c21c3e783041,1.0,900.0,30.0,30.0,40.0,consoles_games
39e97f6d709c48e6b1cba11db9f0f545,1.0,300.0,19.0,3.0,30.0,consoles_games
0ab78aeb8039e8ee1d47412e56baded3,1.0,200.0,17.0,3.0,14.0,consoles_games
6cbe4bd19efc4606eb2a9448a47e232e,8.0,300.0,30.0,20.0,20.0,consoles_games
1a7d1ce0dddfef9f6f2ed280798fd9bb,4.0,200.0,18.0,2.0,11.0,consoles_games
c57d1d566402540eb9be608112ced702,1.0,700.0,16.0,16.0,16.0,consoles_games
0f5332231359f783330b784af1b8c3bd,2.0,200.0,21.0,9.0,17.0,consoles_games
80cbd9107719ba49c3a02fbd942b4717,5.0,175.0,20.0,3.0,17.0,consoles_games
5432f2acb9813a9ab96418423f923eb9,3.0,400.0,20.0,20.0,20.0,consoles_games
c2e3277619aa6604c0d6e288ef059ede,5.0,100.0,16.0,4.0,11.0,consoles_games
4e45c321347cc3336c76fd6350da3445,2.0,200.0,50.0,5.0,25.0,consoles_games
201842e46ecc7b96047e78835d973548,3.0,500.0,20.0,30.0,20.0,consoles_games
67d4137622a3e1586ab26438993b898f,2.0,100.0,18.0,5.0,15.0,consoles_games
241241093bd6986615756b4d8a01de8f,1.0,200.0,20.0,3.0,18.0,consoles_games
f3663060e64c25fba789fe033263da67,3.0,410.0,20.0,10.0,18.0,consoles_games
a28d469a29d93b4ec13ce26150184e34,1.0,150.0,18.0,19.0,16.0,consoles_games
fd445af3bbca370905733a0bf87b89bd,2.0,600.0,18.0,12.0,18.0,consoles_games
f9982e3da18bb4f67e0fa0fcca27b8d4,1.0,600.0,18.0,12.0,18.0,consoles_games
a3aab6d23ab543e36652264fce5ed7be,4.0,5200.0,32.0,52.0,37.0,consoles_games
57fdf4c63141659fe6ba88cde482267b,3.0,400.0,21.0,9.0,14.0,consoles_games
32d0ece9e71d901d7641c553c4c5238c,4.0,100.0,16.0,16.0,20.0,consoles_games
9431c1bc614592c4c3392c6f9c1a0b89,1.0,500.0,20.0,20.0,20.0,consoles_games
1201cfbb572a190305bbefabcec7e7eb,1.0,150.0,17.0,11.0,13.0,consoles_games
362aecb999551eb6adcd8c5594e255fc,1.0,200.0,33.0,33.0,33.0,consoles_games
8abc2d73b55855c07b6888d4b21b3da6,1.0,400.0,25.0,5.0,23.0,consoles_games
ab3eb1fb849b7bc1bced7180c5a14f77,1.0,567.0,20.0,14.0,18.0,consoles_games
bbfa49ac69fa06b8e7571151a08346c7,1.0,230.0,17.0,31.0,22.0,consoles_games
95d0a6638a6e975feca32e90c15ce526,2.0,500.0,20.0,15.0,20.0,consoles_games
3763fffb56c390429e57e053173a47cc,2.0,350.0,20.0,30.0,20.0,consoles_games
f39a8b27ce90ac582103bf36f09690dd,5.0,300.0,16.0,16.0,16.0,consoles_games
31129af5d35d9ff3136470ea2305705d,3.0,500.0,18.0,8.0,12.0,consoles_games
6525c63f855b031e963d95bb3a07e541,3.0,650.0,26.0,17.0,26.0,consoles_games
9baa9ef12ae5a0abd8b741d7ab5bf32d,1.0,400.0,21.0,18.0,17.0,consoles_games
5ae29cafe81cdcf89058a7a6fa842b34,3.0,525.0,25.0,22.0,27.0,consoles_games
53fda2e4872a41ed984770d4c60a5211,1.0,200.0,20.0,3.0,18.0,consoles_games
1f13ebbc80d3713a1abdd12696605956,1.0,775.0,29.0,21.0,25.0,consoles_games
e74384c9363e768848854356a37c73f4,3.0,100.0,16.0,16.0,16.0,consoles_games
68f6a731b70b2042da9f202d75f7ab2f,4.0,500.0,16.0,22.0,16.0,consoles_games
0bdc98fbf8b311b74a336cf68d070037,1.0,150.0,20.0,4.0,17.0,consoles_games
6cdf8fc1d741c76586d8b6b15e9eef30,1.0,3050.0,34.0,10.0,22.0,consoles_games
c4ca7813a32bb7bdf50108e39b6473dd,1.0,1800.0,60.0,16.0,20.0,consoles_games
1fb368a1506cced21a07abb6d220c4e1,4.0,98.0,17.0,7.0,12.0,consoles_games
663cce5b111af36144b6aad932e5a4ab,2.0,100.0,16.0,11.0,12.0,consoles_games
ef0c976e2e1bd30544229b19bd380a29,3.0,150.0,26.0,4.0,24.0,consoles_games
71f5cad782714ec5d61a1bfa34543403,1.0,528.0,24.0,15.0,22.0,consoles_games
db7f3f42ccab32fa6328b3063b278bcc,3.0,300.0,25.0,5.0,24.0,consoles_games
c13a9b9907f209adc406f480a2528c81,2.0,200.0,25.0,5.0,15.0,consoles_games
5ea070e7319fb213f4bfd5a468b07373,1.0,110.0,17.0,2.0,14.0,consoles_games
35559c3265789453c74498644a9f8d6b,1.0,500.0,25.0,25.0,25.0,consoles_games
298c21a512703083ec4bc4976ea99de8,3.0,1500.0,30.0,40.0,30.0,consoles_games
33430c5c1027d812b5c62f778e5ee7f7,1.0,200.0,21.0,21.0,21.0,consoles_games
e4efc53d91eab1a38a93ea9aa20142c3,1.0,1800.0,29.0,3.0,21.0,consoles_games
2bd9b51a9ab079e095aca987845d3266,1.0,300.0,25.0,15.0,25.0,consoles_games
7763c967c82c3f53fd256b1c786cd363,1.0,425.0,17.0,8.0,15.0,consoles_games
40c983ea11646454847fd43d5c817ffb,2.0,500.0,18.0,12.0,18.0,consoles_games
8ae7db511529da9af9685c9d0375bd82,1.0,1300.0,25.0,30.0,20.0,consoles_games
7273e94a33eb07341d5d86a7b815f901,1.0,500.0,16.0,2.0,11.0,consoles_games
391a014a66920fa0ce468319264e0232,2.0,550.0,33.0,28.0,41.0,consoles_games
8c9faf6aabee9b2a30b83f92d786f6de,3.0,1000.0,24.0,5.0,17.0,books_general_interest
ad19bca6e0f1919433d7e21d534ddb50,1.0,900.0,18.0,25.0,16.0,books_general_interest
146a4eb8f7cef9788fecff10b104dec3,1.0,1000.0,33.0,6.0,22.0,books_general_interest
d0b9d3d449a97f582b325f11b512bfd2,4.0,1833.0,17.0,17.0,18.0,books_general_interest
885863d2643afa92b9379cacd3614f26,2.0,550.0,25.0,5.0,18.0,books_general_interest
c172a2563d937d6f3582c7dce3ac150c,4.0,650.0,20.0,10.0,30.0,books_general_interest
e26445edc4d665a7950a4b60461fc58d,7.0,1000.0,22.0,28.0,16.0,books_general_interest
1c33c71830d320620439a3236a1c4ae1,3.0,2200.0,19.0,26.0,11.0,books_general_interest
743f4eec5711267026a93df72eeb7174,1.0,800.0,33.0,6.0,22.0,books_general_interest
00cf06147ed4880ec5fbba2adbb20e1d,1.0,350.0,24.0,5.0,17.0,books_general_interest
9a43ec914ce488e4fba5b5553d3754bd,1.0,300.0,30.0,5.0,20.0,books_general_interest
121b5fec5d2e7d0de3c0f58824bbe6ea,1.0,400.0,27.0,6.0,18.0,books_general_interest
10953168e42bc4a9f7bb6468974cb5f8,1.0,625.0,14.0,13.0,14.0,books_general_interest
f216457c32ee07732482741ca33128c6,1.0,400.0,26.0,3.0,36.0,books_general_interest
b2f16abc8f4f288092e5d85939548637,1.0,200.0,24.0,2.0,16.0,books_general_interest
d46fdf0e0cf02b09e384924d6ba77e57,1.0,450.0,23.0,4.0,16.0,books_general_interest
d1ea79912538f8c08574d206777837bf,5.0,650.0,25.0,12.0,20.0,books_general_interest
a8177d9ba119fc738d8c3e06c6197106,1.0,1200.0,16.0,2.0,11.0,books_general_interest
48882f9b2e661cb01f564f54b92aa881,1.0,364.0,20.0,25.0,11.0,books_general_interest
3a75dd0d3e10eb5b122f48730482547c,1.0,350.0,30.0,4.0,17.0,books_general_interest
ae6a082af3a596a2fcbef378ebfae8c6,1.0,150.0,26.0,2.0,26.0,books_general_interest
6818d803130fa8df4d513db9d6289dc2,1.0,300.0,30.0,4.0,20.0,books_general_interest
2a519472f15e92b4cbc8799faa5f491e,3.0,1350.0,22.0,30.0,16.0,books_general_interest
232906919fb046e3d050f8dd336b2634,1.0,250.0,29.0,8.0,23.0,books_general_interest
66e2abb080c6383458347f1e6d47ed4a,2.0,1300.0,18.0,25.0,11.0,books_general_interest
8c5bf458020588e0dfeda011254eadbe,1.0,450.0,26.0,4.0,26.0,books_general_interest
b0c7a71c8620bd389e240f63a507dc50,1.0,13300.0,16.0,2.0,11.0,books_general_interest
12acdab5736a2cbddfce65059918826c,2.0,425.0,19.0,12.0,14.0,books_general_interest
652ab2a1bee7f7f0ab475b06cd290865,1.0,700.0,23.0,2.0,16.0,books_general_interest
ebe0908b88b8280a543507871218669b,1.0,425.0,28.0,3.0,20.0,books_general_interest
ca6d10d1487b13988e0241beaa7fa089,2.0,1500.0,25.0,7.0,19.0,books_general_interest
c7201e0891f536eecd2369c50d0b04b8,1.0,350.0,33.0,6.0,22.0,books_general_interest
bf40a2c68f58ee4873b0a79084030073,1.0,250.0,27.0,9.0,18.0,books_general_interest
f7cb23f8a75e563a826b0121408db6a2,3.0,300.0,24.0,3.0,18.0,books_general_interest
b5f7245e14a8a3d52f0a6e468971e6d9,1.0,450.0,28.0,6.0,19.0,books_general_interest
ba9021a6a1253e958ca2822013d92902,1.0,800.0,30.0,5.0,30.0,books_general_interest
734418e6339df0a5e98e770bc214d4e3,6.0,500.0,22.0,3.0,13.0,books_general_interest
80e0f6715654455d56df24bd11480824,2.0,550.0,23.0,3.0,16.0,books_general_interest
c0a933a473d7482b1ae218c7f3a0c743,1.0,1350.0,26.0,15.0,22.0,books_general_interest
d767651561474e5b08ee9a2674146331,1.0,400.0,33.0,6.0,22.0,books_general_interest
b987d8b92f302ae265df039ccff718b6,1.0,500.0,24.0,3.0,17.0,books_general_interest
4b079329d2b509f88a49cb5515291448,3.0,200.0,35.0,6.0,24.0,books_general_interest
310b40ec41fbfc061e5309006482e68a,1.0,500.0,18.0,16.0,16.0,books_general_interest
45448d98662daee2e5ee969475a90826,1.0,1200.0,15.0,15.0,19.0,books_general_interest
e80981a35c449feea9c5c54516520cca,1.0,400.0,24.0,15.0,20.0,books_general_interest
5f8c74f4a3d2b616857fcb7d4dd1f61a,1.0,1500.0,25.0,6.0,19.0,books_general_interest
3467600ef392560b5ff4e484d3a5ed20,1.0,400.0,30.0,40.0,30.0,books_general_interest
badc1560b96f07ebed649206bfa27e8d,2.0,700.0,25.0,3.0,18.0,books_general_interest
af36c7031b0d5e172743725ecab0cebb,1.0,400.0,17.0,5.0,28.0,books_general_interest
d48a0a53664a92739f3ff40cdae9078e,4.0,2100.0,19.0,26.0,11.0,books_general_interest
0cfc9fea40ee0f7006d150fbdf3fa808,1.0,300.0,22.0,2.0,16.0,books_general_interest
c81ab664e91744dcc7c09dd12d97aeae,1.0,1400.0,26.0,7.0,26.0,books_general_interest
e5f3a09149ee7db697907f61e7366267,1.0,300.0,30.0,2.0,25.0,books_general_interest
b2fbf8beb178c391c49d80fa8c4435b6,1.0,700.0,25.0,15.0,20.0,books_general_interest
9344d66c54dbfbe44417c69d95d437bb,2.0,550.0,23.0,3.0,16.0,books_general_interest
82ed1009173f99aeacc5499e24e9a7a0,1.0,300.0,20.0,10.0,30.0,books_general_interest
462a59e8ce95b0cb4df207fce782648c,3.0,500.0,17.0,5.0,28.0,books_general_interest
26a6bbf34441794b135d4d4642eeece9,1.0,250.0,22.0,2.0,15.0,books_general_interest
a07e8af7e44f533552dbfd94f480ef37,1.0,350.0,30.0,5.0,30.0,books_general_interest
f3f6c295f8683fd04c2a01c363db3ec5,1.0,600.0,23.0,7.0,16.0,books_general_interest
65d22d2cf890edf9cfa3bbd5e8cb2371,1.0,400.0,16.0,2.0,11.0,books_general_interest
bb4529cc022238658f562c9a7b4b3c93,5.0,1000.0,26.0,20.0,12.0,books_general_interest
d5fecef648f5024409b98e55ca2a6e45,2.0,300.0,23.0,3.0,16.0,books_general_interest
e4366034fc8fd74e6db36502e0166259,3.0,650.0,18.0,25.0,11.0,books_general_interest
52fd348f16b17dd9cd619bd0bec3dede,1.0,500.0,18.0,27.0,11.0,books_general_interest
780eca5ccab605bd724e8e141f32d3b2,1.0,1200.0,24.0,5.0,17.0,books_general_interest
a36f2cdee6906fae885c6258e824308c,1.0,600.0,23.0,2.0,16.0,books_general_interest
f0f9486bd96130088e93b7a3b3c08ebc,1.0,110.0,33.0,6.0,22.0,books_general_interest
62d2cada321a3e5d770d62425a82a6e0,1.0,500.0,23.0,2.0,16.0,books_general_interest
ccb4503d9d43d245d3b295d0544f988b,2.0,611.0,22.0,22.0,23.0,books_general_interest
edc8415b709fb70b465f80301ad0a9fe,6.0,640.0,15.0,21.0,18.0,books_general_interest
0c8f0c812fc251d15b60a261676d32a5,1.0,1200.0,24.0,5.0,17.0,books_general_interest
9d0bb30eed80184666c8acad23921283,1.0,500.0,20.0,22.0,15.0,books_general_interest
0e7216b12328bd161cda08ff05c857a4,5.0,1000.0,18.0,25.0,11.0,books_general_interest
cc711d05cc2a7eaabf0629dbda239e5b,1.0,300.0,17.0,22.0,11.0,books_general_interest
3ef8d885129ad51b20838faba23825a3,1.0,550.0,25.0,5.0,18.0,books_general_interest
b9900407a55cb2b306ae612415c3340e,1.0,400.0,26.0,6.0,36.0,books_general_interest
f2263585f626f9ca5b825e449f583f3b,1.0,400.0,21.0,2.0,14.0,books_general_interest
255ccdfcc84f0e16699f0916b72758e3,1.0,450.0,25.0,3.0,18.0,books_general_interest
068a754dc2d079d7bcd6f254b9a978e2,1.0,600.0,24.0,3.0,17.0,books_general_interest
ec65faa314338306f45b04be616eed53,1.0,1525.0,19.0,14.0,19.0,books_general_interest
512eb536b90566abb81ad91a6143a8ff,1.0,300.0,30.0,2.0,22.0,books_general_interest
fb6d1c0e458a83fe774bbdf52d704287,1.0,600.0,17.0,5.0,28.0,books_general_interest
095cb863f2b04911455ad33f5177062e,1.0,1000.0,16.0,24.0,16.0,books_general_interest
c518e285e7aaff0537a2ad50dc3eceaa,1.0,425.0,27.0,3.0,19.0,books_general_interest
10f2ada0cff82206dc9afa52ebac690b,1.0,500.0,16.0,22.0,15.0,books_general_interest
778c4dffd777dbe97f26efe02565df49,2.0,1900.0,16.0,2.0,11.0,books_general_interest
e04493d73e69a7e3f63e676d761750e2,6.0,550.0,20.0,16.0,16.0,books_general_interest
7254c9cf327a9283f9532eeeb1058eb3,1.0,150.0,28.0,2.0,19.0,books_general_interest
b5fc56b0fd1d8e72bc4f4fa53215c16e,5.0,350.0,24.0,32.0,16.0,books_general_interest
ff1b8d53a1563c1f27a3d99e740ceaa9,4.0,800.0,25.0,12.0,16.0,books_general_interest
036ecb2f1816e95d3fa658207266ecf5,1.0,150.0,26.0,2.0,26.0,books_general_interest
0d368e3a4bd2ebf60c31c214da108e3b,1.0,600.0,33.0,6.0,22.0,books_general_interest
14d8c1bbd5f367608c37522e99c47258,1.0,150.0,28.0,2.0,19.0,books_general_interest
2eb705094d8383cfa50e8965dddc8a7e,1.0,1250.0,28.0,5.0,22.0,books_general_interest
a64f5291d8f2aa4d9d5f034a5c469dec,1.0,250.0,26.0,3.0,36.0,books_general_interest
3158c44b08596ff51ee3560fad16cc09,1.0,600.0,30.0,4.0,20.0,books_general_interest
cee4ebfc997a2ac7f01145efb59cc7be,1.0,1450.0,16.0,25.0,11.0,books_general_interest
a0f27f57faa493eaa9d1609c45f7d16d,5.0,850.0,40.0,5.0,30.0,books_general_interest
6617dc0e4b4e8c383c5b34faaa2da4ca,1.0,650.0,17.0,5.0,22.0,books_general_interest
50bfd369147864f6d0561bbdc0b610ba,6.0,800.0,25.0,12.0,16.0,books_general_interest
d1b5b0f59a008dc63de7a7146326c0d9,1.0,500.0,23.0,2.0,16.0,books_general_interest
15182e412b013f40aa860be89720c91f,1.0,800.0,22.0,8.0,16.0,books_general_interest
3c6c21037ebd4ebe1f20aea71e85982d,1.0,700.0,35.0,6.0,30.0,books_general_interest
30dd245a5cc5a0def5b5d42b024a17b0,1.0,8170.0,17.0,17.0,20.0,books_general_interest
38f21c6fb55695dbc9bed247687a20ad,1.0,100.0,22.0,2.0,22.0,books_general_interest
6683234fec5b07e96c1bffb5e68e2e75,1.0,400.0,23.0,2.0,16.0,books_general_interest
e2cac69b319c0f8a21dbf04b925121bf,1.0,300.0,26.0,4.0,36.0,books_general_interest
6c3c95f656ad4d31b662c75b31c09f1e,6.0,475.0,14.0,16.0,15.0,books_general_interest
de22daecfcb85b59fdeeb4fc2d9ed80e,4.0,1768.0,19.0,14.0,19.0,books_general_interest
329b87911ef12e53aa7eabf196d17690,1.0,250.0,25.0,6.0,20.0,books_general_interest
a2bc332584f4a8cc07f2758b3dd64554,2.0,900.0,23.0,3.0,16.0,books_general_interest
787031fcba26480c47bc89a7595a73a3,1.0,550.0,24.0,3.0,18.0,books_general_interest
d89ed37e2fb1f15513f2e8f8723b203f,8.0,1100.0,16.0,25.0,11.0,books_general_interest
bd041552679986d30dd12e9cc32e3fa1,1.0,1200.0,30.0,4.0,20.0,books_general_interest
ed6d2fe9a24cfdfd0f4c40094db5145b,1.0,1000.0,11.0,15.0,20.0,books_general_interest
7532d12ded8aa3d108d6326a05466bc6,6.0,1500.0,18.0,26.0,14.0,books_general_interest
dcca0e1c43015b958b03fe982abd84e6,1.0,300.0,16.0,22.0,15.0,books_general_interest
462c87a3fc71bedec932e8fbadf1a9d5,1.0,880.0,28.0,6.0,17.0,books_general_interest
442fbdff3d856511168100ed3bafaadc,1.0,243.0,16.0,15.0,16.0,books_general_interest
916bcfd7e756e0b65372da1378d1c125,1.0,1600.0,25.0,7.0,18.0,books_general_interest
976ab50ce2361a9f99aaf9fd4037a00a,1.0,400.0,23.0,2.0,16.0,books_general_interest
1d4e4fe443679ead3a7eb8680e8668d4,1.0,475.0,26.0,5.0,18.0,books_general_interest
cdc7f6db2a3e3050a31fd7e7f3eb026b,2.0,600.0,40.0,4.0,30.0,books_general_interest
8f8ba9033e26050d48ea1e8807e8cc8e,1.0,300.0,16.0,23.0,23.0,books_general_interest
968996bd8988520a2e0e9e869819fbaa,1.0,350.0,35.0,4.0,25.0,books_general_interest
5e205629195bef6194e3ea62cc7778c5,1.0,400.0,26.0,9.0,17.0,books_general_interest
da1c125a132133be2843076977091223,1.0,1400.0,17.0,25.0,11.0,books_general_interest
9cc50a8fd6a69a4d287d62d52ee5d009,1.0,350.0,21.0,2.0,14.0,books_general_interest
480be8d20c4b6a7df1eae0f2c17f2db2,1.0,300.0,30.0,2.0,22.0,books_general_interest
83a6fc0d9871efceb01cb3c20c510017,3.0,625.0,28.0,7.0,19.0,books_general_interest
f043e249c55c1ab30bd9761c2294911f,1.0,300.0,25.0,2.0,18.0,books_general_interest
1ae28ef6d0421f92f2e4e6d407e90347,1.0,1050.0,30.0,4.0,20.0,books_general_interest
6a97716560716501532a300ceec3c24f,1.0,500.0,30.0,5.0,20.0,books_general_interest
4150a78d94e1932852796a92cda4cd90,1.0,200.0,23.0,3.0,23.0,books_general_interest
b9d2933371226d828303d9235b89369c,1.0,450.0,30.0,3.0,20.0,books_general_interest
c7c2108eae6fb6e6822c8128f5a98afd,1.0,850.0,24.0,16.0,21.0,books_general_interest
dd72dc91b32e2ea6de828c39c805c7a5,1.0,150.0,22.0,2.0,22.0,books_general_interest
455b873508b9eafb991bc7576ae40c78,1.0,150.0,27.0,2.0,19.0,books_general_interest
bb42b10bcaba6e4a309df375d6fb38df,1.0,500.0,23.0,23.0,23.0,books_general_interest
7dd9fed6514b8c8d3c4e2a9ec6f96e8b,1.0,1050.0,30.0,5.0,20.0,books_general_interest
ca658c1586e7d4692dc56d3fb6edfa24,2.0,800.0,23.0,3.0,16.0,books_general_interest
f41c5473a596f099a92bd03297ab0aba,1.0,700.0,24.0,24.0,16.0,books_general_interest
7920d8695d334876a8f597fae22de9b5,1.0,400.0,23.0,2.0,16.0,books_general_interest
584d2350fb1072911718eaa31989d474,1.0,200.0,27.0,9.0,18.0,books_general_interest
e6a893a996e7ca82a3a9eacd0029789d,2.0,550.0,17.0,25.0,11.0,books_general_interest
743c14ed5f01c78944d28320cb2cb8e2,5.0,638.0,16.0,18.0,18.0,books_general_interest
4c1d9c97a7245db3b8d7a32fb4c02286,1.0,1320.0,15.0,14.0,17.0,books_general_interest
625a5d3dc87b556165f33a639f24bd4a,2.0,700.0,17.0,5.0,28.0,books_general_interest
e2ec15eadf519df807f40d72a49e29cd,1.0,300.0,35.0,5.0,30.0,books_general_interest
211f62173e6bd1cf140c0b05ecf78cbe,1.0,1600.0,25.0,6.0,18.0,books_general_interest
aadae4da0b9feede5777009c5e1497d1,4.0,600.0,20.0,22.0,14.0,books_general_interest
ed3f966cd58a4389bd3959ebf14f18c6,2.0,600.0,30.0,4.0,20.0,books_general_interest
20bc10f7f2776f8b2eb6b817d2df190a,1.0,400.0,35.0,4.0,30.0,books_general_interest
72af228db018a06518f1b2a8c070a2ac,6.0,1633.0,17.0,17.0,18.0,books_general_interest
21b9b9a3c79c6ced9c182a18e95aa159,1.0,850.0,18.0,22.0,22.0,books_general_interest
78bef8d05453a2ecd72281bcf2dcbcdc,1.0,475.0,15.0,12.0,16.0,books_general_interest
f74979b5e7c8d317baa1bfc0ea886ee1,3.0,200.0,35.0,6.0,24.0,books_general_interest
8e50f956978d187a7cd200b9b45fe9c4,1.0,450.0,26.0,6.0,17.0,books_general_interest
56e8054262b705086dd99fc97b01a9e4,1.0,100.0,19.0,2.0,19.0,books_general_interest
b9ca577f48894c59a9677f895f9a44bc,5.0,1350.0,36.0,26.0,16.0,books_general_interest
c2a9a78ad1d9a0546b72e6889c999e75,1.0,250.0,16.0,22.0,15.0,books_general_interest
a3d747c2548c3b67c81afe6b61645ebd,2.0,200.0,20.0,10.0,30.0,books_general_interest
055e4f6156ba6c0daab61cd40d5530fe,1.0,400.0,27.0,3.0,19.0,books_general_interest
ed00c79b26683d1f8d4a6df605efe886,1.0,400.0,26.0,3.0,36.0,books_general_interest
d2fc2696871ca6b94af5deb0a8d5590d,10.0,2500.0,17.0,25.0,12.0,books_general_interest
08567cdf24fd261914bbb7a2b1b9a2f2,1.0,450.0,23.0,2.0,16.0,books_general_interest
3b2171e2d0d589efd2eb579ced25dc80,1.0,1550.0,17.0,18.0,18.0,books_general_interest
c1aabbb6f4caec9f5bf7cd80519d6cc0,2.0,400.0,24.0,3.0,16.0,books_general_interest
9f39e03276af0a6bbf2459ec383a19e6,7.0,1200.0,21.0,4.0,14.0,books_general_interest
0b88409c52cfb9e93f9dcb06f2a37fd4,1.0,800.0,16.0,8.0,24.0,books_general_interest
13d4517626b8f08688c28586123fd638,1.0,250.0,27.0,9.0,18.0,books_general_interest
c87d290a69f27d78e303df61eb85409b,1.0,400.0,17.0,24.0,11.0,books_general_interest
c96053e7cbc380ec931f23d085702ff8,1.0,500.0,20.0,5.0,13.0,books_general_interest
1825f78fda454294d53022bf9a81d69f,1.0,150.0,26.0,2.0,26.0,books_general_interest
179363fe9f0eee05ad34df83c160dbcf,2.0,600.0,16.0,25.0,11.0,books_general_interest
42c9f35641e6be42fa5a86a7b2ea46e4,5.0,1000.0,21.0,12.0,17.0,books_general_interest
87f32391c5f0737ea530496f114ce38b,1.0,250.0,16.0,25.0,25.0,books_general_interest
e34b5d6c531312550872e725578a3808,1.0,150.0,16.0,23.0,23.0,books_general_interest
eafd9a0449e971ceb703ad2275e0fcba,1.0,350.0,21.0,22.0,15.0,books_general_interest
e320966c24d4de5668a3de9f455ec156,1.0,200.0,16.0,22.0,27.0,books_general_interest
6f94d1ea7222b24539f27b23dc84c64d,1.0,600.0,17.0,5.0,28.0,books_general_interest
9936c3716215696c695cfc6e181b64f4,1.0,500.0,16.0,6.0,23.0,books_general_interest
bd9729be9e09e2334d76a6648475d328,1.0,280.0,28.0,12.0,21.0,books_general_interest
cc6e31911e3db7f60e67069522872552,2.0,500.0,30.0,4.0,20.0,books_general_interest
9dc618f54fd1da651f99468dcf5191f3,1.0,579.0,30.0,14.0,31.0,books_general_interest
4a6fffd5a0ca2230cf5b84dc624e9f95,1.0,600.0,18.0,25.0,11.0,books_general_interest
adae9f96e1647ed7ce3c54b261d4a544,3.0,250.0,20.0,10.0,30.0,books_general_interest
979c36deada6af57d4f1d9b85a60978c,4.0,910.0,21.0,11.0,18.0,books_general_interest
343ebd86f51d5d5dc72592030d0ef74e,1.0,1600.0,25.0,6.0,18.0,books_general_interest
872369d21550c1c72b9e10a0fc2eeb3f,1.0,500.0,25.0,3.0,16.0,books_general_interest
f61dcc630f8ff11e80cf6870b1c0412a,1.0,500.0,20.0,24.0,17.0,books_general_interest
43552814c90350f6309022c6de596cbf,1.0,300.0,23.0,2.0,16.0,books_general_interest
1cc61b32763a4d816212b3507b6b6c59,1.0,1050.0,27.0,30.0,16.0,books_general_interest
dd5e15ecf4e9dc32d28e7cdd000b7434,1.0,300.0,22.0,3.0,15.0,books_general_interest
14e40526732f35d38620a487e0776b27,1.0,500.0,40.0,4.0,30.0,books_general_interest
e53588854973a383ff66d64f0fee88a9,1.0,200.0,21.0,2.0,16.0,books_general_interest
49466a763c580ece2f646db1e2f5b47a,1.0,950.0,25.0,4.0,18.0,books_general_interest
3e0ef3ff4fc511b36e717b18a3d080df,3.0,200.0,21.0,2.0,21.0,books_general_interest
bb517606311cb8bd64b3a2d3c3d67962,1.0,600.0,22.0,2.0,16.0,books_general_interest
55bfa0307d7a46bed72c492259921231,1.0,550.0,26.0,7.0,36.0,books_general_interest
6e8230f255f558ee8dfc9bcbe56b9434,2.0,875.0,20.0,10.0,30.0,books_general_interest
c3910fee8ac77d2fd4e39a0aa2e0b506,1.0,400.0,16.0,2.0,21.0,books_general_interest
9a060643636bd1e41788cb32262ac9ef,1.0,300.0,21.0,5.0,14.0,books_general_interest
69afe1ec4001a0cfe9eaed969c0d2d8c,1.0,500.0,24.0,11.0,18.0,books_general_interest
ef2af887de5e84d6de178a621eb954e8,1.0,500.0,16.0,2.0,11.0,books_general_interest
93f5c3a2ca8100b5c02efe3e1b92852f,1.0,550.0,31.0,4.0,23.0,books_general_interest
61c039cc24b6e1191cc4673fbdd92ebd,1.0,800.0,30.0,5.0,22.0,books_general_interest
cea898bfbca0b5b0e7b36cecd350709e,4.0,989.0,31.0,2.0,24.0,books_general_interest
7aa5da3ccd8f2addeb39eac7ec266e8e,1.0,1600.0,25.0,7.0,18.0,books_general_interest
9fb9a39f2e393018aaeb432394aff48f,9.0,1950.0,36.0,5.0,23.0,books_general_interest
f35927953ed82e19d06ad3aac2f06353,1.0,450.0,20.0,20.0,20.0,books_general_interest
fe25db018a92c3f4ff5cd5d2e0bb7290,1.0,600.0,24.0,11.0,18.0,books_general_interest
531c8869a979aaeac767ff8c37bc281c,1.0,300.0,22.0,2.0,15.0,books_general_interest
515363bc1bda36afb33bb9cdde0789f3,1.0,250.0,27.0,9.0,18.0,books_general_interest
edaf40b482ce18cabb1e1c00c4cfa2d1,2.0,500.0,21.0,2.0,14.0,books_general_interest
df473738565b52f77b4e22b328b41576,1.0,400.0,16.0,2.0,11.0,costruction_tools_tools
3fc23ad64a8ee1f1451c8c44932c5d22,1.0,450.0,20.0,2.0,11.0,costruction_tools_tools
65ded196f8f1dbea9916be9b6fcfa0b7,1.0,1250.0,22.0,17.0,20.0,costruction_tools_tools
d19c5ff1a4d4e8b0558536d57cf43cf7,8.0,4700.0,35.0,25.0,25.0,costruction_tools_tools
5e53af05c040b01584b81b3549945faf,3.0,200.0,16.0,16.0,16.0,costruction_tools_tools
55908895fd7f77982b2d5a8aa1ad4fae,2.0,1550.0,30.0,12.0,20.0,costruction_tools_tools
0d8ce3ada96b62b2dd49290fceb45d0f,3.0,2708.0,29.0,17.0,17.0,costruction_tools_tools
90b8a54ccc8372ea12573a7fd3312c33,1.0,250.0,16.0,12.0,14.0,costruction_tools_tools
e2a0cbe7edb791b26eb99b535e8ab0e0,2.0,600.0,16.0,18.0,12.0,costruction_tools_tools
fe85b65a6d0ed7524aaa2e0fac0e23cb,3.0,300.0,26.0,14.0,16.0,costruction_tools_tools
5087755ce445ac09967f7528809f154e,1.0,463.0,19.0,17.0,17.0,costruction_tools_tools
c47c31505404caa7fa20edad4b971746,3.0,242.0,18.0,9.0,14.0,costruction_tools_tools
4b7de4748108b5353b211255e867cf6a,1.0,3200.0,30.0,20.0,19.0,costruction_tools_tools
3a7bc7a262077b18cf16fb5333a98b00,2.0,150.0,29.0,8.0,15.0,costruction_tools_tools
626f55dacc29e4f934bdb3e4f3be83b4,1.0,2025.0,32.0,15.0,22.0,costruction_tools_tools
ad7aebed205805125489f8a89819b24b,2.0,1150.0,22.0,10.0,9.0,costruction_tools_tools
04433a8021475a2002663f94203c88da,2.0,1111.0,29.0,10.0,14.0,costruction_tools_tools
7ae1a5d0600076501c7ff50c63938b48,6.0,1900.0,26.0,32.0,13.0,costruction_tools_tools
9e4520c295c53cf0655289aeabb6d701,1.0,550.0,26.0,14.0,14.0,costruction_tools_tools
2ad27953852ba0daa0de1213686b7cec,1.0,400.0,17.0,2.0,11.0,costruction_tools_tools
36975c1f4448337cdf6e23093b943fb5,1.0,1637.0,27.0,22.0,23.0,costruction_tools_tools
93201ae32ea7725876739ba9f0d2c851,2.0,1050.0,25.0,25.0,25.0,costruction_tools_tools
ad0f4396498e31de10230b2a10f069b8,1.0,700.0,35.0,15.0,15.0,costruction_tools_tools
3cdb91cbeb22b6e87c8b595b68dfd5eb,1.0,800.0,30.0,30.0,30.0,costruction_tools_tools
058f0416fd2fad8fb4cd0443ade6a42b,1.0,950.0,23.0,14.0,11.0,costruction_tools_tools
27ea0ddcb5e3a371b14a9ef16607676f,1.0,1721.0,21.0,20.0,21.0,costruction_tools_tools
022649cdc8ef07dddfa3de3409647e00,1.0,825.0,21.0,16.0,16.0,costruction_tools_tools
99d2542c137ffd3cea8e2867d95546c4,2.0,1050.0,25.0,25.0,25.0,costruction_tools_tools
bc89f8dfbd722882c9b67d50870bfd1c,1.0,700.0,25.0,25.0,25.0,costruction_tools_tools
177b172621777704a3e39ac9d3568946,3.0,550.0,18.0,10.0,11.0,costruction_tools_tools
eedc7b3fb1b94864756336d71f04efd8,2.0,100.0,22.0,5.0,17.0,costruction_tools_tools
c8eca123751676bbdaaa9e4a84721362,2.0,1520.0,22.0,20.0,11.0,costruction_tools_tools
2c8e38b2b220b65a306d88444defb4fd,3.0,200.0,16.0,16.0,16.0,costruction_tools_tools
e5f20b4eb944eaae0a13bed3187201d3,2.0,893.0,18.0,14.0,13.0,costruction_tools_tools
5ddd4525c6d0fbca9dc118056fd90d61,1.0,570.0,17.0,10.0,17.0,costruction_tools_tools
c7bf71951a3b1bb4af307ab6650da6d2,1.0,500.0,23.0,21.0,14.0,costruction_tools_tools
e91042dbe3df0b9887d7044968286f57,6.0,2300.0,30.0,9.0,35.0,costruction_tools_tools
1cb173e22a594e4c0883a4f0502b5360,5.0,950.0,27.0,30.0,23.0,costruction_tools_tools
ba819ec203c9a9382f87d49898692520,2.0,250.0,16.0,12.0,14.0,costruction_tools_tools
6b017e0d95d8765a6f2bed3bc272c61e,1.0,250.0,36.0,4.0,20.0,fashion_underwear_beach
7e34dea6bf1b26c294d48bfc3fa41d9e,11.0,400.0,16.0,5.0,11.0,fashion_underwear_beach
588e30c9b715a9158d6431ae94c25fea,3.0,200.0,30.0,30.0,30.0,fashion_underwear_beach
701657bde0d39ea77205d996a89d9009,5.0,300.0,30.0,16.0,11.0,fashion_underwear_beach
836c4b48c2b383bb38bb5788f828c596,2.0,100.0,26.0,5.0,18.0,fashion_underwear_beach
c9576e5363ae9a93988b372d07f54b81,9.0,700.0,20.0,10.0,15.0,fashion_underwear_beach
1848a54b9f28b13e4d94d5bcc77904cc,3.0,300.0,30.0,30.0,30.0,fashion_underwear_beach
ce149636a055d9eded4cde55da9ebd3b,1.0,200.0,42.0,4.0,14.0,fashion_underwear_beach
844f0dc5dc6484304c769ce90e7a2c48,12.0,700.0,20.0,10.0,15.0,fashion_underwear_beach
4ad6730f8bcd370ac72874397a1c1467,2.0,200.0,26.0,5.0,18.0,fashion_underwear_beach
cf944645d4ff2a3eed3ae17f641ea861,1.0,450.0,42.0,4.0,14.0,fashion_underwear_beach
94bedc3b89ef3b2dd091735569780a0d,1.0,200.0,42.0,4.0,14.0,fashion_underwear_beach
a662d99595c3b6054702480cb7382afe,1.0,200.0,42.0,4.0,14.0,fashion_underwear_beach
f408131193fe9da16836115414229012,5.0,300.0,25.0,16.0,11.0,fashion_underwear_beach
13a3c6eda5d4bac4227c158ff70f0a8e,3.0,400.0,17.0,9.0,27.0,fashion_underwear_beach
6a41e9f388cfee3b924ed19821527c21,3.0,200.0,19.0,9.0,27.0,fashion_underwear_beach
ead9ade61e81ab9e26d83640c3164e76,3.0,550.0,17.0,9.0,27.0,fashion_underwear_beach
654a7e7cc8b61ba09cefd8e02be969d2,3.0,350.0,19.0,9.0,27.0,fashion_underwear_beach
540a6b4600d6620f58aaff20eba82574,2.0,300.0,22.0,10.0,15.0,fashion_underwear_beach
2fcd5f747ee88ffce15493b3cf70d8d2,11.0,600.0,16.0,5.0,11.0,fashion_underwear_beach
6f93544fde1ccc299aa371217cb2afa4,1.0,550.0,42.0,4.0,14.0,fashion_underwear_beach
066313d5479246299d9c2a117f55d0a3,2.0,300.0,22.0,10.0,15.0,fashion_underwear_beach
30011d8ee44c9842921cbc7c1445544e,2.0,400.0,19.0,9.0,27.0,fashion_underwear_beach
f22c326211220c21017efac98a117b2c,6.0,500.0,30.0,16.0,11.0,fashion_underwear_beach
6dc1e760dde478aea03467d92737a0a6,3.0,300.0,17.0,9.0,27.0,fashion_underwear_beach
0b50295ca2c740dec15bb6fec6e8a3e2,2.0,300.0,22.0,10.0,15.0,fashion_underwear_beach
b73091f98b819cf7a339f74ece86aa4b,1.0,200.0,36.0,4.0,20.0,fashion_underwear_beach
e1a7aca09e5fc1209c44ef72571265b9,3.0,400.0,19.0,9.0,27.0,fashion_underwear_beach
e7f85596b92f92cb501855897696f66b,6.0,2300.0,16.0,5.0,11.0,fashion_underwear_beach
50562cf6349c8e6b13a79d9dce87c4c7,3.0,375.0,19.0,9.0,27.0,fashion_underwear_beach
d32a2781668246350c2a5cfc1459771c,3.0,400.0,17.0,9.0,27.0,fashion_underwear_beach
15b0e8706bf37a95f2bb3665c4cc4c6c,3.0,250.0,17.0,9.0,27.0,fashion_underwear_beach
2cb21a33326f4accdb9dcbaef4a46180,2.0,400.0,20.0,5.0,20.0,fashion_underwear_beach
2a4147c2b7b63a57aba916e6a5a03493,9.0,700.0,20.0,10.0,15.0,fashion_underwear_beach
a70d74f54feefedd8108c45553766340,1.0,150.0,42.0,4.0,14.0,fashion_underwear_beach
1de74e63d630007567726953a4eb2b36,2.0,150.0,35.0,10.0,25.0,fashion_underwear_beach
b8c91645bd166cdc9feb8795a186cef7,2.0,200.0,19.0,9.0,27.0,fashion_underwear_beach
fa1016994ec2803636ffb1018e33cf5b,1.0,200.0,36.0,4.0,20.0,fashion_underwear_beach
83639e59e789cf2ed557ebf817f1085c,1.0,150.0,42.0,4.0,14.0,fashion_underwear_beach
9e104e498448eaafc576278446e9bdd5,4.0,300.0,25.0,16.0,11.0,fashion_underwear_beach
b49d4a78de28aa875ee85ae9ae66f239,2.0,100.0,16.0,2.0,11.0,fashion_underwear_beach
7932fcce65e2aee84d6feb4a288f9cb9,1.0,200.0,16.0,2.0,11.0,fashion_underwear_beach
3275d85219f4d3af7d0b12f4bb78756d,2.0,200.0,16.0,2.0,11.0,fashion_underwear_beach
6fade9670bb673ba97c3f7bc5efa7150,6.0,400.0,16.0,5.0,11.0,fashion_underwear_beach
95d8de3420cf92ad4824b588db2604cf,1.0,400.0,32.0,4.0,14.0,fashion_underwear_beach
97ca99a3e712143b9cf17e31bf8f3367,3.0,275.0,19.0,9.0,27.0,fashion_underwear_beach
acaed0b9a136ac6408c37731b72f1f35,3.0,600.0,19.0,9.0,27.0,fashion_underwear_beach
b2f2ddac0132a316e5b41a98684d3619,6.0,300.0,30.0,16.0,11.0,fashion_underwear_beach
69d95947a8a85a44375af7c667a5d61a,3.0,400.0,19.0,9.0,27.0,fashion_underwear_beach
cb097e8459bc74dbd73bbf8ed68c11a5,1.0,200.0,42.0,4.0,14.0,fashion_underwear_beach
3ead98d9c2d2523708d7c77be6fafcdf,1.0,300.0,30.0,30.0,30.0,fashion_underwear_beach
3a3f0628722b2f548673a2f7f5fa5605,3.0,250.0,19.0,9.0,27.0,fashion_underwear_beach
fa8485bc54eaad5b218cd8081c859568,2.0,150.0,26.0,5.0,18.0,fashion_underwear_beach
f6691c7e7a0c12d28003c97608dfe605,2.0,950.0,40.0,6.0,40.0,fashion_male_clothing
ef22b718807d8b96162d9b021912f178,2.0,300.0,16.0,2.0,11.0,fashion_male_clothing
e19c8e70d39de9646d64163a66051797,2.0,800.0,20.0,7.0,20.0,fashion_male_clothing
95f2828625576b34ab861ef4b029a7fd,2.0,950.0,40.0,6.0,35.0,fashion_male_clothing
e40c9663823a220588b8f0c552ff5c03,2.0,750.0,40.0,6.0,35.0,fashion_male_clothing
3eda91c4ed75e3ce93482a5eed64868d,2.0,900.0,50.0,10.0,40.0,fashion_male_clothing
1f06d9b36ed20e13e3d95072487e4cb3,4.0,500.0,40.0,10.0,40.0,fashion_male_clothing
2fe1e09df32992e9e5041a2671233e20,3.0,600.0,16.0,2.0,11.0,fashion_male_clothing
70faa98e995f58b0160bb8320b653e29,1.0,200.0,25.0,2.0,17.0,fashion_male_clothing
c7296f9449f86afc5688984ed1c170a2,6.0,800.0,45.0,10.0,35.0,fashion_male_clothing
414ae37d87aac46914dddd6e972b0b58,1.0,650.0,20.0,20.0,20.0,fashion_male_clothing
1dfa1d1603b10b073093775015d0fc74,2.0,900.0,45.0,10.0,35.0,fashion_male_clothing
efaf96097dbe32a78254739ee35900cb,2.0,300.0,16.0,2.0,11.0,fashion_male_clothing
f130542b9dab05d4540ba00f35f0880f,2.0,300.0,16.0,2.0,11.0,fashion_male_clothing
21efeb0e47f3328f86002eda80b63321,2.0,100.0,16.0,2.0,11.0,fashion_male_clothing
660fc6f47144a19180d7309e37155f1e,2.0,800.0,40.0,6.0,30.0,fashion_male_clothing
37d19b9dd7ebf721bff9d6cdab3a7452,2.0,800.0,45.0,10.0,35.0,fashion_male_clothing
8cf306b87f5f0832d70505004465e39f,1.0,400.0,30.0,40.0,11.0,fashion_male_clothing
b2b3fbcc207fc52d44daff257e7c491c,2.0,600.0,35.0,35.0,15.0,fashion_male_clothing
794bf14b91dcd92fd3cd35a45d6a83e4,2.0,400.0,16.0,5.0,16.0,fashion_male_clothing
f3c2c2578c46d659b7940e784319413e,4.0,800.0,20.0,7.0,20.0,fashion_male_clothing
716854aa9d670cabfec04c7eeddd85b8,2.0,600.0,35.0,35.0,15.0,fashion_male_clothing
348ea09800ea8b415f488cef882bb755,2.0,750.0,20.0,20.0,20.0,fashion_male_clothing
9472a43e0457615f2742ac021d769197,2.0,1900.0,35.0,6.0,45.0,fashion_male_clothing
8f4e5f5e6323576768b835363a3fb0f1,1.0,300.0,30.0,40.0,11.0,fashion_male_clothing
4f96fc0061443ee77dd78178bc456ff7,2.0,250.0,16.0,16.0,16.0,fashion_male_clothing
7b9b39b222adc797a65032aea85e3395,2.0,900.0,40.0,6.0,35.0,fashion_male_clothing
b8c5642287f25d5e0e166199264eff95,3.0,600.0,16.0,2.0,11.0,fashion_male_clothing
5f0e89246f7a6648983bdac37e5a16e2,2.0,400.0,35.0,35.0,15.0,fashion_male_clothing
dd231637766e756fd1cf2fd80501fce1,1.0,750.0,30.0,10.0,28.0,fashion_male_clothing
f10163ef5dd01ee5f3622b750b64091c,2.0,300.0,16.0,2.0,11.0,fashion_male_clothing
c36f1190b3cb7fac6c7bc68483317029,2.0,400.0,16.0,2.0,20.0,fashion_male_clothing
d40788ec5b01ba52711983b9c54b36e6,2.0,300.0,35.0,30.0,20.0,fashion_male_clothing
d21bf4652c855ccafcf94116891cc7ce,3.0,600.0,20.0,20.0,20.0,fashion_male_clothing
f49f59559a40c88ed4beeacac8b25e71,2.0,250.0,16.0,16.0,16.0,fashion_male_clothing
801cbc289593826559bed08171034485,2.0,350.0,40.0,10.0,40.0,fashion_male_clothing
f8c6a76085bd3b4341cccb774b554c82,3.0,850.0,45.0,10.0,35.0,fashion_male_clothing
8988d11aace15e3c9e25763c6d87dcf5,1.0,200.0,19.0,27.0,27.0,fashion_male_clothing
e80a0c4b0bb3f2f171f0fe8360513d90,1.0,225.0,19.0,27.0,27.0,fashion_male_clothing
94ecc3aaf1c1a63135ba686ac00264c0,2.0,850.0,28.0,22.0,33.0,fashion_male_clothing
1b97621fc0e6ac58cfb272d5ccf8c15b,2.0,1000.0,16.0,2.0,11.0,fashion_male_clothing
18692fdc7adb29c885d8cb84eb68a97e,2.0,850.0,45.0,10.0,35.0,fashion_male_clothing
6401d2f82d6e6c52998ce626fe4eda24,1.0,300.0,30.0,40.0,11.0,fashion_male_clothing
ffd259a48b9b073c942884d0f3659566,1.0,400.0,40.0,5.0,20.0,fashion_male_clothing
987639aa04642e107c6781b619539a9e,1.0,1000.0,20.0,20.0,20.0,fashion_male_clothing
e8c68ed99b73a85e2c22388f4a702bc0,1.0,500.0,30.0,40.0,11.0,fashion_male_clothing
170ae15fc78b44bceab3e66baefbbd99,1.0,300.0,30.0,40.0,11.0,fashion_male_clothing
93ebf843a46dd3ba8085784ff4c604fc,2.0,800.0,20.0,7.0,20.0,fashion_male_clothing
0e46a653d7cee79c08431b38fcb67fe9,2.0,300.0,16.0,2.0,11.0,fashion_male_clothing
d2ba9fb97c0a861f8a62383c434e3e1d,3.0,550.0,18.0,16.0,23.0,fashion_male_clothing
e2a7c81b9eb2c1ffcc5f4d80d1479e3f,1.0,250.0,17.0,7.0,20.0,fashion_male_clothing
015f06d7b83e5a6f7d1765fb5d8bdfa6,2.0,400.0,16.0,2.0,11.0,fashion_male_clothing
e189be46c3e52f23ebe8a520e59d2c46,2.0,1050.0,40.0,6.0,35.0,fashion_male_clothing
b4ea7aecf6304f60fe63221697a8e33b,2.0,400.0,16.0,5.0,16.0,fashion_male_clothing
66bd6e465a87926adb15dec604948867,2.0,700.0,16.0,2.0,20.0,fashion_male_clothing
d0168e734683113fd73658071715084a,2.0,800.0,45.0,10.0,35.0,fashion_male_clothing
8e87b57f5bc7661130ee7803017f3f32,2.0,300.0,16.0,2.0,11.0,fashion_male_clothing
f6fe388c9bfc145a2790437f1e4888d9,2.0,300.0,16.0,2.0,11.0,fashion_male_clothing
ce04dcb7aa96ad49d4933f3d4a9f8eb7,2.0,600.0,30.0,30.0,16.0,fashion_male_clothing
4325528d61b94383829ce61040c858ed,4.0,275.0,28.0,23.0,35.0,fashion_male_clothing
e336c656869480e20d04ca9389b12167,1.0,750.0,25.0,5.0,17.0,fashion_male_clothing
99bec487c37782c9e5e20d455970f5f2,2.0,750.0,20.0,7.0,20.0,fashion_male_clothing
6dc893654777026540369b32aebda760,1.0,250.0,17.0,7.0,20.0,fashion_male_clothing
2b828e930e3b891d3cb86864a5ed1540,2.0,500.0,40.0,8.0,30.0,fashion_male_clothing
3fbd1a96fca26cfab52984da93349a4b,2.0,875.0,31.0,22.0,33.0,fashion_male_clothing
65330e90e0019aa477e442b9b8e156a1,2.0,800.0,45.0,10.0,35.0,fashion_male_clothing
6cf8c57dbb76538b6edc7f914cf3c07b,2.0,300.0,16.0,16.0,16.0,fashion_male_clothing
f6847515f58b8f340dcc75d150d6a0ab,2.0,900.0,45.0,10.0,35.0,fashion_male_clothing
a8e35f118bd7f9b1d38fc786b555d210,2.0,500.0,16.0,2.0,20.0,fashion_male_clothing
c354b34e5d5b2dea6889ae714861e8f1,3.0,500.0,36.0,6.0,27.0,fashion_male_clothing
1b0991f5c6be6a8de9ad8e1027ff67d7,1.0,300.0,19.0,27.0,27.0,fashion_male_clothing
4b2ab372456de58e4d5588f0fed9a065,1.0,650.0,20.0,20.0,20.0,fashion_male_clothing
b6eb2752e40bb6f33a3b608e78f5ffec,2.0,300.0,16.0,2.0,11.0,fashion_male_clothing
4fa0d1019affe5fe2c492c00422f01d8,1.0,450.0,16.0,16.0,16.0,fashion_male_clothing
e69d971f8bf365efb842b0d56f960682,2.0,400.0,30.0,5.0,30.0,fashion_male_clothing
19ff2d1670779cdd13a453274509bc1c,1.0,300.0,35.0,30.0,20.0,fashion_male_clothing
9d47dddcc5eb825534e212b1b927385f,1.0,800.0,40.0,6.0,35.0,fashion_male_clothing
84bc1370758fa98d08afd0180818217a,2.0,1050.0,31.0,22.0,33.0,fashion_male_clothing
005c6b24cc96dca3e2c01e824401030e,1.0,400.0,17.0,7.0,20.0,fashion_male_clothing
09bdc9003e3b369d49feb3e300366074,2.0,800.0,45.0,10.0,35.0,fashion_male_clothing
418c8127e2810370323241e326874320,2.0,300.0,35.0,30.0,20.0,fashion_male_clothing
245d6fd93f56b9e997881f397fbca833,4.0,700.0,45.0,10.0,35.0,fashion_male_clothing
cb745afa9f4712ffed17951799ff15a9,2.0,400.0,17.0,7.0,20.0,fashion_male_clothing
6f1ee01920f8b1cbbcd807debfbb2ace,2.0,400.0,16.0,2.0,11.0,fashion_male_clothing
c2ccd192fdac0a564ea52ec8687b3093,2.0,900.0,30.0,6.0,30.0,fashion_male_clothing
3279fec9ed308116c0546336bf7741f6,2.0,300.0,16.0,2.0,11.0,fashion_male_clothing
3b465c153d8169658a47350cdf2e5f14,1.0,400.0,20.0,17.0,15.0,fashion_male_clothing
80a29790293a83b877cb353f5ae338e1,2.0,600.0,35.0,35.0,15.0,fashion_male_clothing
b7e087ab49f42ad0fe758f399f4e7077,2.0,400.0,16.0,16.0,16.0,fashion_male_clothing
f983c7d6b7976d13c8eb72774fbe9611,2.0,500.0,35.0,35.0,15.0,fashion_male_clothing
fa35b4bf358c776e80d08e8079dc1d4e,1.0,300.0,35.0,30.0,11.0,fashion_male_clothing
22656f41604127818c5984157e52bda8,1.0,500.0,20.0,10.0,17.0,fashion_male_clothing
ac4a3657d893bc4a404bed0131b265a5,1.0,150.0,19.0,27.0,27.0,fashion_male_clothing
24dea9b9a1d450d96702d46a0a835ff3,1.0,400.0,30.0,40.0,11.0,fashion_male_clothing
e12569a1ad365c9f77fb1ae6d5de26e8,3.0,700.0,20.0,20.0,20.0,fashion_male_clothing
84e1b9c6ba2ed178bd217097b41f1251,1.0,10893.0,33.0,88.0,44.0,kitchen_dining_laundry_garden_furniture
e73a764ace9b74b912bea28a731f60e0,4.0,1150.0,27.0,15.0,16.0,kitchen_dining_laundry_garden_furniture
ca078ba5884f07fd8e2ec7f7b13556f1,1.0,4400.0,27.0,27.0,37.0,kitchen_dining_laundry_garden_furniture
893c4e4b07dcb5a590645ddeb8894cb5,1.0,16900.0,40.0,30.0,40.0,kitchen_dining_laundry_garden_furniture
20c036a30ef670a7591c160758fe0b65,3.0,7600.0,66.0,10.0,46.0,kitchen_dining_laundry_garden_furniture
e87c7aefd725b0f63ce4f690832f9cab,1.0,6550.0,21.0,41.0,31.0,kitchen_dining_laundry_garden_furniture
5c97588998ff51dd072c59f19bed6c78,5.0,17000.0,35.0,96.0,12.0,kitchen_dining_laundry_garden_furniture
ee87cb643157a8d2ac8298461517533b,4.0,3400.0,85.0,8.0,26.0,kitchen_dining_laundry_garden_furniture
6609d9a71a607da16750629d52615b9e,5.0,1100.0,20.0,16.0,30.0,kitchen_dining_laundry_garden_furniture
0b48dc720b9a40d75ce14eda10be0922,5.0,6950.0,47.0,23.0,37.0,kitchen_dining_laundry_garden_furniture
f66b9de04ca29b4039377a323e949dc0,2.0,25400.0,45.0,86.0,27.0,kitchen_dining_laundry_garden_furniture
261244fc4d0197d8772346872f5b0f5e,5.0,975.0,41.0,12.0,12.0,kitchen_dining_laundry_garden_furniture
32943921f52ed83f1af15db364dbcc2b,6.0,21150.0,55.0,49.0,47.0,kitchen_dining_laundry_garden_furniture
df872c596e00cd0160e6c8eb5424739f,1.0,30000.0,31.0,96.0,73.0,kitchen_dining_laundry_garden_furniture
72d0a38fe43ba7087d71e245d1b76c9e,2.0,22150.0,76.0,46.0,38.0,kitchen_dining_laundry_garden_furniture
06731ce59716357095ed1a25850320b8,4.0,1700.0,100.0,3.0,60.0,kitchen_dining_laundry_garden_furniture
83f6e0a993efdfa2bf9550a204422cb7,5.0,15800.0,60.0,105.0,15.0,kitchen_dining_laundry_garden_furniture
a75b732b129c2fe3d8e371dd8333cd00,5.0,6400.0,16.0,2.0,11.0,kitchen_dining_laundry_garden_furniture
33bdebc0eb4a1862d1c9a9c4dc9d3010,5.0,1600.0,30.0,10.0,20.0,kitchen_dining_laundry_garden_furniture
d14495a85be157b5cacef4eaaf825791,1.0,30000.0,31.0,105.0,31.0,kitchen_dining_laundry_garden_furniture
729a3a9189a4303bd9b7e441aa0ae043,1.0,1700.0,30.0,13.0,16.0,kitchen_dining_laundry_garden_furniture
e41d4a95e33026918bd9946d3185b5bd,1.0,18400.0,80.0,15.0,40.0,kitchen_dining_laundry_garden_furniture
c9a723361582704a087fcf8bdbe4a460,7.0,15300.0,30.0,100.0,25.0,kitchen_dining_laundry_garden_furniture
c3002d67c0b8c6449c3a80c1556ad8c5,3.0,3300.0,40.0,20.0,60.0,kitchen_dining_laundry_garden_furniture
6160c6145b50c401702912baf0fd7de5,1.0,4000.0,31.0,42.0,43.0,kitchen_dining_laundry_garden_furniture
1c5b879ad722644d2f3fb52553ced17a,2.0,16550.0,39.0,61.0,39.0,kitchen_dining_laundry_garden_furniture
51e88d0b6beb3101d842fa6610c37edb,2.0,5000.0,36.0,46.0,36.0,kitchen_dining_laundry_garden_furniture
26899f5647bfc3a0dfa37e0cf00931e7,1.0,17500.0,30.0,50.0,30.0,kitchen_dining_laundry_garden_furniture
c11485ba18bc927ccd486e58eaea6ef0,3.0,1000.0,20.0,30.0,20.0,kitchen_dining_laundry_garden_furniture
b7d8104067b422204524dcd4706894b1,4.0,10950.0,16.0,82.0,50.0,kitchen_dining_laundry_garden_furniture
275bbd43a9fdb71853216091565522ac,2.0,9800.0,50.0,65.0,35.0,kitchen_dining_laundry_garden_furniture
9fef57f37ae72292952e73ff9a7a3fee,5.0,27150.0,100.0,25.0,65.0,kitchen_dining_laundry_garden_furniture
60d60857503b0e721781320f4fa28acf,3.0,11850.0,64.0,12.0,37.0,kitchen_dining_laundry_garden_furniture
003c0b8f6580c850bd2e32044d2ac307,2.0,21100.0,100.0,20.0,60.0,kitchen_dining_laundry_garden_furniture
8af4a717d0442a5fbe332dc587583296,1.0,17500.0,97.0,24.0,45.0,kitchen_dining_laundry_garden_furniture
dc3ecc737589882b0318d38cf8b3efaf,4.0,14650.0,51.0,44.0,45.0,kitchen_dining_laundry_garden_furniture
c075b8e131353552218860f1c421e4ef,4.0,1750.0,20.0,16.0,30.0,kitchen_dining_laundry_garden_furniture
d75fe2da6eb275eafad5535fff7a2005,2.0,2000.0,24.0,11.0,31.0,kitchen_dining_laundry_garden_furniture
a00722035cea70bbf671b758459cde42,2.0,15742.0,16.0,95.0,33.0,kitchen_dining_laundry_garden_furniture
18f6ea7e8cff29f8053baac6762449f9,4.0,1850.0,45.0,15.0,35.0,kitchen_dining_laundry_garden_furniture
205604b962ebdae1c924e0d14e6e8ac1,1.0,3875.0,95.0,22.0,22.0,kitchen_dining_laundry_garden_furniture
3311083d8969d344413da8ed6f8e0195,1.0,29500.0,102.0,47.0,42.0,kitchen_dining_laundry_garden_furniture
801e1758675639e98967a271d92f4054,4.0,2000.0,45.0,15.0,35.0,kitchen_dining_laundry_garden_furniture
8e35056a353550809b6675987b99a117,4.0,4550.0,55.0,10.0,35.0,kitchen_dining_laundry_garden_furniture
df4566130f96bba07730095eef42389e,8.0,30000.0,80.0,53.0,53.0,kitchen_dining_laundry_garden_furniture
6c9d52dc769177180599b837030b2ff2,2.0,4200.0,31.0,31.0,31.0,kitchen_dining_laundry_garden_furniture
cdad30e46a6fc84785a525ad6b5cf748,5.0,50.0,40.0,105.0,30.0,kitchen_dining_laundry_garden_furniture
bf5d132b4d30a18970b8ee7798725af1,7.0,10800.0,35.0,65.0,35.0,kitchen_dining_laundry_garden_furniture
29dde5020c59e8f8e8154cfc146a93d1,7.0,8050.0,40.0,20.0,60.0,kitchen_dining_laundry_garden_furniture
481587fdec29c4d63a801769b4e5c578,8.0,9800.0,16.0,95.0,50.0,kitchen_dining_laundry_garden_furniture
de13988b8f96fd17e7ec136da2638de8,3.0,6650.0,61.0,13.0,41.0,kitchen_dining_laundry_garden_furniture
3e00f726a0e1eab8f2ae5137bf9bf54a,1.0,9350.0,28.0,33.0,28.0,kitchen_dining_laundry_garden_furniture
8b7a9eed0d30c43346eb8de2d821b2fb,1.0,30000.0,32.0,95.0,67.0,kitchen_dining_laundry_garden_furniture
0c859e9bb0591751e168d476ab0bb6e1,1.0,12950.0,31.0,81.0,31.0,kitchen_dining_laundry_garden_furniture
7698e984bafd195f739522d13645012e,2.0,200.0,31.0,31.0,31.0,kitchen_dining_laundry_garden_furniture
167a34ebcfa0fb05f642dcc65619d85a,2.0,1400.0,31.0,31.0,31.0,kitchen_dining_laundry_garden_furniture
7416f209ecc901d8c6c64377f12cd1d5,5.0,8200.0,65.0,10.0,50.0,kitchen_dining_laundry_garden_furniture
fb973e8b27e30aa34b8bee900dd1cdf8,2.0,12800.0,33.0,33.0,65.0,kitchen_dining_laundry_garden_furniture
d0d2f2b156caf4eecf8a6a9d25e52d36,1.0,9200.0,75.0,30.0,76.0,kitchen_dining_laundry_garden_furniture
ea9e7b142ab7562c2d2c0e5efcf617bd,2.0,11200.0,38.0,60.0,38.0,kitchen_dining_laundry_garden_furniture
0454c95c31d75e5f86c354896a3d9814,1.0,25000.0,98.0,14.0,40.0,kitchen_dining_laundry_garden_furniture
d73378cc66536ea4da8b4026e23ec2cf,2.0,9200.0,31.0,31.0,31.0,kitchen_dining_laundry_garden_furniture
48cce5e4d2191b274474ac6327a3df2d,4.0,6850.0,47.0,23.0,37.0,kitchen_dining_laundry_garden_furniture
f3bd35fc9b0b0c276dabdedcb1969f70,2.0,14350.0,39.0,61.0,39.0,kitchen_dining_laundry_garden_furniture
b98992ea80b467987a7fbb88e7f2076a,1.0,10400.0,16.0,68.0,32.0,kitchen_dining_laundry_garden_furniture
5cb599e545ef7edd1495b2ebde57e03b,1.0,14300.0,81.0,15.0,37.0,kitchen_dining_laundry_garden_furniture
d60166e9266f585350edbe81a7c3c62f,6.0,12550.0,25.0,100.0,30.0,kitchen_dining_laundry_garden_furniture
79c0ace2ccf0da036e787875a49151a4,5.0,14150.0,100.0,15.0,15.0,kitchen_dining_laundry_garden_furniture
2b4472df15512a2825ae86fd9ae79335,1.0,13550.0,48.0,49.0,49.0,kitchen_dining_laundry_garden_furniture
109983f132d309f8a11e057d5ef46936,2.0,2200.0,36.0,46.0,36.0,kitchen_dining_laundry_garden_furniture
c02e3653af29a9204c8ebcbb20f4e475,3.0,22150.0,76.0,46.0,38.0,kitchen_dining_laundry_garden_furniture
7ccb753a501e816bd678657918276574,7.0,3450.0,70.0,25.0,25.0,kitchen_dining_laundry_garden_furniture
11b062c710beb867b4897ff2728e828d,1.0,1000.0,34.0,25.0,25.0,kitchen_dining_laundry_garden_furniture
183b0c895605218dbd34cdcfcfa8af28,5.0,5400.0,53.0,10.0,67.0,kitchen_dining_laundry_garden_furniture
961930544d39899c18cfdbc336aeb15e,1.0,30000.0,97.0,30.0,70.0,kitchen_dining_laundry_garden_furniture
c84abe5abc6e244478124129024bc9d0,1.0,16825.0,60.0,48.0,53.0,kitchen_dining_laundry_garden_furniture
5ed0b8a887db0f0bf05f56d8923b0e7b,1.0,855.0,37.0,13.0,31.0,kitchen_dining_laundry_garden_furniture
7498e2ed667dd1d3fd92e0d4c33b7944,1.0,13600.0,45.0,58.0,42.0,kitchen_dining_laundry_garden_furniture
9bc0b0cf5d074be7d532d216a92ec874,3.0,30000.0,46.0,90.0,46.0,kitchen_dining_laundry_garden_furniture
bc25318016b9db33106a908368443713,1.0,16600.0,27.0,46.0,27.0,kitchen_dining_laundry_garden_furniture
34f1d812e50cac90f35094208c67cc8b,2.0,19300.0,41.0,76.0,41.0,kitchen_dining_laundry_garden_furniture
06ef35250cfb02d1c3d193890b63dc8f,1.0,2800.0,33.0,20.0,15.0,kitchen_dining_laundry_garden_furniture
cdfdfcc9f178dcfa37d46591c5bf2c0a,3.0,900.0,33.0,12.0,25.0,kitchen_dining_laundry_garden_furniture
57cc92900f861f0c72fa1df2cfe85577,1.0,3400.0,16.0,41.0,31.0,kitchen_dining_laundry_garden_furniture
bb5d4ec6e4443ba8589bb940d5b2945f,2.0,23900.0,100.0,20.0,60.0,kitchen_dining_laundry_garden_furniture
3347f12bccb00487d0d9aec54dc1037d,1.0,6450.0,48.0,18.0,48.0,kitchen_dining_laundry_garden_furniture
2f9c0e14be2e1e641c76a4d0b3032043,5.0,6500.0,51.0,44.0,45.0,kitchen_dining_laundry_garden_furniture
013b5dd7d319685753e2c12292975615,2.0,10100.0,65.0,63.0,64.0,kitchen_dining_laundry_garden_furniture
e54c0428a8cf1b79f63823b92e20aacc,1.0,25800.0,39.0,13.0,102.0,kitchen_dining_laundry_garden_furniture
f2fbc2d1b24e4244986270c22432847c,1.0,6200.0,66.0,14.0,48.0,kitchen_dining_laundry_garden_furniture
ecff01b4ee9f0ccd20f371fa7d97d064,2.0,8700.0,30.0,40.0,20.0,kitchen_dining_laundry_garden_furniture
555aa4ac569b61d4ce5bf8b6565f49bb,3.0,12000.0,27.0,45.0,27.0,kitchen_dining_laundry_garden_furniture
2b752ed328ea866e4721ca4e236a416c,4.0,30000.0,16.0,2.0,11.0,kitchen_dining_laundry_garden_furniture
365ddcacd1174891f2b0b6820a7a4fae,1.0,18800.0,50.0,50.0,50.0,kitchen_dining_laundry_garden_furniture
25cdef5b1428725aa16b8b9a6fbd72ca,1.0,1200.0,30.0,20.0,30.0,industry_commerce_and_business
593236d0ff46b4299b4787fb8d43f7f0,2.0,7225.0,16.0,103.0,25.0,industry_commerce_and_business
0dabe0ee04aa9d25592cbb5b585e698c,1.0,4050.0,30.0,20.0,30.0,industry_commerce_and_business
441b44bcdcc4969bd3a9d67bbeed44f2,2.0,6000.0,45.0,12.0,44.0,industry_commerce_and_business
d88df6347b8ee090e7a79d4493e1abe2,1.0,400.0,20.0,20.0,30.0,industry_commerce_and_business
027293c3b6d9e221268d9d6a5ffe5d0b,1.0,30000.0,80.0,50.0,50.0,industry_commerce_and_business
632fe3d92c45b5c83f4102fadd94ee92,2.0,6950.0,16.0,104.0,35.0,industry_commerce_and_business
48cfb3a131e13b40d85ba31ca531c3b1,1.0,2850.0,70.0,8.0,17.0,industry_commerce_and_business
cc02ea01817f1cb21e6708bc19f1ee20,1.0,4400.0,36.0,12.0,45.0,industry_commerce_and_business
7e53e051875b2a0c9f22acd8a9a29a20,1.0,11300.0,44.0,34.0,25.0,industry_commerce_and_business
0ab00b4598ff704c2ab1de75c123092d,2.0,12450.0,46.0,45.0,32.0,industry_commerce_and_business
33865d9f10d44d7942569ea1df2feef6,6.0,850.0,30.0,10.0,15.0,industry_commerce_and_business
b1155d555059310e04305e94fcd42746,5.0,900.0,40.0,30.0,30.0,industry_commerce_and_business
d433ccd6963b166039d9d943a9015edc,1.0,4100.0,35.0,20.0,35.0,industry_commerce_and_business
8e7a3ee016b12c87b5e3e7e717620758,4.0,850.0,40.0,30.0,30.0,industry_commerce_and_business
3986c6e32f39114eff1ded07f1cb16fb,2.0,413.0,16.0,12.0,14.0,industry_commerce_and_business
46db0dde1927a25320bf418fa784b2e4,1.0,2050.0,35.0,20.0,30.0,industry_commerce_and_business
e233b5d790d4c512c5cc1d6c0ff94f55,1.0,400.0,20.0,8.0,17.0,industry_commerce_and_business
5f3a6b9196dde7e3702ec07bbdd34fab,1.0,950.0,30.0,20.0,30.0,industry_commerce_and_business
54e5063e43f27f747d592eb24e913150,3.0,3950.0,16.0,103.0,25.0,industry_commerce_and_business
2bf749803c44ed8670283404d3c2140b,1.0,10750.0,52.0,12.0,32.0,industry_commerce_and_business
2ad2f5e9d792e5c06603614f2f681c26,1.0,1900.0,30.0,15.0,28.0,industry_commerce_and_business
9ae313787aac6da72ff95077f3465ea7,1.0,6600.0,40.0,20.0,40.0,industry_commerce_and_business
edf3fcc4ffbf81855bbf404a5274ceee,1.0,850.0,30.0,20.0,30.0,industry_commerce_and_business
e8aa7bbd775831bc6bdc900a9bf5d75a,2.0,400.0,23.0,5.0,17.0,industry_commerce_and_business
9c3225fb1d3bb4943cf7be6afa4b4246,3.0,9225.0,61.0,61.0,30.0,industry_commerce_and_business
a668879a637b097eb47536fdb31d3ce1,7.0,800.0,40.0,30.0,30.0,industry_commerce_and_business
f5eafd694f3a7959e352920537496c7c,1.0,8400.0,36.0,25.0,44.0,industry_commerce_and_business
9805b37a2e4983fb5dbb5c8168590c44,2.0,2138.0,77.0,26.0,18.0,industry_commerce_and_business
d4b5e9f5b09b266d88471826549ae94b,1.0,10300.0,48.0,37.0,30.0,industry_commerce_and_business
0cb386dab759a2f5e6dc75314cdc68a5,1.0,6400.0,42.0,30.0,22.0,industry_commerce_and_business
9bdb80cc5cad441e3818ce85c23ba172,1.0,1350.0,30.0,20.0,30.0,industry_commerce_and_business
f42229541a6335f3ed5268439ea9f414,2.0,4350.0,16.0,103.0,25.0,industry_commerce_and_business
eb1549e153933dfee0b9589cb1ae1b64,2.0,4550.0,40.0,20.0,40.0,industry_commerce_and_business
48c454cc27f02a4e40c8971eb898b30c,1.0,2100.0,35.0,20.0,35.0,industry_commerce_and_business
2bab55f6233b0221e968b4b5283ba064,1.0,3050.0,35.0,20.0,35.0,industry_commerce_and_business
6caea101e4c5049412e73cd5e6c03876,1.0,3100.0,30.0,20.0,30.0,industry_commerce_and_business
2167c8f6252667c0eb9edd51520706a1,1.0,7750.0,36.0,51.0,18.0,industry_commerce_and_business
3a97c39e9f9403887cba9e4fe7bd789f,4.0,850.0,40.0,30.0,30.0,industry_commerce_and_business
0c35aab0ba0e5a36a652fc2b10f2c102,2.0,4917.0,33.0,23.0,33.0,industry_commerce_and_business
16d903db54452c6e230d4750b57926de,5.0,5000.0,45.0,27.0,36.0,industry_commerce_and_business
48401d4a555fd20aa93a202a4ed3b598,1.0,250.0,16.0,11.0,16.0,industry_commerce_and_business
6def67bdc7378646b16c6efa3a78ba0b,1.0,16750.0,17.0,32.0,32.0,industry_commerce_and_business
2084c51a6e1430640e5acf4443da90f5,1.0,200.0,16.0,11.0,16.0,industry_commerce_and_business
15ba996726b61ab95153368a8082c5d7,1.0,7000.0,40.0,30.0,40.0,industry_commerce_and_business
b1448ab856adbb8dc6ea2ba9489f555a,1.0,16650.0,30.0,18.0,24.0,industry_commerce_and_business
506a50e2a24273052e1ed28217b78733,3.0,400.0,23.0,5.0,17.0,industry_commerce_and_business
d5faac00dfa98a995784493a3ea08a05,1.0,2000.0,30.0,20.0,30.0,industry_commerce_and_business
4cafc445fc7535c3b41b8978c0ce68dc,1.0,5550.0,36.0,51.0,18.0,industry_commerce_and_business
c98e85b5ade7e2b6ebf0c0435334965f,3.0,350.0,19.0,12.0,14.0,industry_commerce_and_business
65194d9ad03e8206e3a9848f405942f1,1.0,4850.0,40.0,25.0,30.0,industry_commerce_and_business
62177bb58dda374cc02e6cd2616996a1,3.0,850.0,60.0,30.0,30.0,industry_commerce_and_business
173255396ec907ab516d3848dbcc98da,2.0,27000.0,105.0,18.0,35.0,industry_commerce_and_business
716b606a119bc544bbda57aa94853f0d,3.0,10250.0,104.0,16.0,35.0,industry_commerce_and_business
8246b1e9198f46fc3c05900f43568ba6,3.0,1750.0,16.0,35.0,16.0,industry_commerce_and_business
5f46453d68bdb906e786b6e03e9236c6,1.0,900.0,30.0,20.0,30.0,industry_commerce_and_business
091e1ab4eb3b6b2eab091cfd2cd002f2,4.0,24950.0,104.0,25.0,35.0,industry_commerce_and_business
9b4d597238711e4dfc04d98bb2e5ed17,4.0,5200.0,38.0,30.0,25.0,industry_commerce_and_business
88e84a987b4681434dedc0bc9e00826b,3.0,7800.0,16.0,105.0,30.0,industry_commerce_and_business
e59c256dc4c4c950e3c71ac153a18c9d,1.0,1250.0,39.0,15.0,23.0,industry_commerce_and_business
437ae72c066abf24996b52549bbb6432,1.0,300.0,80.0,50.0,50.0,industry_commerce_and_business
cc94c5f27ae497887be368de47c43d6a,1.0,7400.0,45.0,15.0,45.0,industry_commerce_and_business
d04bbac48960ecb7ea311b00ca6e1cb7,4.0,11325.0,18.0,105.0,30.0,industry_commerce_and_business
0a2baff646a591a97387bbe599a7565d,3.0,675.0,25.0,30.0,26.0,industry_commerce_and_business
e806247d6aa5e86da4bbbd4a933e0b36,5.0,11950.0,16.0,103.0,25.0,industry_commerce_and_business
262e7c8eaed86e7aca83dcdaadc5a115,1.0,6100.0,28.0,8.0,28.0,industry_commerce_and_business
74c45f01e6d11ff78ab287eb985f7343,4.0,5417.0,46.0,52.0,19.0,industry_commerce_and_business
d7f8b7443f6ae5796dabe493521a1e79,2.0,30000.0,105.0,43.0,46.0,industry_commerce_and_business
6b75ce117b8fcc75289cb6cbe589de6c,1.0,455.0,36.0,18.0,27.0,fixed_telephony
c2aedc6c0521b9c1fd928f2b2375d5d6,3.0,400.0,20.0,30.0,11.0,fixed_telephony
f997c8ca952938be7b2d487f761c7e76,1.0,99.0,22.0,3.0,16.0,fixed_telephony
c83bfa25f218562a2db2cb8abce10e1e,2.0,100.0,16.0,16.0,16.0,fixed_telephony
18bbb32704d17a575910a8cf8089bce4,1.0,725.0,22.0,12.0,17.0,fixed_telephony
a8f6902216234a2535986d89451f9ad7,2.0,800.0,16.0,28.0,25.0,fixed_telephony
f45992b1a19d4d13c6260492eb703aee,6.0,300.0,19.0,6.0,15.0,fixed_telephony
bde643c31f72e37dd1aac0c43e130ddc,1.0,2150.0,21.0,21.0,21.0,fixed_telephony
22a0a4cfaf39559db703230823bdc13a,1.0,429.0,18.0,13.0,13.0,fixed_telephony
94e87c8d2cac9ca6fa8c91b99712caaf,2.0,675.0,20.0,23.0,19.0,fixed_telephony
3b2d562ba6c9d15492a868f38b896e84,1.0,900.0,21.0,8.0,22.0,fixed_telephony
2ace3826b9a1b13030adc77ae9ae7902,2.0,750.0,30.0,10.0,20.0,fixed_telephony
a2746ab0f7535d34316ed109d859d7f4,1.0,500.0,17.0,13.0,14.0,fixed_telephony
19685f2e45de3c3b733029b54a2c0d9c,4.0,1450.0,21.0,16.0,16.0,fixed_telephony
c7b28fe2ce0fe3c1e58fdb5ccfce9079,3.0,200.0,19.0,5.0,11.0,fixed_telephony
7c252e2828f4198b4bcbdbe1bce858ea,3.0,1900.0,21.0,21.0,21.0,fixed_telephony
b6381477a9bdb75f7c1c97478ab25467,3.0,100.0,16.0,4.0,11.0,fixed_telephony
81227b918dc751995a7301b5f38437b8,1.0,750.0,27.0,12.0,27.0,fixed_telephony
1a2d84c11fbc7b3d7c0a10206c085ce5,3.0,100.0,16.0,4.0,11.0,fixed_telephony
424f4447cd353ab72ef3675274617751,3.0,100.0,19.0,3.0,11.0,fixed_telephony
5f8c8e55a203357be71e318167b70a0c,2.0,842.0,23.0,20.0,21.0,fixed_telephony
7acc602a5598de7992eb7d3b4e080b7d,2.0,1700.0,22.0,9.0,30.0,fixed_telephony
19936fa4f614ee0590d3b77ac83fd648,2.0,1100.0,20.0,16.0,20.0,fixed_telephony
637641add87a760737226d3771e1782c,3.0,200.0,19.0,3.0,11.0,fixed_telephony
e4f61b606514ddd78124fd38f3433155,1.0,2550.0,100.0,20.0,30.0,fixed_telephony
9c8175269cef413a4b94529295cc1991,4.0,394.0,21.0,16.0,17.0,fixed_telephony
af56f441a3b2e3181eeeb71ac93a6749,1.0,700.0,16.0,8.0,16.0,fixed_telephony
15c8a0cce7382cf9029bfcb3998cfb7e,5.0,2400.0,26.0,26.0,26.0,fixed_telephony
a659788120c4b831cd5ffed90dba8072,3.0,456.0,16.0,15.0,17.0,fixed_telephony
6d426dd1336e5a7d34470ae65bc68abf,2.0,3060.0,30.0,11.0,26.0,fixed_telephony
2ab3937e84ae4f7c4b6549b05c95df0b,8.0,100.0,20.0,15.0,20.0,fixed_telephony
c58c4a2286822275285e4fae432accbc,9.0,200.0,20.0,15.0,20.0,fixed_telephony
0a5ae82bab180da12f59a70b21605f92,1.0,850.0,16.0,8.0,16.0,fixed_telephony
44af7e0083e6ebeeeae5da438472d189,4.0,1450.0,20.0,12.0,22.0,fixed_telephony
7f61bd19ec09e7fe8a9fa226b516e6cd,1.0,850.0,43.0,30.0,33.0,fixed_telephony
ee33a2ccba10e33e8184c1b7be9ecf7d,2.0,200.0,19.0,5.0,11.0,fixed_telephony
c8e327c0df61bc66cdcf76a588c80154,5.0,1700.0,25.0,22.0,24.0,fixed_telephony
ec58535d820b93edc3f1cfde52290334,1.0,950.0,28.0,7.0,21.0,fixed_telephony
4ef9e7430e9943ddad2f1b194480ecc8,4.0,600.0,23.0,14.0,19.0,fixed_telephony
00c794371af4dc7c5b6ba3ef913556bb,4.0,150.0,16.0,4.0,13.0,fixed_telephony
33abaf0c29c14849fa5163226ef1560e,9.0,100.0,19.0,3.0,11.0,fixed_telephony
199edc405b7080eeba36e77ef66d1ea1,3.0,1900.0,21.0,21.0,21.0,fixed_telephony
51d6e4daf9bf0f6a2920a4bd23be3960,1.0,804.0,17.0,13.0,14.0,fixed_telephony
bb0697bdc552a255c992d331ca09afe3,2.0,500.0,20.0,10.0,20.0,fixed_telephony
290ada89b05e1dca2a4fe42f1cfc012e,3.0,300.0,19.0,5.0,12.0,fixed_telephony
46e5995ddd4728e50343ef6bdb45b75f,3.0,800.0,18.0,22.0,18.0,fixed_telephony
213875479a90df7b399cee17003be95c,2.0,800.0,23.0,6.0,23.0,fixed_telephony
d8b8d1f52d47dbbb51aa6990c3942402,11.0,100.0,19.0,3.0,11.0,fixed_telephony
2d345ff10108fba24af9fb50ba534bc0,10.0,100.0,19.0,3.0,11.0,fixed_telephony
57a1b8771e227c7730164db309106c98,1.0,688.0,30.0,18.0,21.0,fixed_telephony
f5ea2987f3303da7ac961ca96223909b,5.0,150.0,17.0,4.0,12.0,fixed_telephony
20ae7c024ede613f47e0d2f23f461493,1.0,330.0,17.0,11.0,9.0,fixed_telephony
193d170dd2f6849cf0cb92791a6a623b,1.0,476.0,21.0,15.0,17.0,fixed_telephony
040088789b98987ea1df150fd7fabfd7,4.0,140.0,16.0,10.0,14.0,fixed_telephony
aeecb1d0e5d4d5ccc3fcfe6fe91103b6,5.0,2100.0,30.0,30.0,20.0,fixed_telephony
db51982bc43b26164c29605b8ed140d6,3.0,100.0,19.0,3.0,11.0,fixed_telephony
80e93c9ff199f2b00ecc1962d520c339,1.0,1100.0,30.0,7.0,20.0,fixed_telephony
c12f337b7701b3ed6ff08588e9bfed27,1.0,105.0,14.0,10.0,15.0,fixed_telephony
38d2319e71779e74d3f37e0f5cf8a5a5,3.0,850.0,16.0,9.0,14.0,fixed_telephony
c9da1aa6e29221a1aabf1131aa2134e8,3.0,290.0,17.0,8.0,13.0,fixed_telephony
f07ef9dd6e2d9a366ff30a25e210be70,2.0,900.0,20.0,20.0,20.0,fixed_telephony
f327c74114a7eabe18ba572a0ad10105,5.0,1850.0,26.0,21.0,23.0,fixed_telephony
dffb26377d60bf9bd5bd4cd856e9dbb4,2.0,1100.0,16.0,21.0,18.0,fixed_telephony
f4a53b6154c996879ab3efb88b2af77e,3.0,150.0,16.0,4.0,11.0,fixed_telephony
bfdf870440db3d003d76d1a9085fcd2b,2.0,331.0,21.0,13.0,17.0,fixed_telephony
a5340098c26b85e9bc7e7fd8e97fc50f,8.0,200.0,19.0,5.0,11.0,fixed_telephony
f0c39c49847d1eab4dae5245694acd3e,2.0,400.0,17.0,8.0,13.0,fixed_telephony
edb124ed00c0f8105a1504abd169aabd,2.0,6050.0,40.0,30.0,30.0,fixed_telephony
7403af89b9c7d9c9eb4e5b25b5d492bd,1.0,50.0,19.0,3.0,11.0,fixed_telephony
42a953368300be8c91cc2fc62fda2aba,3.0,255.0,16.0,12.0,13.0,fixed_telephony
82029e5d2411cd3a74021d94ee87d457,2.0,508.0,16.0,17.0,17.0,fixed_telephony
fb5dcf669bb92534be46c2fef1131651,9.0,2250.0,23.0,6.0,23.0,fixed_telephony
7743659ed8c624dbee1d9806c3396064,3.0,900.0,18.0,20.0,17.0,fixed_telephony
79bcd1f7f00535c801244eb999d8d290,3.0,300.0,17.0,8.0,13.0,fixed_telephony
1d828db422e61ea21702baf9eda8732d,3.0,100.0,16.0,4.0,13.0,fixed_telephony
3a621027279799b05b8b6492a92308ca,3.0,65.0,19.0,3.0,11.0,fixed_telephony
389d38a555287ebf3413ce43392cf007,1.0,400.0,16.0,2.0,11.0,fixed_telephony
666b4be3c007e9e960642dd6e0d88b17,3.0,150.0,16.0,4.0,20.0,fixed_telephony
4b5b5541f871f879ee44aa461968e90b,3.0,100.0,19.0,3.0,11.0,fixed_telephony
df6a5d0fac12bbc9f8655908abb5711f,4.0,700.0,16.0,2.0,11.0,fixed_telephony
b709188b458871de07fd90a08dbcd1f0,2.0,150.0,16.0,4.0,11.0,fixed_telephony
2c0b52e701cc59a38908d46a131e94b6,4.0,387.0,24.0,10.0,20.0,fixed_telephony
64673f20839446c1eb744c7d5c299db7,2.0,600.0,20.0,16.0,20.0,fixed_telephony
1454b29e83ab2f8bf6b4102736498ff5,2.0,500.0,16.0,10.0,15.0,fixed_telephony
99bd85f037a9dd88ccdb6c4c1ae0d23c,1.0,50.0,19.0,3.0,11.0,fixed_telephony
f400f539d0b021c06eb35f6838690e09,2.0,550.0,20.0,20.0,20.0,fixed_telephony
d670c0f6be30a062ebd8f8612ea82d71,3.0,450.0,16.0,8.0,16.0,fixed_telephony
5769ef0a239114ac3a854af00df129e4,3.0,750.0,16.0,16.0,16.0,fixed_telephony
afb83a05bfcf46258f04ce060671d5b4,5.0,150.0,17.0,3.0,12.0,fixed_telephony
913580fde3e72c3b3e4ce0b79963bee6,4.0,100.0,16.0,5.0,13.0,fixed_telephony
b4f9530c931398e215242293c2c8ba4c,3.0,283.0,20.0,9.0,15.0,fixed_telephony
ed8aca7716a90fa417b618729f8dba69,2.0,150.0,16.0,4.0,11.0,fixed_telephony
89feadc2b7a8f393fa1eb9311e88e13a,2.0,100.0,18.0,2.0,11.0,fixed_telephony
2a4cea102e8cd86bbff7d6c4f17a459a,5.0,1600.0,16.0,16.0,16.0,fixed_telephony
6536314c94d43b787fc1c622941da14b,3.0,100.0,19.0,3.0,20.0,fixed_telephony
777ce6cfb2608acfd20cd07f80094e72,1.0,1100.0,22.0,10.0,20.0,fixed_telephony
4633dfeb3a2588bdb52af32d504b44eb,4.0,150.0,16.0,4.0,11.0,fixed_telephony
d87a746a8c32da19aabdddac8b632877,3.0,100.0,19.0,3.0,11.0,fixed_telephony
0768657d39e02ff11e1a30708e010588,2.0,200.0,16.0,2.0,11.0,fixed_telephony
80dfe643d04536672f84431155e07728,1.0,200.0,19.0,5.0,11.0,fixed_telephony
4d7585daba2f8b3ed7f87447908b4237,2.0,300.0,15.0,8.0,9.0,fixed_telephony
f9e4900e477f557c368d218065353b5a,1.0,90.0,19.0,3.0,11.0,fixed_telephony
abba22ec8f8647474e51e996d74da8e7,5.0,1000.0,24.0,6.0,24.0,fixed_telephony
665adf6cc6e09e6a770ba182ea6a50f1,3.0,441.0,24.0,18.0,20.0,fixed_telephony
3801f58e89610213b829e4b6adb9556a,4.0,2300.0,20.0,12.0,33.0,fixed_telephony
541a45a6bdb24eadd2342f4c9687d5ef,2.0,550.0,23.0,17.0,17.0,fixed_telephony
6b2c1aa8429875eb5ade006973f8bad8,3.0,90.0,18.0,7.0,13.0,fixed_telephony
408dc0e1523c3915352e552a1a23c663,2.0,666.0,19.0,17.0,16.0,fixed_telephony
5be25cbe1b150d16b7809060ffe1ce0b,3.0,200.0,19.0,5.0,11.0,fixed_telephony
6f431420cb4f91e9c20f89e83abd17d9,11.0,100.0,19.0,3.0,11.0,fixed_telephony
1314f921440038604b4bf1e1b18204d6,1.0,447.0,19.0,14.0,18.0,fixed_telephony
d556492cb91418b6a9d9613592b4367f,1.0,100.0,19.0,3.0,11.0,fixed_telephony
68d9c8a95d2b7cb57efe9e1e929bdd6a,3.0,100.0,16.0,2.0,11.0,fixed_telephony
d4999f0bb50fc62456d99006bfd328fb,4.0,450.0,16.0,8.0,16.0,fixed_telephony
6de2587eae9fb1ee54a853aac774ade1,3.0,200.0,19.0,5.0,11.0,fixed_telephony
01586bfbe1d5449887f1cac4ad1fbd02,1.0,125.0,17.0,6.0,13.0,fixed_telephony
9138555a5066b7f16bf15e75c7db067c,6.0,540.0,16.0,27.0,16.0,construction_tools_lights
7683fe3e73bd7af6d0f6a6ed497cb04a,4.0,1450.0,60.0,5.0,30.0,construction_tools_lights
b9055c6417cea84a8198fec56ff6148f,1.0,2350.0,30.0,30.0,30.0,construction_tools_lights
26b2a480ced2900a62bb9431133e95aa,1.0,1050.0,16.0,19.0,16.0,construction_tools_lights
783caabd539c4079ec08423e30719fba,6.0,500.0,35.0,14.0,23.0,construction_tools_lights
da2fa693964fb1caddb581348b7b592c,1.0,7150.0,53.0,26.0,53.0,construction_tools_lights
f0f8e8693b43bde9ee1a7eedfe3d067b,2.0,7900.0,20.0,16.0,59.0,construction_tools_lights
cbece6847b36d3dc8a96c42da245ca80,1.0,750.0,16.0,20.0,16.0,construction_tools_lights
732a5a52382de386f82728b54616c44c,2.0,950.0,20.0,16.0,37.0,construction_tools_lights
cba1a3cf642112a308969fdb2c9f687d,3.0,600.0,21.0,30.0,21.0,construction_tools_lights
617b2c9690ee4be07358dea49773c281,1.0,1050.0,36.0,10.0,36.0,construction_tools_lights
fbb72ae209733219a1a5019715b15472,1.0,1300.0,22.0,22.0,22.0,construction_tools_lights
9ecf1e9d0607fc9074feb78fa8d8cc95,1.0,1450.0,20.0,20.0,20.0,construction_tools_lights
5c9d92777b62444d9fbffe92338d9e21,1.0,750.0,28.0,5.0,25.0,construction_tools_lights
dbfc56759eb2cf348fed10084dd344f7,1.0,600.0,16.0,16.0,30.0,construction_tools_lights
1fcbdcb14ed564faddf72bbcef855036,3.0,300.0,16.0,10.0,16.0,construction_tools_lights
4bcb67b81458cc5721ed9455dae41b8c,1.0,900.0,40.0,40.0,30.0,construction_tools_lights
fcda3a9193321b42d5b6177aa4f9e3ed,2.0,300.0,16.0,8.0,12.0,construction_tools_lights
d16f26b828b30dea74ce1eba8d9b396d,1.0,6500.0,42.0,22.0,42.0,construction_tools_lights
37f4d0bf85fbf875c920d460766d6a5c,6.0,500.0,35.0,14.0,23.0,construction_tools_lights
eaa53c85856d19bc9f611f5628b4ce7b,4.0,600.0,38.0,15.0,25.0,construction_tools_lights
b3f477c2a1fa5dd064834826a5829be2,1.0,600.0,30.0,30.0,30.0,construction_tools_lights
a2f108447e5847c9edd533c37908bf01,2.0,300.0,20.0,20.0,20.0,construction_tools_lights
5ffeff2ac45b628674ce03e75ce4d6e3,1.0,650.0,19.0,9.0,15.0,construction_tools_lights
f079179d711d2c815ac8e54fdfe70a3b,1.0,1450.0,30.0,32.0,11.0,construction_tools_lights
45ee3ca82eaea35e1e304f83871ffca4,1.0,1350.0,36.0,10.0,36.0,construction_tools_lights
059344baebbeaa42fa9f2bbe11b1583e,4.0,1400.0,24.0,15.0,38.0,construction_tools_lights
8e05d659efa36ce4bbc0a299a870f4af,1.0,1050.0,16.0,20.0,16.0,construction_tools_lights
e1310a0690f541f25a1d33cf395d5407,1.0,350.0,16.0,32.0,16.0,construction_tools_lights
31ec3a565e06de4bdf9d2a511b822b4d,2.0,750.0,30.0,28.0,28.0,construction_tools_lights
b729b323907bd67bdadd1920e349cb25,2.0,550.0,16.0,16.0,16.0,construction_tools_lights
4316b712956314302c5d0aef9ed77c13,4.0,150.0,16.0,8.0,13.0,construction_tools_lights
924c635d837c240da3956f3c28c1e6f4,1.0,700.0,16.0,19.0,16.0,construction_tools_lights
3fde071523d485031f4f0fc9fe1c42e4,1.0,1650.0,34.0,33.0,11.0,construction_tools_lights
a02d0123079f4ae96001ba2010d1a2df,1.0,12000.0,45.0,35.0,45.0,construction_tools_lights
87f87c717c93f801e1a62367ce5ff63f,1.0,2500.0,34.0,16.0,23.0,construction_tools_lights
7c433a3314f8ce018f386af369d96d61,4.0,525.0,23.0,11.0,23.0,construction_tools_lights
d9235fea02ba3f9fafcd78d898ac4355,5.0,1300.0,22.0,15.0,18.0,construction_tools_lights
c7d27a4e976afb541a3af538a7594f72,1.0,400.0,30.0,15.0,15.0,construction_tools_lights
01d40fca05c4227b987ee069be837b49,2.0,9700.0,20.0,16.0,101.0,construction_tools_lights
92291ca5b617b6ee1259736eb5ad114f,2.0,200.0,16.0,11.0,16.0,construction_tools_lights
216bb0e0cd43ffd832e0973d35e0377e,6.0,200.0,16.0,16.0,16.0,construction_tools_lights
90d6c0080350ceabdb86561709163786,3.0,400.0,20.0,20.0,20.0,construction_tools_lights
e58a56ad705cc3e02d6db9ae1a16c406,4.0,150.0,20.0,10.0,20.0,construction_tools_lights
3169599d82995a40fa97869fb853cdd2,7.0,500.0,17.0,27.0,17.0,construction_tools_lights
17d4983a8766060a5977b2ea679617f6,7.0,1050.0,25.0,20.0,20.0,construction_tools_lights
2ed6a60d8d1687aa377a1d37746664eb,1.0,1800.0,36.0,10.0,36.0,construction_tools_lights
5a75c30c323b0ae56499ef163504648a,1.0,3750.0,50.0,50.0,50.0,construction_tools_lights
197f7d1d3a8b0bf0c8f0394ff71b574b,1.0,250.0,16.0,17.0,17.0,construction_tools_lights
8e0be6304c4a94268be42e2d8dfaded9,1.0,1050.0,16.0,20.0,16.0,construction_tools_lights
21af4f32f6f1cab0bb13d7563dc06e70,3.0,700.0,16.0,19.0,16.0,construction_tools_lights
b4a47c0cbd9405faf99bd341602a206a,1.0,200.0,19.0,22.0,13.0,construction_tools_lights
cfba8f6c12ed108481d6879597b7b521,3.0,450.0,16.0,16.0,16.0,construction_tools_lights
8b8b30bd6b299fdb35de1da9e288014e,3.0,600.0,47.0,8.0,13.0,construction_tools_lights
3d63afec955956d47d796237f6725cde,2.0,200.0,17.0,10.0,13.0,construction_tools_lights
7d8859255a3df42a5358837fc88850a7,1.0,7650.0,20.0,20.0,20.0,construction_tools_lights
5b3e84d222c3b93e0967d608cefdd472,1.0,15750.0,70.0,40.0,40.0,construction_tools_lights
349ce46a0e2e20054aa9d80c48af8816,1.0,1300.0,16.0,19.0,16.0,construction_tools_lights
1302fd16bdfe85e523940c846370ef2c,1.0,13450.0,95.0,30.0,20.0,construction_tools_lights
bfea93163f55ed2b752b71963493ded8,2.0,2700.0,20.0,16.0,37.0,construction_tools_lights
f7c98cd8b2d4d3b9a2d1322721e60a5a,1.0,3200.0,18.0,23.0,25.0,construction_tools_lights
df9a33adaae6a97fd84067deb1074b6f,1.0,450.0,16.0,16.0,16.0,construction_tools_lights
2584470c4e2f1fe771b2313ccfb36cdf,1.0,650.0,36.0,18.0,25.0,construction_tools_lights
f0bb82bede57b520480ce892667bb71d,1.0,700.0,16.0,16.0,30.0,construction_tools_lights
66f2a9b44099e193e02f633ef51755fb,5.0,1750.0,20.0,23.0,31.0,construction_tools_lights
a1eae0ed718c783a4c0dfef382d31ee4,1.0,4000.0,40.0,45.0,40.0,construction_tools_lights
ca112abaf32e02d400ee34f6352b8f44,1.0,200.0,22.0,22.0,22.0,construction_tools_lights
9d1893083966b9c51109f0dc6ab0b0d9,2.0,1000.0,16.0,20.0,16.0,construction_tools_lights
72ff94ec344eb61096393776f2f1ab8c,4.0,1500.0,30.0,20.0,20.0,construction_tools_lights
fd538a6af86a4b1b8546ec67d04a6323,1.0,7700.0,36.0,35.0,35.0,construction_tools_lights
330cef1e4abdc583a07dc02a38dcffa7,1.0,6750.0,42.0,23.0,42.0,construction_tools_lights
7a054d17dc450583ed639068a9298afd,1.0,5250.0,50.0,50.0,50.0,construction_tools_lights
250448da216b8ed83a1afa9b092fd938,1.0,3900.0,53.0,13.0,53.0,construction_tools_lights
22a9261581e6b57ea62af3efbd6975a0,1.0,450.0,22.0,22.0,11.0,construction_tools_lights
eede3ead395a8bdfb3ca7cbf6e0cb421,3.0,300.0,19.0,16.0,16.0,construction_tools_lights
8365b258a7ca21a31b8c972495efd2f7,1.0,4100.0,36.0,23.0,11.0,construction_tools_lights
01cb96c64e8e35f29826a58963f6ecc5,2.0,7100.0,43.0,23.0,43.0,construction_tools_lights
bf4538d88321d0fd4412a93c974510e6,1.0,1700.0,16.0,19.0,16.0,construction_tools_lights
c04b8195870068ff5c495f269a0bc993,1.0,1100.0,29.0,3.0,21.0,books_technical
5563f6b699b362e1bd6a2e1e650f52bd,1.0,2050.0,29.0,5.0,21.0,books_technical
75747bce1abad71ec9edfb9ca6dd509c,1.0,450.0,29.0,2.0,17.0,books_technical
bdf5efab9b8b85e6a49603007646f763,1.0,213.0,21.0,2.0,14.0,books_technical
ca17b18b38db6e0d2c33d362322f2a06,1.0,1900.0,30.0,6.0,30.0,books_technical
ce87eb0f80420c505b53adef21bf93d6,1.0,500.0,23.0,2.0,16.0,books_technical
df3975eccff1508fbdf8874d3b4edadc,1.0,500.0,25.0,4.0,18.0,books_technical
44feb28a74abb0f2f303412d60160750,1.0,500.0,25.0,3.0,18.0,books_technical
1589d392201547c9b78a117c0e2191dd,1.0,450.0,33.0,6.0,22.0,books_technical
173e9fe34bfe97f3a5e6dc57fe897b74,1.0,950.0,29.0,3.0,21.0,books_technical
8209695ad737d7180eee4aa7f734f579,1.0,900.0,25.0,5.0,20.0,books_technical
ffd60d515c690a976c497e75cd2336f4,1.0,250.0,23.0,2.0,17.0,books_technical
5b74831156cb4a6957d9a00caa41d4ea,1.0,350.0,23.0,2.0,16.0,books_technical
364c1b9489e407ae88e1d12e89514428,1.0,1900.0,17.0,7.0,23.0,books_technical
fcd119ff3868ddbb0013932039418ede,1.0,550.0,24.0,3.0,17.0,books_technical
bb08ae1ab72eab2720e31508966b7742,1.0,250.0,21.0,2.0,14.0,books_technical
2885aad25d7d1963d3731a9a6ec86306,1.0,250.0,40.0,2.0,12.0,books_technical
cfcb14e1f3b7ac5213b4e2ae7697598b,1.0,350.0,21.0,2.0,14.0,books_technical
69268ea255c0a531db56f066777fdcf1,1.0,1300.0,29.0,3.0,21.0,books_technical
822448321a1c019d77daab0994ffee35,1.0,1250.0,29.0,3.0,21.0,books_technical
8c0794180bc059d1af097905d7352cfa,1.0,2000.0,30.0,4.0,23.0,books_technical
d500c64ef3ac31087d21f93faacec268,1.0,2000.0,30.0,3.0,21.0,books_technical
b44ac72ece514e2e7985803cf7cefbc5,1.0,367.0,18.0,5.0,15.0,books_technical
84ec15b5b36b11ff02a74d3b81bc96cc,1.0,600.0,23.0,3.0,16.0,books_technical
469ef39f0ddc59c8913d9d5a62318e40,1.0,110.0,33.0,6.0,22.0,books_technical
848ee292f94a4a1f90568ee34d264353,2.0,800.0,24.0,2.0,17.0,books_technical
237428d1c44f69d9f7eb073c1baf34e5,1.0,1300.0,27.0,2.0,19.0,books_technical
04808b9886b62b9c06b4c433e420dfbf,1.0,500.0,23.0,3.0,16.0,books_technical
602683dfc9bccec955b0527af47a15ed,1.0,650.0,23.0,3.0,16.0,books_technical
58af7b4490d18df213fb7c5e7a42ce97,1.0,700.0,27.0,3.0,19.0,books_technical
234af61e508645c6c1a470b8be9e28f2,1.0,995.0,27.0,6.0,20.0,books_technical
b431c295eebd586febf73553f262bbcf,1.0,1500.0,29.0,3.0,21.0,books_technical
7be98a47ebb9ce48dfa91163428bb9d9,1.0,2800.0,29.0,5.0,24.0,books_technical
74b68e3a8bb6c6528cf025d1549bc74a,1.0,1100.0,29.0,5.0,22.0,books_technical
924a205abfeafade92cf663f19265e94,1.0,700.0,29.0,2.0,21.0,books_technical
e65ab426efaf65e083b917d2e9eac80d,1.0,500.0,22.0,22.0,13.0,books_technical
b15dbbf17c3f7db9d6e9acff41c34ab8,1.0,1250.0,29.0,5.0,21.0,books_technical
761989673935a5d17b8ea130576beb2a,1.0,400.0,26.0,2.0,19.0,books_technical
0c90ffc8c44fe5d3e020002cc4da9496,2.0,150.0,22.0,2.0,15.0,books_technical
654ccc4e5459e7ba6b8d9fb04c45b9db,1.0,300.0,28.0,2.0,18.0,books_technical
4320c4939b8e02c48b7fcbbd2674fb86,1.0,200.0,22.0,22.0,12.0,books_technical
69201d0b228c325952d3585abf43d66e,1.0,800.0,18.0,22.0,11.0,books_technical
0b910ddd6185e20c016c2113fc864eb4,1.0,4150.0,29.0,5.0,21.0,books_technical
d39d1b0a696aa782911206ec3c023ab1,1.0,300.0,21.0,2.0,14.0,books_technical
04e4e5d3a78ebbd1a943769293829c68,1.0,900.0,25.0,3.0,18.0,books_technical
0c9a1721e65cea1561c531b0e166cb1e,1.0,350.0,21.0,2.0,14.0,books_technical
4fffe01ed3a51b4d770387d00c4d1d64,1.0,200.0,21.0,2.0,14.0,books_technical
368e069951582162e3d1d2151051e978,1.0,1200.0,40.0,2.0,17.0,books_technical
4e3f399366b0047a572b6682f9bb166e,1.0,300.0,23.0,2.0,16.0,books_technical
ebb7abe5ebd35c40595ab16a4ada5c9d,1.0,550.0,23.0,2.0,16.0,books_technical
edd087ed331c3ce178ec3489b9ecf117,1.0,2450.0,20.0,30.0,22.0,books_technical
933e747b4512a8047e809f90b98d5eae,1.0,1000.0,25.0,5.0,20.0,books_technical
93f7388e80dcc16be349c47fc83f56d0,1.0,700.0,27.0,4.0,19.0,books_technical
d202f59ac5acd0b1dc1049b8b368cbfd,1.0,950.0,23.0,3.0,16.0,books_technical
3a4113a7009a9fda9cc0021c98b74332,1.0,550.0,24.0,4.0,18.0,books_technical
15562257608ee6ca7974526ef79eacda,1.0,400.0,16.0,2.0,23.0,books_technical
514a9597737e8355eb57932c4f1faf9b,1.0,800.0,23.0,3.0,16.0,books_technical
b8998cc6607a73af89458be145ae150d,1.0,600.0,17.0,24.0,11.0,books_technical
e77ebe35bf8e1b846da15aabbc1247e9,1.0,450.0,23.0,2.0,16.0,books_technical
043f9194337f5d8cd7092f581e0bc394,1.0,1100.0,25.0,3.0,18.0,books_technical
3f34959740c72f0e661df7d18465c955,1.0,1000.0,24.0,5.0,17.0,books_technical
d8f1b415091ab79b62ac80443d865ca6,1.0,2400.0,30.0,5.0,23.0,books_technical
05b4834511e1cdb34899d52589ac9271,4.0,850.0,17.0,2.0,24.0,books_technical
781883ae609d8782630ad91af967e018,1.0,700.0,26.0,3.0,19.0,books_technical
0e10dd7cc1cc793351f0a259df91cdfa,1.0,500.0,17.0,24.0,11.0,books_technical
a8b5e02c7f69ca5ccdfa99417079d135,1.0,2050.0,28.0,5.0,21.0,books_technical
1da502ed939a029f4bee6cdc8341b4ac,1.0,600.0,23.0,3.0,16.0,books_technical
ffedbd68fa6f44e788ff6c2db8094715,1.0,450.0,23.0,2.0,16.0,books_technical
8e96968cb84d255da9c325f3906909ad,1.0,400.0,33.0,6.0,22.0,books_technical
f0d393949e1e06ecb628e7ad8ebd3bab,1.0,600.0,29.0,2.0,23.0,books_technical
e3991d2e1045bf9b4f3474f50d5df842,1.0,750.0,31.0,3.0,27.0,books_technical
180fa760feb6277fe75df285149fee2b,1.0,350.0,25.0,6.0,20.0,books_technical
0d1d4c0ee61f3136062c253eb289a3e7,1.0,650.0,28.0,4.0,20.0,books_technical
4eda4a7eac36a8ff69db8880c4d95b7b,1.0,5150.0,100.0,10.0,20.0,books_technical
4f823b57fbf2a359f9df38dc72ef0da6,2.0,500.0,100.0,20.0,11.0,books_technical
0c85b3e0748fdc1a15f227525d317821,1.0,2450.0,29.0,5.0,21.0,books_technical
89cd489d2c75553eb7fd7de3e25dc7a7,6.0,1900.0,28.0,5.0,22.0,books_technical
2a1585645ae682d38280cbfb12ab8eca,1.0,600.0,23.0,2.0,16.0,books_technical
d7a023eecac412d29d49735e9e9b629f,1.0,400.0,17.0,24.0,20.0,books_technical
9070fbe936bd54b8a72e0ffe4a6a2564,1.0,650.0,23.0,3.0,16.0,books_technical
6d68112743e7ed2de3932554b033f544,2.0,500.0,90.0,11.0,11.0,books_technical
ce4951e4e9e73626368438f1dbc05dd2,1.0,400.0,16.0,23.0,11.0,books_technical
cc1cf854a12251181a78ee8e39f2819b,1.0,450.0,17.0,24.0,11.0,books_technical
dede86846047964c7f2918e48e6dd14a,1.0,400.0,33.0,6.0,22.0,books_technical
7bdcad1796b53a8f633c1cfd82102efe,1.0,1600.0,29.0,3.0,21.0,books_technical
1a2a204d5ef11c75f78d34ab0456c9ed,1.0,3500.0,29.0,5.0,20.0,books_technical
1d2ead71bc1ce7734db8e8a241fd1f1e,1.0,2050.0,28.0,5.0,22.0,books_technical
cd9dfd413f60d6cdb25aa4a3e1960e59,1.0,1900.0,27.0,7.0,20.0,books_technical
9d7e2c8835276b06ea5facb880789f4b,1.0,1350.0,29.0,3.0,21.0,books_technical
652683d85a89f3b134e44989a601bc58,1.0,1100.0,28.0,3.0,21.0,books_technical
cdd914e78124a73cc28a165cfc4a0bbc,1.0,1800.0,29.0,3.0,21.0,books_technical
b5aa3dc3e3492bfa3dfed618a413e779,1.0,2100.0,31.0,4.0,24.0,books_technical
dcc0e81eb76da517c6145e0c64b07c3a,1.0,1850.0,30.0,5.0,20.0,books_technical
686476adb39d272e27b0dd7c111d3762,1.0,950.0,29.0,3.0,21.0,books_technical
4d5bb93bfa70f67cda10b1428f2a252c,1.0,500.0,22.0,22.0,12.0,books_technical
13de26d4d66e20b9262c0ddd00cf5cd8,1.0,3680.0,29.0,5.0,21.0,books_technical
08bcc2d85da3a9c0e2ac1cc28b67418d,1.0,350.0,23.0,2.0,16.0,books_technical
761a7d7da15ca2d6f0aaf29e22bd1479,1.0,500.0,27.0,3.0,19.0,books_technical
8b41f2becf919f6177cca1ff15dfd311,1.0,1550.0,29.0,5.0,21.0,books_technical
4535b0e1091c278dfd193e5a1d63b39f,1.0,850.0,29.0,3.0,21.0,books_technical
e59630cdf7c240d11dd424c08aadbc42,1.0,1800.0,29.0,5.0,21.0,books_technical
6fa8b8abbb489a0abba6ad7b79c7ecd9,1.0,700.0,23.0,2.0,16.0,books_technical
5ba3ea3659a247e6c9b0a397427a4aa6,1.0,400.0,23.0,3.0,16.0,books_technical
a71f212d0b63c6c197437b928234b8bc,1.0,1200.0,23.0,4.0,18.0,books_technical
8db99620b0b21f34ff4199bc6450bdd6,1.0,400.0,23.0,2.0,16.0,books_technical
3bd016185be10ea4b4b2baa6e7dd9e9b,1.0,650.0,17.0,24.0,11.0,books_technical
23e74bef13b99119b1828789058a126f,1.0,900.0,23.0,3.0,16.0,books_technical
0288532d075e4bf58e044c92e68c94cd,1.0,1000.0,16.0,2.0,11.0,books_technical
2feb83b6c3b3380b8822146538c70f7c,1.0,700.0,22.0,5.0,15.0,books_technical
2b24cfb25ee90eaa2ebc34844fba07b9,1.0,2000.0,33.0,6.0,22.0,books_technical
41888ddc79f5e2204681abacf72d608d,1.0,1000.0,29.0,2.0,20.0,books_technical
15b5c55e291cc54d93c46c9a3c9bb9b2,1.0,1000.0,27.0,5.0,19.0,books_technical
09003e51b4ca5793bfcdc42026abd63a,1.0,350.0,17.0,24.0,11.0,books_technical
6efb6f992e2f51bc224145a2a9e3ec38,1.0,2350.0,29.0,5.0,21.0,books_technical
723ead29958198e721988ee6d3022ed5,1.0,250.0,33.0,6.0,22.0,books_technical
cdc73b19516ca697a025b4e81ccb631b,1.0,850.0,28.0,5.0,21.0,books_technical
05d7e1ea3fb7a5e3bf83bb9801603418,1.0,2200.0,31.0,6.0,19.0,books_technical
bef910a536381ef9bff176a8b3789fa2,1.0,850.0,25.0,5.0,20.0,books_technical
20fb650ad1615624d7e202031400f695,1.0,750.0,29.0,3.0,21.0,books_technical
625d78433e8cc9aadb5a88b4e45e4a30,1.0,450.0,16.0,2.0,23.0,books_technical
8adb806e404876383ce47845af3ddcb8,1.0,600.0,27.0,2.0,21.0,books_technical
ee147042ac9bc25ab2ad108442bbecde,1.0,8900.0,30.0,11.0,23.0,books_technical
f0a720fc3ab33276bc8bb46595996083,1.0,4000.0,31.0,7.0,24.0,books_technical
e5d860a0fff2e94bd1a406456cc6c4b3,2.0,13200.0,66.0,19.0,67.0,home_appliances_2
28a4dc65b49348e9de7f1aa7bfbabfd8,7.0,14350.0,41.0,55.0,31.0,home_appliances_2
cc3181a81384b6fc34602d49cb6068a6,1.0,18450.0,68.0,21.0,42.0,home_appliances_2
418b40c9e83b7e5ac79e4a7ef975ebbe,3.0,7300.0,82.0,10.0,54.0,home_appliances_2
782447ddd6d2ba5b64cb23ef7a8db626,1.0,3585.0,33.0,6.0,19.0,home_appliances_2
f27aff266ad97e75d4a24c893b2c311e,6.0,8850.0,45.0,33.0,35.0,home_appliances_2
3e767be391eb16817e11f752578e6c17,1.0,14150.0,34.0,34.0,56.0,home_appliances_2
0e687d00ba3214b4aca6397a14d49373,4.0,7500.0,55.0,10.0,82.0,home_appliances_2
6a1281ddeb8279b7748a31ffe3e479b4,1.0,6600.0,42.0,42.0,26.0,home_appliances_2
ada6a9116c85d8e56232e0a4265d7db9,1.0,14813.0,50.0,43.0,26.0,home_appliances_2
34f7bddc98259b62a001644be7928e43,1.0,20050.0,44.0,45.0,62.0,home_appliances_2
f745d28cf673e9022060c31f7f11218e,3.0,425.0,32.0,10.0,16.0,home_appliances_2
d8655d4a43e4a9ac85575a5f9ef816b0,2.0,5600.0,65.0,20.0,30.0,home_appliances_2
b36858b52183f641b1be7bd99cd0ca89,3.0,15750.0,68.0,23.0,68.0,home_appliances_2
55ada64cb428e8beaaaa1d2aabd9144a,1.0,15350.0,34.0,34.0,56.0,home_appliances_2
31596cc4bf31a702bc34ab7223a827da,4.0,2850.0,62.0,11.0,40.0,home_appliances_2
d221b0b65668b701135753c952b7a5f5,1.0,16100.0,58.0,19.0,85.0,home_appliances_2
6d5172990dbf91301b99da2fc11c9609,2.0,1938.0,32.0,19.0,21.0,home_appliances_2
99c97d191bcc87e072acc4521bce44d4,1.0,7350.0,44.0,14.0,30.0,home_appliances_2
bf04528618b481f107b7ea5747432102,2.0,300.0,16.0,11.0,16.0,home_appliances_2
30d1842be9c62546d3fb853119602ac2,3.0,11900.0,65.0,35.0,35.0,home_appliances_2
42bb409da80c21a2ab7f65ec0c4f04d8,2.0,11710.0,45.0,37.0,29.0,home_appliances_2
df0c26d7ddb998e2517658a55e46e48a,1.0,14400.0,55.0,15.0,36.0,home_appliances_2
f65ff6e5a356943c5cee2e8bb023efc8,7.0,8100.0,64.0,23.0,35.0,home_appliances_2
afc74793355c715ee40757a15b1cf31d,1.0,11200.0,35.0,25.0,45.0,home_appliances_2
76fab799e52e98680a1aae62daef914f,1.0,25900.0,48.0,46.0,65.0,home_appliances_2
d435c3fa55cfd37fa04032168ed59cf8,1.0,12000.0,80.0,15.0,58.0,home_appliances_2
fd3449bd706d46a7196d18bbd38b32f4,1.0,640.0,22.0,24.0,21.0,home_appliances_2
7fe486a60125c1541517e30944f95066,9.0,6350.0,55.0,10.0,67.0,home_appliances_2
f4b684b9c6a1a744af575c7c6623962d,1.0,21100.0,48.0,44.0,62.0,home_appliances_2
81db1eb74948f2d18f83fe4c1fbcd88c,3.0,250.0,20.0,14.0,16.0,home_appliances_2
b93ce2bec0961862bd811f643e704566,1.0,6250.0,55.0,10.0,68.0,home_appliances_2
e7e0728e9e488b0a67ef4d95e98ee4c8,1.0,13850.0,35.0,95.0,25.0,home_appliances_2
ce5cedf6e57d59b07eeecb68eeafd099,1.0,2750.0,32.0,32.0,16.0,home_appliances_2
ebc2160765952857f3bec4d6d76673e8,3.0,21800.0,53.0,44.0,53.0,home_appliances_2
b5f0fcccccb9b8be8914e92fd322804f,1.0,15950.0,75.0,18.0,65.0,home_appliances_2
a8075987f7074b1a91395a74e4eb9215,6.0,8000.0,65.0,23.0,35.0,home_appliances_2
b665e36bb9b15abafbf0559d818c3da1,2.0,6350.0,44.0,43.0,37.0,home_appliances_2
ac9416f3547c7cd86408fb5e3bca2d3e,3.0,18450.0,46.0,60.0,36.0,home_appliances_2
87feb07adc221a4c6cdf051ea1afd0ff,1.0,15833.0,45.0,45.0,25.0,home_appliances_2
780130a191b7abd450d121ac7290d15b,1.0,14000.0,49.0,12.0,31.0,home_appliances_2
28703461662b53348b5e21716f02bcc0,4.0,2300.0,30.0,30.0,30.0,home_appliances_2
b80910977a37536adeddd63663f916ad,2.0,13300.0,32.0,90.0,22.0,home_appliances_2
38560b1377928e08fecfe544848a0fb2,2.0,400.0,16.0,7.0,16.0,home_appliances_2
3262d9ebe7100477209a79c4ed3c76e8,3.0,17600.0,65.0,55.0,35.0,home_appliances_2
324ec8bebfcf3f507afed8c13760f92a,1.0,27250.0,51.0,49.0,70.0,home_appliances_2
cc31a2f3eb3df109e2e7dba6b15da5d5,1.0,10500.0,63.0,18.0,43.0,home_appliances_2
9d99a79d596f4a054c7ace6068b446a7,5.0,7150.0,70.0,10.0,60.0,home_appliances_2
84952f1f00709e71d58587cb34163e26,4.0,2300.0,30.0,24.0,30.0,home_appliances_2
cbe506e38c6bcaa995a8f629a4d59d22,3.0,25650.0,101.0,23.0,68.0,home_appliances_2
bb3542bf40cc975720ee44d03fcf0cd8,1.0,2300.0,22.0,17.0,24.0,home_appliances_2
622a3f08e882eef68dd982a5d0feee69,1.0,3225.0,24.0,24.0,23.0,home_appliances_2
41bdbb38ef223fae4cae15d6ffb0ce5b,2.0,6100.0,60.0,8.0,48.0,home_appliances_2
ba3a7bd4aec1ff58474f768b3446045a,2.0,750.0,20.0,13.0,21.0,home_appliances_2
5be7a7ee7e822ab5e2001f21d96e48a2,1.0,14733.0,32.0,51.0,33.0,home_appliances_2
54a5d5e71d79aff47beae9f4402c12ed,2.0,2900.0,30.0,30.0,30.0,home_appliances_2
97d1914c419fa8222dee93c465395aa4,2.0,300.0,16.0,16.0,16.0,home_appliances_2
fda36cbf21cf89adaae228f08c1e4121,2.0,14250.0,72.0,27.0,43.0,home_appliances_2
da9278e44c4ae00f02a965792a392ea3,1.0,5400.0,26.0,55.0,26.0,home_appliances_2
e57e360b85e2ef90b804521ee8e16909,2.0,4100.0,22.0,37.0,22.0,home_appliances_2
9de7867a5bc245bcbb1e2ce6471ba208,1.0,400.0,18.0,12.0,12.0,home_appliances_2
aaf29331649db17cf18a6bafc047f75a,7.0,10000.0,55.0,44.0,61.0,home_appliances_2
36174802c8879b643cefc0511e7f06ed,1.0,30000.0,59.0,68.0,52.0,home_appliances_2
67d9cf5b0dc7a0b9fb091efc68b14140,2.0,17000.0,42.0,90.0,22.0,home_appliances_2
1b0f0dd824989bb4f30d03ac3d1e90af,1.0,11867.0,26.0,29.0,34.0,home_appliances_2
9db78e784e1ca837bb7f510888807baa,2.0,4450.0,29.0,48.0,22.0,home_appliances_2
c56fd76d4c3a8dacc3af588c1e06ff53,1.0,15250.0,80.0,23.0,44.0,home_appliances_2
2d063994ae4667cff3d6841e9d441d1d,2.0,2750.0,25.0,15.0,25.0,home_appliances_2
16e42459e56f3df24a195ca8bab5bb81,3.0,8150.0,26.0,55.0,26.0,home_appliances_2
79af04ca7d7a02c456b475f4e8e3fcac,1.0,15700.0,42.0,33.0,42.0,home_appliances_2
916d4d1015e94b8b525ef366b3bde796,5.0,10250.0,61.0,17.0,61.0,home_appliances_2
9286aa6d0235770b570beb128f608e42,3.0,1500.0,31.0,5.0,11.0,home_appliances_2
6d5b63b6c4575265bb9236cf355baed0,7.0,10550.0,73.0,15.0,52.0,home_appliances_2
91103cf73f3a0e72896573d8f2271e17,3.0,350.0,27.0,8.0,21.0,home_appliances_2
bbff7e0ea95dd990ce461d8104ee9173,4.0,15300.0,75.0,22.0,44.0,home_appliances_2
1743a97176a0bff38a65331fae2306af,1.0,11375.0,55.0,19.0,33.0,home_appliances_2
ba230fc7bcaa2f503c46d73098caeb66,1.0,18250.0,45.0,95.0,25.0,home_appliances_2
05e8eca656b87428a0e8453a2f335cdf,6.0,9250.0,30.0,60.0,45.0,home_appliances_2
0241aa4ed831b73fd4940ffd9cec20dc,1.0,8400.0,46.0,44.0,28.0,home_appliances_2
4f6ae72300149b456bf01427a2838c2c,1.0,10983.0,67.0,26.0,44.0,home_appliances_2
730d34d191892dd7c4fb157daade465e,3.0,25600.0,65.0,72.0,35.0,home_appliances_2
c8c073a1cae6a98799d7581958ede514,2.0,6025.0,32.0,35.0,35.0,home_appliances_2
c3182d1991c7d4859e8f39b6c45a026b,1.0,700.0,28.0,28.0,28.0,home_appliances_2
0fa690a43af8987193508e22fd5b32ac,4.0,4765.0,32.0,15.0,30.0,home_appliances_2
d8cbd23e48a0683dba2f7a7b3e51110c,1.0,4850.0,61.0,15.0,58.0,home_appliances_2
28dc766929435d5a8555ce85e2f82667,1.0,12783.0,36.0,52.0,31.0,home_appliances_2
fdcd405125af2d9b2b7b6fa42950fd92,1.0,450.0,60.0,20.0,20.0,home_appliances_2
46f8312de289b5679ef6c699c028b572,4.0,500.0,20.0,16.0,20.0,home_appliances_2
b1370e983f7a817244be390d1f7f2e7b,1.0,22600.0,51.0,41.0,62.0,home_appliances_2
aa46d61405c90cb71e82f450a1d2d034,1.0,350.0,30.0,5.0,30.0,home_appliances_2
4c303e0fd131aa3fe487c108b5aa8c06,1.0,1300.0,70.0,11.0,11.0,party_supplies
96341c5bd303e04bee20bcd01431dfaf,1.0,200.0,16.0,6.0,11.0,party_supplies
99b4596b82b6f75d453160c9c75e01f4,1.0,1550.0,23.0,17.0,18.0,party_supplies
361b81e3cae3b21bd0119793c5399717,6.0,4500.0,102.0,12.0,12.0,party_supplies
258a6d1b2a8645981cf1f93803e5ae6a,1.0,350.0,16.0,11.0,11.0,party_supplies
d8187d92ba7b6cef0ed22c1e80bb729e,1.0,1150.0,34.0,11.0,34.0,party_supplies
5bb66ed812e22536e62fdf77349583d6,2.0,350.0,16.0,12.0,14.0,party_supplies
7134464bd4e33be7a2604345a4c0ccf4,1.0,4550.0,33.0,18.0,33.0,party_supplies
e583bb5fa3cb1e876a6ea48f21dfef34,1.0,350.0,27.0,9.0,19.0,party_supplies
157d8cabb7a3a318aed5ce596f4be96e,1.0,200.0,28.0,16.0,26.0,party_supplies
c7f27c5bef2338541c772b5776403e6a,1.0,450.0,28.0,9.0,19.0,party_supplies
733162823b9a1dbc958b0988d32229da,1.0,1350.0,23.0,17.0,18.0,party_supplies
1ca64333e21cc2921b28c702e3ad522b,1.0,300.0,16.0,11.0,11.0,party_supplies
833fb04f7b1c82365c0273e62de0c19f,1.0,3200.0,27.0,27.0,27.0,party_supplies
3505d914958a72baa40d2b1e0c56cd29,7.0,50.0,16.0,4.0,11.0,party_supplies
90dbd461e405599ef4d208e19e472125,1.0,4100.0,33.0,18.0,33.0,party_supplies
4a7056788ce9287c76ade358f2e2572a,6.0,100.0,16.0,6.0,11.0,party_supplies
30f07d8c84ca80de0248a40587de7d32,2.0,27050.0,80.0,45.0,45.0,party_supplies
ded0fc03d15300415b27c4b3342fefe1,1.0,3100.0,27.0,27.0,27.0,party_supplies
9dfb6a06c2c6ee3127e05b422b4a7a63,2.0,2500.0,25.0,25.0,25.0,party_supplies
f55169632cc26dde7d6f83fb5524a983,1.0,4650.0,33.0,18.0,33.0,party_supplies
cc6a0d67ea3d63acca23c81500670843,1.0,1350.0,23.0,17.0,18.0,party_supplies
0fca2bf7fe83539c429a0357389333e7,1.0,2100.0,30.0,35.0,30.0,party_supplies
71b7afd92c42feab780d5ea512fc7348,1.0,2950.0,33.0,18.0,33.0,party_supplies
b8737fddff36bc91ad9cf4c8d781f525,2.0,1350.0,30.0,4.0,36.0,party_supplies
137464dece73fa2dbb54658dbc7aae58,1.0,1250.0,35.0,25.0,25.0,party_supplies
ef76ea9ee88ad60b9680c7635f2baaa8,1.0,200.0,20.0,9.0,14.0,drinks
17da5d80ea0eeabd565083183027d588,1.0,700.0,20.0,20.0,20.0,drinks
c4df35b0ef8a1996cd7118d81c1632ad,1.0,4300.0,16.0,15.0,11.0,drinks
06b4fb6f7d3ef030f7906bb13dde0728,1.0,1550.0,16.0,36.0,16.0,drinks
15c6285354cb4294fba984d48fd19805,1.0,1400.0,25.0,25.0,25.0,drinks
0c9439abe84dc40a64fc164365c4d064,1.0,2775.0,16.0,38.0,11.0,drinks
6859a88437bf429e4e50768ca79a2e9c,1.0,450.0,28.0,20.0,20.0,drinks
6d313b6e250189718db2169e5e3a38c2,1.0,375.0,20.0,12.0,15.0,drinks
aef49965c6d201c9eacf037fcda90b39,2.0,4550.0,40.0,20.0,30.0,drinks
e70bc14a36a0d1a0394cc724be815a1b,3.0,175.0,23.0,16.0,16.0,drinks
4e7e434548eab61622e345ad85090742,1.0,1360.0,23.0,23.0,23.0,drinks
f38ded084a0a2da8b32fda4789f494a3,1.0,1003.0,33.0,13.0,33.0,drinks
5c3b598051f68e469d0ea40deb7fb904,4.0,475.0,24.0,16.0,19.0,drinks
0bcf6f2768e7e4cf76462a7b7e0ca0c6,1.0,150.0,20.0,16.0,16.0,drinks
211293b50935ced8d4370f552c482d74,3.0,226.0,18.0,16.0,16.0,drinks
ab8a616a62326859211452cc82885197,1.0,150.0,18.0,18.0,18.0,drinks
c0a0b5aa4507363e601eb90082c9c008,1.0,1700.0,25.0,25.0,25.0,drinks
5d7bf79f02a4c8c10ee0731f7e7430d6,3.0,750.0,35.0,20.0,20.0,drinks
9eae1df2c1112be7a7c57d7b09fd9bcd,1.0,325.0,17.0,14.0,14.0,drinks
ad548cefdd8ba3faa511884b1c8a0788,1.0,1300.0,20.0,20.0,20.0,drinks
5b99f79ba0d929b0f3270ab0f0f5911f,1.0,1400.0,16.0,33.0,18.0,drinks
ea058d00059bd1470770129498200d05,2.0,175.0,20.0,15.0,15.0,drinks
ca2a203c624d1447938a09d4bc270e52,1.0,800.0,29.0,11.0,26.0,drinks
5ff4076c0f01eeba4f728c9e3fa2653c,1.0,2000.0,19.0,38.0,19.0,drinks
c968bbc4dfb718031488d3f109fee500,1.0,1400.0,18.0,32.0,22.0,drinks
7d873ae7ba4e637167c1a8d544bd6af8,1.0,1700.0,25.0,25.0,25.0,drinks
f1c44a4cc70e40d42dd98ac28b60d08b,3.0,140.0,23.0,14.0,15.0,drinks
8fa67e5cb309b9cd7b4438e15948bdb2,1.0,333.0,17.0,16.0,16.0,drinks
efd037bbacbb4bbf39f4ecb8ba8714cf,1.0,2400.0,35.0,36.0,40.0,drinks
9fff2c7eb7b525394603ee6bbecc9e4b,1.0,1900.0,21.0,34.0,21.0,drinks
262855d4dd5b0d39f786a3c86c285c6a,1.0,1700.0,25.0,25.0,25.0,drinks
3cde861149cd37e780afa34c3122518e,3.0,100.0,23.0,16.0,16.0,drinks
c4760efe81b34457c00f5ebf9af1104d,1.0,1450.0,16.0,40.0,16.0,drinks
0728762c24ff18a068967202e803eb07,1.0,1300.0,24.0,24.0,24.0,drinks
0e5c138ca746633922f8ed55b2c3d005,1.0,1400.0,17.0,33.0,19.0,drinks
0901b25598b3ca109f48e16a52e2df1f,3.0,3350.0,40.0,20.0,20.0,drinks
9c1e3896aec5f6c59577d451ea3bb4c6,1.0,425.0,28.0,16.0,16.0,drinks
af25257adf28d8a0c281173073c2f2da,1.0,400.0,34.0,13.0,26.0,drinks
2b2428ab65b564c08fd9b40e187df246,1.0,1700.0,33.0,33.0,15.0,drinks
bbc63e599e67ab71d08ed921ac58defa,1.0,1700.0,21.0,12.0,18.0,drinks
52e8598530d1015c00613dbb14c307f8,1.0,580.0,26.0,14.0,16.0,drinks
ff8ece719f2d16180dbf891250635093,1.0,1867.0,25.0,31.0,21.0,drinks
9644931193891477e4863fa05363f594,1.0,322.0,18.0,22.0,13.0,drinks
aa24c81b22e63fb31eeefc10f52d4350,2.0,300.0,16.0,10.0,11.0,drinks
d9ea8b9304d5ce0662a97af9337ee871,1.0,700.0,18.0,12.0,12.0,drinks
39377e2d331b8af5a19bc565215e3a8c,1.0,2500.0,28.0,15.0,15.0,drinks
4deaa173012071863baaf9702b34168c,3.0,900.0,20.0,15.0,15.0,drinks
bcf8ba04829268e7eab9fbfc2555c18b,1.0,5500.0,40.0,27.0,30.0,drinks
cd48f265a63e13b762601f5f794c5fca,3.0,175.0,23.0,21.0,21.0,drinks
ab40c45cb88545d5efa2679b30cec4c3,1.0,4300.0,50.0,20.0,20.0,drinks
157ee978f4fcdf8984b0bb33a6687fde,1.0,650.0,19.0,19.0,19.0,drinks
491067a4bc3ca4303e9fba74d629412c,1.0,4400.0,16.0,25.0,23.0,drinks
1fe459940e7d5e442ac6c1ee4d137989,2.0,1250.0,30.0,21.0,21.0,drinks
bb2c7ce7e17161503be275fd36747626,1.0,9900.0,21.0,26.0,21.0,drinks
37345ac393270dc6d661b95fbdc0af24,1.0,1800.0,18.0,32.0,22.0,drinks
0210b75f6f4de09dfc17a66803290f8a,1.0,1800.0,35.0,20.0,20.0,drinks
c2b534c5a4a6cbfc41aeaf362fb0c060,1.0,2300.0,16.0,32.0,11.0,drinks
cdb2ede3e6744ad7011a7305b95442a1,1.0,950.0,16.0,40.0,11.0,drinks
91a16eaff0c4286d5d1cbdeb10e71a8e,1.0,5350.0,30.0,30.0,30.0,drinks
dd650fe0148b47c3adedb593cda2c6dd,1.0,8300.0,28.0,37.0,19.0,drinks
8ffd6edb322bed280e0fcf67755353ed,1.0,440.0,17.0,13.0,14.0,drinks
436f1aaf28631abf937c44f695d3c350,6.0,3650.0,30.0,30.0,30.0,drinks
1fcf5e0632e4af48ee4956c82c8fff3b,3.0,250.0,25.0,17.0,17.0,drinks
eeeb398bee794dba17f95449a7f66b5a,1.0,1525.0,28.0,30.0,17.0,drinks
ad2037645597db38527fe3afbe226af2,2.0,850.0,22.0,17.0,17.0,drinks
8eae309a711208a0e5e41e110cddb1ee,1.0,2200.0,16.0,32.0,11.0,drinks
bad9d1329b763d5a67f2d5d6b0a5f94d,1.0,1400.0,18.0,34.0,18.0,drinks
c0e452663c284f3f8e578f390dc3ab21,1.0,1300.0,25.0,25.0,25.0,drinks
3a7d90845985f39048815a6939c56be4,9.0,273.0,21.0,16.0,15.0,drinks
d61cb9070ed7de8a2478eca9c8fc3d93,1.0,5900.0,55.0,28.0,28.0,drinks
7cb5b984262835ef46a1ed83d04d0d44,2.0,850.0,16.0,13.0,15.0,drinks
2bd57c183094130d215a333ea80c8b62,1.0,150.0,20.0,20.0,20.0,drinks
d99526b1e4fa5f57b8bde34a7337b5ee,1.0,250.0,18.0,18.0,18.0,drinks
f92ffd606b7b4417f1b714ed4b653e70,9.0,550.0,30.0,15.0,15.0,drinks
f3e5c2a78b72fdc48a7c2559ff7dbbd5,1.0,1600.0,25.0,25.0,25.0,drinks
839c9cd22f47fc465c20d554b46fed2c,1.0,267.0,18.0,13.0,15.0,drinks
731cf6fbf44cc64a9583fabe2c00750e,1.0,2250.0,16.0,28.0,16.0,drinks
669ad61d37a550dceb5235cbf92b311a,1.0,8200.0,23.0,16.0,24.0,drinks
6b0c1aaa92ff6dc45373717f313e7ebc,2.0,2700.0,30.0,30.0,30.0,drinks
e61b1e021d5ed7e513da1851597760cc,2.0,569.0,20.0,16.0,16.0,drinks
c848bbf7ec73272cce4df7509a71afde,1.0,1925.0,30.0,29.0,20.0,drinks
0d79e2972015716ede4fabeb5b60f8c6,3.0,2150.0,40.0,25.0,30.0,market_place
233ad2cdae25fbf46f0d090b678d23f4,3.0,775.0,35.0,9.0,15.0,market_place
b76d57984db550fe9e6f3ad3467e3025,4.0,1800.0,20.0,40.0,21.0,market_place
ace77a1ab97b16e1947ee74c5f2d8c64,9.0,600.0,29.0,12.0,23.0,market_place
c8fac97dc76c4867dbe264c28b31fafe,1.0,200.0,16.0,16.0,16.0,market_place
cf1d8e226162a1d0ad61f29b7ed72d82,2.0,250.0,18.0,8.0,18.0,market_place
36b5bbad82f37ff2276398395227af7d,1.0,300.0,25.0,10.0,16.0,market_place
726838a1b5bdf32e2fc8010f0807bd46,1.0,200.0,22.0,24.0,24.0,market_place
ad59cb0673bceac69f32635f227b2ddb,1.0,285.0,19.0,13.0,15.0,market_place
2cfec57b3d2ea171bceca7aef38d044a,1.0,50.0,40.0,40.0,30.0,market_place
de6517dda8e49774f58c07f80abc8d7a,1.0,950.0,26.0,17.0,24.0,market_place
8d1cfc0463b545928bfb4e589e017bd4,1.0,175.0,17.0,10.0,19.0,market_place
9e3f014cac929951c0297e591fbb234d,2.0,2450.0,28.0,48.0,30.0,market_place
afbfd6b7742d136c2264a48e60a3fad6,1.0,650.0,40.0,31.0,14.0,market_place
679804d4938f8bf53025298b725f2eb6,1.0,500.0,16.0,16.0,16.0,market_place
fbecfbe44e34c5291e5499870cd5db2e,2.0,5000.0,40.0,40.0,40.0,market_place
8b878f082e217c587ef3ad9431c6c762,1.0,3600.0,19.0,30.0,26.0,market_place
4ddaadd618ebc681d6730057c360ab8e,2.0,1100.0,30.0,5.0,45.0,market_place
b3cf0a98f31b76ed0cec13d9c77102c4,1.0,1300.0,33.0,6.0,22.0,market_place
d9894482fba41f536a273ba2276d951f,2.0,600.0,20.0,14.0,20.0,market_place
69b1e7f2c5c9a2e61ed7d9dd4d269188,6.0,400.0,22.0,6.0,15.0,market_place
3215010238fcd9cab6ba7d2b81a6973d,2.0,200.0,16.0,4.0,16.0,market_place
799710ec16ede0ad489ed63ae8b2766c,1.0,1100.0,25.0,15.0,45.0,market_place
77049be2845b00694201083dce7e1f2b,3.0,1500.0,48.0,9.0,16.0,market_place
9ec7999e5c743b8248b0e41e5cc4f47f,5.0,400.0,35.0,15.0,25.0,market_place
272e51f7fc982529466144f8b68ec58e,4.0,3850.0,60.0,20.0,20.0,market_place
3b4db17ce4f2c8731f83b093db7aa0b1,3.0,1750.0,32.0,10.0,40.0,market_place
6d01fb6c593d9afd887262570b656f9e,4.0,2350.0,22.0,24.0,40.0,market_place
83a26c42a5f94b7456425cd0cd20daf8,2.0,1500.0,20.0,34.0,36.0,market_place
38e28b7814d36bc84b972a75dd7c5ce7,1.0,200.0,46.0,4.0,11.0,market_place
0bbb557651f08b3c732d9836de4d0bc3,1.0,5600.0,60.0,15.0,40.0,market_place
7128387d10541a345331eb7bfb9afbcc,2.0,300.0,20.0,12.0,20.0,market_place
4b271b76eed185fd46be2bf42e1d02f3,3.0,200.0,22.0,35.0,22.0,market_place
2c72c59ff2a1152826217c15fec06e1a,5.0,150.0,16.0,9.0,11.0,market_place
b47f5cf2e99655cfc404520cb7553e2a,6.0,150.0,20.0,50.0,35.0,market_place
078482c5821678267aeb55b8edcdcb29,1.0,250.0,19.0,14.0,16.0,market_place
1aec9dac073154a4d6350ad0e773a191,4.0,200.0,22.0,6.0,14.0,market_place
6263969289f84cd8bde876597407657d,1.0,5350.0,16.0,50.0,45.0,market_place
1270b3f789c8c851abd05611751512f0,2.0,200.0,18.0,8.0,18.0,market_place
37d007abbb05d792773dcf090208e077,3.0,1175.0,54.0,10.0,33.0,market_place
a4e285285691cfbcc14df9e2d85bd337,1.0,3500.0,17.0,28.0,24.0,market_place
68ead07b01fb0fc4ddd54fa20341416b,1.0,750.0,25.0,35.0,25.0,market_place
b757b5acc84c75c5805a931c70605106,3.0,1925.0,31.0,9.0,33.0,market_place
c8ac52c5751a7b2501c476a3bd9e24dd,2.0,200.0,22.0,2.0,16.0,market_place
f5e5ad97ed609d83f1f9ef90e2d52450,2.0,200.0,19.0,6.0,14.0,market_place
5157edbb01652b0efc0be7ba1107e0f5,4.0,150.0,25.0,5.0,24.0,market_place
5cbd407f3315b628a89206fbc140f6c8,3.0,150.0,22.0,5.0,14.0,market_place
aca66d896a36f009a83d865e61832831,1.0,550.0,33.0,2.0,33.0,market_place
38a3b0c53acb7f9b75ba80fa1c597219,1.0,313.0,17.0,12.0,14.0,market_place
8580e348f827bc4699d12de9afc2305f,4.0,300.0,20.0,22.0,20.0,market_place
b29f3f48c076dfcdc3e055b93874657f,1.0,1150.0,25.0,28.0,13.0,market_place
f0cdabacd05bdca526b43e72376521ee,2.0,527.0,16.0,14.0,14.0,market_place
69a7ee112e7b63892ad5db80e4c3277f,1.0,1150.0,21.0,34.0,34.0,market_place
7ce3cb8d513147ece112c5200b7fc84c,1.0,200.0,25.0,10.0,16.0,market_place
5355a40d35bd884a0a357a703be19df5,4.0,100.0,27.0,15.0,15.0,market_place
2b6c38dc34f7d28ba93d469431bb6c88,2.0,310.0,19.0,15.0,15.0,market_place
0c11c1f74fff6ffafd9ad22804132dac,9.0,297.0,24.0,13.0,19.0,market_place
7f4f22d5b992917ff6895cc0898ca796,3.0,50.0,18.0,8.0,18.0,market_place
be5f0f785e9495b018017045cc207457,6.0,455.0,18.0,12.0,13.0,market_place
ca2a703b0fde4c81cf556baea471e978,1.0,700.0,20.0,8.0,14.0,market_place
b557b0bf18a9a94750f8e6f64bc99109,9.0,450.0,30.0,16.0,25.0,market_place
a8dc21a89753260d1d111c12004835c9,4.0,200.0,27.0,15.0,15.0,market_place
7a2ce7934c70419330eaf46f20b159a0,1.0,925.0,28.0,10.0,27.0,market_place
d3b6a4e19012dd1e65f587d3be501fc1,4.0,100.0,16.0,9.0,11.0,market_place
f5d8fde6bbeab928266d4cc80eecd701,3.0,250.0,16.0,4.0,12.0,market_place
525a5744fb5d26e4035d0610446900c5,1.0,375.0,16.0,13.0,15.0,market_place
05bee157001350b29b1e48395f6736a5,3.0,2100.0,19.0,27.0,38.0,market_place
ff922797a6771cab4e0c51d482285ec3,3.0,1725.0,31.0,8.0,33.0,market_place
77b61edc47d5dda4e6fb3568962d3e63,3.0,300.0,16.0,14.0,14.0,market_place
cbbc9abd5fd6bcf8db2e1dbafcb4ad42,1.0,800.0,23.0,5.0,16.0,market_place
f1d3e7a4605f6cd5f2a3cf9bde5c7845,3.0,1000.0,31.0,6.0,33.0,market_place
249da1970e34871eedb6b6a70e89aec2,2.0,1600.0,24.0,4.0,17.0,market_place
bbb63f6deac726c088568b3f871bb4c4,3.0,4300.0,36.0,31.0,27.0,market_place
b1d65e37e2b1ef62b43aca5b3c3f8342,5.0,400.0,19.0,5.0,20.0,market_place
ab459aea1242203ebcbd7b18c2c6e6b0,1.0,200.0,25.0,10.0,16.0,market_place
5c76a53f09257b80bd0ff36472ef6b82,1.0,800.0,25.0,37.0,36.0,market_place
df7dd741f55a686edccf22700954e1d5,8.0,1950.0,60.0,15.0,45.0,market_place
9af7b4a3262141c12ba9bd489a8573c7,3.0,700.0,20.0,8.0,14.0,market_place
c5d8b84a90f73bd09c30e71e76caaa11,6.0,1150.0,35.0,25.0,25.0,market_place
58a49d31cbfaa89fcb87b335ad0e2797,1.0,200.0,22.0,2.0,16.0,market_place
4d8ea5149cb1949048b389bc23797fef,2.0,600.0,16.0,4.0,11.0,market_place
2858d6de97a772474d7ad96a894f7166,1.0,3500.0,20.0,35.0,12.0,market_place
448dc3486005777a15d7b3f445637ee2,2.0,200.0,22.0,23.0,16.0,market_place
c31e1b9e61e5cdcc727c10d01581d2bb,4.0,500.0,20.0,8.0,14.0,market_place
e9b3cf27d68caa64832c4a7c460abcb9,3.0,1200.0,40.0,10.0,30.0,market_place
7d0e0214a0852cf0c90032c7992cf27f,2.0,125.0,10.0,9.0,11.0,market_place
90509918fbc0f45016520d833ae25f78,1.0,5500.0,21.0,40.0,35.0,market_place
82106c53e35330a18505af7659371206,4.0,4600.0,50.0,20.0,20.0,market_place
4b88b15eb9d5ad74ffa095bcd4ddb64f,4.0,7500.0,24.0,38.0,23.0,market_place
9da2cf291ccb36ad01ee959e9ccdbc03,1.0,5900.0,60.0,15.0,40.0,market_place
171352abd66a010ad6039f9f994fd42d,1.0,600.0,25.0,37.0,36.0,market_place
20518c6950587eb5e8f02dad2fa0d685,3.0,200.0,22.0,4.0,15.0,market_place
74ab21b84ab4ccc188721da75b439526,2.0,30000.0,37.0,52.0,56.0,market_place
37055d9442bfc227231d5983f329ff9f,1.0,300.0,18.0,11.0,14.0,market_place
3c794d260ad4b5f507a5d90df23523bf,1.0,500.0,33.0,6.0,22.0,market_place
376c3b8593f2ab163a7c1036e8307123,3.0,2600.0,45.0,20.0,20.0,market_place
635b74f3dd5462e3c133b42cd9299fa2,2.0,200.0,16.0,20.0,16.0,market_place
ee2f96cb63d491d963a67285f048775a,1.0,700.0,20.0,20.0,20.0,market_place
963de692a94b199318977a5f0819636b,5.0,300.0,19.0,5.0,20.0,market_place
f8dc3e347e9b954a84d1d5e42b500e4c,2.0,300.0,16.0,10.0,11.0,market_place
84dbbf250f38d116d02dcffcb3d39432,1.0,200.0,20.0,9.0,12.0,market_place
0e1eb22d9c8c83f1bfb714c149110481,5.0,200.0,22.0,6.0,14.0,market_place
7295743cfc88049c951d73b337225d01,3.0,10800.0,100.0,55.0,11.0,market_place
373c022e7383e108569b38098f3ed975,4.0,1800.0,18.0,65.0,35.0,market_place
b52e7c92200ed9874e77bc09b5ed4d40,1.0,7600.0,55.0,15.0,55.0,la_cuisine
724c49c346d2979339d366fa59ce49de,1.0,3600.0,30.0,30.0,30.0,la_cuisine
d29534bc8c74cd3d91e0f175a5c9b366,1.0,1450.0,74.0,12.0,15.0,la_cuisine
775596b5ab8f1cb5890c7263c1c92bc4,1.0,2200.0,84.0,12.0,15.0,la_cuisine
0c800efe70e04ffcc3b266946e3e4826,2.0,12500.0,83.0,21.0,43.0,la_cuisine
cc9e875c2df286dbed83efe01191162c,1.0,2700.0,85.0,7.0,40.0,la_cuisine
33900d427fa4bd3f509cdacda72e84a3,1.0,2450.0,81.0,7.0,40.0,la_cuisine
ea9b0b855335919945731f9368f83dc9,1.0,8800.0,55.0,15.0,55.0,la_cuisine
2365562e74dd46f5e99cdc696c504cea,1.0,1750.0,95.0,9.0,37.0,la_cuisine
e2dd0cb9b99517a86cbc9441cbb55348,1.0,450.0,31.0,10.0,18.0,la_cuisine
8cf7e354e6d9f04a09f4d59bc77dcc8e,1.0,9500.0,56.0,30.0,28.0,costruction_tools_garden
67ff96903c597ba4b1d7f668734bc3a4,1.0,65.0,17.0,12.0,17.0,costruction_tools_garden
224e8e64188b2731d83c3f5bfebd29d3,1.0,1450.0,16.0,16.0,12.0,costruction_tools_garden
23b3e6e0aafa806f323de78534212b67,5.0,5650.0,40.0,16.0,50.0,costruction_tools_garden
9239c49d7d0e542d0e12a9023771ef51,6.0,155.0,18.0,7.0,14.0,costruction_tools_garden
18301962305db63b0f3e995998075ffa,1.0,200.0,16.0,16.0,12.0,costruction_tools_garden
42749c525c90994bd3d4c74edf047172,1.0,1300.0,60.0,13.0,23.0,costruction_tools_garden
71fddf41cc1719c5550ebc5d0ab86357,1.0,100.0,16.0,2.0,11.0,costruction_tools_garden
53c61580d8e5c4941a358ee0335c1d5c,5.0,210.0,25.0,7.0,15.0,costruction_tools_garden
c8194120cffeb4eea08d08e91ed1d284,2.0,3097.0,57.0,9.0,35.0,costruction_tools_garden
f434709eecc62585cc43f03ef042ae97,1.0,850.0,16.0,16.0,16.0,costruction_tools_garden
e5c9a123f21eb2f3dbf0192935d476ea,1.0,350.0,16.0,16.0,16.0,costruction_tools_garden
9f9a7e97e09d403a01120dc5f4ebf36b,6.0,215.0,21.0,7.0,15.0,costruction_tools_garden
ee72ae8f6d0b11d7f04230fc894d7e39,1.0,1700.0,22.0,22.0,14.0,costruction_tools_garden
3863a6df816f3b8ce0358a1243541fcb,2.0,1225.0,45.0,28.0,28.0,costruction_tools_garden
522a61b8bf90717d1dede67a67459a4a,1.0,800.0,16.0,16.0,12.0,costruction_tools_garden
2d15b61e2962412ec20c326895c4603a,5.0,200.0,16.0,3.0,12.0,costruction_tools_garden
083b8b5ce2d02b7d5d4e1ceab8b7ed04,1.0,1075.0,24.0,29.0,22.0,costruction_tools_garden
37318ccebb2ced72bd1b548b55ab4e31,6.0,200.0,16.0,3.0,12.0,costruction_tools_garden
0b01a9718a61dbdd35cfec9ad13a0301,1.0,2200.0,16.0,16.0,16.0,costruction_tools_garden
5272c0e8bee8fadf0a2a23b5460da8c6,1.0,325.0,18.0,16.0,13.0,costruction_tools_garden
02f331648b37d96cbaf60e96f9c0cd92,1.0,2350.0,22.0,22.0,22.0,costruction_tools_garden
71a7800a633691de8ecdd17463335e2e,5.0,550.0,20.0,16.0,30.0,costruction_tools_garden
1764de90ccf31194230a1d33c9cb7dfd,1.0,1625.0,22.0,19.0,12.0,costruction_tools_garden
fde90f06296b26995fd0de6f16610d70,1.0,1650.0,22.0,14.0,14.0,costruction_tools_garden
22a4657fae391d977b8dfe09b590ee6c,1.0,2250.0,33.0,33.0,20.0,costruction_tools_garden
5ef336462ba740ddd4727319e26207e6,1.0,1725.0,22.0,21.0,14.0,costruction_tools_garden
79535f801c489bd33483bf6d67da9a86,1.0,6900.0,55.0,29.0,29.0,costruction_tools_garden
fe5827d110a9ba59d4ab407e86ccd6eb,1.0,150.0,16.0,4.0,20.0,costruction_tools_garden
3a85491e291016cb452b9b8e78c30ddb,1.0,2600.0,55.0,29.0,17.0,costruction_tools_garden
d03e74df1b077535fb82990351bd3cac,6.0,210.0,20.0,8.0,15.0,costruction_tools_garden
4376da457a3d2de22a9a615196ab5ba4,1.0,3275.0,21.0,16.0,21.0,costruction_tools_garden
44406b87e5ac6494cdb0c9dccd3b88d3,4.0,400.0,25.0,25.0,25.0,costruction_tools_garden
a8aae2d57f0b7d4b495da36a2ea21385,1.0,3300.0,28.0,28.0,23.0,costruction_tools_garden
20c74b29c2264ca5ddce774c34d98dc3,1.0,10500.0,38.0,17.0,33.0,costruction_tools_garden
750d887c4fb151156b3c0dec3041549c,1.0,4550.0,53.0,36.0,15.0,costruction_tools_garden
104b9503ee57d0aa2cd3a6448f242636,1.0,3567.0,24.0,24.0,21.0,costruction_tools_garden
969c37a70b5e0bec58e389978297e72f,1.0,1800.0,22.0,19.0,12.0,costruction_tools_garden
8c1a5e441246c7e3cd415ea468c4cc3e,1.0,550.0,16.0,16.0,16.0,costruction_tools_garden
1ee989a922dba7ff11c8c530b439ec2b,1.0,825.0,17.0,16.0,13.0,costruction_tools_garden
c852654d4c3cd30c5582bc69d5e456ef,2.0,2900.0,85.0,16.0,50.0,costruction_tools_garden
50692766f5927d896a4b516389e92b4a,5.0,3850.0,30.0,16.0,40.0,costruction_tools_garden
dd25073efbb30ed60eeff1b351b8e8cf,5.0,7400.0,80.0,15.0,60.0,costruction_tools_garden
75d19abe240aed387eba35756de2de9c,1.0,600.0,70.0,10.0,11.0,costruction_tools_garden
ead7a0750955ac63e63b8e0ade03bbc4,1.0,1513.0,15.0,12.0,12.0,costruction_tools_garden
fef0296e6442db59700c92c692c90e90,1.0,150.0,16.0,4.0,11.0,costruction_tools_garden
30caacf4dfc199dc577a9627395a881d,2.0,650.0,20.0,16.0,20.0,costruction_tools_garden
07ffc018eaf23e086370dea42c74077b,5.0,185.0,21.0,7.0,14.0,costruction_tools_garden
de427aed54c97c0b1edbdf2ee28c7bb1,1.0,1000.0,16.0,16.0,12.0,costruction_tools_garden
db100173b0d57911a2ea913f605ca844,1.0,1783.0,25.0,22.0,17.0,costruction_tools_garden
5fd295ecaf1c3821da3a53a52dac90e2,1.0,8950.0,44.0,40.0,34.0,costruction_tools_garden
756d52539899974a9b2ae56aff0b6a2e,1.0,15100.0,59.0,32.0,22.0,costruction_tools_garden
95ebf42730dea8baa19b9c8794da556b,5.0,2460.0,34.0,44.0,25.0,costruction_tools_garden
fe4d09201362b0d4332259c78af0f761,3.0,800.0,25.0,18.0,22.0,costruction_tools_garden
f070820a71924fefc3de24e91434e8bb,1.0,25750.0,30.0,30.0,30.0,costruction_tools_garden
0b18bdc51d81f585573501ece135a6fd,1.0,500.0,17.0,17.0,16.0,costruction_tools_garden
5522eaf5bba15bca311ea28c518b01f3,1.0,300.0,30.0,10.0,20.0,costruction_tools_garden
7eaf66aca1ed54df09b3c864b7416110,6.0,190.0,21.0,7.0,15.0,costruction_tools_garden
39d4a8413d363755330d17445a28a76f,4.0,3250.0,30.0,16.0,40.0,costruction_tools_garden
356bc9278252d4fb0c566e64612fc83e,6.0,200.0,16.0,3.0,12.0,costruction_tools_garden
0630f740d3f05c50f85d7dd7cffc60a3,1.0,250.0,17.0,7.0,12.0,costruction_tools_garden
df6e62772d439c7afc2d284339cf9425,1.0,250.0,16.0,16.0,12.0,costruction_tools_garden
80826ebdc7be9086c467cb10e61a24c6,6.0,150.0,16.0,3.0,12.0,costruction_tools_garden
7cbc7b22d10bdd8f5e3d668c3c3ab45f,1.0,1400.0,16.0,28.0,15.0,costruction_tools_garden
666696771a5dd7a28816eab47b70d966,1.0,1517.0,23.0,18.0,13.0,costruction_tools_garden
eaa0c1e54b091f60f2f685b71d71f59a,1.0,100.0,16.0,16.0,16.0,costruction_tools_garden
cc71cac6380211ba2e17e2b35459488b,6.0,215.0,21.0,7.0,15.0,costruction_tools_garden
9834262f81613c7215955ac3b7081919,1.0,613.0,26.0,15.0,21.0,costruction_tools_garden
8f3e65950fbb9e484ff846ce111ca5b2,1.0,3275.0,23.0,24.0,21.0,costruction_tools_garden
84c79830527ae823029ee6b904cf948c,1.0,3520.0,25.0,25.0,23.0,costruction_tools_garden
f9bdcb274f479aa71dd34e8bccdd9a82,6.0,200.0,16.0,3.0,12.0,costruction_tools_garden
523adcd9eeda8b1adc61c990e5c0042b,1.0,588.0,16.0,14.0,13.0,costruction_tools_garden
30462047cff6376a3f9958b2ea254943,1.0,150.0,16.0,20.0,20.0,costruction_tools_garden
a89d629b52f63724dbee62c0ba9e979e,1.0,150.0,16.0,11.0,14.0,costruction_tools_garden
4ce6c1b5cfe26c9f980438fc1c810f8d,1.0,6200.0,76.0,28.0,18.0,costruction_tools_garden
d568eba76717c34870be82a2e9a194cc,2.0,3300.0,25.0,18.0,20.0,costruction_tools_garden
0fb9aa9a6103872d8f580d721e099f89,1.0,3863.0,19.0,20.0,19.0,costruction_tools_garden
774ea72f37a7fbf1fb32b973a18f2348,5.0,5050.0,40.0,16.0,50.0,costruction_tools_garden
040b8534cb74ddaae70c21541f449630,1.0,13100.0,68.0,25.0,44.0,costruction_tools_garden
639cacc61d50ee82079176b446399376,2.0,300.0,25.0,16.0,16.0,costruction_tools_garden
9f4e4841a56efc7c08395adc4fe6f378,1.0,2000.0,25.0,10.0,15.0,costruction_tools_garden
dd4adcbacf68be8bc2fdcd498de6a06a,5.0,900.0,26.0,9.0,24.0,costruction_tools_garden
c92d3f9d69facbffae2637d8b815011e,1.0,750.0,60.0,11.0,23.0,costruction_tools_garden
2a256d1fd193c91de19036b7b9bde617,1.0,4050.0,28.0,28.0,23.0,costruction_tools_garden
695da2d1ee50ae5a8ad2085798a645ad,5.0,235.0,21.0,7.0,15.0,costruction_tools_garden
c4080b2d77b8235e39ce108dcf4d591d,1.0,250.0,16.0,5.0,12.0,costruction_tools_garden
38d81441a145665231f53df8e97f52e5,1.0,1500.0,50.0,16.0,44.0,costruction_tools_garden
36ba5561e351eef68d3554697132a9a8,6.0,240.0,21.0,7.0,15.0,costruction_tools_garden
89f46d1e213867388c2fac6078f5c06d,2.0,500.0,16.0,2.0,11.0,fashio_female_clothing
dd12801e4d1919e84bf6f90167f22fb5,4.0,450.0,16.0,5.0,20.0,fashio_female_clothing
e726b00d6143d630f1635740d8a265c2,2.0,200.0,16.0,2.0,20.0,fashio_female_clothing
69530f4ebf4b017348e5f19323ab8a00,1.0,700.0,20.0,20.0,20.0,fashio_female_clothing
621b15d249d471192c1bd7ade2dd8b86,2.0,300.0,16.0,2.0,11.0,fashio_female_clothing
87ac7e3e844a79b97f7b98cecfbc69db,4.0,500.0,20.0,5.0,20.0,fashio_female_clothing
630e1e89b84dc36567deec47c7e373b1,2.0,600.0,16.0,2.0,20.0,fashio_female_clothing
8b100f92b312e18e03f0ee8f0c0011bd,2.0,200.0,16.0,2.0,20.0,fashio_female_clothing
bfbce14d1a7118b0c233a35617ec2830,6.0,400.0,29.0,7.0,16.0,fashio_female_clothing
781145cd898909ed4389dc1a21192426,2.0,400.0,16.0,2.0,11.0,fashio_female_clothing
771fdcb0db87731f794a0e723e93b732,4.0,300.0,36.0,6.0,27.0,fashio_female_clothing
c4cca1d23088d10099f52159878b6686,2.0,600.0,16.0,2.0,11.0,fashio_female_clothing
0906585a53ae0d9e9d848e83b8f2ea88,3.0,1200.0,25.0,15.0,25.0,fashio_female_clothing
905b0c0ebfb5ea28af1b5cfb97bbbd27,2.0,500.0,16.0,2.0,11.0,fashio_female_clothing
ecac086eca2f806295b1f43b4f6ca119,2.0,600.0,60.0,60.0,15.0,fashio_female_clothing
cfbf1eb673c7eba9e2f58d9375e902b1,2.0,700.0,20.0,12.0,20.0,fashio_female_clothing
edb0a8739ce7457ff4767a85d6aa92e2,1.0,700.0,20.0,20.0,20.0,fashio_female_clothing
bfa393df5b4494bea7158660999a921b,6.0,350.0,16.0,5.0,20.0,fashio_female_clothing
b8b642aae03f19310f2dbeccf772b5d4,1.0,300.0,20.0,20.0,20.0,fashio_female_clothing
63cf4d771cba1d380af927afe5895d4b,6.0,350.0,16.0,5.0,20.0,fashio_female_clothing
6e02baf23db1455640241542c78be139,1.0,900.0,25.0,5.0,17.0,fashio_female_clothing
1f05dcc70c1a19407641eccea8ef3bdc,1.0,1700.0,25.0,10.0,17.0,fashio_female_clothing
e03f4e4044f06ae9349b2f891e614923,2.0,500.0,60.0,60.0,15.0,fashio_female_clothing
ef43ce667e1a98728fd045dce7162c86,2.0,700.0,20.0,12.0,20.0,fashio_female_clothing
6d8e78c479334cba03552e61a97eca2e,2.0,1000.0,27.0,12.0,23.0,fashio_female_clothing
bc0d2d816d425e6ce3e80d8b9887d324,4.0,500.0,16.0,5.0,20.0,fashio_female_clothing
2819e0fe205e3a81329782eb5fb274db,1.0,300.0,30.0,10.0,25.0,fashio_female_clothing
e6d528652daa9f45b90b855c0596bfbf,2.0,450.0,45.0,15.0,35.0,home_confort
96f6baf4d6a2f7c90932573600903489,1.0,700.0,18.0,12.0,18.0,home_confort
5b76cbb9c422e9f3920a1a75a88f0cf0,1.0,200.0,30.0,15.0,15.0,home_confort
42c99de3dc62c3687c4c7da629da3c50,1.0,100.0,18.0,18.0,18.0,home_confort
d6061ffaf719f75dd074a637c535b644,2.0,1850.0,45.0,15.0,12.0,home_confort
908dd61b840a480fa931ef04389c6266,2.0,1500.0,45.0,15.0,35.0,home_confort
31c954de261f07754040a8fa2529e95f,2.0,200.0,45.0,15.0,35.0,home_confort
58e7e9ff092e30b9c71ccf594c99433c,1.0,21750.0,45.0,15.0,35.0,home_confort
15ae68f4be12b1e7037da33a1ef9753a,3.0,7600.0,50.0,30.0,40.0,home_confort
db05ec86bc6eba7fe32b9c739d31b10d,1.0,10150.0,45.0,30.0,45.0,home_confort
89bbac967e47033f5d8c15527de1ef9f,3.0,3500.0,40.0,20.0,40.0,home_confort
9bc56dc1c13a3dd110faa962cabf1531,3.0,950.0,30.0,20.0,30.0,home_confort
186052b3f166a0f7227e78b2d27652d3,1.0,3200.0,20.0,30.0,46.0,home_confort
33bd5538a16d23f0a39da1c9bfd20980,1.0,2200.0,54.0,9.0,28.0,home_confort
9682ad2500ae8b2609e6a88eb0cbc5bb,1.0,1500.0,45.0,30.0,45.0,home_confort
e7597059b9e4eca21a96eed55693b31b,3.0,1050.0,40.0,20.0,30.0,home_confort
83309bfd8eef19fbfaa8e790b824b572,1.0,1600.0,45.0,15.0,35.0,home_confort
2e0d7a0a2e12fb5ff71b53c36e0ccb1a,2.0,5700.0,40.0,20.0,40.0,home_confort
57212b61ec373df1504d050a17e139ad,2.0,4250.0,45.0,15.0,35.0,home_confort
1c93b38903bf11d9a9bd28f3c65481d6,1.0,19800.0,45.0,15.0,35.0,home_confort
828c579b949972bdea5cf2203faf4563,1.0,800.0,20.0,20.0,20.0,home_confort
f42892b40225227fe465626ff509a92e,1.0,1750.0,45.0,15.0,35.0,home_confort
29bcbac6eec9fa5e51f01225e8004c93,3.0,6700.0,50.0,20.0,40.0,home_confort
5d8ad55d3f8971622b53ef88f1229af9,3.0,2300.0,40.0,20.0,30.0,home_confort
873417a13086036760bd9528d4d13d27,1.0,800.0,20.0,20.0,20.0,home_confort
e969c0b5b997b22894446bc30f5e0b45,2.0,1350.0,40.0,20.0,30.0,home_confort
9696fc4ef13aa92c9933cc364d18ac40,1.0,700.0,30.0,30.0,30.0,home_confort
9bf9c88e31e33139f919bb013cb3fb7f,2.0,3800.0,45.0,15.0,35.0,home_confort
db123b35396aafabb2d5b476557abed5,1.0,1700.0,45.0,15.0,35.0,home_confort
3a7553224e54d216c4a65c85f2d04deb,1.0,9475.0,53.0,30.0,38.0,home_confort
b31b3d9e4c6ad3265d8f77f243e3f0d9,1.0,200.0,16.0,16.0,16.0,home_confort
c0af7c6e4d05f8fd956204b258ce14e0,3.0,6500.0,50.0,30.0,40.0,home_confort
ed22e5834e262559c99d7b0975e1032e,1.0,800.0,20.0,20.0,20.0,home_confort
758eb93d6519618b22b2721413074847,5.0,1650.0,30.0,18.0,50.0,home_confort
9668e3c1bfb4a5e3a1220a479a1ddfa2,2.0,6050.0,40.0,20.0,40.0,home_confort
12fd8665371236b5b586ea4e448902c8,1.0,4050.0,45.0,15.0,35.0,home_confort
7e31015e42f00d4170f63e2c37d55818,3.0,2400.0,30.0,20.0,30.0,home_confort
7c1b31947e5d43e0a96efe80554c809d,2.0,1400.0,45.0,15.0,35.0,home_confort
563bbe0d8473acb99ec159079a8352f1,1.0,2200.0,45.0,15.0,35.0,home_confort
94f584e1a1158e97314c59b190dfb899,3.0,9650.0,50.0,20.0,40.0,home_confort
8c9fade80dfe6522d111aa9bbcde35bd,3.0,15100.0,60.0,30.0,50.0,home_confort
50eece63391870c7fb7c07c92a76d447,3.0,950.0,30.0,20.0,30.0,home_confort
8aebd177020fc8a6fa6a321ac4c44de7,1.0,600.0,35.0,36.0,20.0,home_confort
db10315b99cdff7ca831c2a44ed5b601,1.0,350.0,45.0,15.0,35.0,home_confort
ebe0c263e693796f0738dc56bba6e9ce,2.0,1200.0,45.0,15.0,35.0,home_confort
c9c364f8f671ccd1d92b3e227fb1bc88,1.0,3300.0,20.0,30.0,46.0,home_confort
855dffd36eee356101b672374d00e96f,5.0,4775.0,40.0,20.0,60.0,home_confort
403e95f4460939e06a89a253a15dd99f,3.0,900.0,30.0,20.0,30.0,home_confort
baf4f12ea16c1bb2c457a90df13e4a3c,3.0,1300.0,30.0,20.0,30.0,home_confort
f76b8eae9da79861cd75f86a1020879e,1.0,1800.0,55.0,7.0,23.0,home_confort
136506394cd99737bf063eb20271b08e,1.0,1300.0,45.0,18.0,45.0,home_confort
a60e1868eec274b4c295fc836ea8320d,3.0,3000.0,40.0,20.0,40.0,home_confort
d399dfc93e30e60fce539861202763af,3.0,1700.0,30.0,20.0,30.0,home_confort
b3d1d218a4ff07119f546a42c6ee7d7b,1.0,5550.0,45.0,15.0,35.0,home_confort
f009b1fd2d0278e72174b86019655f28,2.0,5050.0,45.0,15.0,35.0,home_confort
1a06a6a66ab23d70e02b8f92650e268f,3.0,150.0,16.0,2.0,11.0,home_confort
60a233b2fb18e7982bd7a653c23d5a99,3.0,3500.0,40.0,20.0,40.0,home_confort
fbcd9b07bda0301e7e776fc1ab26fdfe,1.0,2200.0,45.0,15.0,35.0,home_confort
ca0019454bd5ddca0f4022fe89f6557a,3.0,5700.0,40.0,20.0,40.0,home_confort
9ffab56dff7071396d82c4b372e7f033,1.0,575.0,48.0,11.0,29.0,home_confort
5594eb45b3ced02488aaf71edfb32d92,3.0,900.0,30.0,20.0,30.0,home_confort
4d4321549f8f978a19a4d17588b1e770,3.0,5350.0,40.0,20.0,40.0,home_confort
0ecaf0629e5e227413504f3892bd76ba,3.0,3800.0,45.0,15.0,35.0,home_confort
0d60ec9cf77726af8257bc483d038a72,2.0,1075.0,30.0,30.0,14.0,home_confort
142c759524da90ea8c592f9b3b1fedb5,3.0,7100.0,50.0,30.0,40.0,home_confort
130cdbc1715f7e1b5d9be728ce04398e,1.0,500.0,18.0,12.0,18.0,home_confort
7a764d2ad0306a21f83f06ae99b397b7,3.0,7150.0,50.0,20.0,40.0,home_confort
4395690ceee4379785f481610bf962ac,3.0,1000.0,30.0,20.0,30.0,home_confort
dde35467201d3ff9e3f8e4297aa2768e,1.0,8500.0,45.0,15.0,35.0,home_confort
c80124276571cd4bef53cf35d9b36c5c,3.0,5650.0,40.0,20.0,40.0,home_confort
2cb7610ce5b2b73be631121560aeecaf,3.0,6850.0,50.0,20.0,40.0,home_confort
8474d936fee23f0c45620cc2022871cc,3.0,10050.0,50.0,30.0,40.0,home_confort
9d2ee357e629941a914a73e800849162,2.0,5350.0,40.0,20.0,40.0,home_confort
5def61e8757e0dd68a807be19a120516,3.0,6700.0,50.0,20.0,40.0,home_confort
f4cd1164757f2f82e7f949e9ba129664,1.0,800.0,20.0,20.0,20.0,home_confort
f30de5fdde000c5debf03cc49d782249,3.0,5350.0,40.0,20.0,40.0,home_confort
6761b88d4716b34a0d41bb8d13e20db0,2.0,1900.0,45.0,15.0,35.0,home_confort
e2fcaac49de7a3a90f0dc74d7b1e9f10,3.0,4550.0,40.0,30.0,40.0,home_confort
149ab38a09937b9195cbcaa295cf4a44,1.0,4350.0,45.0,15.0,35.0,home_confort
f3d786d97bcacbff8312cf48b52a6062,1.0,250.0,16.0,12.0,16.0,home_confort
91497eff4735d835057824111f9532b7,2.0,700.0,45.0,15.0,35.0,home_confort
73e0db4719016f90a37238ca8e5a1cab,1.0,3050.0,20.0,30.0,46.0,home_confort
7ddc9c0c8d8ff59c19050d36d2bdcb2a,3.0,1700.0,30.0,20.0,30.0,home_confort
7248b99ff380f23a1094ff737a1112fb,1.0,2000.0,20.0,16.0,20.0,home_confort
e43da23e8c063291ca4e887e6ee98107,3.0,3000.0,40.0,20.0,40.0,home_confort
be1d391bd8ff820e431cbb0229d2b92f,3.0,5000.0,50.0,20.0,40.0,home_confort
40c6bf0ca8c0c5dfe779fd8c08a1f326,3.0,5350.0,40.0,20.0,40.0,home_confort
e101ca6287658a6104e804774d56b871,1.0,1500.0,45.0,15.0,35.0,home_confort
b03e4fe0eee3e4b3cfa75f8f66507e22,3.0,6700.0,50.0,20.0,40.0,home_confort
4e191b1e429b88c6eae1a014f823cb7c,1.0,2375.0,30.0,60.0,43.0,home_confort
08d94d42353229701a47e7cd5362b450,1.0,1600.0,45.0,15.0,35.0,home_confort
829b1d3da6a5e54d51055338281a5dfe,1.0,2000.0,20.0,16.0,20.0,home_confort
2e690251b259bda3d61476c67d7b70a3,3.0,2300.0,40.0,20.0,30.0,home_confort
fc56c478c11ca5989e21da62cb19de16,1.0,1350.0,45.0,15.0,35.0,home_confort
6bc53d46b55a38602aad862a37153ea6,3.0,5350.0,40.0,20.0,40.0,home_confort
223d59a37896c34a98384dcbaefc322c,3.0,1900.0,40.0,20.0,30.0,home_confort
8e630a6101b33d99671d79b67b87052d,3.0,10900.0,50.0,30.0,40.0,home_confort
2280139813948df83ba872aecca72997,3.0,3500.0,40.0,20.0,40.0,home_confort
8b5551fceac21ae3ba546f410bb642d0,1.0,14000.0,45.0,15.0,35.0,home_confort
c7796bc610cc40ed7935b75fced0aa0e,1.0,6050.0,60.0,40.0,15.0,home_confort
9391a573abe00141c56e38d84d7d5b3b,1.0,5200.0,45.0,15.0,35.0,home_confort
728c17e07a160fed8b31f419de75f2c4,3.0,2300.0,40.0,20.0,30.0,home_confort
8963eba2629ee030c4de83703c0ae020,2.0,3450.0,45.0,15.0,35.0,home_confort
9477e72598d2f21dc53f809bd42cf7a2,1.0,23000.0,53.0,76.0,43.0,home_confort
41150780d8eb1857e9575c5e3c23c0f0,3.0,1800.0,30.0,20.0,30.0,home_confort
7c65bcd66be0ad761948bfeda4e7bd2f,1.0,1550.0,45.0,15.0,35.0,home_confort
35afc973633aaeb6b877ff57b2793310,1.0,1825.0,53.0,10.0,40.0,home_confort
c6bf8cc852eee5c4ab264e792a9c23a1,1.0,2150.0,52.0,12.0,42.0,home_confort
5adb6a6b7b1be0e0d89a7b15d1f83251,1.0,150.0,16.0,4.0,16.0,home_confort
cbe9e2a7ae078d6055bce05a0b9ad8b0,1.0,500.0,40.0,30.0,11.0,home_confort
0ee362737f0fade7293e5a4f375f2446,3.0,900.0,30.0,20.0,30.0,home_confort
ed9b924bdbd0fd22c60aba6dddfbb6e5,1.0,675.0,22.0,9.0,16.0,audio
92ee7c820f6eb0c532ecd94508e3cc29,4.0,200.0,18.0,6.0,16.0,audio
4590e33159d28afa51c996b1133eed09,4.0,250.0,16.0,5.0,11.0,audio
487ff90293c6b5484d060de3fe409557,3.0,325.0,22.0,22.0,22.0,audio
97b1f3f9eeee9126dc8109846aa63ca0,1.0,200.0,16.0,8.0,11.0,audio
636f5be2cd52da4047bb73b7b15329e3,6.0,300.0,16.0,9.0,11.0,audio
6eb70dfb283dc3f645ed7b03c990dc72,2.0,343.0,19.0,11.0,13.0,audio
9dd7fca4adb5b63da29c93f3d47a66c2,1.0,400.0,20.0,8.0,16.0,audio
3b7929cc079c14493fb6fb3373dbc1e1,3.0,1075.0,40.0,20.0,30.0,audio
a59fb60fddcc72a9878b7ed5cb69d8e4,1.0,200.0,27.0,5.0,20.0,audio
5026f48060b51abce464cb03e1d92847,5.0,450.0,20.0,9.0,15.0,audio
39dc16aaca25e1f0ab28d16d72703082,1.0,600.0,16.0,10.0,24.0,audio
f124ba93c961061c1358bab8b90730ba,1.0,150.0,27.0,5.0,20.0,audio
be82fc52186e82fccb9c7b949f60d407,2.0,900.0,20.0,8.0,11.0,audio
c1c27de6591a9eaeb865eed7b905b046,4.0,517.0,27.0,22.0,25.0,audio
7c4a8bec217df1de0df2b5aaf8175b65,2.0,167.0,16.0,4.0,11.0,audio
4a60d3216a54406b278c835697a068f4,1.0,473.0,19.0,12.0,21.0,audio
891f85176bb33d23b19f1cc30eb2660f,1.0,2000.0,31.0,31.0,31.0,audio
e95d807bbe3bf3e2147a2ebe9168b7ec,1.0,526.0,20.0,12.0,16.0,audio
e5b5b0c0e066fb53258fce3eace774f7,1.0,290.0,19.0,16.0,18.0,audio
401b5632c06c51319df083f1245a96ca,1.0,300.0,16.0,20.0,16.0,audio
e0884eed28311e4365d93a89ac57eafb,1.0,250.0,27.0,5.0,20.0,audio
fdc52cfa6830ea1f04bc31c0939b2357,1.0,300.0,16.0,16.0,16.0,audio
abe90b94fe9bb697a9f2bd7e25029c2f,1.0,1360.0,28.0,21.0,24.0,audio
9bfc55df037ce3ac01bfd84781adf7e5,3.0,530.0,19.0,14.0,15.0,audio
25830cd3f917e51e463f79c181a670ae,1.0,300.0,17.0,17.0,17.0,audio
2669a9fe1aaf6cb29071f8f866014afc,4.0,450.0,17.0,8.0,12.0,audio
8dff5399c7a5552ee041c8bb465e5288,2.0,100.0,19.0,4.0,11.0,audio
59166cb25207e97d04951200086920b3,2.0,150.0,20.0,10.0,11.0,audio
d41a2d62b53242957d8f2107d2e82e51,4.0,200.0,16.0,16.0,16.0,audio
687ada1b5c787ece71130a5ec0123567,6.0,2300.0,20.0,20.0,32.0,audio
db5efde3ad0cc579b130d71c4b2db522,1.0,6663.0,17.0,11.0,13.0,audio
681ce53bc951dd4db1480c44ae271d00,3.0,725.0,17.0,13.0,14.0,audio
88f2c10f7a675e2f7e5a00ec528d973a,1.0,1000.0,20.0,16.0,16.0,audio
d7df1ad2d9580659326819afde99ba71,1.0,200.0,25.0,15.0,20.0,audio
6fab1c39de4cee5cf3a849f7f72cba57,2.0,300.0,27.0,5.0,20.0,audio
1f388485320e7817bedef000d1890c0a,3.0,200.0,16.0,3.0,14.0,audio
8903e02564eb6f9584dae521a9663b55,4.0,400.0,18.0,8.0,14.0,audio
0d9f729c5dea994b9072004fd2656cc3,3.0,250.0,16.0,2.0,11.0,audio
13db47eae724e2848e12b71a617a3a41,1.0,425.0,17.0,11.0,14.0,audio
fb10a064e6f5151ebfffc589e166c917,1.0,1742.0,17.0,11.0,17.0,audio
53090d94b00b6613c77382b7f4617d2b,1.0,250.0,27.0,5.0,20.0,audio
0ee300fb7a6715fdac77e6fb6e7e37f3,1.0,400.0,25.0,15.0,23.0,audio
613a1da144b1ad65ab2cba8d417ad350,1.0,1300.0,25.0,15.0,30.0,audio
e6b6e13cf71449a457269f425b89dc74,1.0,588.0,19.0,14.0,17.0,audio
96f027a4749058d508f6c1bda657c79d,1.0,483.0,18.0,12.0,13.0,audio
dca8cbb1c9d8a2db0fbc0c36b8d1a7bc,5.0,200.0,16.0,2.0,11.0,audio
a7aa202585393c58cb1351de084b4dbc,1.0,400.0,21.0,7.0,11.0,audio
fc8b21a0fa8ae9622a79bd557b380961,2.0,350.0,16.0,16.0,11.0,audio
ec2f95440d5e5376e3a25c8106f5ba76,2.0,300.0,20.0,16.0,16.0,audio
53e8156b28f9080cc0865b55d1bed9fe,2.0,900.0,40.0,8.0,30.0,audio
f753d7048454e22b4761ef5e5a3ec2cc,1.0,431.0,19.0,12.0,18.0,audio
17ad6786808ab3fedfb261a70a5932d6,1.0,620.0,23.0,15.0,17.0,audio
8d8426c5adc78437359a25c285959192,1.0,300.0,16.0,4.0,12.0,audio
06ef141d37f22c5742e445504b5805a7,3.0,250.0,16.0,2.0,22.0,audio
eea25b95f84281753d8013ad279889d5,1.0,1150.0,31.0,18.0,19.0,audio
1847704440ad3e1d770ff738f5ced023,1.0,607.0,19.0,18.0,11.0,audio
ad1738621558e97cb99a5c6e6513fb48,2.0,500.0,21.0,10.0,24.0,audio
32f186a3f6239888c37adf90db857098,1.0,1350.0,18.0,17.0,16.0,food_drink
0776155007ad20447a0b0f91d4aad644,6.0,1000.0,28.0,13.0,13.0,food_drink
94e25ee525bdcdce608d423d902a0372,3.0,2950.0,17.0,22.0,17.0,food_drink
575e0e0242a7a1900558645915d3d9f8,1.0,300.0,20.0,20.0,20.0,food_drink
fda6a1e500285956c972ec2fe10f4923,1.0,1850.0,20.0,20.0,20.0,food_drink
90f97298579cd20412fdcc9b7a2d4b6b,1.0,475.0,20.0,16.0,13.0,food_drink
79d7da51bcd8d7722a6db7b3c285e218,1.0,500.0,20.0,20.0,20.0,food_drink
4161c903c8834f814fda62d066031d74,1.0,500.0,33.0,21.0,27.0,food_drink
7384a19bf6df5d6139bc52286cd26c2e,2.0,9550.0,57.0,40.0,25.0,food_drink
ec96b7b4e1401281edb9465d0d689cae,1.0,1200.0,16.0,23.0,13.0,food_drink
da09111354db562f50dffb0476a96828,2.0,450.0,16.0,13.0,13.0,food_drink
ca4fe13c336a5399a892b4afabb17abb,1.0,1650.0,24.0,24.0,24.0,food_drink
7ff7661b8c3f488705fcf1f407d04329,7.0,500.0,28.0,15.0,15.0,food_drink
86beb8b7298c47a334e6deb8545b2f06,1.0,350.0,16.0,2.0,12.0,food_drink
50e015dd53fdcfa8502a7e6827e1fbe6,1.0,1250.0,23.0,19.0,22.0,food_drink
488edbf15626ebb4b69d6c4600602ba3,1.0,472.0,19.0,16.0,16.0,food_drink
869ea93586ecd74a64e5aafcad1036a9,1.0,600.0,28.0,15.0,20.0,food_drink
779e74ce337266c06bf392935ab34bc8,2.0,262.0,28.0,15.0,20.0,food_drink
eeab31cd2a4bcd64e6b249e0a674b3a8,2.0,274.0,28.0,15.0,20.0,food_drink
3ae810052cf18d30232367f0b45e284c,2.0,1200.0,23.0,12.0,19.0,food_drink
740867136b4bf7605e36c5913b91eb99,2.0,2800.0,27.0,19.0,24.0,food_drink
07bb371fdfa423305dd7e7d94cf36565,1.0,250.0,16.0,2.0,12.0,food_drink
ba4d4408f422ce8b42de69cbf879f5f9,1.0,300.0,21.0,10.0,15.0,food_drink
54b755678728b84472c2b654ac4de777,1.0,200.0,20.0,12.0,15.0,food_drink
be3d221fd98c71e1a8dabefc71e4101d,1.0,400.0,28.0,15.0,20.0,food_drink
29ffae92a47bf21dd4c109d40b4de7f6,2.0,300.0,20.0,8.0,16.0,food_drink
dbd8772797eb43bcb24b0f7fba3b8839,2.0,10800.0,45.0,25.0,26.0,food_drink
06353656886de747a549351f1ec7fa9b,1.0,650.0,16.0,10.0,11.0,food_drink
63de579e88d8a9982d2e279eba56e753,1.0,800.0,31.0,15.0,26.0,food_drink
0c806c7604c0581921d7b5b1c70bea5e,1.0,750.0,31.0,15.0,26.0,food_drink
70fe9b99d340c044c0316517b7b2ed8c,1.0,250.0,16.0,16.0,16.0,food_drink
5eae236b07a8c5db6299c7f9c3ba2e6e,1.0,200.0,33.0,21.0,27.0,food_drink
a91296c6e53b452fe0c6a5a878a2a06a,1.0,1250.0,16.0,35.0,11.0,food_drink
434487f82b5c35646bd8155cf1946179,1.0,600.0,16.0,16.0,11.0,food_drink
bdae940812284709dd5e300831735f64,1.0,4200.0,30.0,25.0,25.0,food_drink
f27782bee7a6ae6435305c7b46e5f44b,1.0,550.0,20.0,20.0,20.0,food_drink
6811d911869c98aed7eadc3478bebe72,1.0,500.0,20.0,20.0,20.0,food_drink
10f2fea49b203930a1f4c0a3a892d960,1.0,400.0,33.0,21.0,27.0,food_drink
f813e301b61b001b6baac3a54b9acfe2,2.0,550.0,23.0,16.0,16.0,food_drink
69f0f3b1c89b4e731e0b691e00bfbded,4.0,300.0,16.0,16.0,16.0,food_drink
1d994f3116c393f22021e72f17ab5af5,1.0,200.0,31.0,15.0,26.0,food_drink
7cc23d3a974be45542366d35eaec7965,1.0,1250.0,17.0,17.0,17.0,food_drink
bcfc64e7adc6e1ce2030d71e1af79a3e,1.0,200.0,16.0,11.0,12.0,food_drink
f70dd37d94cc7026ca198b9d7574c7bc,2.0,1350.0,28.0,15.0,20.0,food_drink
dd33364adc5708532277169d47a2794a,1.0,1800.0,20.0,20.0,20.0,food_drink
4a369cab4a7983776c6733d806f4c457,1.0,250.0,16.0,16.0,16.0,food_drink
6991f4d85b6d2e9c27895e25c2485b52,4.0,4550.0,30.0,15.0,26.0,food_drink
0a9dafcfb351b0dd0fafd06b8f842b55,1.0,1575.0,20.0,18.0,18.0,food_drink
a2307a34b16eb2201ce5206cbd7f9bc7,1.0,700.0,25.0,25.0,25.0,food_drink
9dd0e50af05b24eea64afcd011940a6c,1.0,1300.0,16.0,36.0,13.0,food_drink
c39e3869763358c110302e22df757450,7.0,3400.0,30.0,15.0,26.0,food_drink
7edfb4c96d69a75d28b973bdc2dbcfaf,2.0,250.0,20.0,11.0,15.0,food_drink
eed8b513f23793f1d52a3baf41f38392,1.0,350.0,21.0,10.0,15.0,food_drink
a17986e7f2991a5f5fcbfae5639ca1cf,1.0,300.0,16.0,2.0,12.0,food_drink
4c19782230ac2c3708497b730b02abe7,1.0,50.0,16.0,3.0,11.0,food_drink
e1b7112bffdaa21bd9b003dc3238f58f,1.0,600.0,24.0,8.0,23.0,food_drink
2942938c3d7cfb0161ad93b80cd60b01,1.0,1750.0,32.0,16.0,18.0,food_drink
be8c497ccf955e3f8817bbd38626ac29,1.0,300.0,24.0,8.0,23.0,food_drink
a54244559e62c8ef2939e52189d65d4c,8.0,1300.0,19.0,12.0,12.0,food_drink
c432f90fa332fd2e5091f2ac2d226aad,4.0,10500.0,35.0,30.0,27.0,food_drink
37eab73447adec63c01f2cebf76afd9e,7.0,300.0,30.0,15.0,15.0,food_drink
a9b66ba43bc175399c95d207083fc120,3.0,6775.0,30.0,30.0,26.0,food_drink
20545c8a1fb497b7e692794159e7afdb,1.0,400.0,16.0,8.0,14.0,food_drink
aef3e3251c02ee19b8f193f158a49a53,7.0,800.0,17.0,17.0,17.0,food_drink
1b0e9a414e59a00b13262ffb248ed9b4,2.0,262.0,28.0,15.0,20.0,food_drink
5b394e3d290882de22e0207c7027fdb5,1.0,400.0,20.0,8.0,16.0,food_drink
75e62433aab3f2aeae71e3bbc0af2171,2.0,900.0,20.0,8.0,16.0,food_drink
27608e96f596b295c68b1d7ed7e639ce,1.0,550.0,28.0,15.0,20.0,food_drink
65803a899ace1acd56cbb80caeabc936,6.0,3250.0,28.0,16.0,16.0,food_drink
40db914a3129475d11db840a1c411fba,10.0,800.0,28.0,12.0,12.0,food_drink
aed29c4783b11ffad4ab0ca3d12654d6,2.0,300.0,20.0,8.0,16.0,food_drink
880e2c1d5c4b60504e6b0a0c8bf89a1f,3.0,1950.0,35.0,12.0,23.0,food_drink
362917ef32b7ab0660f1d2b1111396ac,1.0,900.0,16.0,2.0,11.0,food_drink
1b28df0b54809d40f2bd2f2218c601a2,1.0,875.0,23.0,17.0,17.0,food_drink
de809d6e8b2d61c8d82566466916d5ba,2.0,1200.0,30.0,21.0,21.0,food_drink
3bb1adc5328cf8d3aabba59f3b534e7f,1.0,725.0,22.0,18.0,30.0,food_drink
5ef5cddf0ad1c5140b02c2255109c31a,1.0,1150.0,24.0,8.0,23.0,food_drink
af1f7fe819b99861448beb8a907c9cbe,1.0,600.0,25.0,16.0,16.0,food_drink
b35c3c655d950af9dcd75516879eba67,1.0,2750.0,21.0,22.0,12.0,food_drink
26f03967104b76d4ebd5e43a1b3c1e18,1.0,600.0,33.0,21.0,27.0,food_drink
992197904e1d4f0bf3994652373188e4,1.0,1100.0,24.0,21.0,16.0,food_drink
adda822b6a549cd98b20e557b88d230d,4.0,8800.0,35.0,30.0,27.0,food_drink
e7be446dd7fa8f165244b63de1b85802,1.0,1150.0,18.0,18.0,18.0,food_drink
0ab66f8ffee46568f8a8fba7c300ae50,2.0,200.0,20.0,8.0,16.0,food_drink
1b508f9b0efb50617933ab0dda7a9ed6,1.0,400.0,24.0,8.0,23.0,food_drink
2960abe1e5e92f82f98f3358b7fc9a2e,1.0,350.0,20.0,8.0,16.0,food_drink
84f5c4f480ad6c9998d6a6860f1a2e41,1.0,1100.0,16.0,15.0,15.0,food_drink
d3fe643e9d50205d020e32aaf5eea00d,1.0,1800.0,17.0,17.0,17.0,food_drink
3ead2a8b3b92444cfac54979d56c7993,2.0,268.0,28.0,15.0,20.0,food_drink
a45a0a8751b5e6c64c920b63716fbd24,1.0,700.0,20.0,8.0,16.0,food_drink
d63ea2f93da22fc874867433a01aac27,1.0,1900.0,16.0,33.0,18.0,food_drink
3c949889a3c11ae9d33a721d9efa6e7d,1.0,1450.0,16.0,37.0,11.0,food_drink
d9a51912372ce82133d91ad4dccba508,1.0,500.0,28.0,15.0,20.0,food_drink
7643f9ef2cbf1bd4202b0b7dcc500cad,1.0,300.0,20.0,8.0,16.0,food_drink
3394bd1ad2fa9278c9da6724fbe73c60,3.0,650.0,16.0,23.0,17.0,food_drink
924260f2993f33c639e6226173f07e8f,1.0,200.0,33.0,21.0,27.0,food_drink
2b7bb91ceee2bfa598986638fb136ba4,2.0,262.0,28.0,15.0,20.0,food_drink
4ff6d690de7f98ab534ab22881bf5819,1.0,1200.0,19.0,12.0,12.0,food_drink
42eb5329dd0ee3d76d135ce04c84451b,1.0,1150.0,16.0,17.0,11.0,food_drink
639a641dfdddb9367d030768148076b1,3.0,300.0,16.0,6.0,11.0,food_drink
b71ed32edb9ce4684e10a11309011b60,2.0,500.0,25.0,9.0,18.0,food_drink
c18ab1f0dc1937464d516ca610408e26,1.0,150.0,19.0,13.0,17.0,food_drink
63a2b46cda9cae69cbbb77dc2b0165ac,2.0,1100.0,25.0,6.0,25.0,food_drink
3eb3d83d082ce242d4eae1f57e62640d,2.0,300.0,25.0,9.0,18.0,food_drink
25a048d00b596eeac27424b4e897f07e,2.0,100.0,24.0,11.0,16.0,music
2b250e4c796f4ce9da7ee0465bd1b574,2.0,783.0,16.0,8.0,15.0,music
614a7083f3c1a64a1829fee6bc60d90d,2.0,100.0,19.0,3.0,11.0,music
a1e33e0a3ead282527fab4ff0f72706b,1.0,400.0,25.0,10.0,18.0,music
def080e33b38a4c756347d4665b40a7f,5.0,1850.0,55.0,17.0,15.0,music
23713b3af0ec6a3c9601da5c58b2ea95,3.0,550.0,16.0,16.0,16.0,music
9927048351cd36357bd4227c238f478b,2.0,150.0,16.0,9.0,11.0,music
d655dc03de9b831ed22639631ab2958f,1.0,550.0,33.0,6.0,22.0,music
88c44792cd15d55bc4263bf91672e0f6,2.0,1250.0,60.0,8.0,50.0,music
1428c05db72682f014dc218c294724ea,1.0,200.0,20.0,2.0,15.0,music
ede21d9928e12f59d3dcd5586c77cf09,3.0,1100.0,16.0,2.0,11.0,music
4befae07dba4384f6d8237ad1e7f8294,2.0,900.0,18.0,18.0,18.0,music
5fb3ff04cc8ff9f140b028d867a6b0f4,3.0,5250.0,27.0,32.0,16.0,music
2848023ffcfb063bb7aa0d0c447bd116,4.0,9750.0,27.0,31.0,16.0,music
7fd7d089731ec588f65f9c3be9aab4e8,1.0,100.0,20.0,2.0,15.0,music
0eeeb45e2f5911fd44282e5bb0c624ff,1.0,82.0,12.0,15.0,15.0,music
e0345b1670b53fb0e3ffda000b7e3231,4.0,200.0,30.0,8.0,20.0,music
06a2ab007679c70b21a1123749c09719,1.0,200.0,22.0,4.0,16.0,music
0698b5407c0c472d66ff54f57f144812,1.0,250.0,30.0,11.0,21.0,music
b6ae00a2c239c532a6e622262e49bb55,2.0,300.0,25.0,11.0,16.0,music
fac21a1c91c8001793435c475fa7f032,3.0,250.0,24.0,12.0,20.0,music
e500a9395078ba5b59387db0dbee0063,1.0,200.0,16.0,2.0,11.0,music
664a3e65f7a940066cd9881c28c47f57,1.0,200.0,22.0,4.0,16.0,music
58df94ef28a89babeedf8fc71592a4c3,1.0,200.0,20.0,2.0,15.0,music
20d7e618ee9f33f59efe64ca4059d185,3.0,200.0,16.0,9.0,11.0,music
24dbd57bf68a29e64c462b88087b93ed,3.0,7450.0,100.0,12.0,47.0,music
a646cfdfc04735a4d2416a4662b47a23,2.0,200.0,24.0,3.0,19.0,music
33202a8e7a645388c41ed714203d7131,1.0,3350.0,20.0,21.0,20.0,food
1965752f8e30a01b19fea24c2577ad0d,1.0,1376.0,23.0,15.0,21.0,food
aa0c047aa75f7c8e437acd62601055fe,1.0,533.0,27.0,14.0,17.0,food
53d71d8d9d6878f6f0b9fe0ed79445d5,1.0,375.0,20.0,12.0,15.0,food
597730d1cc674def6ae75c213c7da08b,1.0,140.0,23.0,14.0,18.0,food
394ccaadf8429703362e1796dccbf4d9,1.0,1400.0,16.0,20.0,15.0,food
875db2194361bf1a20064ccd2c697532,6.0,930.0,28.0,12.0,12.0,food
8701ef265f73fd18064df16faa4104ae,1.0,250.0,20.0,6.0,11.0,food
0152cb427657428c06633fce6d721da4,3.0,150.0,22.0,4.0,17.0,food
3a4dfe5f744b6f8727a27241cf1d97bc,1.0,400.0,19.0,19.0,14.0,food
d6a246503bb84b2e0914e8a1dfb58a04,1.0,400.0,18.0,15.0,13.0,food
789ad1b65fbd127472ba15371dd1144a,3.0,3150.0,30.0,28.0,28.0,food
36ed077d2f4915bc4bd14ead16a028de,2.0,750.0,16.0,20.0,16.0,food
e84d1a4a08db13e8dea6d400a1c6a3f0,2.0,700.0,24.0,15.0,24.0,food
5b1b6135649a0839631d1dde8e4e5df3,5.0,94.0,16.0,5.0,11.0,food
9f81413382c6e7b2b2eaff6930f1fd98,1.0,450.0,16.0,18.0,11.0,food
3e935c981d34489d33ea5c721ab2e14c,1.0,550.0,32.0,30.0,27.0,food
92857a2b590adeae8d5992511dc197e9,1.0,1358.0,27.0,21.0,20.0,food
722a703d9aadc6e807aed5512eb447c7,1.0,500.0,23.0,23.0,17.0,food
dcd3c062b4a5a8f5e411c9cf4772285a,1.0,350.0,24.0,17.0,17.0,food
a52eee5077b52ed1702997bbb36ca4de,1.0,200.0,16.0,11.0,11.0,food
1900bad8eae4042922f8487abb59e3c5,6.0,600.0,28.0,15.0,15.0,food
81f3b58e2adf194df837b71d288dd315,1.0,1150.0,20.0,10.0,20.0,food
0c4a0f8ab44f9acd2d04e7024f9ba362,1.0,388.0,16.0,16.0,14.0,food
91f55803717622c017fb93898242a592,1.0,5150.0,26.0,28.0,24.0,food
eb4ce1251cfec891df49b09dda5095b0,1.0,600.0,22.0,10.0,16.0,food
43222c9a989813b389d36fe5a1655c05,1.0,1213.0,36.0,12.0,31.0,food
7a18f72d8f0acfbd60eea36f2644ce8e,6.0,200.0,17.0,9.0,16.0,food
d1dae3e210576b5698e7847df9c3e1a3,1.0,1000.0,16.0,20.0,16.0,food
199a6bb74fd406310616fda54aa93a80,2.0,800.0,20.0,20.0,20.0,food
24f5af2b789d02450459312d48fc840f,1.0,575.0,17.0,7.0,14.0,food
cd59f488cef311feb633141ad1e8563d,1.0,450.0,16.0,14.0,14.0,food
7ea49f9a853882a4a3b2f6a4bf47c11f,5.0,450.0,24.0,17.0,17.0,food
06601c3059e35a3bf65e72f2fd2ac626,4.0,750.0,28.0,11.0,13.0,food
86e929e4090ee647cecc0426ad4b928e,3.0,2000.0,23.0,17.0,17.0,food
30c7af0662527b13c438094b5adeae88,7.0,2717.0,25.0,16.0,17.0,food
0e8dd4723ed0d8206b7edbe908f35081,1.0,250.0,16.0,16.0,16.0,food
3d7e90a312a036ed4ae2ecd2a459a629,1.0,200.0,16.0,16.0,14.0,food
ed2067a9c1f79553088a3c67b99a9f97,1.0,750.0,16.0,12.0,15.0,food
80e7f6c61346d1feb1bca71585ac62e4,2.0,500.0,17.0,12.0,17.0,food
1e114096c8024159923dcf2c857e4ca4,3.0,150.0,22.0,4.0,17.0,food
4715eb4e21b1833327567e8c62ce5790,1.0,150.0,16.0,9.0,11.0,food
896496916bfd78848143a60e492dbcf8,4.0,225.0,21.0,9.0,14.0,food
55f3ffb0a4d7d7ba70756209da63c8d2,1.0,350.0,19.0,19.0,12.0,food
45a6892a98568b366b52ffeec9a03691,1.0,229.0,18.0,10.0,16.0,food
8e4b7c036587bfb512f6766ea6281b03,1.0,1183.0,33.0,7.0,29.0,food
9ba8f142d5750b47282d95c0dad1ef57,1.0,500.0,16.0,16.0,16.0,food
374137d89cb46d9debd574e31e6816b8,1.0,1333.0,34.0,8.0,30.0,food
8f9371c0e8042d93813647b53c195ddb,2.0,1068.0,26.0,16.0,27.0,food
0e11633dd5ea3089303dd9a9f226d5a8,1.0,1500.0,30.0,30.0,30.0,food
3d0552899dbe2f89cff6197aab33fe99,1.0,1084.0,26.0,18.0,27.0,food
99deb331428f8424b5400076161c3193,1.0,450.0,18.0,17.0,12.0,food
f0c1c1d5ec61ce4c4846abd4283631df,1.0,125.0,16.0,8.0,11.0,food
fd0dc040197a6ac42d115243a8cee1dc,1.0,139.0,18.0,10.0,13.0,food
4e2e67ecbe3c5465a6c3c76db8acba86,1.0,300.0,16.0,12.0,15.0,food
8f7a3322e1abfed89ac080b0f7364779,1.0,1403.0,29.0,36.0,33.0,food
5739177f0e1a8c060da43932f5a447a8,4.0,525.0,27.0,13.0,35.0,food
492c2e63fd021a5da2c15d1740d5b348,1.0,147.0,16.0,7.0,12.0,food
40eb3da673124832fdf8b3ee24215b95,2.0,200.0,16.0,7.0,11.0,food
58816ce2ec224ea03aff8abe045f8407,5.0,1050.0,23.0,15.0,21.0,food
ec53d5cd09b1dd78aa48a7d076fc51b1,1.0,75.0,18.0,13.0,16.0,food
89321f94e35fc6d7903d36f74e351d40,1.0,150.0,17.0,13.0,13.0,food
5bf0a3751ac1a1c1253ef97a027b8c13,1.0,600.0,16.0,8.0,15.0,food
3197fca73726f51df11ef871f9c30213,3.0,238.0,17.0,12.0,15.0,food
32284a34d19761adc56333216faff3da,1.0,1550.0,20.0,52.0,19.0,food
dc6d974a3b29ff63697e0926f8c76c51,1.0,700.0,16.0,13.0,12.0,food
432357855585cf634fc9923523ce5e4a,5.0,1150.0,16.0,14.0,16.0,food
fd0c762860528d119344e1377b574fc5,1.0,317.0,16.0,10.0,11.0,food
618c65cb5359281b2c830b9f3f2e1f36,3.0,8238.0,44.0,28.0,36.0,food
1e4afc1a37e11d1cfac59e0599d3ce1f,1.0,1250.0,17.0,10.0,28.0,food
378bb6601c068c842ca65be6c5e45ccd,1.0,1700.0,16.0,18.0,15.0,food
a961143b53bf771400f1bc6bdf396e8d,1.0,300.0,21.0,11.0,13.0,food
ab1106e227a745836a0dc83b374e2575,1.0,325.0,16.0,9.0,13.0,food
21b4d9c7183dd6f20f584f35c09bd361,1.0,808.0,18.0,11.0,13.0,food
861857117917aaa99611defcc0d514cd,7.0,4450.0,28.0,14.0,28.0,food
d493f5a208254fe85b3ab55d898461a1,6.0,675.0,28.0,15.0,15.0,food
73326828aa5efe1ba096223de496f596,1.0,330.0,20.0,15.0,16.0,food
6fd4eb7b84b9e893fb3fca9b1cce07a3,3.0,184.0,16.0,15.0,16.0,food
cba233cdf732bfe917cc13a00836a969,1.0,100.0,16.0,6.0,11.0,food
774e2ab4466ae169c99921fb8c12a390,1.0,650.0,18.0,10.0,12.0,food
092be1e8336fc404c57bd5970d056886,1.0,750.0,16.0,12.0,15.0,food
0bf1dea484fbb8cdfa09e2767ce30574,1.0,1920.0,37.0,6.0,32.0,food
2eb9b2ef7c1da3c7b99702452ea4729f,3.0,300.0,26.0,3.0,26.0,tablets_printing_image
34dabb8af33b3756cf72df05fb327011,1.0,300.0,26.0,10.0,26.0,tablets_printing_image
6bbe55cf8f85c87b6eebb775a53402f4,1.0,283.0,22.0,12.0,21.0,tablets_printing_image
b29c1749f99da888ea322a01420d5220,5.0,1100.0,30.0,5.0,22.0,tablets_printing_image
301b4cdcb73666033d7c96fcb1fc758d,5.0,550.0,32.0,27.0,40.0,tablets_printing_image
ab0a97f604550b5b5b99180a6dc04461,1.0,150.0,60.0,11.0,11.0,tablets_printing_image
3c46d3f68a377931cdadfd72c6158643,7.0,450.0,25.0,5.0,20.0,tablets_printing_image
96dbad46bf454d233b0d2adf108294a1,3.0,200.0,16.0,6.0,14.0,tablets_printing_image
fa9d34c32a70b4e50a4c2c8c2c42051f,1.0,100.0,16.0,6.0,14.0,tablets_printing_image
a853bf1a5f8d9f04f5df123168164720,7.0,1300.0,29.0,9.0,18.0,books_imported
078b7149a32b479d3cbf1649fea0172c,1.0,300.0,16.0,14.0,16.0,books_imported
473e6d1c85bacb1bc3280dcda0f5321c,1.0,1000.0,29.0,3.0,21.0,books_imported
019003324f0a201dd2c8962beaf94b6d,1.0,250.0,33.0,2.0,23.0,books_imported
98d893a81a1845b6f278f33eee0a4f36,6.0,1000.0,33.0,6.0,22.0,books_imported
e96a50fc74fa04fd6f23b324d87a1a81,1.0,800.0,30.0,2.0,21.0,books_imported
fde71f25e699ca0a2a83a6c3a249b816,1.0,600.0,29.0,2.0,22.0,books_imported
f4c6e3643d47244bec4766d72c07ac4f,1.0,700.0,29.0,2.0,22.0,books_imported
372a9ccafbec639bad6b93dac67e6b85,1.0,800.0,30.0,2.0,20.0,books_imported
92a0ba05cdafc24128ead0890a8a2c79,1.0,900.0,45.0,5.0,25.0,books_imported
35997e7b3823b0bb5947dce1986cfb61,1.0,700.0,33.0,2.0,23.0,books_imported
bf7e253a79f85c001ccefc2827a0fc25,1.0,950.0,29.0,3.0,21.0,books_imported
59c2f10b8a2fb03ed30afa9bb77c9b9f,1.0,750.0,30.0,2.0,20.0,books_imported
68ad45d48d69404aeb71ce87e1b2c948,1.0,850.0,33.0,2.0,23.0,books_imported
0c787112ac1b5dce38f58d7feb8c23d7,1.0,500.0,33.0,6.0,22.0,books_imported
f3088483fe1dfd4715e320d1b8324b88,1.0,250.0,33.0,2.0,23.0,books_imported
975c79322e3ae1a967d8f5b82608ffd7,1.0,500.0,30.0,2.0,20.0,books_imported
ac1edb0e0a6743cc20e6277ecfc1caf2,2.0,400.0,16.0,8.0,11.0,books_imported
d13ca0b86fb9d24cf2b67785d61c0e7c,2.0,200.0,33.0,2.0,23.0,books_imported
5b668636d65ddf4e4109c6d8fb13ea56,1.0,300.0,25.0,2.0,30.0,books_imported
97de49733ccaac64d122444d8db709d1,1.0,300.0,33.0,2.0,23.0,books_imported
90797f195eb7bb9dae050697a25f35ce,1.0,300.0,33.0,2.0,23.0,books_imported
f6c69d9a3f61a0d56c49e3f7a459c57f,2.0,300.0,16.0,8.0,11.0,books_imported
3e72533d34a1779d818ac8a73403387c,1.0,150.0,33.0,2.0,23.0,books_imported
1f347a9e26fb793f3730f30deecc682f,1.0,800.0,30.0,2.0,21.0,books_imported
724e311fce23cd5509319b1fd68e5622,1.0,800.0,30.0,2.0,21.0,books_imported
82d7b276f49e72ffce78d10b20518808,1.0,250.0,32.0,3.0,24.0,books_imported
604f77463358e12a3154c65cf2c5d3d5,1.0,700.0,29.0,2.0,22.0,books_imported
81fe540cb0119e1d4ef5f191701b3cb9,1.0,700.0,29.0,2.0,22.0,books_imported
7515ab3fc02c8f43b07e9451497fb13e,1.0,500.0,30.0,2.0,20.0,books_imported
de8079863f52e090930c58a327e8c8e1,1.0,650.0,29.0,2.0,22.0,books_imported
56e04ad5959e2c30a6754d9cc1f098f2,1.0,225.0,18.0,18.0,16.0,small_appliances_home_oven_and_coffee
ff92ca9bb0b3f4ec00a9b76c9f68cb3a,6.0,1925.0,61.0,43.0,46.0,small_appliances_home_oven_and_coffee
27274145782d0048827cb28b7786323b,6.0,5217.0,48.0,36.0,16.0,small_appliances_home_oven_and_coffee
32bad49615b7c5da42609b98df97482c,1.0,50.0,18.0,8.0,13.0,small_appliances_home_oven_and_coffee
58c91c9e1ddc24815b7c15ac4e8fee5e,1.0,150.0,27.0,13.0,17.0,small_appliances_home_oven_and_coffee
81e02af7d00fcf604270221efe1d1b95,3.0,4800.0,16.0,4.0,11.0,small_appliances_home_oven_and_coffee
7b9e46278112502bca6d6649e849fdf0,2.0,450.0,32.0,11.0,11.0,small_appliances_home_oven_and_coffee
e47b2f2b628e82c961a82a68a4400339,1.0,400.0,20.0,11.0,11.0,small_appliances_home_oven_and_coffee
9806189f9cb679bcd5326b460c2b9073,4.0,2000.0,17.0,29.0,17.0,small_appliances_home_oven_and_coffee
4608a449f45011c89095f36265e75ec3,1.0,450.0,16.0,20.0,16.0,small_appliances_home_oven_and_coffee
6341aca5b02d00d80b6f4dead6816435,1.0,400.0,60.0,20.0,20.0,small_appliances_home_oven_and_coffee
938e036a795cdacb18ed3c5a598f6cf0,5.0,4925.0,43.0,15.0,32.0,small_appliances_home_oven_and_coffee
206ee9f28d05f04f891e3cef4b220dd1,1.0,1200.0,25.0,25.0,25.0,small_appliances_home_oven_and_coffee
58cda2faccdf7f8620e45b6a863efd3f,4.0,1625.0,40.0,15.0,40.0,small_appliances_home_oven_and_coffee
31240eaae01b43247d878f3e89996e35,1.0,400.0,16.0,17.0,20.0,small_appliances_home_oven_and_coffee
514171f9d45a3d93574fc587ef775579,1.0,150.0,27.0,13.0,17.0,small_appliances_home_oven_and_coffee
f49e985b4cb2d0543890d6dd00077663,8.0,9050.0,45.0,33.0,35.0,small_appliances_home_oven_and_coffee
17ec1cf6dc8dc7557ca34f1d64a93dc7,1.0,1600.0,18.0,30.0,24.0,small_appliances_home_oven_and_coffee
eee404f099d4035b0f3e4dc374669a31,1.0,150.0,16.0,11.0,11.0,small_appliances_home_oven_and_coffee
69029de1e1a2dc6e3fd6a063f3cad923,3.0,5450.0,45.0,25.0,28.0,small_appliances_home_oven_and_coffee
0433830caca22b01a0f477d31307b043,7.0,7450.0,40.0,10.0,40.0,small_appliances_home_oven_and_coffee
224037b21bfa8621e39c265513ee6594,1.0,16550.0,40.0,60.0,40.0,small_appliances_home_oven_and_coffee
63682d69d8d74bacf75360f6efb31fcb,3.0,1000.0,18.0,24.0,22.0,small_appliances_home_oven_and_coffee
7b2a6e3216a405943fc9e3acbff18cae,1.0,1700.0,30.0,10.0,30.0,small_appliances_home_oven_and_coffee
dcbe94f9e03c6dc3c6ef089765ee5181,1.0,700.0,30.0,15.0,15.0,small_appliances_home_oven_and_coffee
e8721f5914c9d5f55e228402b21351ad,1.0,950.0,22.0,29.0,19.0,small_appliances_home_oven_and_coffee
dcd7f9e6e4d98a3142c0819c124bacfe,3.0,6600.0,45.0,25.0,35.0,small_appliances_home_oven_and_coffee
e5c50ee10712a01bfed9854a00502f8e,1.0,14100.0,40.0,60.0,40.0,small_appliances_home_oven_and_coffee
b92211a0503b5226b3cd3dd1c7fb3687,1.0,2800.0,42.0,33.0,42.0,small_appliances_home_oven_and_coffee
a1e8d472af4a2704d41604cff9eeaaa5,2.0,2350.0,28.0,34.0,20.0,small_appliances_home_oven_and_coffee
1dff983bf86722fbc11a0c1d0ec13624,1.0,400.0,28.0,11.0,11.0,small_appliances_home_oven_and_coffee
f2f960ea3804c29b5e5834c34082a0f4,2.0,200.0,16.0,12.0,12.0,fashion_sport
8aeef27d525d6bfa3b48e599a6c15ffd,1.0,500.0,26.0,10.0,22.0,fashion_sport
700a315aa104dcf3ea345a850f746ec1,1.0,1500.0,70.0,15.0,65.0,fashion_sport
17636e3c15333148e25253db631a2d7d,1.0,450.0,20.0,20.0,20.0,fashion_sport
795ed92f8a2263bd778b90a008ee32fc,6.0,850.0,22.0,32.0,11.0,fashion_sport
a38e6346616a8f362c328b9537b1ca4d,2.0,250.0,18.0,12.0,12.0,fashion_sport
da8faea5f69f03fce4dfc01ceee4f1dd,6.0,300.0,29.0,7.0,16.0,fashion_sport
e475b26e5db4c91fa1cd25927908eac2,4.0,200.0,22.0,6.0,15.0,fashion_sport
494822838e3883190a3b0834d5124c02,2.0,150.0,16.0,12.0,12.0,fashion_sport
cc696680ea0cefcd5d7d5d928afb8de8,2.0,200.0,27.0,14.0,13.0,fashion_sport
3210c94e2542d988d724b0dd72234cdd,2.0,100.0,16.0,12.0,12.0,fashion_sport
2c955308d12bcb61c241322c9d0390f9,2.0,200.0,16.0,12.0,12.0,fashion_sport
e8f7d2639ff8caa8b86e5973295898b7,2.0,150.0,20.0,10.0,16.0,fashion_sport
f750e77aeeecafcb47516be7f8f278b8,2.0,400.0,16.0,10.0,11.0,fashion_sport
f45818be1ed5c16a17c66e33efa75271,2.0,100.0,16.0,12.0,12.0,fashion_sport
0fa3e881b0014107d46c7fb9d55fd685,2.0,200.0,16.0,12.0,12.0,fashion_sport
ccb3d3835758ca91130e00c46c3c11bb,2.0,250.0,18.0,12.0,12.0,fashion_sport
5f2ad53b751662e4c54dceffadb3804d,2.0,300.0,18.0,12.0,12.0,fashion_sport
cf6b03b7b6a0d499505b4342f06e5f80,2.0,250.0,18.0,12.0,12.0,fashion_sport
9bfc587761f18460f4b443495f3588b4,9.0,4200.0,40.0,35.0,40.0,christmas_supplies
7ae142d3ff07b80eeb7bc16b9bc5c5cf,1.0,1900.0,70.0,15.0,50.0,christmas_supplies
e0c53c03a642ddca93689255bd4af194,2.0,283.0,16.0,12.0,14.0,christmas_supplies
9f5a2290fe27f9c70ca8424e98229b62,9.0,2400.0,41.0,16.0,38.0,christmas_supplies
0dd11fb64ad79535d17973b8608eeb6a,1.0,250.0,16.0,12.0,11.0,christmas_supplies
95d9994fadaf3720792cb0f1db17f782,9.0,1000.0,35.0,30.0,35.0,christmas_supplies
e60af9d3fe480442e6ad248d497f6cf9,1.0,500.0,16.0,8.0,20.0,christmas_supplies
d2e79198b51c33512670c0a652c1a27f,1.0,2850.0,30.0,12.0,40.0,christmas_supplies
d8bbf40bf0360a6149a9ae34eb0ac7e1,1.0,600.0,16.0,20.0,11.0,christmas_supplies
f31bea9613b455322a1dd6c1de66227d,1.0,200.0,16.0,8.0,11.0,christmas_supplies
1b46816aa838ce9ae97feda7b2f51f26,2.0,200.0,30.0,2.0,21.0,christmas_supplies
ffc0b406806006602c5853b00ab5f7fd,1.0,4450.0,50.0,8.0,45.0,christmas_supplies
9defbbbbd3c270b0c41dfcbf70582147,8.0,3750.0,41.0,16.0,39.0,christmas_supplies
c023dc7b323cb5a452d21cd0742c9bf1,1.0,600.0,16.0,15.0,11.0,christmas_supplies
b1936fadca97f61a4913e6798d50aa27,1.0,4450.0,50.0,8.0,45.0,christmas_supplies
347a1dbb9334cebdd3f2c43bc1b34455,1.0,1800.0,46.0,27.0,29.0,christmas_supplies
350d1a07ddb929118c6855106d206035,1.0,200.0,16.0,9.0,11.0,christmas_supplies
93d9ed4fb2b32cec509eae4f1860687d,1.0,15400.0,70.0,15.0,50.0,christmas_supplies
26e1c314c9e92fb104346d515517d99f,2.0,350.0,30.0,10.0,20.0,christmas_supplies
b35e00b01694e1efa3577d14965f2205,3.0,850.0,30.0,11.0,20.0,christmas_supplies
7dad8823339023bc68054e62d1e9a761,1.0,200.0,16.0,9.0,11.0,christmas_supplies
f59871b3d9da4c64cbe41ad3dd04dc14,3.0,400.0,17.0,21.0,11.0,christmas_supplies
c004dec0cc1cd5218c27fa8f338d42f3,7.0,1950.0,40.0,80.0,11.0,christmas_supplies
13da041c237c948a2d42da8bcd7c329d,1.0,4650.0,50.0,8.0,45.0,christmas_supplies
37e6d1846b84ed781ae3af2fd42c7469,1.0,4800.0,50.0,8.0,45.0,christmas_supplies
3517fcc20a0c09017c875560c2d150f7,1.0,500.0,16.0,10.0,11.0,christmas_supplies
ec4e57291d338e3c8aa867c384d1be68,1.0,450.0,16.0,20.0,11.0,christmas_supplies
054f9a8859dc532322504741c66d799f,8.0,600.0,30.0,11.0,20.0,christmas_supplies
ea46ff82e4202c95577e055ee7c9b620,1.0,100.0,16.0,6.0,11.0,christmas_supplies
00bc6e6d4ceb98ec7ed058b0a243a8b9,1.0,200.0,16.0,11.0,11.0,christmas_supplies
dd72d83b749ec911396ef3337e00b633,5.0,600.0,20.0,15.0,15.0,christmas_supplies
1dfcfcbfaae79f18090fc9e3c336b62c,3.0,300.0,16.0,6.0,17.0,christmas_supplies
ab44178963b4bf809adc477810f9175d,4.0,50.0,16.0,6.0,11.0,christmas_supplies
cf2653cf76be07fe57a84a492eaedf8f,1.0,350.0,16.0,10.0,11.0,christmas_supplies
3178ee7d2c17d1caef4955dd9bad16f6,1.0,150.0,16.0,37.0,11.0,christmas_supplies
76b0e52fe4e79cfbe9b414b841373330,8.0,250.0,25.0,16.0,20.0,christmas_supplies
856d9d588dc3c29333a36027f22e2091,1.0,800.0,16.0,16.0,16.0,christmas_supplies
43c9506443a52a22cace92d7eef9cfcb,1.0,1800.0,35.0,15.0,35.0,christmas_supplies
fdcf45aa23bb8312ecc0027d6e1ef1c4,1.0,250.0,16.0,12.0,11.0,christmas_supplies
3742d0dd9b1cd0af83916e7be979d830,4.0,1450.0,42.0,14.0,22.0,christmas_supplies
ffef256879dbadcab7e77950f4f4a195,1.0,450.0,16.0,15.0,11.0,christmas_supplies
2d771944d4a7dc7d95d974cfe4be96ff,1.0,55.0,30.0,2.0,21.0,christmas_supplies
5dffc90ad9125991a7ba68cb88c2233d,1.0,600.0,16.0,19.0,14.0,christmas_supplies
8cc110a46bc7b525c9972ce5db52ce78,1.0,200.0,16.0,12.0,11.0,christmas_supplies
1e5b160bf180293380b0d3e68bcc7ead,1.0,200.0,16.0,8.0,11.0,christmas_supplies
2f70d0014f90ab5fc20eb80dbb96e5dc,1.0,750.0,16.0,19.0,14.0,christmas_supplies
91383f0d77401048b6450f83ecb5b3ac,1.0,2000.0,16.0,30.0,16.0,christmas_supplies
c88eaf4f6701e48546ea2e580ef76c62,9.0,14100.0,40.0,45.0,40.0,christmas_supplies
3bd7004cab3066f548b16e59f8cd8825,1.0,300.0,16.0,11.0,11.0,christmas_supplies
976307932e1b8bc2f2da2feb7a027fc1,6.0,2600.0,40.0,16.0,41.0,christmas_supplies
6516d379bfcdbdc245518a279cee2a7c,9.0,3000.0,40.0,35.0,40.0,christmas_supplies
f3ccdb9f9c7f31e0efd626e9110b85f5,9.0,1800.0,40.0,35.0,40.0,christmas_supplies
8b981f23717c781b041257c7be1564de,3.0,7950.0,46.0,7.0,46.0,christmas_supplies
95b5840b09c3e9adc94a0f6bc783f4ef,1.0,300.0,16.0,15.0,11.0,christmas_supplies
40e8b425d1a26e2d9cb77363523e05ce,1.0,4500.0,50.0,8.0,45.0,christmas_supplies
d05f6ff12fe26d165338b1d182b4a7f3,2.0,400.0,16.0,9.0,11.0,christmas_supplies
19fee5d5b066841b45bc3e97832fa654,1.0,200.0,16.0,48.0,11.0,christmas_supplies
1522589c64efd46731d3522568e5bc83,4.0,550.0,37.0,10.0,37.0,christmas_supplies
05a360982be454c7e715c0fec4f67243,5.0,100.0,16.0,6.0,11.0,christmas_supplies
fad983a47c56c7050eb43010269ee36f,1.0,12150.0,70.0,25.0,39.0,christmas_supplies
478d4be486fee83594677ed9885e6f91,1.0,200.0,16.0,7.0,11.0,christmas_supplies
bbdffddcafb9e370fbc41a538d738318,1.0,200.0,16.0,8.0,11.0,christmas_supplies
a040c0e88511c8c58db44fd6831cdb45,1.0,250.0,16.0,3.0,11.0,christmas_supplies
ac50a885bf3b6a817bf6a0a2f1e27af4,1.0,200.0,16.0,32.0,11.0,christmas_supplies
dfac3332b44b66ff743d656e76231b95,3.0,1100.0,42.0,9.0,42.0,christmas_supplies
8cfc3506cedc0626364457d254429118,3.0,300.0,30.0,20.0,20.0,fashion_childrens_clothes
0ab3ab3b2869073aa9afe795fe9151aa,4.0,600.0,36.0,10.0,26.0,fashion_childrens_clothes
2b18330ce86ae5c606250b75b499f370,3.0,120.0,19.0,11.0,15.0,fashion_childrens_clothes
28ac6af4008a402e5039f3e042a36e13,5.0,500.0,36.0,10.0,26.0,fashion_childrens_clothes
57bdf3098169cccdb62221bd3e089cbd,1.0,100.0,16.0,16.0,16.0,fashion_childrens_clothes
9375d96ff0ad81493ff5231497e170f1,1.0,200.0,20.0,2.0,14.0,dvds_blu_ray
0b898ec6fedc70029a044c72475aeed4,1.0,200.0,20.0,2.0,14.0,dvds_blu_ray
99de5bb76bad02d0f39306af0436bcfd,3.0,800.0,35.0,4.0,25.0,dvds_blu_ray
cfde4e468a76bef8d06266c55455e4b9,1.0,225.0,25.0,13.0,16.0,dvds_blu_ray
06cdc7832ac572e307bdacf9ba9f66a9,1.0,150.0,20.0,2.0,14.0,dvds_blu_ray
eefc762f81da3ef743a44e15590c5718,1.0,450.0,20.0,5.0,14.0,dvds_blu_ray
1b5ac751c245c52ded56f9fd1f17590c,3.0,400.0,18.0,25.0,11.0,dvds_blu_ray
da61f764a3954b7d9367bfd253d44cab,1.0,200.0,20.0,2.0,14.0,dvds_blu_ray
e485be8a88ca64e497e88b16af6cc11d,2.0,200.0,20.0,2.0,14.0,dvds_blu_ray
9d489ab920498d03a7eb2c70866e5982,1.0,200.0,20.0,2.0,14.0,dvds_blu_ray
70bb7d3170b6c24d2f80415d99bb8001,1.0,800.0,21.0,14.0,14.0,dvds_blu_ray
d55d2479e56093f23ebcf313ceb3bcfe,1.0,100.0,19.0,3.0,11.0,dvds_blu_ray
2b6e9bb796af726ac7d07348a11852ad,1.0,200.0,20.0,2.0,14.0,dvds_blu_ray
63b0acbe2513293d425f64289b622766,1.0,150.0,20.0,2.0,14.0,dvds_blu_ray
8734d9a13b93f1f8addd0be7c53b6928,1.0,1000.0,20.0,16.0,14.0,dvds_blu_ray
8ac47b3ab13c68f49f10dde899674149,4.0,2150.0,30.0,5.0,20.0,dvds_blu_ray
fe1ba35c47a4b599f34ce8ad2aa2c42b,1.0,200.0,20.0,2.0,14.0,dvds_blu_ray
c9316b04fcac70510dfc554e184e35f8,1.0,200.0,20.0,2.0,14.0,dvds_blu_ray
f3bc8b0c346a5171a82585b880ba6f29,1.0,200.0,20.0,2.0,14.0,dvds_blu_ray
ebad2408485504e930678ed1af88790f,1.0,200.0,20.0,2.0,14.0,dvds_blu_ray
5af87403ae95da1184c5035ef7e10c07,1.0,200.0,20.0,2.0,14.0,dvds_blu_ray
6930967041d3e92fed1fa8df81a41f90,1.0,200.0,20.0,2.0,15.0,dvds_blu_ray
8596caf32035799ab3365b1f27f1cedb,1.0,200.0,20.0,2.0,14.0,dvds_blu_ray
f52bf37e391284aa9620c377d4dfe4e2,1.0,150.0,20.0,2.0,14.0,dvds_blu_ray
f2f6433af969cd131435a2b163d5af96,1.0,200.0,20.0,2.0,14.0,dvds_blu_ray
c82cf18016c429035d415a45a1546652,2.0,200.0,20.0,2.0,14.0,dvds_blu_ray
543cfc1fc80d636c64df24e8545818b9,1.0,200.0,20.0,2.0,14.0,dvds_blu_ray
e96dedd143090ade72c86bf486be7d36,2.0,1500.0,30.0,20.0,20.0,dvds_blu_ray
ee59699c00f92af8c00c6c9e470a6ff0,6.0,650.0,20.0,7.0,14.0,dvds_blu_ray
2d31f67b1edd83be73d1448bc1f1a7c7,1.0,150.0,20.0,2.0,14.0,dvds_blu_ray
65ffac7c6e6c38822b7fa3f801511114,1.0,200.0,20.0,2.0,14.0,dvds_blu_ray
c7db7a06c8b856703729c5f1b2a29378,1.0,250.0,20.0,2.0,14.0,dvds_blu_ray
c98f9b6939bc77914b077d6aa93cd97c,1.0,200.0,20.0,2.0,14.0,dvds_blu_ray
f44a1931c29511b4e200e4c044c83cca,1.0,200.0,20.0,2.0,14.0,dvds_blu_ray
ce11f5eb434bd8e7c26fdfaf25a0b167,1.0,200.0,20.0,2.0,14.0,dvds_blu_ray
133f594a246e5c52489304a4b5a39830,1.0,200.0,20.0,2.0,15.0,dvds_blu_ray
ebe145f96a8e34a7b947389a2d87192c,6.0,200.0,16.0,4.0,11.0,dvds_blu_ray
37d6f8bf938208f8a2268dd49c2e7c45,1.0,200.0,20.0,2.0,14.0,dvds_blu_ray
cd26cd11a73559a0b65964c1324a688d,1.0,800.0,26.0,15.0,20.0,dvds_blu_ray
8627c1a400bf12820b1fefd750005aea,1.0,200.0,20.0,2.0,14.0,dvds_blu_ray
0285a1295a18a4d37c11fa446d4c1345,1.0,200.0,20.0,2.0,14.0,dvds_blu_ray
0350ac874c8937571b129554110ec3b6,1.0,90.0,20.0,2.0,14.0,dvds_blu_ray
812b558694cd8e22f35f9d1bcfb549b5,1.0,150.0,20.0,2.0,14.0,dvds_blu_ray
65665f545332ae2d0532d676f841163c,1.0,200.0,20.0,2.0,14.0,dvds_blu_ray
47d52bb24ef8a3aa09724f00604be3ba,1.0,2600.0,41.0,11.0,32.0,dvds_blu_ray
6f19f41a7c7ac7e45f4070d07ed80a75,1.0,150.0,20.0,2.0,14.0,dvds_blu_ray
e6527bcfddf9f66f0b073cdb2e0df89b,1.0,200.0,20.0,2.0,14.0,dvds_blu_ray
9c7dc7b21d811c74d038e40a5c13fce4,1.0,200.0,20.0,2.0,14.0,dvds_blu_ray
43506d2b6b5e0535079f88c7dc51c4de,5.0,6850.0,105.0,5.0,65.0,arts_and_craftmanship
189d6b9a380642d0ee2245277cc9b2f2,3.0,1250.0,19.0,10.0,22.0,arts_and_craftmanship
4a24717893a6c8f3cfcf9843b8987d15,5.0,350.0,32.0,2.0,28.0,arts_and_craftmanship
2b54fb9a4acf707537eb53eb2458c241,5.0,1000.0,25.0,25.0,25.0,arts_and_craftmanship
9c313adb4b38a55b092f53f83f78be9e,3.0,500.0,16.0,6.0,16.0,arts_and_craftmanship
08c5c3d471845327e913b52aded0caf3,1.0,250.0,16.0,7.0,11.0,arts_and_craftmanship
6bb18295cc019bf3b6dc7c773411d530,3.0,1900.0,19.0,16.0,16.0,arts_and_craftmanship
1cf657de01c2b973b898ad0ac9073ac7,1.0,210.0,25.0,10.0,15.0,arts_and_craftmanship
5aa0d6ed4e6c0995d62090cd82cde89a,3.0,200.0,16.0,6.0,16.0,arts_and_craftmanship
c36f564e4c2baa5ed9d7bfa1a111c29c,1.0,1025.0,21.0,9.0,21.0,arts_and_craftmanship
56a1efb30499b4dffd45c8d655199b11,2.0,100.0,22.0,2.0,15.0,arts_and_craftmanship
3a96bcbf644a5d390107570628568026,2.0,325.0,27.0,10.0,14.0,arts_and_craftmanship
eacb104882d39ffb53140b1d1860a7c3,5.0,500.0,21.0,7.0,14.0,arts_and_craftmanship
43f224fb79bae5b22585eb868fe3b84b,4.0,550.0,19.0,12.0,17.0,arts_and_craftmanship
c51fd9478d188180d962c7ecc35b42d0,4.0,2900.0,50.0,10.0,40.0,arts_and_craftmanship
b9976e9c22fb1540bd71d1bcd2989475,7.0,2550.0,46.0,16.0,25.0,arts_and_craftmanship
78eacca1151432fda7271e7e53e49720,1.0,200.0,16.0,6.0,11.0,arts_and_craftmanship
ec90895370885d025efeb8e72e7fa699,1.0,1200.0,20.0,20.0,16.0,arts_and_craftmanship
54b391a91c3b1a1e22af86434155834d,1.0,267.0,24.0,7.0,13.0,arts_and_craftmanship
8345f12ea3fe16a74912415280296b3d,2.0,16300.0,65.0,35.0,35.0,furniture_bedroom
914cb9a32dcc2be329cd84c5012edc5d,2.0,1700.0,54.0,7.0,15.0,furniture_bedroom
2edc5e6012ad882462d116ed5a9e3085,1.0,1450.0,50.0,8.0,40.0,furniture_bedroom
bf7a3359eeb43b9944c70293e4be896a,1.0,14000.0,60.0,5.0,90.0,furniture_bedroom
d0f1f7d51273e157df6f34170c693c5a,1.0,500.0,28.0,17.0,24.0,furniture_bedroom
687865b021641ba258e6967af27301ff,1.0,10600.0,33.0,45.0,40.0,furniture_bedroom
053bc43c110771a8ade43dd4462c3fa0,2.0,18500.0,38.0,58.0,38.0,furniture_bedroom
0296dd002a346e3bbdda4e0bc48a5073,4.0,13450.0,76.0,14.0,56.0,furniture_bedroom
7c467bb2783193fce00e68a53bf05fbd,3.0,10750.0,93.0,63.0,11.0,furniture_bedroom
61be4e522756a21071b8a02c2650bd3e,1.0,8400.0,39.0,13.0,70.0,furniture_bedroom
b80bd0ecf8c5136d199aa50b63dbaf6c,1.0,9000.0,59.0,9.0,37.0,furniture_bedroom
27e3854e1414d1775e2cf19047da0c55,3.0,11200.0,93.0,2.0,98.0,furniture_bedroom
98001b51c21b1efa6530623ecb0c20fe,1.0,9400.0,31.0,58.0,31.0,furniture_bedroom
d373a9b9079c251371e94cacf40c1fe7,4.0,10850.0,60.0,10.0,40.0,furniture_bedroom
c388dd6e3dccf434053adacfc3b5108d,2.0,30000.0,90.0,46.0,46.0,furniture_bedroom
5a5f484358ce8b21be8d8fb4f18eeb58,6.0,7975.0,92.0,34.0,36.0,furniture_bedroom
004ffcbfa5aac82212a95bc972ea8a85,2.0,10000.0,65.0,35.0,35.0,furniture_bedroom
743801b34cc44776de511ba8eff778e2,2.0,200.0,16.0,2.0,11.0,furniture_bedroom
6d0d465294cd2cb44aea084f34405967,6.0,7000.0,92.0,34.0,36.0,furniture_bedroom
4408151f5a3ff363abfe3d051f4344ac,2.0,18950.0,79.0,11.0,46.0,furniture_bedroom
7559a915036030709d3491e1602099a7,3.0,5700.0,93.0,63.0,11.0,furniture_bedroom
75f492a14681b1e6558a531bbb970c53,2.0,10200.0,41.0,56.0,26.0,furniture_bedroom
0504d5c0f9b71510b2b0bee952e380fa,1.0,16500.0,58.0,18.0,42.0,furniture_bedroom
0b814a3c8fa6dbb849df7c28c1bd6831,1.0,10700.0,93.0,63.0,11.0,furniture_bedroom
19396b91a7c64a48aff0f42cd35444a5,2.0,100.0,16.0,5.0,14.0,furniture_bedroom
8f68521812e9648cf8129a3a6daaab0f,3.0,8250.0,69.0,8.0,36.0,furniture_bedroom
0e2d52789a024cfd6f9204778320a8e5,4.0,9800.0,86.0,8.0,40.0,furniture_bedroom
d8c365a069853295a82caf595c2c8c8d,1.0,200.0,16.0,2.0,11.0,furniture_bedroom
36b50a27073385708daa61349abab777,1.0,6250.0,59.0,9.0,37.0,furniture_bedroom
99e022fa8fd0641f13dea6d16ef46afc,1.0,16900.0,57.0,16.0,43.0,furniture_bedroom
aff39c649de8c4e36d325880de8f4338,2.0,10600.0,93.0,63.0,11.0,furniture_bedroom
26ead2db8f3cb1ee3456206dc231f94d,2.0,6000.0,40.0,54.0,40.0,furniture_bedroom
8ed5b7ff674f091d1fad96a4bb0d58e8,2.0,11650.0,65.0,35.0,35.0,furniture_bedroom
bdee5506e0699fa985e30a00b701b17a,2.0,14000.0,93.0,63.0,11.0,furniture_bedroom
036bcd084feae22f3a997f5080ec30df,1.0,200.0,16.0,2.0,11.0,furniture_bedroom
c3e39e3603cf827114f46ca972681473,5.0,20450.0,45.0,60.0,40.0,furniture_bedroom
1b0fb6d6a05121d4b76a49f44c2c427b,2.0,10750.0,93.0,63.0,11.0,furniture_bedroom
d22458d14bfebb37eee78255c5ff338c,1.0,10350.0,41.0,47.0,31.0,furniture_bedroom
8daf2f80c6d552efdb1012683beb10cf,1.0,50.0,42.0,13.0,58.0,furniture_bedroom
4f18ca9862f511ecba98258b2194d061,1.0,12500.0,43.0,33.0,33.0,furniture_bedroom
25e48b750d3cf285f85f7e605d13dc6d,1.0,18900.0,57.0,17.0,42.0,furniture_bedroom
a45117f220c82816a7c62c9140c59a3e,1.0,6100.0,43.0,43.0,27.0,furniture_bedroom
428f4b96ba9f630e761b333673039ae6,2.0,10750.0,93.0,63.0,11.0,furniture_bedroom
921d6ae68c077c99a81fc62e1e6c44b0,2.0,10750.0,93.0,63.0,11.0,furniture_bedroom
91b07eeacd06edb343a31d2d9a5c2954,1.0,12000.0,39.0,13.0,70.0,furniture_bedroom
060f71666a632ac169814c0f1d715571,1.0,150.0,16.0,8.0,11.0,cine_photo
f7436ea890d51031855ea79147b5aca9,1.0,100.0,16.0,15.0,11.0,cine_photo
1a0ef485e35802dd1d23ab5446cac458,1.0,1540.0,47.0,19.0,19.0,cine_photo
73bcea4312cb31d72bffc6562f7f7c71,2.0,350.0,24.0,4.0,12.0,cine_photo
77d33bd0b4fcc822df9ee16dd7c13a13,3.0,150.0,20.0,20.0,20.0,cine_photo
49f17b59ebac14a6497df46ba7c23c5c,3.0,350.0,16.0,14.0,24.0,cine_photo
1cd17c8beea6f950dcdcb8e514d1fdfb,1.0,850.0,30.0,13.0,30.0,cine_photo
4c2e7dbae8cc699dba97825c02d87b27,1.0,550.0,33.0,4.0,27.0,cine_photo
e84e2fd4fd9f8789bd8cb6deaca58d30,5.0,625.0,43.0,13.0,13.0,cine_photo
96627b65a0070635b620d07f97e63347,1.0,550.0,23.0,21.0,21.0,cine_photo
880f4cc8f0bd44fe5afa9fc978a216e1,1.0,100.0,16.0,5.0,12.0,cine_photo
cf0279aeb9c687e52ec8b0e72bb318da,5.0,600.0,16.0,12.0,16.0,cine_photo
d55487f6b9833914549348cc2839f9e9,1.0,150.0,19.0,2.0,20.0,cine_photo
1bce8df66884f0841be155ae1f645d46,2.0,1100.0,55.0,15.0,15.0,cine_photo
1a131431da4dce6844b08bf2d6f4d2f3,2.0,150.0,16.0,5.0,12.0,cine_photo
15b47fee52c928cd7d75996f767efb8b,2.0,150.0,16.0,5.0,12.0,cine_photo
e0fddcd9bdfbff9df8a8228f6a6346d7,1.0,200.0,16.0,8.0,11.0,cine_photo
88a1223b29fac4c3abef8d1369dbbaea,7.0,5500.0,25.0,32.0,47.0,cine_photo
74f6a88474993377506706e383f98302,1.0,1900.0,30.0,13.0,30.0,cine_photo
e988092a8afe5d9393a5c3a7ca17691c,1.0,400.0,23.0,3.0,23.0,cine_photo
071b5dd29feece041c356d172474b113,3.0,650.0,45.0,12.0,12.0,cine_photo
c5f91783ab6cb187c7182b8e4b8c9047,1.0,1900.0,30.0,13.0,30.0,cine_photo
cdb2152dbfd2aba4877dec3532c819e7,1.0,300.0,20.0,12.0,16.0,cine_photo
781ae1be29375f62847b894fb20a1cbe,2.0,117.0,9.0,11.0,12.0,cine_photo
1f5f0f003ce8595ad88fb215ec1409e6,5.0,1950.0,60.0,15.0,15.0,cine_photo
c3798d484fb730f0b5c23af0d5361595,1.0,100.0,16.0,11.0,12.0,cine_photo
099e24c2e32a0cd384859e0ea1a59cfb,2.0,150.0,16.0,5.0,12.0,cine_photo
56ebd551a33ae8e9955d1f8a4c37ef52,3.0,1650.0,78.0,14.0,14.0,cine_photo
f3412532ea4da687eaa6943639812bc3,8.0,700.0,35.0,7.0,29.0,diapers_and_hygiene
f83fd2b539bc73678c65be8d418be8c1,2.0,200.0,22.0,8.0,16.0,diapers_and_hygiene
47488bf996fd46283813059897e71e1e,3.0,750.0,28.0,15.0,12.0,diapers_and_hygiene
53e695484b71a194bf7d89b48700756a,4.0,5100.0,32.0,19.0,29.0,diapers_and_hygiene
8323a7adeb57da21acea7e83563bed90,1.0,250.0,20.0,20.0,20.0,diapers_and_hygiene
059ee207a4d5628c8aefe497c3d088f3,1.0,200.0,30.0,20.0,15.0,diapers_and_hygiene
00716e5593e8eea55dbe7a29b72a70bc,1.0,250.0,20.0,20.0,20.0,diapers_and_hygiene
6e7f4ae007302e93c5610894712289bb,1.0,1250.0,20.0,22.0,16.0,diapers_and_hygiene
5a92ef8a5a2511f0d2dff3ea562700ab,1.0,2350.0,36.0,32.0,17.0,diapers_and_hygiene
3cc7ec95300ba6432c64f0b12673bae6,1.0,250.0,20.0,20.0,20.0,diapers_and_hygiene
a9e010c9e4e10e358d3baf52bb920893,1.0,550.0,16.0,16.0,20.0,diapers_and_hygiene
3fdb534dccf5bc9ab0406944b913787d,2.0,600.0,21.0,12.0,17.0,diapers_and_hygiene
57646b730d659bc73d8193fc5131014b,1.0,450.0,30.0,15.0,20.0,flowers
7620a27f1d6747511f1c6f0ddb63c0ef,1.0,850.0,16.0,11.0,11.0,flowers
e0714d4d2e52b1fbc8e851dac210333a,3.0,550.0,16.0,25.0,16.0,flowers
5fd35bd0069ce2a404716901326b1336,1.0,6000.0,16.0,16.0,16.0,flowers
be0e6c61c2bcdd9a4d022ba67fd66189,2.0,250.0,40.0,20.0,25.0,flowers
1561355720506eaee90adde6aa1375a9,1.0,350.0,16.0,11.0,11.0,flowers
94656ce34a307d26e23011bb25148c9e,1.0,400.0,16.0,16.0,16.0,flowers
065554bfe0244b9f5f6414f332106a21,1.0,800.0,30.0,15.0,20.0,flowers
4a3ffd5293869f4b85d163eb3b4d0faa,1.0,200.0,16.0,11.0,11.0,flowers
5127baa26f9d08000b80cc8b063fcd89,1.0,800.0,16.0,16.0,16.0,flowers
3104dbf304c25fa1812a11ad924f8b57,1.0,600.0,30.0,15.0,20.0,flowers
c56d677c973431acb4abfedbd33d488c,1.0,1800.0,16.0,16.0,16.0,flowers
e89607ddfcf953bc7a85adaca52e122a,1.0,6000.0,16.0,16.0,16.0,flowers
74356542db3483a78a8ba69f5b7ea094,1.0,600.0,30.0,15.0,20.0,flowers
4fb3bad6b502eaca3b6d7d87bc1613a4,1.0,663.0,20.0,20.0,20.0,home_comfort_2
2072d4792ab7893ddbfc178948e0eb86,1.0,1800.0,35.0,8.0,30.0,home_comfort_2
19de58ea609a59ce31f93672af50c09a,2.0,3750.0,41.0,10.0,33.0,home_comfort_2
ec5b3c8bb77ad22278f6e9d719a83de3,1.0,700.0,65.0,18.0,28.0,home_comfort_2
15dc5bc6f0f1e1a0d0255098726060c7,1.0,425.0,105.0,20.0,20.0,home_comfort_2
8db75af9aed3315374db44d7860e25da,4.0,400.0,26.0,22.0,11.0,security_and_services
6c7a0a349ad11817745e3ad58abd5c79,1.0,1225.0,27.0,35.0,15.0,security_and_services
eaa3fffe22b0b5efe02db64ab9d3bf84,4.0,1850.0,41.0,21.0,21.0,furniture_mattress_and_upholstery
af87aa3f5f2c05c8c4db6bee2088672b,2.0,30000.0,60.0,56.0,60.0,furniture_mattress_and_upholstery
ed5783fe4b2194c66043e77b648ff4cb,2.0,6600.0,45.0,25.0,35.0,furniture_mattress_and_upholstery
f4b3b257580c1430e51d71dd731273c2,1.0,28300.0,40.0,46.0,35.0,furniture_mattress_and_upholstery
5f5d009b0eed255c950e16ccad915ff7,2.0,10750.0,40.0,46.0,35.0,furniture_mattress_and_upholstery
c3d08bab8c7c6d9cc1f6cfb5a465c80b,4.0,1950.0,41.0,21.0,21.0,furniture_mattress_and_upholstery
13b25797ad1e6d6c7cd3cbeb35f8ee7a,1.0,18250.0,25.0,25.0,25.0,furniture_mattress_and_upholstery
dc36a7859b743d8610a2bbbaea26ece9,2.0,2500.0,41.0,21.0,21.0,furniture_mattress_and_upholstery
107fde0930956120d1e13dd1062fbb46,1.0,30000.0,60.0,73.0,60.0,furniture_mattress_and_upholstery
726b4e18f00255e2e63491bcba3f60b8,1.0,1700.0,70.0,10.0,100.0,furniture_mattress_and_upholstery
1dceebcc5f23c02ea23e16d5bedca000,2.0,550.0,35.0,15.0,25.0,cds_dvds_musicals
